DE_airtemperature/2010/2010_03_air_temp_min.asc
NCOLS 654
NROWS 866
XLLCORNER 3280414.711633467
YLLCORNER 5237500.62890625
CELLSIZE 1000
NODATA_VALUE -999
[rows 605 to 659 of 866, columns 192 to 287 of 654]
21 22 20 15 16 11 16 17 18 21 19 19 13 8 6 9 7 8 1 4 6 10 8 8 5 3 6 7 2 -2 -4 -3 -1 -5 -5 -5 2 3 0 4 8 8 5 -6 -3 2 -7 -7 3 -2 -2 -6 -7 -7 -7 -8 -7 -6 -7 -4 -2 -2 -1 -1 0 -2 -2 -1 2 0 3 1 4 0 2 6 4 2 -1 -1 -1 0 -3 -3 -1 -2 0 0 2 1 0 1 1 1 0 1
20 20 21 16 14 12 15 17 18 20 19 17 14 4 4 10 7 8 0 5 6 8 7 2 5 10 6 4 5 -5 -4 -3 2 -4 -4 0 1 3 7 5 3 2 2 -7 -7 4 -7 -8 1 -6 -5 -3 -8 -9 -9 -9 -7 -7 -5 -5 -4 1 0 -4 -5 -4 -3 -1 -3 -1 -2 -2 2 2 3 1 5 2 0 -2 1 2 1 -2 0 -2 2 1 1 2 1 1 0 0 -1 -2
19 20 20 12 10 12 16 19 19 19 17 16 11 1 5 8 8 8 5 4 3 4 3 3 5 6 5 9 6 -2 -2 -3 3 -4 -4 -4 0 -2 4 3 -6 3 0 -8 -8 3 -7 -10 -6 -3 -7 -10 -5 -9 -10 -9 -8 -6 -5 -4 -5 -3 -3 -4 -3 -4 -6 -5 -2 -2 -3 -2 -2 -2 1 -2 -1 3 0 -1 2 -4 1 1 1 2 0 -3 -3 -2 -1 -2 -2 -1 -1 -2
18 19 19 18 14 14 15 18 16 18 16 11 11 3 5 7 8 8 1 4 4 4 3 5 3 5 7 5 6 3 0 2 0 -3 2 -4 -4 2 3 0 -7 -4 1 -9 -10 -1 -11 -9 -8 -3 -10 -11 -10 -9 -9 -9 -9 -9 -9 -7 -6 -5 0 -1 -4 -5 -4 -2 0 -3 -1 -3 -3 1 -1 -2 -1 3 3 -3 -2 -3 -4 -2 -2 -3 -1 -2 -3 -3 -2 -2 -3 -4 -1 -1
18 18 18 14 12 15 16 18 18 14 12 10 8 3 7 8 9 1 1 4 5 4 6 7 4 7 8 6 -1 1 -2 3 2 -4 -3 -4 3 4 0 -7 -7 -5 0 -10 -10 -4 -3 -8 -10 -10 -7 -11 -11 -11 -9 -9 -8 -9 -8 -9 -5 -3 -1 -4 -4 -4 -4 -4 -1 -3 -4 -3 -1 -2 -3 -3 -2 0 2 2 2 -6 -4 -4 -3 -4 -3 -2 -3 -4 -4 -3 -3 -4 -3 -2
18 17 18 13 10 14 16 13 15 12 10 10 11 6 8 8 7 4 5 5 7 5 7 9 5 6 6 6 1 0 1 1 -1 -2 -5 -2 -3 2 -1 -4 -9 -9 -9 -9 -12 -11 -9 -7 -10 -11 -12 -10 -13 -11 -11 -10 -10 -10 -9 -8 -5 -4 -2 -4 -5 -6 -5 -3 -5 -5 -5 -3 -2 -5 -4 -1 -4 -4 2 -1 -5 -5 -5 -5 -5 -4 -4 -4 -5 -3 -4 -3 -3 -3 -3 -3
16 17 17 16 8 12 17 14 12 10 9 6 6 7 5 8 8 0 5 5 8 6 7 9 4 5 6 0 1 2 3 0 4 -2 0 1 1 0 -7 -9 -10 -11 -11 -11 -14 -13 -12 -5 -10 -12 -14 -14 -12 -12 -12 -11 -10 -10 -9 -5 -8 -5 -4 -3 -4 -4 -3 -5 -5 -6 -5 -6 -5 -5 -3 -3 -5 -3 0 1 -3 -6 -7 -7 -6 -5 -5 -5 -4 -4 -3 -3 -3 -3 -2 -3
16 16 17 16 14 12 16 9 6 6 6 4 2 2 3 3 9 3 6 6 6 5 10 6 4 5 4 -1 4 1 -2 2 -2 8 -1 -4 -2 -6 -7 -9 -10 -10 -10 -13 -14 -15 -15 -10 -11 -15 -15 -14 -14 -13 -13 -11 -10 -10 -9 -6 -7 -6 -4 -1 -5 -5 -5 -6 -6 -6 -5 -5 -6 -3 -6 -6 -6 -6 -6 1 0 -3 -7 -3 -7 -7 -6 -2 -5 -6 -5 -3 -4 -3 -3 -4
16 16 16 14 12 10 8 8 6 6 5 0 1 -1 1 0 6 6 6 5 11 6 9 4 6 8 2 -2 5 5 2 3 -2 1 2 1 0 -9 -8 -10 -10 -11 -12 -14 -13 -9 -15 -12 -7 -14 -15 -12 -13 -14 -13 -13 -11 -11 -9 -7 -7 -6 -4 -3 -4 -5 -6 -5 -6 -6 -6 -5 -6 -6 -7 -7 -7 -6 -2 -2 2 -2 -6 -2 -4 -5 -2 -5 -6 -6 -6 -3 -4 -3 -3 -4
15 16 16 13 12 11 11 12 10 6 3 0 1 -4 6 -2 3 11 4 1 8 8 7 4 5 8 2 -1 5 1 5 5 2 6 2 0 -8 -7 -9 -10 -11 -10 -10 -13 -13 -15 -16 -13 -14 -9 -13 -12 -13 -13 -13 -13 -12 -10 -8 -6 -6 -6 -5 -4 -4 -4 -5 -5 -6 -6 -5 -6 -4 -5 -5 -5 -5 -6 -2 1 0 0 -6 -2 -5 -5 -6 -6 -7 -5 -5 -4 -3 -2 -5 -5
15 16 16 14 9 7 7 7 10 11 9 3 2 0 4 0 5 11 5 3 7 13 6 1 6 7 0 2 5 4 4 9 7 2 -4 2 -5 -7 -10 -11 -11 -11 -12 -14 -14 -14 -16 -12 -14 -11 -12 -12 -14 -14 -15 -11 -12 -9 -6 -4 -5 -6 -4 -4 -4 -3 -4 -5 -5 -4 -4 -5 -2 -2 -2 -2 -2 -5 -2 -4 -1 1 -1 -6 -6 -8 -7 -6 -4 -6 -5 -4 -1 -4 -5 -5
15 15 16 15 7 9 6 7 10 6 4 2 4 -2 3 -1 4 12 5 4 7 8 5 6 7 9 1 4 7 6 3 8 1 0 -1 -1 -6 -8 -10 -10 -11 -11 -12 -14 -15 -14 -15 -15 -13 -13 -13 -12 -12 -12 -12 -12 -10 -9 -7 -4 -5 -5 -4 -4 -4 -4 -4 -5 -5 -5 -4 -6 -6 -6 -7 -4 -5 -2 -1 -6 -1 1 -3 -8 -9 -8 -7 -5 -6 -6 -6 -4 -2 -3 -5 -4
15 15 16 13 11 10 8 7 8 6 3 4 0 1 4 5 7 10 3 5 13 6 0 5 5 7 2 4 6 3 9 4 3 0 -7 -6 -6 -7 -9 -10 -10 -12 -13 -13 -15 -14 -15 -13 -13 -13 -13 -12 -14 -14 -13 -9 -10 -9 -6 -4 -3 -5 -5 -4 -4 -3 -5 -4 -5 -5 -3 -6 -6 -4 -7 -5 -3 -1 -1 -7 -6 0 -4 -4 -8 -5 -7 -3 -7 -5 -6 -3 -2 -1 -4 -3
15 16 16 13 7 8 7 2 5 3 2 4 1 7 1 4 12 0 2 7 12 5 3 7 12 7 -1 1 8 5 8 6 0 3 -4 -7 -7 -9 -8 -9 -11 -12 -13 -10 -14 -14 -13 -15 -13 -12 -13 -12 -13 -14 -12 -9 -7 -8 -7 -5 -5 -4 -5 -5 -4 -4 -3 -4 -5 -5 -2 -4 -6 -5 -3 -3 -1 -6 -2 -7 -7 -3 -1 -5 -7 -4 -3 -3 -8 -4 -6 -6 0 1 1 0
16 16 16 14 6 4 6 5 10 4 1 8 6 8 5 12 9 5 2 6 14 2 0 4 11 4 -2 3 5 5 6 10 3 -4 2 -2 -8 -7 -9 -10 -10 -10 -13 -13 -12 -13 -14 -14 -12 -11 -11 -10 -10 -12 -11 -9 -7 -6 -7 -4 -4 -4 -3 -4 -3 -3 -4 -5 -6 -4 -5 -4 -4 -4 -3 -1 -1 -6 -7 -6 -9 -6 -5 -4 -3 -3 -2 -4 -3 -6 -8 -7 0 -1 -2 -3
16 16 17 15 5 9 7 8 7 3 -2 6 9 4 11 11 2 1 2 4 14 6 0 1 4 6 3 7 13 5 6 4 6 -3 -6 -8 -5 -8 -8 -11 -10 -11 -11 -12 -13 -10 -12 -12 -13 -11 -11 -8 -10 -10 -8 -10 -7 -6 -5 -6 -5 -4 -4 -4 -3 -3 -5 -5 -5 -5 -3 -5 -2 -1 -3 -5 -5 -7 -5 -7 -7 -5 -7 -6 -6 -8 -3 -1 -7 -8 -6 -5 0 0 -4 -4
16 17 17 15 13 14 12 10 9 5 3 9 12 6 5 13 10 6 7 7 9 4 1 4 5 4 13 10 2 -2 -3 -1 -3 3 -4 -9 -9 -9 -8 -9 -9 -9 -12 -11 -8 -12 -10 -10 -11 -11 -9 -6 -8 -10 -8 -8 -8 -6 -5 -5 -4 -3 -3 -2 -3 -5 -4 -4 -5 -6 -5 -3 -4 -5 -6 -4 -5 -6 -6 -7 -7 -5 -5 -5 -9 -10 -7 -3 -2 0 0 1 1 -3 1 -3
17 17 18 17 4 6 7 8 9 1 13 6 8 11 2 5 5 14 6 10 10 1 1 10 12 13 15 8 3 -4 -5 -3 -6 -4 -4 -6 -9 -9 -8 -7 -8 -7 -9 -10 -7 -7 -8 -8 -8 -8 -8 -7 -7 -8 -5 -6 -6 -4 -6 -4 -3 -3 -1 -3 -4 -4 -3 -4 -6 -5 -5 -4 -5 -6 -5 -3 -4 -6 -8 -5 -6 -4 -8 -5 -5 -8 -8 -4 -5 -4 -1 -4 -5 -4 0 -4
18 18 18 17 15 9 3 0 0 3 0 1 1 14 8 -1 0 8 15 5 6 8 6 9 15 10 14 9 7 3 -3 -4 -5 -4 -5 -7 -7 -6 -6 -5 -5 -4 -7 -7 -6 -7 -7 -7 -6 -7 -7 -7 -5 -6 -6 -7 -5 -3 -5 -3 -2 -1 -3 -3 -4 -2 -4 -3 -4 -3 -5 -5 -5 -5 -6 -6 -6 -6 -7 -7 -4 -7 -5 -7 -4 -6 -7 -6 -6 -5 -2 -5 -5 -4 -2 0
18 18 19 19 16 6 2 0 8 8 3 2 6 13 4 2 1 4 9 13 15 10 15 10 13 8 3 14 5 1 -1 -3 -4 -1 -4 -7 -5 -5 -3 -5 -5 -4 -6 -6 -5 -5 -5 -6 -5 -4 -5 -4 -6 -4 -3 -5 -4 -6 -2 -1 -1 -3 -3 -4 -2 -3 -2 -4 -3 -4 -4 -4 -4 -5 -5 -5 -5 -6 -6 -7 -5 -6 -6 -6 -5 -7 -8 -3 -7 -2 -5 -3 -5 -6 0 -3
18 19 19 19 18 10 10 1 9 12 2 9 11 10 9 12 5 2 1 11 11 15 9 3 11 0 -2 8 7 1 -3 -4 -2 -4 -3 -4 -3 -2 -3 0 -3 -3 -3 -5 -4 -4 -2 -5 -4 -3 -4 -3 -1 -1 -2 -6 -3 -3 -1 0 -3 -2 -3 -3 -2 -1 -3 -4 -2 -4 -3 -3 -4 -4 -4 -4 -5 -6 -5 -6 -7 -4 -6 -6 -4 -2 -6 -6 -7 -4 -6 -6 -6 -5 -4 -6
19 20 20 20 19 16 13 7 10 13 8 9 3 11 8 5 2 4 3 9 7 4 1 3 11 4 -3 9 7 -2 -1 -2 -1 -2 3 -1 1 -2 -1 2 -1 -1 -2 -2 -3 1 -3 -3 -2 -1 -3 -4 -3 -5 -1 -3 -2 -3 0 -3 -4 -4 -2 -1 -2 -1 -2 -1 -3 -4 -3 -2 -3 -4 -4 -4 -4 -3 -4 -5 -5 -6 -6 -6 -6 -4 -6 -7 -4 -4 -3 -4 -5 -5 -3 -6
20 20 20 21 21 16 13 14 17 14 14 13 5 14 2 2 5 4 9 14 3 -1 1 6 9 2 0 11 3 10 9 1 1 1 8 5 0 0 1 0 0 -1 -1 0 0 0 -1 0 1 -1 -2 -2 -2 -2 -4 1 -1 1 -3 -3 -4 -3 -1 0 -1 0 -2 0 -2 -2 -2 -2 -2 -3 -3 -2 -4 -5 -5 -4 -6 -7 -6 -7 -5 -6 -5 -8 -5 -7 -3 -5 -6 -6 -2 -7
20 20 21 21 21 21 20 10 13 14 16 13 0 12 13 12 6 9 14 9 0 0 2 3 4 2 2 2 7 4 13 8 3 4 8 2 2 4 2 1 1 1 1 0 0 1 0 0 1 0 -1 -3 -1 -1 -2 1 1 -3 -2 -3 -2 -3 -2 0 1 0 -1 1 -2 -1 -1 -2 -2 -2 -3 -1 -3 -4 -3 -5 -3 -5 -7 -8 -6 -7 -7 -8 -6 -6 -5 -5 -6 -4 -4 -7
20 20 20 21 21 15 10 4 0 3 2 17 4 13 7 13 14 14 8 7 3 1 2 2 3 3 1 2 2 3 6 12 10 9 4 2 2 3 3 2 3 5 6 4 3 3 0 1 2 1 -1 -1 -2 -1 -1 1 0 1 -2 -2 -2 -3 -1 1 2 -1 0 1 -1 1 -1 -3 -3 -4 -2 -2 -3 -2 -3 0 -4 -6 -5 -7 -6 -6 -6 -7 -7 -6 -5 -7 -6 -3 -2 -6
20 20 20 20 20 14 11 1 2 4 5 17 16 16 15 12 11 9 6 6 4 3 4 3 4 3 4 5 5 5 5 9 12 5 5 3 2 4 6 4 5 5 1 1 1 0 2 1 1 1 0 0 1 2 1 1 2 -1 -3 -1 -2 0 -1 1 0 0 0 1 2 -1 -2 -3 -2 -1 2 2 1 -3 -2 -4 -4 -6 -7 -5 -7 -8 -7 -7 -7 -6 -6 -7 -7 -7 -2 -7
20 20 20 20 20 14 12 1 3 7 9 10 16 15 5 12 8 9 8 7 5 5 4 3 5 5 6 7 6 7 10 10 7 11 5 3 6 6 8 7 8 8 6 1 2 2 1 2 1 1 0 1 3 1 2 3 1 -1 0 -1 0 -1 0 1 -1 0 2 3 1 -1 -2 -1 -1 3 1 -3 -1 0 2 -1 -4 -4 -1 -5 -5 -6 -6 -6 -7 -8 -7 -8 -6 -8 -5 -3
20 20 20 20 20 18 11 3 7 12 12 10 13 12 9 11 11 10 9 11 9 5 3 3 6 7 8 9 7 8 5 6 11 7 6 5 7 5 8 8 6 4 2 2 2 1 2 1 1 1 0 -1 2 3 4 2 1 1 2 1 -1 0 0 3 -1 1 1 3 -1 0 -1 0 2 2 0 -2 -4 -2 -3 2 -3 -4 0 -5 -5 -5 -5 -5 -7 -7 -8 -8 -8 -8 -9 -7
20 20 20 20 20 18 10 6 8 10 14 13 14 14 12 11 11 11 9 9 8 6 5 5 8 8 9 8 8 8 6 10 11 12 10 6 6 6 10 6 2 2 2 2 3 2 4 1 2 0 0 1 4 5 3 0 1 2 1 0 1 1 2 2 -1 1 1 0 0 1 3 4 1 -3 -1 1 -1 -4 -1 -3 0 -2 -5 0 -5 -5 -5 -1 -2 -7 -7 -7 -8 -9 -8 -8
19 20 20 20 19 16 10 8 9 11 14 16 16 15 14 12 14 10 11 10 8 6 7 8 9 8 10 8 9 7 6 5 7 10 11 8 9 6 10 3 2 3 4 3 2 2 5 3 3 -1 0 0 7 4 1 2 4 1 1 2 2 4 1 0 0 1 4 0 1 5 5 3 0 -3 -3 0 -3 -1 -4 -4 -1 -2 -3 -1 2 -1 -4 -7 -7 -8 -7 -4 -8 -8 -8 -9
19 19 19 19 19 18 10 8 9 12 15 16 15 12 12 10 11 12 10 11 9 8 9 9 9 9 11 9 10 8 7 6 6 10 12 11 7 11 8 3 3 2 2 4 2 4 4 4 1 2 2 3 2 7 2 4 2 1 2 3 5 1 1 2 1 3 2 2 5 3 -1 0 1 -2 -1 -1 -4 -2 -3 -4 0 -2 -4 -4 -2 -1 -4 -6 -6 -6 -6 -6 -5 -7 -7 -8
19 19 19 19 19 18 14 10 13 12 12 14 15 14 14 11 13 14 11 10 9 10 8 9 9 10 9 9 8 8 7 5 3 5 10 11 11 5 1 3 3 2 3 3 3 5 2 3 1 2 2 2 3 5 2 5 2 2 6 2 1 1 1 2 6 5 5 2 2 -2 -1 -2 -2 -2 0 1 -1 -2 -3 -3 -1 -4 -4 -5 -4 1 -4 -6 -6 -6 -6 -7 -7 -7 -7 -8
19 19 19 19 19 17 11 13 13 12 13 10 12 15 13 13 13 12 13 10 10 9 9 9 10 9 10 10 8 8 6 5 2 2 8 11 8 4 6 1 3 3 5 2 5 5 1 1 1 4 1 2 5 5 3 5 1 3 3 1 1 1 3 7 5 1 2 1 0 -2 -2 -1 -2 -2 -2 -3 -3 -2 -3 -4 -4 -3 -3 -5 -5 -4 2 -3 -5 -6 -6 -7 -6 -7 -8 -8
18 18 18 18 18 16 12 11 14 12 12 11 12 13 14 10 11 13 13 13 11 10 9 8 10 11 9 8 9 9 7 7 3 5 9 11 11 8 5 3 3 3 5 3 4 4 3 3 3 3 3 3 5 8 8 6 9 5 4 2 2 3 6 6 1 1 0 0 0 -1 -1 4 1 -2 -3 -4 -4 -3 -4 -3 -4 -4 -5 -5 -4 -3 -3 -6 -7 -7 -7 -7 -8 -7 -8 -8
18 18 18 18 16 15 12 12 13 12 11 11 12 12 14 13 11 11 11 13 9 10 10 10 11 9 10 10 7 9 8 7 4 4 7 9 7 12 9 6 3 3 4 3 4 6 3 4 3 8 5 4 5 6 4 9 8 9 7 8 5 7 5 3 2 1 1 1 3 2 0 -1 0 0 -1 0 -4 -1 0 -3 -3 -4 -4 -5 -5 -4 -3 -6 -3 -6 -6 -6 -8 -8 -7 -9
18 18 18 17 16 16 14 12 14 12 11 11 11 12 14 12 10 11 10 12 14 11 11 12 10 9 8 10 10 9 6 7 4 3 5 6 10 10 10 5 4 3 6 4 6 6 3 4 5 6 6 8 9 9 6 3 2 3 4 6 8 8 3 2 3 4 5 2 3 1 2 1 7 7 5 -1 -1 0 -1 -4 -4 -3 -5 -2 -5 -5 0 0 -5 -6 -2 -5 -6 -8 -8 -8
18 17 17 17 16 16 13 14 12 14 11 12 10 11 13 10 9 9 9 9 9 12 10 9 11 10 7 7 7 9 6 4 5 4 4 5 8 12 10 7 6 5 6 6 5 8 8 6 6 8 9 9 6 6 3 3 4 2 3 3 4 4 4 2 3 8 8 7 7 7 4 3 7 4 2 1 5 -3 -2 -1 -4 -3 -4 -4 -6 -5 -5 -5 0 -6 -7 -7 -6 -7 -7 -8
17 17 17 17 15 15 14 14 12 12 13 12 12 12 11 9 9 10 9 9 10 10 10 8 10 9 9 7 6 6 7 7 7 4 6 6 6 12 11 9 5 4 5 6 7 6 8 8 10 5 4 6 5 4 4 3 2 3 5 5 5 9 4 4 9 1 1 2 7 2 2 0 -1 2 -3 -3 -2 4 1 -4 -3 -3 -4 -5 -6 -6 -6 -6 -3 -3 -6 -7 -7 -8 -8 -9
17 17 17 16 15 15 14 11 13 12 10 11 10 8 8 12 11 9 9 8 8 9 7 8 8 8 8 8 5 7 5 5 6 5 5 8 7 6 11 10 8 6 6 6 10 8 7 7 5 6 5 4 4 4 5 5 4 5 5 6 9 4 7 9 5 4 2 2 2 6 0 0 0 -1 -1 -3 -3 4 2 5 4 -3 0 -5 -6 -6 -6 -5 -1 -7 -8 -7 -8 -7 -8 -8
17 17 16 16 15 15 15 11 12 9 8 10 11 10 10 13 10 9 10 8 9 8 8 7 5 8 6 8 5 5 5 5 5 5 6 6 6 7 11 9 7 8 7 10 8 9 6 6 6 6 6 6 6 5 6 5 6 6 5 6 9 6 4 2 6 5 4 3 2 1 2 2 1 1 -1 -3 -2 -2 -1 -2 -2 4 1 0 -3 -5 -6 -6 1 -3 -8 -8 -8 -8 -8 -8
17 17 16 15 14 10 14 10 11 12 8 9 8 10 10 10 13 11 11 9 11 8 10 6 6 6 5 7 5 7 6 6 5 6 6 7 7 7 10 9 7 7 8 9 7 7 7 10 10 8 7 6 6 5 6 6 6 6 6 5 7 5 4 4 3 3 7 2 3 2 2 2 0 1 -1 -2 -2 -2 -2 -2 -3 -1 1 -4 -6 -5 -6 -7 1 -3 -7 -9 -7 -8 -8 -8
17 16 16 14 12 12 13 13 12 12 10 10 9 7 10 10 11 12 12 12 12 9 10 6 5 7 6 5 5 6 7 6 6 6 7 7 7 7 8 10 8 8 9 8 8 8 10 8 8 9 8 8 6 6 9 7 7 7 10 9 8 6 6 4 4 4 3 4 3 4 2 2 2 2 2 0 -1 -1 -2 -2 -2 -3 -3 5 0 -6 -6 -7 -1 -1 -7 -8 -6 -7 -7 -7
17 17 16 15 14 14 13 12 9 12 11 9 8 8 9 10 7 9 11 10 11 8 7 7 6 6 5 4 5 5 6 7 7 7 7 7 7 8 10 10 10 10 9 9 9 10 9 8 7 8 10 9 10 9 9 9 10 9 7 8 7 8 5 5 5 4 5 5 4 3 4 3 1 2 0 1 0 -1 -2 -2 -2 -3 -4 3 -4 -5 -6 -7 -8 -3 -7 -7 -6 -5 -1 -4
17 17 16 14 14 13 13 11 10 11 10 10 9 8 9 7 7 9 10 10 10 10 10 9 8 5 5 6 6 6 6 6 6 7 7 7 7 7 7 10 11 11 10 10 10 8 8 8 7 7 7 8 9 8 8 8 8 8 7 7 6 9 5 6 6 5 5 6 4 4 4 2 2 2 0 0 0 1 -1 -2 -2 -2 -4 1 -4 -5 -6 -7 -8 -3 0 -4 -5 -3 -5 -7
17 16 16 15 14 13 12 10 10 8 8 9 10 5 6 6 9 8 8 7 7 10 6 6 6 6 7 7 5 6 7 8 2 7 8 7 7 7 7 7 7 7 10 11 9 8 8 7 6 8 8 8 7 8 8 9 8 8 8 7 6 8 6 7 7 7 7 5 5 5 4 4 2 1 1 0 0 0 0 -2 -2 -3 1 3 1 -4 -7 -7 -8 -7 -6 -3 -5 -3 -6 -6
16 16 15 14 13 12 11 9 8 7 9 9 8 9 7 5 6 4 2 5 8 8 8 6 7 6 5 6 5 5 6 7 7 8 9 8 6 7 7 6 8 8 10 9 9 8 8 7 6 7 8 6 7 8 9 8 8 9 9 8 7 7 9 9 8 8 7 7 5 5 5 3 3 1 1 1 1 0 1 0 -1 -3 -2 -4 1 -5 -3 -6 -6 -6 -6 -7 -7 -6 -2 -1
16 16 14 13 11 11 11 7 8 7 6 6 5 7 5 4 4 1 3 2 4 6 8 7 6 6 6 6 5 6 6 6 6 6 7 6 8 7 7 7 8 8 10 10 9 8 8 6 6 3 3 2 7 3 4 9 7 7 10 8 8 8 8 10 10 10 10 9 7 7 7 4 3 3 2 1 1 1 0 -1 -1 -2 -4 -4 4 1 -7 -6 -5 -6 -6 -6 -8 -7 -7 -5
16 16 14 11 10 10 8 8 7 8 6 6 5 5 3 3 3 3 3 4 4 5 7 7 6 5 7 6 6 5 6 6 6 6 7 7 7 9 9 8 8 9 10 11 9 6 6 6 2 3 6 3 3 6 3 4 6 7 8 10 8 8 8 10 10 10 10 9 7 7 5 4 1 1 -3 0 1 1 0 -1 -2 -2 -4 -5 -5 3 -6 -4 -6 -7 -7 -7 -7 -6 -5 -5
16 14 13 11 10 9 10 10 10 8 7 7 6 5 4 3 3 4 3 3 4 5 7 5 4 6 7 6 6 6 7 6 7 6 7 7 7 8 9 8 9 10 10 10 9 10 8 8 5 6 8 5 7 4 4 7 7 7 6 9 8 8 7 9 10 9 9 8 7 7 5 3 -5 -3 -4 -4 -1 0 0 -2 -2 -3 -4 -5 -5 2 -2 -5 -5 -6 -7 -6 -6 -6 -6 -6
15 13 13 13 11 11 10 9 9 10 8 6 6 6 4 2 2 3 3 3 3 5 6 5 4 6 6 5 5 6 7 7 7 6 7 8 8 7 7 8 9 9 11 11 9 9 6 7 7 8 7 8 8 7 4 5 7 7 8 8 8 4 8 8 9 7 9 8 8 3 -1 -4 -5 -5 -3 -5 0 0 0 -1 -3 -3 -4 -3 4 -5 -5 -6 -5 -5 -6 -6 -7 -6 -7 -7
14 12 11 10 7 7 8 8 7 9 8 8 6 5 3 2 3 3 5 5 4 4 6 5 4 4 4 4 5 5 5 6 5 5 6 7 7 7 7 8 8 9 10 10 7 8 9 9 7 9 6 3 3 3 5 6 6 7 8 9 7 6 6 7 6 8 9 6 7 6 4 3 -4 -5 -2 -4 -7 -1 0 0 -1 -3 -2 -4 0 4 -4 -5 -5 -6 -6 -6 -6 -6 -7 -6
13 12 10 8 8 10 6 6 7 8 5 4 6 6 4 2 2 2 5 5 3 4 5 6 5 5 5 5 5 5 5 6 5 5 5 6 6 7 9 8 9 8 10 10 6 7 8 6 9 7 6 8 7 6 4 3 5 6 7 7 8 6 1 4 2 3 7 5 3 0 -2 -3 -4 -4 -1 -6 -4 -1 0 0 3 3 4 1 2 -4 -3 1 -5 -6 -6 -5 -5 -5 -7 -6
12 13 12 9 9 9 8 7 7 5 6 4 5 4 3 2 3 3 4 5 4 4 5 5 5 4 4 5 5 6 7 6 7 6 7 7 7 7 8 8 8 8 10 10 9 7 7 8 8 8 8 8 7 6 6 3 5 6 6 6 6 7 6 4 1 0 6 8 6 2 3 0 -4 -4 -1 -3 -6 0 1 1 1 3 -2 -3 0 -4 -4 -4 0 -5 -5 -3 -6 -6 -6 -7
10 10 11 11 10 9 9 8 6 6 7 4 6 5 3 4 4 5 3 5 5 5 5 4 4 5 5 5 5 6 6 7 7 7 7 7 8 8 8 7 8 10 10 10 10 8 7 5 6 8 7 7 7 8 5 6 7 7 5 7 7 6 6 3 4 -1 0 2 5 6 0 -2 -4 -4 -4 -5 -5 1 1 1 3 0 -2 -2 -2 -4 -4 -4 -4 1 -5 -5 -5 -6 -6 -7
9 9 9 9 10 11 9 8 8 7 6 6 5 2 3 3 4 4 4 5 5 5 4 3 3 3 4 5 6 6 7 7 5 6 5 6 6 7 7 7 7 8 10 9 8 7 6 3 6 6 8 7 6 7 7 8 6 3 3 4 2 6 4 0 3 -3 -2 0 3 5 -2 -2 -3 -4 -4 -4 -6 -6 0 1 4 5 -2 -3 -2 -2 -4 -4 -4 -4 1 -5 -5 -5 -4 -6
