DE_airtemperature/2010/2010_03_air_temp_min.asc
NCOLS 654
NROWS 866
XLLCORNER 3280414.711633467
YLLCORNER 5237500.62890625
CELLSIZE 1000
NODATA_VALUE -999
[rows 495 to 549 of 866, columns 0 to 95 of 654]
-999 -999 -999 -999 -999 -999 -999 -999 -999 -999 -999 -999 -999 -999 -999 -999 -999 -999 -999 -999 -999 -3 0 3 0 0 1 0 0 1 1 8 7 12 3 2 0 3 4 5 5 6 2 3 1 5 6 8 7 9 10 7 7 8 8 10 6 7 8 8 9 10 12 11 10 10 10 8 6 6 8 7 6 8 6 6 9 10 11 11 11 11 11 10 9 10 11 11 10 10 12 10 14 18 18 12
-999 -999 -999 -999 -999 -999 -999 -999 -999 -999 -999 -999 -999 -999 -999 -999 -999 -999 -999 -999 -2 -2 1 2 2 0 4 2 0 1 9 1 4 7 3 3 1 1 0 3 4 4 6 6 2 2 5 6 8 7 2 5 5 8 10 7 5 3 5 8 9 10 8 5 7 9 6 4 4 6 6 5 5 3 4 7 9 10 11 10 11 11 11 9 8 8 10 11 13 12 11 14 13 15 18 16
-999 -999 -999 -999 -999 -999 -999 -999 -999 -999 -999 -999 -999 -999 -999 -999 -999 -999 -999 -2 1 1 1 3 6 7 3 9 8 9 5 5 2 8 0 1 0 0 0 0 2 4 4 0 6 4 5 6 7 4 0 3 3 7 7 5 4 3 5 8 11 9 4 5 5 7 7 5 3 4 4 4 4 4 5 6 9 9 9 9 10 11 10 10 11 11 10 13 15 9 10 11 15 13 18 18
-999 -999 -999 -999 -999 -999 -999 -999 -999 -999 -999 -999 -999 -999 -999 -999 -999 -999 -999 0 2 2 2 3 0 3 3 0 4 3 0 4 -1 2 -1 -1 -1 -2 -1 -1 4 6 -1 -2 4 3 3 3 5 2 5 1 3 6 6 5 6 9 4 6 9 8 7 5 4 2 4 4 4 4 4 5 4 4 7 4 5 5 7 8 8 9 8 10 11 12 13 14 15 13 13 12 12 12 18 18
-999 -999 -999 -999 -999 -999 -999 -999 -999 -999 -999 -999 -999 -999 -999 -999 -999 -999 -999 -999 1 1 0 3 0 0 0 3 1 2 0 -1 -1 -2 -1 -4 -2 -1 0 4 0 4 1 0 1 5 4 3 0 0 0 3 6 5 3 6 7 8 7 3 9 4 3 4 1 2 2 3 5 4 7 4 4 4 8 6 5 7 8 8 8 8 7 7 11 13 11 11 12 13 16 16 17 18 18 18
-999 -999 -999 -999 -999 -999 -999 -999 -999 -999 -999 -999 -999 -999 -999 -999 -999 -999 -999 -999 1 1 0 0 2 -1 -1 -1 -2 -2 -1 -2 -2 -1 -4 -2 0 0 -1 -1 3 3 0 -2 1 2 1 -2 -1 1 1 4 3 6 2 4 7 5 2 4 5 3 -1 -2 -1 -2 1 2 2 3 5 5 3 4 4 8 4 4 7 7 8 8 8 7 13 14 15 15 16 16 17 16 17 15 18 18
-999 -999 -999 -999 -999 -999 -999 -999 -999 -999 -999 -999 -999 -999 -999 -999 -999 -999 -999 -999 -999 1 -1 -2 0 0 -1 -2 -3 -2 -4 0 -3 -3 -3 1 0 2 2 2 0 -2 -2 -1 2 1 2 0 0 -1 -2 -1 1 2 0 5 4 3 3 6 7 5 3 1 -3 -1 -1 3 5 3 8 4 2 5 7 9 5 6 6 7 9 10 6 13 14 14 13 15 13 13 14 10 15 15 15 18
-999 -999 -999 -999 -999 -999 -999 -999 -999 -999 -999 -999 -999 -999 -999 -999 -999 -999 -999 -999 -999 -999 -2 -1 0 -2 -1 -3 -4 -5 -1 -2 -5 -4 -4 -4 -1 -2 3 4 1 -3 -2 -2 -2 -1 1 -1 -2 0 0 -2 -1 -1 1 4 1 2 3 2 5 4 4 0 -1 -2 1 2 5 4 6 4 0 4 6 8 9 5 6 6 14 8 10 13 10 10 7 6 13 9 11 13 13 14 13 15
-999 -999 -999 -999 -999 -999 -999 -999 -999 -999 -999 -999 -999 -999 -999 -999 -999 -999 -999 -999 -999 -999 -2 -1 -999 -999 -3 -3 -3 -4 -4 -5 -6 -4 -2 -2 -2 -2 1 4 -1 -2 -2 -4 -2 -3 -1 0 -2 -1 -1 -2 -2 -1 0 1 -1 0 1 -2 0 2 4 1 -2 -3 2 4 2 4 8 6 6 7 11 11 9 7 11 7 13 4 5 5 6 6 5 4 7 7 9 10 13 12 15 13
-999 -999 -999 -999 -999 -999 -999 -999 -999 -999 -999 -999 -999 -999 -999 -999 -999 -999 -999 -999 -999 -999 -999 -999 -999 -999 -999 -3 -4 -5 -5 -5 -6 0 0 -1 -1 -1 1 0 -2 -2 -4 -3 -4 -3 -3 -1 -1 -2 -1 -2 -3 -4 -1 -1 -2 -2 -2 -1 4 4 4 3 -1 -1 0 -1 3 5 2 5 7 5 3 8 13 14 14 11 9 -2 4 1 4 6 4 6 4 6 8 9 13 12 12 11
-999 -999 -999 -999 -999 -999 -999 -999 -999 -999 -999 -999 -999 -999 -999 -999 -999 -999 -999 -999 -999 -999 -999 -999 -999 -999 -999 -999 -999 -999 -3 -1 1 -3 -4 -3 -1 3 3 0 -3 -3 -4 -5 -5 -5 -3 -3 -3 -3 -2 -2 -3 -2 -3 -3 -3 0 1 2 1 -1 0 0 -2 0 0 1 -2 2 3 1 0 1 4 3 7 3 -3 1 6 -1 -3 2 -1 5 1 2 4 7 8 9 9 10 12 12
-999 -999 -999 -999 -999 -999 -999 -999 -999 -999 -999 -999 -999 -999 -999 -999 -999 -999 -999 -999 -999 -999 -999 -999 -999 -999 -999 -999 -999 -999 -999 -5 -6 -5 -5 -5 0 0 -1 0 -3 -3 -6 -7 -6 -4 -2 -3 -4 -2 -1 -1 -1 -3 -3 -3 -2 -4 -1 1 -1 -1 -2 -1 -2 1 2 1 1 2 6 2 2 3 7 13 13 6 -4 -2 -2 3 1 -2 1 0 2 6 6 8 10 9 9 11 10 10
-999 -999 -999 -999 -999 -999 -999 -999 -999 -999 -999 -999 -999 -999 -999 -999 -999 -999 -999 -999 -999 -999 -999 -999 -999 -999 -999 -999 -999 -999 -999 -4 -5 -4 0 -2 3 -3 -2 -2 0 -3 -5 -6 -6 -6 -4 -4 -4 -3 -1 -2 -2 -2 -2 -4 -4 -2 -1 -3 -2 -2 -1 0 0 2 2 5 4 5 6 9 2 3 10 5 5 4 5 2 0 5 -2 4 -1 1 0 5 5 6 10 9 11 13 14 13
-999 -999 -999 -999 -999 -999 -999 -999 -999 -999 -999 -999 -999 -999 -999 -999 -999 -999 -999 -999 -999 -999 -999 -999 -999 -999 -999 -999 -999 -999 -999 -5 -6 -2 -2 -5 1 -5 -2 -2 0 -1 -3 -4 -4 -6 -6 -5 -5 -2 -3 -3 -4 -3 -3 -4 -5 -3 -4 -3 -2 0 2 1 3 3 2 5 3 3 6 7 4 7 9 1 10 0 0 4 6 3 0 -1 3 0 0 -1 1 5 5 7 8 10 11 11
-999 -999 -999 -999 -999 -999 -999 -999 -999 -999 -999 -999 -999 -999 -999 -999 -999 -999 -999 -999 -999 -999 -999 -999 -999 -999 -999 -999 -999 -999 -999 -999 -5 -6 -5 -6 0 -6 -3 -1 -3 -3 -4 -3 -5 -5 -6 -5 -4 -2 -2 -4 -5 -4 -3 -4 -4 -1 -1 0 0 0 1 2 2 3 5 6 7 1 3 4 8 9 0 2 9 0 5 2 -4 0 -2 -2 -4 -4 -4 -3 1 5 5 6 7 7 9 9
-999 -999 -999 -999 -999 -999 -999 -999 -999 -999 -999 -999 -999 -999 -999 -999 -999 -999 -999 -999 -999 -999 -999 -999 -999 -999 -999 -999 -999 -999 -999 -999 -999 -6 -6 -3 -7 -6 -6 -3 -5 -4 -5 -5 -5 -5 -5 -3 -3 -3 -3 -3 -4 -5 -4 -2 -3 -1 0 0 0 0 -1 3 4 3 5 6 4 10 5 3 1 11 6 2 4 0 1 -3 -4 1 -1 2 -7 -6 -4 -2 4 6 8 9 10 11 10 11
-999 -999 -999 -999 -999 -999 -999 -999 -999 -999 -999 -999 -999 -999 -999 -999 -999 -999 -999 -999 -999 -999 -999 -999 -999 -999 -999 -999 -999 -999 -999 -999 -999 -7 -6 -3 -6 -7 -6 -5 -2 -6 -6 -6 -5 -5 -5 -4 -3 -4 -4 -4 -4 -4 -4 -2 -3 -4 -2 -3 0 0 1 0 1 3 0 3 10 5 7 9 9 6 3 5 -3 1 2 4 -6 -4 -3 -6 -8 -6 -4 -3 0 1 7 6 8 10 9 9
-999 -999 -999 -999 -999 -999 -999 -999 -999 -999 -999 -999 -999 -999 -999 -999 -999 -999 -999 -999 -999 -999 -999 -999 -999 -999 -999 -999 -999 -999 -999 -999 -999 -7 -5 -4 -7 -6 -4 -7 -6 -3 -5 -6 -5 -5 -4 -4 -4 -5 -4 -4 -3 -3 -2 -2 -3 -3 -3 -2 -1 2 -1 2 3 7 7 10 1 3 8 4 8 1 -1 3 4 -3 -3 3 -2 -2 -3 -5 -8 -3 -3 0 0 5 7 4 7 6 9 10
-999 -999 -999 -999 -999 -999 -999 -999 -999 -999 -999 -999 -999 -999 -999 -999 -999 -999 -999 -999 -999 -999 -999 -999 -999 -999 -999 -999 -999 -999 -999 -999 -999 -8 -8 -7 -6 -7 -7 -9 -9 -5 -6 -5 -4 -4 -4 -5 -4 -3 -2 -5 -1 -1 1 -2 -2 -1 -2 -2 -3 -3 -3 1 1 3 5 3 0 -2 0 6 9 6 1 -1 -6 -3 2 5 0 -7 -10 -5 -7 -2 -1 -3 -3 2 1 0 7 7 6 6
-999 -999 -999 -999 -999 -999 -999 -999 -999 -999 -999 -999 -999 -999 -999 -999 -999 -999 -999 -999 -999 -999 -999 -999 -999 -999 -999 -999 -999 -999 -999 -999 -999 -8 -4 -7 -6 -7 -6 -6 -6 -6 -5 -5 -5 -5 -5 -5 -3 -3 -2 -1 -2 -3 1 2 -1 0 0 -1 -3 -3 -4 -2 -7 5 2 -1 1 -1 1 1 9 3 2 -6 -3 1 -3 -2 -7 -9 -4 -3 -6 -3 0 -4 -1 -1 -1 3 6 6 7 4
-999 -999 -999 -999 -999 -999 -999 -999 -999 -999 -999 -999 -999 -999 -999 -999 -999 -999 -999 -999 -999 -999 -999 -999 -999 -999 -999 -999 -999 -999 -999 -999 -10 -5 -5 -6 -4 -5 -6 -3 -6 -3 -5 -6 -5 -4 -4 -5 -2 -1 -1 -3 -1 0 1 4 2 1 2 1 -1 -1 -2 0 1 8 3 0 -2 -3 -1 4 10 6 1 0 -5 -5 3 0 -4 -4 -3 -1 -6 -3 -2 -1 -1 -3 -3 -2 -1 3 4 5
-999 -999 -999 -999 -999 -999 -999 -999 -999 -999 -999 -999 -999 -999 -999 -999 -999 -999 -999 -999 -999 -999 -999 -999 -999 -999 -999 -999 -999 -999 -999 -999 -7 -5 -4 -5 -5 -6 -3 -3 -5 -4 -3 -4 -3 -3 -4 -6 -4 -2 0 -2 -1 1 -1 0 3 3 2 1 1 -2 0 2 6 6 5 -2 -1 1 6 6 2 5 -3 0 -2 -3 0 -4 -4 -2 0 1 -4 -3 -3 1 1 -4 -2 -4 -1 2 4 7
-999 -999 -999 -999 -999 -999 -999 -999 -999 -999 -999 -999 -999 -999 -999 -999 -999 -999 -999 -999 -999 -999 -999 -999 -999 -999 -999 -999 -999 -999 -999 -9 -5 -4 -4 -3 -4 -2 -3 -2 -5 -2 -2 -2 -4 -2 -6 -7 -4 -4 -2 0 1 -1 -3 1 2 2 4 3 1 1 3 5 4 8 5 2 1 2 6 6 3 2 1 -2 -3 -5 -4 -2 -6 -6 -3 -3 2 0 2 3 -3 2 2 0 -4 2 4 5
-999 -999 -999 -999 -999 -999 -999 -999 -999 -999 -999 -999 -999 -999 -999 -999 -999 -999 -999 -999 -999 -999 -999 -999 -999 -999 -999 -999 -999 -999 -999 -999 -6 -5 -4 -2 -1 -1 -1 -5 -5 -1 0 -4 -1 -1 -1 -4 -6 -5 -3 -2 -2 -2 0 2 2 2 2 5 1 6 3 7 4 5 5 1 5 3 4 5 6 6 4 1 1 -3 -10 -6 -6 -9 -7 -5 -3 2 -4 1 2 1 1 -3 -2 4 4 6
-999 -999 -999 -999 -999 -999 -999 -999 -999 -999 -999 -999 -999 -999 -999 -999 -999 -999 -999 -999 -999 -999 -999 -999 -999 -999 -999 -999 -999 -999 -999 -999 -5 -4 -6 -2 -4 -4 -1 -1 -4 -1 -1 -2 -2 -1 -2 -1 -2 -4 -2 -4 -1 -1 0 -1 0 1 0 0 3 4 7 4 0 4 7 5 3 0 0 4 3 2 5 2 -3 -8 -6 -4 -2 -2 -3 -3 -3 -3 2 1 -1 5 0 -2 0 1 5 7
-999 -999 -999 -999 -999 -999 -999 -999 -999 -999 -999 -999 -999 -999 -999 -999 -999 -999 -999 -999 -999 -999 -999 -999 -999 -999 -999 -999 -999 -999 -999 -999 -5 -3 -4 -4 -2 -4 -5 -1 -2 -1 1 0 1 1 0 -3 -3 -1 -2 -1 -1 -1 0 -2 -2 -2 2 2 4 4 3 2 3 6 6 1 0 2 1 2 -1 0 2 0 -3 -1 -4 -5 -4 -6 -1 -3 -3 -4 -4 -3 -3 -1 5 7 3 0 6 9
-999 -999 -999 -999 -999 -999 -999 -999 -999 -999 -999 -999 -999 -999 -999 -999 -999 -999 -999 -999 -999 -999 -999 -999 -999 -999 -999 -999 -999 -999 -999 -999 -999 -999 -5 -5 -4 -4 -6 -5 -2 -1 -3 1 -3 -2 2 1 -1 -1 -2 0 -2 -1 -2 -3 -2 1 1 1 2 2 2 6 3 3 1 0 -1 -3 -3 -4 0 -4 -2 -2 -1 -3 -1 -4 -3 -2 0 -6 2 3 4 -3 4 3 -3 -1 2 5 9 8
-999 -999 -999 -999 -999 -999 -999 -999 -999 -999 -999 -999 -999 -999 -999 -999 -999 -999 -999 -999 -999 -999 -999 -999 -999 -999 -999 -999 -999 -999 -999 -999 -999 -999 -5 -6 -3 -2 -3 -4 -3 -4 -4 -1 -3 -2 -3 2 2 -1 0 -3 -1 -1 -2 -3 0 -1 0 2 3 1 2 1 2 6 1 1 -2 0 -4 -4 -5 -6 -6 -4 -2 0 0 -2 0 -1 4 0 -3 -2 3 4 7 8 1 1 3 2 10 12
-999 -999 -999 -999 -999 -999 -999 -999 -999 -999 -999 -999 -999 -999 -999 -999 -999 -999 -999 -999 -999 -999 -999 -999 -999 -999 -999 -999 -999 -999 -999 -999 -999 -999 -6 -6 -4 -4 -4 -7 -3 -5 -4 -3 -2 -4 -1 0 2 1 -2 0 1 -1 -2 -3 -4 -2 2 3 3 2 2 -1 -1 3 0 -2 -2 -3 -5 -5 -6 -6 -3 -2 -2 1 0 1 0 1 2 -3 -5 0 -2 0 -3 2 5 7 5 7 10 11
-999 -999 -999 -999 -999 -999 -999 -999 -999 -999 -999 -999 -999 -999 -999 -999 -999 -999 -999 -999 -999 -999 -999 -999 -999 -999 -999 -1 -2 -999 -999 -999 -999 -4 -5 -4 -4 -7 -5 -8 -5 -5 -2 -4 -1 -4 0 1 2 4 1 0 1 1 -2 -3 -4 -1 0 2 2 2 1 -3 -2 0 4 2 1 0 0 -3 -5 -5 -3 -2 -1 1 2 0 2 0 -3 -3 -2 0 -1 -1 0 0 3 5 8 8 8 9
-999 -999 -999 -999 -999 -999 -999 -999 -999 -999 -999 -999 -999 -999 -999 -999 -999 -999 -999 -999 -999 -999 -999 -999 -999 -999 -999 2 2 -1 0 -3 -4 -4 -5 -5 -7 -5 -6 -7 -6 -5 -4 -2 -4 -5 -3 0 2 3 3 1 2 0 -2 -4 -2 1 2 0 3 1 3 -1 0 -1 1 0 2 2 0 -2 -6 -3 -1 -2 -1 0 -2 -1 -2 -1 -1 -1 1 1 2 -1 3 -4 5 7 10 11 8 8
-999 -999 -999 -999 -999 -999 -999 -999 -999 -999 -999 -999 -999 -999 -999 -999 -999 -999 -999 -999 -999 -999 -999 -999 -999 -999 -999 -1 -1 -3 -1 -2 -3 -5 -6 -7 -5 -6 -4 -4 -5 -4 -4 -4 -3 -3 -2 0 1 2 4 1 0 -2 -1 -2 -1 2 -2 0 1 3 -1 -1 0 -1 -1 -2 1 0 0 -2 -4 -4 -2 -1 -2 -4 0 0 -1 0 0 2 1 2 3 3 4 2 2 6 7 9 10 8
-999 -999 -999 -999 -999 -999 -999 -999 -999 -999 -999 -999 -999 -999 -999 -999 -999 -999 -999 -999 -999 -999 -999 -999 -999 -999 -1 -3 -1 -4 -2 -1 -4 -5 -8 -8 -5 -2 -3 -3 -3 -4 -5 -4 -4 0 -1 -1 1 2 4 2 0 1 -2 -1 1 1 -3 -2 -2 0 -1 -2 -1 -3 -3 -3 -4 -2 0 -1 -2 -5 -4 -2 -4 -2 -2 -1 0 2 0 1 2 1 3 5 3 2 3 5 7 9 5 7
-999 -999 -999 -999 -999 -999 -999 -999 -999 -999 -999 -999 -999 -999 -999 -999 -999 -999 -999 -999 -999 -999 -999 -999 -999 -999 -2 -4 -3 -5 -4 -4 -6 -8 -8 -5 -3 -2 -1 -4 -5 -6 -6 -4 -3 -2 0 1 0 1 4 3 1 2 0 1 1 -2 0 -2 -3 1 -2 -2 -3 -2 -2 -2 -5 -2 -2 0 -2 -5 -5 -3 -3 -1 -1 0 0 1 5 1 2 3 5 5 5 6 4 4 5 7 5 5
-999 -999 -999 -999 -999 -999 -999 -999 -999 -999 -999 -999 -999 -999 -999 -999 -999 -999 -999 -999 -999 -999 -999 -999 -999 -1 -2 -2 -3 -4 -5 -6 -9 -8 -4 -2 -4 -2 -3 -4 -4 -4 -6 -4 -3 -1 1 0 0 1 3 4 3 2 -1 0 0 -2 -1 -2 0 -2 -6 -4 -4 -4 -3 -5 -5 -6 -2 -2 -4 -5 -3 -4 -1 2 0 1 3 2 4 5 5 2 6 -1 2 7 5 4 4 5 5 5
-999 -999 -999 -999 -999 -999 -999 -999 -999 -999 -999 -999 -999 -999 -999 -999 -999 -999 -999 -999 -999 -1 -1 -3 0 -1 -3 -2 -3 -4 -4 -8 -9 -5 -4 -1 -3 -1 -3 -1 -5 -6 -6 -4 -1 -1 1 0 2 1 2 3 4 2 0 -2 -1 -4 -3 -4 -1 -2 -3 -3 -7 -6 -5 -3 -2 -2 -4 -4 -6 -8 -2 -2 -3 -1 0 0 2 5 5 -5 -1 3 4 0 1 5 7 5 5 5 5 5
-999 -999 -999 -999 -999 -999 -999 -999 -999 -999 -999 -999 -999 -999 -999 -999 -999 -999 -999 -999 5 3 0 1 0 -2 -1 -2 -1 -3 -7 -9 -4 -3 -3 -1 -4 -3 0 -6 -7 -7 -6 -4 -1 -1 2 0 2 1 1 2 5 4 2 0 -2 -3 -4 -6 -1 -2 -2 -5 -5 -3 -2 -2 -1 -4 -5 -3 -1 -1 -2 -2 -1 -1 -1 2 5 4 -1 -1 1 4 -1 -2 1 1 9 6 7 5 7 6
-999 -999 -999 -999 -999 -999 -999 -999 -999 -999 -999 -999 -999 -999 -999 -999 -999 -999 -999 -999 1 0 -1 0 0 0 -1 -1 -2 -5 -7 -2 -4 -3 -3 -1 -4 -3 -1 -1 -2 -6 -5 -5 -3 1 3 2 0 -1 -1 0 4 3 1 3 1 1 -4 -4 -5 -2 -2 -3 -5 -4 -1 -2 -3 -3 -3 -2 -1 -2 0 -2 -2 0 2 1 4 1 2 0 -1 2 2 -2 0 1 4 6 7 10 9 11
-999 -999 -999 -999 -999 -999 -999 -999 -999 -999 -999 -999 -999 -999 -999 -999 -999 -999 1 2 2 0 3 0 1 3 1 0 -4 -7 -2 -1 -2 0 -2 0 -4 -1 -1 -4 -2 -4 -4 -1 1 1 3 1 -2 5 0 0 0 2 5 5 -1 -1 -2 -6 -5 -5 -4 -2 -2 -2 0 -2 -1 -3 -2 -1 0 -1 -3 0 0 0 -1 2 -1 0 0 -2 -3 1 2 1 2 2 3 4 4 5 2 6
-999 -999 -999 -999 -999 -999 -999 -999 -999 -999 -999 -999 -999 -999 -999 -999 -999 6 3 1 2 2 3 0 2 -1 1 -1 -3 -4 -2 0 -1 2 1 -5 -3 1 -2 -2 -2 -1 -1 0 -1 -1 3 -1 -1 3 0 3 3 2 4 2 0 -2 -2 -2 -6 -5 -1 -3 0 0 1 1 -2 -3 -3 -2 -1 0 -3 -2 -1 0 0 -1 -2 -5 -4 -4 -3 -1 0 -1 2 3 4 6 4 4 4 6
-999 -999 -999 -999 -999 -999 -999 -999 -999 -999 -999 -999 -999 -999 -999 -999 -999 6 5 1 -1 -1 -1 -1 -1 2 0 -2 -2 -1 -1 1 -1 1 -2 -1 -1 1 -2 -1 -1 -1 -2 -1 -2 2 0 2 4 4 6 5 1 0 6 -1 -1 -4 -3 -4 -7 -2 -1 -2 1 3 1 -2 -4 -4 -2 0 1 1 0 -3 -1 -2 -2 -5 -2 -3 -3 -2 -2 -1 2 1 0 1 3 5 6 8 5 6
-999 -999 -999 -999 -999 -999 -999 -999 -999 -999 -999 -999 -999 -999 -999 -999 -999 4 3 4 4 1 -2 -1 0 2 0 0 0 -1 -1 2 -2 3 -2 -1 1 -1 1 -1 -1 -2 -2 -2 0 -2 -1 -1 0 2 4 6 4 3 3 3 2 -4 -5 -7 -3 -1 -3 0 0 3 -2 -2 -2 -2 -2 0 2 2 1 1 0 0 -2 -2 2 -3 1 -3 -2 -1 2 3 3 3 3 5 6 8 7 9
-999 -999 -999 -999 -999 -999 -999 -999 -999 -999 -999 -999 -999 -999 -999 3 6 2 0 0 -2 1 -1 0 1 1 0 1 -1 2 1 -1 -1 -1 1 2 -2 0 0 -1 0 -2 -1 -2 -4 -6 -2 -1 0 1 4 2 3 0 -1 -2 0 -6 -4 -5 -3 0 3 0 1 3 0 -2 -1 0 -1 0 0 4 0 2 0 2 0 0 1 2 0 2 -1 -1 0 3 4 6 5 6 6 6 7 7
-999 -999 -999 -999 -999 -999 -999 -999 -999 -999 -999 -999 -999 -999 0 1 4 1 -1 -3 -1 -1 0 -2 1 0 2 3 0 0 4 1 1 3 4 1 -1 1 1 1 -1 -1 -1 -2 -5 -2 -2 -1 0 1 2 2 0 -1 -2 -2 -4 -1 -2 -1 -3 -1 4 0 2 1 1 2 -1 1 -1 1 2 3 2 2 -2 2 1 1 1 3 3 4 2 1 -1 1 3 3 6 6 9 7 8 8
-999 -999 -999 -999 -999 -999 -999 -999 -999 -999 -999 -999 -999 -999 2 6 6 0 -1 -2 -2 -3 -2 0 0 3 1 4 2 2 3 5 4 1 0 0 1 3 1 -1 -1 -1 -1 -5 -3 -3 0 3 2 3 2 4 1 0 2 -3 -6 -1 -1 -3 -3 -2 1 5 1 2 1 -1 -1 0 1 0 1 1 3 1 1 0 2 5 3 1 2 6 3 3 2 1 2 3 5 6 7 8 12 14
-999 -999 -999 -999 -999 -999 -999 -999 -999 -999 -999 -999 -999 1 0 7 2 -1 -2 -1 -2 -2 -2 -2 -3 -1 2 2 3 2 4 0 -2 -1 -1 -3 0 2 0 1 -1 -1 -1 -3 -4 -1 -1 3 0 3 4 2 3 0 -2 -4 -5 -4 -3 1 1 1 -1 0 4 1 0 -1 1 1 -2 -2 1 1 4 1 2 -1 0 0 3 2 0 3 11 2 1 3 4 5 5 6 8 8 8 9
-999 -999 -999 -999 -999 -999 -999 -999 -999 -999 -999 -999 -999 3 2 6 3 0 -2 -1 -2 -1 -2 -3 -2 0 -1 2 2 1 3 -2 0 -1 -2 -2 1 0 2 0 -1 0 -1 -3 -1 -1 2 -2 0 7 5 1 -1 2 -2 -7 -3 -3 -3 2 4 -2 0 4 5 -1 0 2 2 3 -1 -2 0 3 2 2 1 0 2 1 0 0 0 0 5 11 5 6 5 8 9 8 8 11 12 9
-999 -999 -999 -999 -999 -999 -999 -999 -999 -999 -999 -999 -999 1 5 7 4 1 -2 0 -1 -1 -1 -2 -1 0 1 3 2 6 3 1 0 -1 -1 -1 3 1 2 2 0 -1 -2 -2 -2 -1 -2 2 1 7 0 -2 -1 -3 -4 -8 -5 -1 -1 4 1 -1 1 5 2 3 0 2 4 2 1 1 3 2 5 2 2 3 2 1 1 1 1 2 2 3 11 9 6 6 8 10 14 18 17 17
-999 -999 -999 -999 -999 -999 -999 -999 -999 -999 -999 -999 -999 0 3 7 2 -1 -1 0 -1 -1 -1 -2 -1 0 3 4 3 5 4 3 0 1 -1 0 3 3 4 1 -3 -1 -1 -1 -1 0 3 3 8 7 6 4 -3 -3 -5 -1 1 1 0 1 1 1 0 2 2 2 0 2 4 4 1 0 0 3 3 4 3 3 2 2 0 0 2 4 3 4 6 11 6 18 18 15 9 9 9 9
-999 -999 -999 -999 -999 -999 -999 -999 -999 -999 -999 -999 -999 4 7 1 -1 1 2 0 -1 -1 0 1 -1 0 0 1 2 6 5 0 4 3 0 0 0 5 0 -3 1 0 1 -1 -1 -3 -1 0 7 6 1 1 1 -6 -2 -1 1 1 0 2 0 3 2 7 0 0 2 4 4 3 2 2 2 2 4 6 5 2 2 1 0 1 2 4 3 3 5 13 10 14 9 8 7 7 7 8
-999 -999 -999 -999 -999 -999 -999 -999 -999 -999 -999 -999 -999 2 1 1 1 0 -1 -2 -1 -1 0 -1 -1 0 1 4 4 6 4 0 -1 -3 -1 2 5 0 -1 0 1 -2 -1 -1 -2 1 4 8 3 1 -1 -3 -5 -3 -1 1 -1 0 4 4 1 1 4 7 3 1 2 1 4 3 3 0 2 1 2 3 6 2 3 2 1 2 4 4 5 4 5 7 15 14 11 17 18 18 9 8
-999 -999 -999 -999 -999 -999 -999 -999 -999 -999 -999 -999 -999 2 5 0 2 0 -1 -2 0 0 1 -2 -2 -1 -1 1 4 6 2 1 -2 -1 -2 1 1 2 0 1 2 1 -1 0 -1 1 3 8 4 -1 -3 -3 -2 0 1 0 0 2 5 1 2 5 7 4 3 2 1 2 4 4 2 3 2 3 4 4 4 2 4 2 4 4 4 8 6 5 5 8 12 13 9 9 18 11 8 12
-999 -999 -999 -999 -999 -999 -999 -999 -999 -999 -999 -999 -999 5 4 -1 1 2 -1 -1 0 2 -1 -1 -3 -3 -2 0 0 4 2 2 0 0 -4 -3 1 5 3 3 3 0 1 -1 -1 -2 -1 7 6 2 -4 -1 -3 -2 -2 -1 -1 1 2 1 1 3 5 2 3 2 1 3 2 5 3 2 4 4 5 4 3 3 4 4 5 8 11 13 5 5 5 6 6 8 8 8 18 9 6 11
-999 -999 -999 -999 -999 -999 -999 -999 -999 -999 -999 -999 -999 6 0 -2 -2 -1 3 -1 3 -1 -1 -2 -2 -3 -2 0 4 4 1 5 -1 1 -1 -1 0 2 5 1 2 2 3 -1 -1 -1 -1 8 4 6 -1 -1 0 -1 -1 2 0 0 1 5 2 4 8 6 1 2 3 3 3 2 5 2 5 5 6 3 4 4 6 4 4 7 4 13 8 12 12 7 6 7 8 11 15 7 9 7
-999 -999 -999 -999 -999 -999 -999 -999 -999 -999 -999 -999 -999 4 -1 -1 -2 -2 0 5 4 0 -2 -2 -2 -2 -2 -1 3 3 5 2 1 0 0 -1 0 4 7 0 4 0 0 0 0 2 -1 7 5 1 -1 -3 0 1 0 3 1 0 7 2 6 4 8 2 2 1 1 2 5 3 3 7 6 5 7 5 3 5 9 4 4 4 9 3 6 9 11 6 5 9 16 18 18 13 9 10
