DE_airtemperature/2010/2010_02_air_temp_min.asc
NCOLS 654
NROWS 866
XLLCORNER 3280414.711633467
YLLCORNER 5237500.62890625
CELLSIZE 1000
NODATA_VALUE -999
[rows 714 to 755 of 866, columns 190 to 284 of 654]
-39 -39 -39 -39 -39 -38 -38 -37 -36 -34 -34 -30 -33 -37 -37 -36 -36 -35 -33 -33 -32 -30 -29 -29 -28 -29 -30 -30 -30 -30 -28 -28 -26 -25 -25 -25 -24 -21 -19 -20 -20 -20 -20 -21 -23 -18 -21 -19 -20 -20 -21 -20 -18 -18 -17 -18 -19 -22 -22 -23 -25 -25 -25 -25 -25 -25 -25 -26 -27 -27 -28 -31 -30 -29 -30 -33 -32 -32 -34 -39 -38 -38 -44 -44 -41 -36 -39 -41 -29 -29 -40 -32 -37 -30 -35
-38 -38 -37 -38 -37 -36 -34 -36 -36 -34 -31 -33 -32 -36 -37 -36 -34 -34 -32 -31 -31 -29 -28 -28 -30 -29 -30 -30 -29 -28 -29 -29 -27 -25 -26 -24 -23 -22 -21 -22 -21 -20 -22 -19 -19 -20 -19 -18 -19 -19 -18 -20 -20 -19 -17 -19 -22 -23 -22 -23 -24 -24 -25 -25 -25 -25 -26 -26 -27 -27 -28 -31 -33 -34 -36 -37 -38 -38 -44 -45 -42 -40 -37 -40 -38 -36 -43 -36 -33 -30 -30 -30 -34 -41 -40
-37 -38 -36 -37 -37 -37 -37 -33 -34 -33 -30 -33 -34 -35 -35 -35 -34 -32 -32 -31 -29 -29 -29 -28 -30 -31 -30 -30 -30 -29 -29 -29 -27 -26 -25 -26 -25 -25 -26 -26 -25 -26 -25 -23 -19 -18 -16 -17 -19 -19 -17 -17 -19 -18 -14 -20 -20 -22 -22 -24 -25 -24 -25 -24 -27 -26 -26 -27 -27 -27 -30 -30 -37 -37 -37 -39 -46 -43 -44 -40 -43 -47 -46 -36 -39 -35 -47 -46 -35 -31 -34 -32 -40 -41 -41
-36 -36 -35 -35 -35 -34 -34 -34 -34 -32 -32 -36 -36 -32 -35 -34 -33 -32 -31 -29 -28 -31 -30 -30 -32 -31 -30 -30 -30 -29 -29 -28 -28 -27 -25 -23 -23 -25 -25 -27 -24 -24 -22 -21 -20 -21 -21 -21 -19 -16 -16 -16 -19 -20 -18 -18 -20 -20 -22 -28 -29 -29 -25 -25 -25 -27 -27 -28 -28 -27 -28 -31 -37 -48 -43 -41 -42 -43 -46 -40 -46 -40 -48 -36 -35 -35 -36 -44 -34 -35 -41 -33 -40 -42 -40
-36 -29 -31 -33 -33 -33 -34 -31 -31 -27 -30 -38 -37 -35 -35 -35 -32 -31 -29 -28 -28 -30 -31 -31 -31 -30 -29 -30 -31 -32 -29 -28 -27 -27 -26 -26 -23 -23 -24 -22 -21 -21 -21 -21 -23 -21 -19 -18 -17 -18 -17 -19 -19 -20 -20 -19 -21 -21 -21 -23 -28 -28 -25 -27 -30 -27 -28 -29 -30 -29 -29 -34 -37 -48 -46 -45 -40 -46 -48 -43 -42 -39 -38 -36 -41 -36 -42 -33 -34 -43 -44 -35 -41 -41 -41
-32 -32 -30 -31 -31 -31 -32 -35 -34 -29 -34 -37 -36 -35 -32 -33 -32 -30 -27 -26 -26 -27 -32 -32 -31 -31 -30 -29 -30 -32 -31 -28 -26 -25 -26 -25 -27 -27 -27 -27 -26 -24 -23 -23 -22 -21 -18 -17 -19 -20 -19 -18 -20 -20 -19 -19 -20 -25 -24 -24 -25 -27 -26 -31 -38 -29 -30 -32 -34 -31 -32 -36 -39 -46 -44 -41 -40 -39 -44 -43 -37 -38 -39 -44 -48 -47 -38 -43 -36 -44 -45 -43 -41 -39 -41
-28 -32 -35 -33 -35 -29 -32 -33 -34 -28 -32 -37 -35 -34 -34 -33 -31 -29 -26 -25 -26 -26 -26 -28 -30 -29 -29 -29 -26 -26 -25 -30 -23 -25 -24 -26 -25 -27 -26 -24 -22 -22 -22 -22 -20 -20 -16 -16 -18 -20 -19 -19 -19 -20 -20 -19 -20 -23 -25 -25 -26 -27 -27 -31 -41 -31 -44 -45 -36 -34 -31 -34 -35 -48 -46 -48 -48 -43 -38 -41 -37 -40 -39 -48 -50 -49 -48 -47 -46 -44 -43 -42 -40 -40 -41
-33 -33 -35 -35 -35 -34 -29 -34 -30 -32 -35 -37 -35 -33 -33 -32 -30 -30 -27 -25 -24 -25 -25 -26 -26 -27 -25 -30 -29 -29 -30 -27 -26 -24 -22 -25 -23 -26 -25 -24 -21 -22 -21 -22 -19 -19 -16 -20 -17 -17 -19 -20 -20 -19 -20 -20 -23 -23 -24 -28 -30 -29 -30 -28 -32 -37 -36 -45 -40 -46 -41 -33 -41 -46 -48 -44 -47 -40 -42 -39 -48 -45 -49 -49 -50 -49 -49 -47 -47 -45 -45 -43 -42 -42 -38
-34 -32 -36 -35 -36 -34 -29 -30 -31 -31 -34 -35 -35 -33 -32 -32 -30 -29 -28 -25 -24 -24 -24 -24 -25 -24 -24 -26 -29 -29 -27 -26 -27 -24 -22 -23 -22 -25 -24 -23 -23 -20 -19 -21 -20 -18 -17 -18 -18 -18 -19 -20 -21 -21 -22 -22 -24 -23 -26 -28 -30 -40 -34 -28 -30 -41 -44 -46 -46 -40 -34 -38 -46 -43 -46 -48 -47 -48 -48 -41 -45 -51 -49 -49 -50 -50 -49 -49 -48 -47 -47 -46 -44 -42 -42
-33 -33 -32 -31 -35 -34 -35 -30 -33 -27 -34 -33 -34 -33 -32 -31 -30 -28 -27 -26 -25 -23 -23 -23 -24 -24 -23 -24 -27 -25 -24 -25 -22 -21 -20 -23 -24 -24 -23 -23 -21 -18 -19 -18 -18 -16 -17 -18 -17 -16 -18 -18 -23 -23 -25 -24 -25 -26 -36 -37 -39 -40 -36 -29 -31 -43 -46 -46 -46 -49 -45 -47 -47 -45 -49 -50 -50 -49 -45 -50 -49 -51 -52 -51 -51 -52 -52 -51 -50 -48 -48 -46 -45 -43 -43
-34 -34 -32 -31 -30 -34 -35 -34 -26 -26 -31 -33 -33 -32 -31 -31 -28 -28 -28 -27 -25 -24 -24 -24 -24 -24 -23 -23 -28 -27 -27 -27 -26 -27 -24 -24 -25 -24 -21 -23 -19 -19 -17 -17 -18 -16 -18 -18 -18 -17 -17 -20 -23 -25 -31 -27 -27 -25 -25 -39 -39 -40 -39 -31 -30 -41 -45 -46 -46 -46 -45 -45 -46 -48 -48 -50 -51 -49 -53 -51 -50 -53 -52 -53 -52 -54 -52 -52 -51 -50 -50 -48 -47 -42 -42
-33 -33 -30 -32 -29 -31 -30 -28 -31 -28 -32 -33 -33 -31 -31 -29 -28 -28 -27 -27 -25 -25 -24 -22 -23 -23 -22 -22 -25 -23 -25 -25 -25 -26 -23 -23 -23 -21 -19 -22 -18 -19 -19 -18 -20 -18 -18 -19 -19 -17 -17 -19 -23 -21 -25 -27 -32 -29 -29 -34 -39 -40 -39 -39 -38 -32 -43 -44 -46 -48 -47 -50 -48 -49 -52 -51 -52 -50 -52 -51 -51 -52 -53 -54 -55 -54 -53 -53 -52 -51 -51 -48 -44 -43 -41
-33 -30 -32 -32 -31 -35 -35 -33 -30 -31 -32 -32 -30 -30 -29 -29 -28 -27 -26 -25 -25 -26 -26 -23 -22 -21 -21 -21 -26 -23 -25 -25 -24 -23 -19 -19 -19 -19 -20 -19 -21 -20 -21 -19 -19 -18 -17 -16 -18 -16 -17 -18 -18 -19 -21 -22 -26 -28 -39 -40 -39 -39 -40 -41 -42 -42 -33 -34 -46 -46 -47 -50 -50 -51 -52 -52 -53 -50 -50 -50 -51 -52 -54 -53 -55 -55 -55 -55 -53 -52 -52 -49 -48 -45 -44
-30 -34 -35 -31 -34 -34 -32 -32 -31 -31 -31 -30 -30 -30 -29 -28 -27 -27 -26 -25 -26 -26 -24 -23 -26 -22 -20 -19 -19 -19 -19 -19 -19 -19 -21 -19 -19 -23 -22 -22 -19 -21 -21 -20 -20 -19 -18 -19 -19 -19 -21 -18 -20 -24 -28 -23 -24 -30 -37 -39 -36 -39 -38 -39 -41 -39 -43 -45 -43 -48 -50 -49 -52 -51 -50 -52 -52 -51 -52 -51 -52 -53 -54 -55 -55 -55 -57 -55 -53 -52 -51 -49 -48 -46 -44
-33 -34 -35 -35 -33 -32 -31 -28 -31 -31 -31 -31 -30 -29 -29 -28 -27 -27 -27 -26 -25 -25 -24 -23 -23 -22 -20 -20 -20 -22 -23 -23 -19 -19 -19 -19 -20 -23 -22 -22 -18 -19 -20 -20 -20 -20 -20 -20 -22 -22 -21 -23 -23 -35 -40 -27 -24 -31 -38 -37 -38 -34 -32 -40 -42 -44 -45 -47 -47 -49 -48 -48 -50 -52 -51 -51 -51 -51 -52 -52 -51 -54 -54 -53 -55 -55 -56 -55 -52 -51 -52 -48 -47 -45 -43
-36 -36 -34 -34 -33 -34 -32 -32 -30 -32 -31 -29 -28 -28 -28 -28 -28 -27 -27 -25 -24 -24 -25 -23 -21 -20 -20 -19 -19 -20 -20 -19 -19 -19 -22 -21 -21 -22 -21 -20 -21 -18 -19 -19 -20 -19 -21 -23 -26 -25 -23 -27 -24 -40 -37 -41 -30 -25 -37 -38 -32 -34 -37 -41 -43 -44 -45 -47 -48 -49 -49 -50 -51 -51 -52 -48 -50 -49 -50 -51 -51 -53 -53 -53 -54 -55 -56 -54 -51 -52 -51 -49 -47 -45 -43
-32 -34 -35 -34 -32 -32 -30 -31 -32 -30 -29 -29 -28 -27 -28 -27 -26 -26 -26 -24 -24 -24 -23 -23 -22 -20 -19 -19 -19 -19 -18 -19 -19 -22 -19 -24 -24 -22 -21 -21 -20 -19 -19 -18 -18 -18 -24 -33 -25 -26 -31 -36 -32 -40 -42 -32 -28 -36 -27 -28 -37 -38 -42 -43 -43 -45 -44 -45 -50 -51 -48 -48 -51 -49 -52 -49 -51 -51 -51 -51 -51 -51 -53 -54 -54 -54 -54 -51 -49 -51 -49 -49 -45 -43 -42
-33 -32 -31 -31 -30 -31 -31 -31 -30 -28 -27 -27 -27 -27 -27 -26 -25 -27 -25 -27 -24 -23 -22 -22 -22 -18 -18 -18 -18 -18 -18 -18 -20 -24 -20 -23 -23 -22 -21 -23 -21 -19 -20 -20 -21 -22 -22 -26 -24 -31 -35 -38 -37 -39 -39 -40 -29 -32 -40 -29 -39 -35 -43 -43 -44 -45 -46 -44 -45 -50 -48 -50 -50 -51 -52 -52 -51 -49 -49 -51 -51 -51 -50 -51 -51 -50 -51 -51 -49 -47 -47 -46 -44 -42 -41
-32 -31 -30 -31 -31 -30 -29 -28 -27 -26 -25 -25 -26 -27 -27 -27 -27 -26 -25 -25 -25 -24 -22 -22 -20 -18 -18 -18 -18 -18 -22 -21 -22 -24 -21 -21 -21 -22 -22 -22 -23 -21 -21 -21 -21 -25 -22 -23 -24 -30 -35 -39 -37 -38 -40 -39 -41 -42 -40 -29 -41 -42 -44 -43 -43 -44 -45 -43 -47 -48 -48 -49 -48 -49 -49 -49 -50 -50 -51 -48 -50 -51 -50 -50 -51 -50 -50 -48 -47 -45 -45 -45 -43 -41 -41
-32 -31 -30 -32 -30 -29 -28 -27 -28 -24 -27 -27 -26 -27 -27 -28 -27 -25 -22 -26 -26 -24 -20 -20 -21 -19 -19 -21 -24 -19 -22 -24 -25 -21 -21 -21 -22 -23 -23 -24 -24 -23 -21 -22 -26 -26 -26 -28 -28 -26 -29 -37 -38 -37 -38 -41 -39 -42 -40 -42 -33 -40 -41 -41 -40 -43 -44 -45 -47 -48 -49 -50 -50 -49 -49 -50 -52 -49 -50 -49 -49 -49 -51 -51 -51 -49 -48 -47 -46 -46 -43 -43 -43 -41 -41
-32 -30 -33 -31 -28 -29 -28 -27 -28 -26 -27 -28 -25 -26 -26 -26 -26 -26 -27 -21 -20 -20 -23 -24 -23 -22 -21 -25 -23 -19 -25 -24 -24 -22 -21 -21 -23 -24 -26 -28 -30 -26 -27 -27 -27 -26 -27 -31 -29 -35 -40 -42 -40 -38 -39 -41 -42 -40 -41 -42 -41 -39 -42 -42 -37 -43 -45 -46 -49 -47 -47 -50 -52 -50 -52 -51 -51 -49 -49 -50 -49 -49 -50 -50 -49 -47 -46 -46 -46 -43 -41 -42 -41 -41 -41
-32 -32 -32 -31 -30 -28 -28 -28 -25 -22 -24 -22 -22 -21 -27 -22 -26 -24 -22 -20 -25 -25 -20 -25 -24 -22 -26 -25 -23 -22 -21 -23 -23 -21 -22 -21 -22 -23 -26 -26 -27 -27 -26 -26 -26 -28 -29 -26 -34 -39 -34 -37 -39 -38 -39 -42 -40 -40 -40 -41 -43 -40 -36 -41 -43 -48 -47 -46 -46 -50 -49 -50 -49 -50 -51 -50 -52 -50 -50 -50 -49 -49 -49 -49 -48 -47 -46 -46 -45 -44 -43 -42 -41 -38 -40
-33 -33 -32 -27 -31 -24 -24 -28 -27 -27 -28 -28 -26 -27 -23 -25 -24 -20 -27 -25 -26 -25 -24 -23 -23 -25 -26 -25 -25 -24 -25 -23 -22 -21 -23 -22 -23 -24 -28 -27 -28 -32 -30 -30 -30 -30 -39 -31 -28 -29 -41 -39 -42 -42 -40 -39 -38 -42 -41 -43 -44 -47 -43 -39 -43 -44 -46 -46 -49 -50 -48 -48 -48 -51 -52 -52 -51 -51 -50 -48 -49 -49 -49 -47 -47 -47 -45 -46 -45 -43 -44 -43 -42 -41 -39
-33 -29 -32 -31 -22 -26 -29 -29 -28 -29 -28 -28 -23 -27 -27 -27 -27 -27 -27 -26 -25 -25 -24 -22 -23 -22 -22 -25 -26 -26 -26 -24 -22 -22 -23 -23 -24 -27 -27 -29 -27 -32 -34 -35 -40 -36 -35 -40 -29 -37 -39 -41 -43 -43 -41 -38 -40 -39 -44 -46 -48 -47 -45 -45 -44 -45 -45 -45 -48 -50 -48 -50 -50 -51 -49 -49 -49 -50 -49 -49 -49 -48 -48 -47 -47 -46 -46 -46 -44 -43 -44 -42 -42 -40 -40
-26 -32 -23 -24 -29 -27 -30 -29 -29 -28 -28 -28 -27 -27 -28 -26 -25 -27 -26 -21 -24 -23 -23 -22 -23 -26 -24 -22 -22 -23 -24 -23 -21 -23 -22 -25 -24 -30 -33 -37 -36 -37 -35 -37 -36 -42 -38 -33 -30 -39 -39 -43 -40 -42 -41 -39 -41 -39 -43 -45 -46 -44 -43 -44 -44 -45 -45 -44 -45 -48 -47 -49 -49 -51 -49 -50 -51 -49 -49 -49 -48 -45 -46 -46 -46 -45 -41 -44 -44 -44 -43 -42 -41 -39 -39
-33 -29 -22 -29 -30 -29 -29 -28 -29 -28 -28 -27 -23 -28 -28 -27 -26 -25 -24 -21 -23 -22 -22 -22 -25 -24 -23 -23 -23 -22 -22 -23 -22 -24 -25 -26 -27 -28 -31 -35 -36 -40 -42 -42 -42 -42 -43 -42 -31 -40 -40 -42 -41 -43 -40 -42 -39 -40 -43 -41 -42 -45 -44 -43 -43 -43 -43 -44 -45 -47 -48 -48 -49 -49 -48 -49 -49 -48 -47 -47 -48 -46 -45 -46 -47 -45 -45 -37 -36 -42 -42 -35 -35 -34 -37
-32 -30 -29 -28 -28 -30 -29 -29 -29 -29 -29 -28 -22 -24 -27 -27 -26 -25 -24 -23 -22 -21 -24 -25 -22 -23 -22 -23 -23 -22 -23 -22 -23 -24 -25 -26 -29 -34 -38 -36 -38 -42 -43 -41 -43 -41 -43 -41 -44 -37 -39 -41 -41 -39 -39 -40 -40 -40 -39 -40 -41 -41 -43 -43 -45 -45 -45 -47 -48 -47 -48 -48 -47 -48 -48 -48 -48 -48 -48 -47 -46 -47 -47 -46 -42 -42 -37 -37 -35 -39 -35 -38 -39 -38 -37
-30 -31 -28 -22 -22 -28 -28 -28 -29 -29 -28 -27 -27 -22 -27 -26 -26 -25 -24 -23 -23 -25 -27 -26 -24 -23 -24 -22 -22 -23 -21 -22 -23 -25 -29 -29 -27 -32 -34 -44 -42 -43 -41 -41 -41 -41 -42 -44 -42 -42 -39 -39 -41 -42 -42 -41 -42 -45 -40 -41 -43 -40 -44 -47 -45 -46 -45 -47 -48 -46 -47 -46 -44 -45 -48 -49 -48 -48 -48 -47 -47 -47 -46 -45 -45 -41 -37 -44 -41 -39 -37 -41 -41 -38 -38
-27 -23 -24 -27 -28 -24 -27 -27 -26 -28 -29 -27 -27 -27 -27 -27 -26 -25 -24 -23 -21 -21 -23 -26 -26 -25 -24 -22 -22 -22 -22 -24 -25 -26 -37 -40 -31 -30 -39 -38 -41 -43 -43 -41 -40 -42 -46 -44 -41 -42 -40 -40 -42 -42 -44 -41 -42 -44 -41 -40 -40 -43 -46 -47 -46 -45 -48 -44 -47 -48 -46 -43 -47 -42 -46 -47 -46 -48 -47 -47 -46 -46 -43 -44 -42 -39 -41 -43 -43 -42 -38 -41 -38 -37 -38
-28 -29 -28 -27 -27 -27 -26 -24 -27 -26 -27 -27 -28 -27 -23 -27 -26 -23 -23 -23 -23 -23 -22 -23 -25 -23 -23 -25 -23 -24 -27 -26 -32 -33 -36 -32 -31 -31 -34 -39 -38 -42 -42 -41 -42 -39 -44 -42 -42 -41 -41 -42 -43 -43 -43 -42 -42 -43 -42 -44 -42 -40 -43 -41 -45 -45 -46 -45 -45 -46 -45 -46 -47 -46 -40 -43 -45 -46 -46 -45 -44 -45 -40 -36 -36 -41 -37 -38 -40 -41 -39 -38 -39 -38 -38
-30 -28 -27 -25 -28 -28 -27 -26 -30 -29 -29 -28 -27 -27 -26 -26 -26 -26 -25 -26 -24 -23 -27 -23 -25 -22 -22 -23 -24 -25 -26 -33 -35 -43 -36 -33 -40 -39 -38 -38 -42 -42 -41 -41 -40 -42 -42 -41 -41 -42 -43 -44 -44 -44 -43 -43 -42 -43 -42 -41 -43 -40 -41 -38 -43 -42 -45 -46 -44 -43 -45 -44 -46 -46 -46 -39 -45 -40 -39 -38 -39 -38 -39 -37 -37 -42 -41 -40 -41 -39 -37 -36 -37 -35 -35
-29 -26 -27 -28 -28 -27 -26 -27 -28 -31 -28 -29 -27 -28 -25 -27 -26 -25 -26 -30 -29 -25 -26 -23 -25 -24 -22 -24 -24 -25 -29 -33 -31 -37 -41 -42 -41 -44 -40 -38 -38 -42 -42 -44 -39 -43 -42 -41 -41 -42 -43 -45 -44 -43 -43 -43 -44 -43 -43 -42 -43 -43 -44 -46 -43 -41 -44 -45 -46 -44 -44 -44 -42 -45 -42 -46 -46 -45 -46 -46 -45 -44 -37 -37 -36 -37 -41 -40 -40 -38 -37 -37 -36 -34 -33
-29 -29 -29 -29 -28 -27 -28 -28 -29 -29 -27 -26 -26 -27 -25 -26 -24 -27 -27 -26 -27 -27 -26 -25 -25 -26 -24 -24 -24 -24 -27 -29 -33 -43 -42 -41 -40 -39 -45 -41 -38 -43 -43 -38 -41 -43 -43 -43 -42 -42 -45 -47 -45 -44 -44 -44 -44 -44 -44 -44 -45 -44 -46 -46 -44 -40 -45 -44 -46 -44 -46 -46 -44 -46 -46 -45 -46 -46 -45 -43 -40 -38 -37 -39 -37 -38 -39 -40 -40 -38 -37 -35 -35 -34 -33
-30 -30 -29 -28 -28 -28 -28 -35 -28 -26 -26 -26 -26 -25 -25 -26 -25 -24 -30 -31 -29 -29 -30 -27 -26 -27 -27 -26 -26 -28 -31 -28 -31 -43 -43 -42 -42 -41 -39 -43 -38 -38 -40 -42 -41 -44 -44 -43 -42 -45 -45 -47 -44 -44 -44 -45 -44 -44 -45 -46 -46 -45 -48 -47 -44 -42 -41 -44 -47 -46 -47 -47 -47 -46 -47 -46 -46 -45 -46 -44 -38 -38 -39 -38 -38 -36 -39 -40 -39 -37 -36 -35 -36 -36 -34
-30 -30 -30 -28 -28 -28 -36 -33 -32 -26 -30 -29 -26 -26 -26 -27 -26 -24 -27 -30 -28 -27 -30 -29 -26 -28 -29 -28 -27 -27 -32 -34 -32 -37 -39 -42 -42 -41 -39 -39 -42 -44 -44 -40 -42 -44 -43 -42 -43 -44 -46 -46 -45 -44 -45 -45 -44 -44 -44 -45 -46 -44 -47 -44 -43 -45 -41 -45 -46 -45 -46 -47 -45 -45 -45 -43 -45 -43 -43 -41 -40 -41 -37 -36 -40 -38 -39 -39 -37 -36 -36 -36 -34 -34 -33
-32 -31 -30 -29 -28 -31 -29 -31 -31 -27 -31 -28 -27 -28 -29 -29 -28 -26 -27 -27 -27 -29 -30 -29 -29 -28 -32 -34 -31 -29 -31 -33 -31 -33 -38 -37 -42 -42 -45 -43 -43 -43 -44 -39 -42 -42 -43 -42 -44 -47 -47 -44 -45 -44 -44 -45 -46 -46 -44 -45 -48 -44 -43 -43 -43 -45 -44 -45 -42 -47 -46 -45 -43 -43 -43 -43 -43 -42 -41 -41 -40 -40 -36 -36 -38 -38 -38 -39 -38 -37 -37 -36 -36 -36 -35
-34 -32 -30 -29 -30 -30 -30 -28 -30 -28 -31 -29 -29 -30 -31 -29 -31 -29 -29 -26 -27 -28 -28 -30 -28 -29 -30 -35 -39 -34 -31 -36 -36 -37 -35 -42 -43 -44 -46 -43 -44 -44 -44 -40 -42 -44 -44 -43 -45 -45 -46 -44 -45 -44 -45 -45 -47 -46 -48 -45 -46 -45 -46 -44 -45 -44 -41 -42 -46 -46 -45 -47 -43 -42 -43 -43 -42 -42 -41 -43 -41 -39 -35 -38 -40 -40 -37 -37 -36 -36 -35 -35 -35 -33 -33
-34 -33 -32 -35 -35 -31 -32 -31 -32 -30 -28 -33 -32 -30 -31 -31 -30 -29 -28 -27 -28 -30 -30 -29 -30 -31 -34 -36 -45 -46 -37 -44 -40 -39 -35 -45 -40 -42 -45 -44 -46 -43 -44 -41 -43 -44 -44 -42 -45 -46 -48 -45 -45 -45 -45 -46 -45 -45 -46 -45 -46 -45 -45 -44 -45 -41 -38 -45 -44 -47 -46 -46 -41 -42 -44 -45 -42 -42 -43 -44 -41 -38 -35 -36 -38 -38 -37 -37 -35 -34 -34 -34 -33 -33 -33
-34 -33 -32 -34 -36 -35 -35 -35 -31 -31 -30 -31 -32 -31 -30 -30 -29 -28 -28 -27 -28 -28 -29 -31 -32 -33 -41 -44 -44 -45 -46 -42 -38 -42 -35 -39 -40 -40 -43 -40 -45 -44 -43 -44 -43 -43 -44 -46 -46 -47 -46 -45 -46 -45 -46 -46 -49 -45 -46 -45 -46 -45 -44 -44 -43 -42 -42 -43 -45 -46 -44 -41 -41 -43 -44 -45 -45 -45 -45 -42 -39 -38 -37 -36 -36 -36 -37 -38 -37 -35 -34 -33 -33 -33 -33
-30 -33 -34 -33 -37 -37 -36 -35 -34 -31 -31 -30 -31 -32 -30 -29 -30 -29 -27 -27 -30 -30 -31 -34 -35 -36 -38 -42 -41 -43 -45 -47 -44 -40 -41 -42 -41 -38 -39 -39 -39 -44 -41 -44 -43 -40 -43 -46 -47 -47 -46 -46 -46 -46 -46 -47 -46 -44 -46 -47 -46 -43 -44 -45 -45 -42 -40 -44 -45 -46 -42 -42 -44 -46 -46 -46 -45 -41 -41 -38 -38 -36 -35 -35 -37 -37 -38 -36 -35 -35 -33 -33 -33 -33 -33
-30 -33 -33 -33 -35 -34 -36 -37 -35 -34 -32 -32 -32 -33 -29 -31 -30 -27 -26 -27 -29 -30 -32 -39 -43 -45 -44 -41 -44 -40 -44 -45 -46 -41 -42 -46 -45 -45 -44 -45 -45 -39 -42 -45 -44 -40 -45 -47 -45 -48 -46 -46 -48 -46 -46 -47 -47 -46 -47 -46 -44 -47 -44 -44 -46 -44 -45 -44 -44 -41 -42 -43 -45 -46 -45 -46 -42 -41 -38 -37 -39 -38 -36 -36 -35 -36 -35 -35 -34 -34 -34 -34 -34 -34 -34
-34 -33 -34 -33 -35 -38 -38 -36 -37 -35 -37 -36 -34 -32 -32 -30 -29 -26 -26 -27 -30 -30 -33 -34 -36 -39 -44 -43 -42 -40 -43 -44 -45 -42 -46 -43 -45 -47 -45 -46 -44 -44 -41 -43 -43 -40 -44 -44 -47 -46 -49 -47 -46 -47 -48 -47 -47 -48 -49 -49 -49 -45 -46 -46 -46 -45 -45 -44 -41 -40 -43 -42 -42 -46 -43 -39 -39 -39 -40 -40 -39 -38 -37 -36 -37 -38 -37 -37 -35 -35 -35 -35 -35 -34 -34
