DE_airtemperature/2010/2010_12_air_temp_min.asc
NCOLS 654
NROWS 866
XLLCORNER 3280414.711633467
YLLCORNER 5237500.62890625
CELLSIZE 1000
NODATA_VALUE -999
[rows 462 to 503 of 866, columns 279 to 371 of 654]
-78 -75 -79 -79 -75 -77 -79 -76 -76 -79 -74 -70 -71 -75 -75 -75 -76 -76 -77 -79 -78 -77 -77 -77 -75 -74 -74 -76 -78 -78 -78 -79 -77 -78 -86 -87 -79 -91 -88 -86 -79 -83 -78 -75 -76 -77 -78 -78 -76 -77 -75 -76 -76 -76 -75 -76 -76 -78 -77 -78 -79 -79 -78 -78 -78 -78 -79 -79 -80 -79 -78 -78 -78 -77 -78 -79 -78 -78 -77 -77 -77 -78 -80 -80 -80 -82 -81 -84 -86 -86 -89 -84 -83
-78 -77 -76 -76 -74 -74 -76 -75 -72 -71 -70 -70 -72 -71 -73 -76 -78 -80 -77 -81 -82 -81 -78 -77 -75 -75 -74 -76 -78 -77 -78 -78 -78 -82 -86 -87 -82 -84 -85 -87 -85 -79 -78 -75 -76 -77 -77 -77 -80 -77 -77 -76 -76 -76 -75 -77 -76 -76 -78 -78 -79 -80 -79 -80 -79 -78 -78 -79 -78 -78 -77 -77 -77 -77 -78 -78 -77 -77 -77 -78 -78 -77 -77 -79 -79 -80 -80 -82 -84 -86 -87 -84 -83
-77 -76 -75 -75 -76 -74 -74 -76 -76 -70 -69 -72 -73 -76 -75 -76 -79 -79 -76 -78 -78 -76 -78 -77 -75 -75 -75 -76 -77 -77 -77 -80 -79 -86 -83 -89 -87 -90 -89 -87 -85 -84 -76 -82 -81 -79 -76 -77 -81 -81 -78 -78 -76 -75 -76 -77 -77 -77 -77 -78 -79 -80 -78 -82 -83 -80 -79 -78 -78 -77 -77 -77 -77 -77 -78 -78 -77 -77 -77 -77 -77 -77 -78 -79 -80 -80 -81 -81 -83 -86 -86 -87 -88
-77 -82 -76 -75 -76 -76 -75 -72 -71 -71 -69 -75 -76 -79 -77 -77 -77 -75 -76 -77 -74 -75 -77 -76 -77 -76 -76 -75 -76 -77 -79 -78 -81 -89 -85 -90 -90 -88 -87 -89 -85 -84 -85 -81 -86 -82 -80 -81 -79 -78 -80 -80 -78 -77 -76 -76 -78 -77 -78 -78 -78 -79 -79 -81 -85 -82 -81 -79 -78 -79 -79 -77 -80 -79 -78 -79 -78 -78 -77 -77 -78 -78 -79 -80 -80 -82 -82 -82 -83 -84 -86 -86 -85
-76 -81 -76 -75 -73 -73 -72 -75 -70 -72 -69 -77 -80 -77 -75 -78 -77 -75 -77 -78 -76 -74 -77 -76 -76 -78 -76 -76 -76 -78 -77 -78 -78 -84 -85 -89 -88 -90 -91 -92 -82 -86 -83 -88 -85 -87 -78 -86 -86 -80 -80 -78 -79 -79 -79 -76 -76 -77 -79 -79 -78 -78 -78 -81 -83 -84 -84 -83 -82 -80 -81 -81 -79 -78 -77 -77 -77 -78 -77 -77 -78 -79 -80 -80 -80 -82 -82 -83 -83 -83 -85 -88 -88
-75 -74 -74 -74 -75 -75 -75 -71 -72 -72 -74 -76 -79 -74 -72 -76 -76 -73 -74 -77 -73 -74 -77 -75 -79 -76 -75 -76 -76 -76 -77 -77 -77 -81 -78 -90 -84 -86 -86 -90 -88 -86 -87 -96 -89 -83 -85 -88 -90 -87 -84 -85 -83 -79 -78 -78 -78 -77 -78 -77 -78 -78 -80 -80 -82 -83 -84 -83 -84 -84 -83 -82 -79 -80 -78 -78 -77 -77 -77 -78 -79 -79 -80 -79 -80 -81 -82 -84 -84 -84 -84 -86 -84
-74 -74 -76 -80 -74 -73 -71 -71 -69 -70 -73 -74 -76 -72 -72 -73 -77 -72 -73 -73 -74 -74 -73 -77 -78 -77 -76 -78 -76 -75 -76 -75 -78 -78 -78 -78 -80 -85 -86 -88 -89 -89 -90 -89 -87 -91 -84 -90 -91 -83 -84 -82 -78 -79 -78 -82 -80 -78 -77 -78 -79 -79 -78 -81 -80 -82 -83 -84 -84 -83 -82 -81 -80 -81 -82 -82 -78 -77 -77 -78 -79 -79 -80 -80 -81 -82 -82 -84 -83 -84 -84 -84 -84
-74 -75 -80 -81 -74 -74 -72 -75 -73 -72 -69 -70 -75 -71 -71 -71 -72 -72 -72 -73 -75 -73 -73 -75 -76 -74 -78 -76 -80 -75 -74 -74 -76 -77 -77 -77 -78 -84 -90 -90 -84 -86 -85 -86 -88 -85 -87 -88 -89 -86 -86 -82 -82 -83 -83 -80 -79 -77 -80 -79 -80 -79 -79 -80 -81 -83 -83 -85 -86 -85 -86 -84 -82 -80 -81 -81 -78 -78 -79 -78 -79 -80 -79 -82 -82 -83 -83 -83 -84 -83 -83 -83 -86
-73 -75 -78 -76 -72 -72 -74 -75 -74 -72 -70 -74 -71 -72 -76 -77 -74 -77 -78 -72 -72 -73 -74 -73 -73 -76 -76 -76 -76 -79 -75 -73 -73 -75 -76 -78 -76 -80 -81 -90 -83 -83 -83 -84 -88 -93 -87 -85 -90 -86 -85 -83 -80 -80 -81 -79 -81 -79 -82 -81 -79 -80 -79 -82 -81 -82 -83 -84 -84 -85 -84 -84 -84 -80 -81 -81 -83 -79 -79 -80 -81 -80 -81 -82 -83 -84 -84 -85 -85 -85 -84 -82 -83
-72 -73 -74 -74 -73 -73 -74 -75 -75 -71 -70 -74 -73 -76 -76 -78 -73 -77 -77 -73 -73 -73 -73 -74 -73 -73 -73 -73 -73 -74 -74 -74 -73 -73 -73 -75 -77 -77 -82 -87 -87 -82 -92 -91 -84 -84 -86 -81 -86 -87 -87 -84 -83 -83 -80 -80 -84 -80 -85 -83 -81 -80 -80 -80 -81 -80 -82 -83 -83 -82 -81 -84 -83 -82 -81 -82 -77 -84 -82 -80 -80 -80 -80 -82 -83 -85 -85 -86 -86 -86 -85 -86 -84
-72 -73 -73 -77 -75 -74 -74 -74 -75 -71 -73 -73 -76 -76 -75 -76 -78 -73 -79 -77 -75 -75 -75 -74 -75 -75 -74 -73 -73 -72 -72 -73 -72 -73 -74 -76 -79 -76 -79 -81 -83 -79 -90 -87 -81 -83 -85 -83 -87 -90 -88 -84 -81 -80 -79 -83 -85 -88 -87 -88 -88 -84 -84 -81 -81 -81 -81 -81 -83 -83 -81 -83 -84 -84 -82 -78 -77 -79 -79 -84 -81 -80 -80 -81 -84 -84 -86 -85 -86 -84 -83 -83 -81
-74 -74 -77 -78 -74 -74 -75 -76 -70 -72 -73 -73 -82 -81 -75 -76 -79 -73 -79 -80 -82 -81 -79 -76 -76 -76 -75 -75 -73 -73 -72 -71 -71 -72 -73 -73 -73 -75 -78 -78 -77 -77 -86 -88 -81 -83 -86 -87 -87 -90 -85 -83 -85 -83 -80 -81 -82 -87 -88 -92 -86 -86 -84 -82 -82 -82 -82 -82 -83 -82 -84 -83 -82 -84 -82 -79 -79 -84 -83 -85 -85 -80 -80 -81 -83 -84 -84 -82 -81 -81 -81 -81 -83
-74 -76 -80 -80 -80 -75 -75 -74 -70 -75 -75 -74 -79 -83 -77 -77 -79 -77 -73 -75 -75 -78 -83 -76 -75 -76 -75 -75 -75 -74 -73 -71 -71 -73 -73 -72 -73 -75 -78 -74 -73 -80 -83 -84 -77 -83 -89 -83 -90 -91 -90 -90 -86 -83 -80 -81 -83 -87 -89 -88 -84 -87 -81 -92 -87 -87 -82 -83 -82 -83 -84 -84 -84 -83 -80 -79 -85 -85 -88 -88 -86 -82 -81 -81 -81 -82 -83 -82 -82 -86 -84 -87 -85
-75 -75 -81 -78 -75 -72 -73 -73 -75 -73 -73 -76 -84 -87 -80 -74 -76 -79 -77 -72 -73 -80 -80 -77 -77 -75 -76 -75 -75 -74 -75 -74 -70 -71 -70 -73 -73 -73 -78 -72 -76 -79 -82 -80 -76 -79 -79 -87 -93 -91 -90 -92 -88 -84 -83 -84 -82 -89 -92 -93 -90 -89 -86 -90 -89 -84 -83 -82 -83 -84 -83 -82 -81 -80 -78 -79 -81 -86 -83 -83 -84 -85 -81 -81 -83 -82 -81 -86 -86 -88 -88 -85 -84
-75 -72 -74 -74 -75 -73 -71 -70 -74 -74 -74 -75 -80 -84 -80 -76 -80 -80 -79 -76 -73 -74 -75 -81 -77 -75 -78 -77 -77 -76 -76 -75 -70 -70 -71 -71 -73 -74 -72 -74 -76 -76 -79 -78 -78 -75 -84 -84 -89 -87 -88 -90 -89 -83 -86 -82 -88 -88 -91 -87 -82 -82 -86 -84 -90 -91 -84 -83 -83 -81 -82 -83 -82 -80 -78 -82 -83 -87 -82 -83 -82 -81 -81 -83 -83 -82 -82 -84 -87 -87 -85 -85 -86
-77 -76 -72 -71 -72 -74 -72 -70 -72 -75 -76 -77 -79 -80 -78 -77 -80 -79 -81 -76 -78 -74 -74 -78 -80 -77 -84 -81 -82 -76 -78 -73 -73 -70 -70 -70 -73 -71 -75 -74 -75 -79 -81 -81 -76 -75 -77 -84 -79 -85 -96 -91 -89 -90 -89 -86 -88 -89 -92 -90 -89 -87 -89 -89 -89 -89 -83 -82 -82 -79 -82 -83 -82 -81 -81 -85 -86 -83 -82 -82 -81 -81 -83 -84 -82 -82 -85 -83 -84 -84 -84 -84 -85
-77 -74 -72 -71 -71 -71 -72 -70 -72 -73 -72 -74 -75 -77 -77 -78 -78 -81 -82 -80 -78 -76 -75 -78 -78 -82 -78 -82 -84 -83 -74 -75 -74 -71 -70 -70 -71 -73 -75 -73 -75 -79 -74 -78 -72 -76 -76 -78 -88 -87 -92 -96 -92 -91 -92 -89 -93 -87 -93 -88 -85 -88 -85 -90 -89 -89 -84 -81 -79 -83 -85 -85 -81 -80 -82 -85 -87 -85 -83 -82 -82 -84 -82 -83 -82 -84 -84 -85 -84 -88 -85 -85 -86
-75 -75 -71 -74 -74 -72 -71 -71 -71 -71 -73 -74 -73 -77 -77 -78 -79 -82 -92 -81 -79 -75 -74 -75 -76 -76 -81 -83 -86 -82 -82 -77 -75 -73 -70 -70 -70 -71 -73 -76 -77 -78 -72 -76 -72 -75 -80 -78 -83 -86 -91 -97 -96 -95 -95 -93 -90 -90 -91 -93 -91 -91 -86 -89 -88 -83 -87 -79 -78 -83 -81 -81 -85 -83 -81 -89 -85 -83 -82 -83 -84 -84 -83 -82 -83 -88 -85 -86 -89 -86 -87 -86 -87
-73 -74 -78 -74 -72 -71 -74 -72 -70 -74 -76 -76 -79 -80 -78 -77 -83 -84 -81 -80 -77 -74 -77 -74 -76 -79 -82 -84 -82 -79 -77 -75 -75 -75 -73 -74 -70 -71 -73 -75 -77 -75 -74 -73 -75 -76 -78 -79 -79 -85 -85 -91 -96 -96 -95 -95 -93 -93 -90 -95 -93 -85 -92 -88 -87 -88 -89 -80 -84 -82 -82 -83 -86 -84 -86 -84 -82 -83 -82 -81 -83 -83 -82 -83 -83 -85 -84 -84 -84 -85 -84 -82 -87
-73 -74 -76 -74 -72 -73 -75 -72 -75 -71 -74 -75 -79 -80 -81 -82 -80 -81 -78 -76 -75 -77 -77 -76 -79 -77 -84 -81 -77 -79 -79 -77 -77 -76 -72 -73 -70 -72 -75 -74 -71 -71 -71 -71 -73 -73 -79 -80 -80 -86 -91 -89 -92 -85 -87 -94 -94 -95 -95 -93 -90 -90 -93 -92 -88 -91 -86 -81 -85 -84 -81 -82 -83 -82 -83 -84 -84 -85 -82 -82 -83 -83 -82 -82 -84 -88 -85 -85 -84 -85 -86 -84 -82
-76 -74 -74 -74 -74 -75 -74 -72 -71 -73 -73 -75 -78 -85 -88 -85 -86 -80 -78 -76 -74 -77 -77 -80 -82 -79 -79 -76 -75 -75 -74 -77 -76 -76 -77 -74 -70 -71 -71 -72 -72 -73 -76 -77 -72 -73 -79 -80 -86 -85 -86 -88 -82 -81 -81 -86 -91 -95 -97 -95 -91 -94 -93 -93 -89 -91 -81 -84 -84 -82 -81 -83 -84 -82 -87 -84 -84 -83 -83 -84 -85 -84 -83 -82 -84 -85 -86 -86 -84 -81 -85 -85 -85
-75 -75 -74 -73 -75 -76 -72 -71 -72 -77 -77 -77 -81 -86 -90 -87 -90 -83 -78 -78 -74 -76 -77 -75 -76 -77 -78 -76 -75 -77 -79 -76 -77 -74 -76 -71 -70 -72 -76 -72 -73 -76 -77 -79 -74 -74 -75 -83 -84 -82 -84 -79 -86 -86 -88 -87 -96 -95 -95 -91 -96 -95 -92 -88 -91 -84 -81 -87 -81 -90 -85 -86 -84 -82 -86 -87 -86 -84 -84 -85 -85 -85 -84 -82 -84 -85 -85 -83 -83 -85 -82 -80 -81
-75 -77 -76 -75 -76 -73 -72 -71 -72 -76 -76 -76 -82 -85 -82 -87 -89 -85 -82 -77 -75 -80 -77 -77 -77 -80 -77 -75 -76 -79 -77 -75 -72 -73 -73 -71 -70 -74 -77 -76 -78 -75 -79 -76 -77 -74 -74 -77 -80 -80 -78 -78 -81 -87 -91 -88 -89 -89 -89 -92 -95 -91 -94 -89 -89 -88 -86 -86 -89 -88 -91 -90 -91 -90 -85 -83 -84 -84 -84 -86 -84 -84 -82 -83 -84 -84 -84 -84 -85 -86 -85 -83 -82
-74 -80 -79 -77 -75 -73 -73 -71 -72 -74 -75 -78 -81 -78 -82 -87 -85 -86 -87 -78 -76 -82 -77 -77 -79 -80 -78 -77 -76 -77 -79 -76 -76 -77 -77 -71 -70 -74 -73 -77 -77 -77 -79 -77 -78 -75 -76 -74 -75 -81 -77 -80 -83 -86 -88 -89 -86 -87 -94 -85 -84 -87 -91 -90 -91 -83 -80 -85 -89 -90 -92 -85 -84 -84 -84 -84 -82 -83 -83 -84 -84 -85 -82 -83 -84 -84 -85 -86 -84 -85 -81 -85 -82
-74 -78 -78 -76 -75 -75 -75 -78 -72 -74 -76 -85 -89 -85 -81 -86 -81 -87 -83 -78 -75 -81 -82 -80 -85 -81 -83 -80 -75 -76 -76 -76 -78 -75 -76 -72 -71 -74 -74 -76 -80 -80 -81 -81 -80 -77 -78 -78 -77 -79 -76 -80 -83 -82 -84 -89 -89 -86 -88 -82 -89 -92 -92 -91 -88 -86 -89 -83 -83 -88 -88 -85 -89 -88 -90 -83 -83 -82 -83 -83 -83 -83 -83 -84 -85 -85 -83 -84 -81 -83 -80 -81 -80
-77 -78 -81 -79 -77 -74 -75 -76 -72 -73 -76 -82 -86 -87 -85 -85 -85 -81 -77 -76 -79 -84 -85 -85 -89 -83 -84 -77 -75 -74 -74 -76 -77 -73 -71 -72 -72 -75 -78 -77 -77 -78 -81 -83 -82 -81 -82 -82 -81 -77 -76 -79 -80 -83 -84 -85 -86 -82 -81 -78 -84 -88 -93 -92 -88 -91 -86 -83 -81 -86 -86 -81 -88 -96 -86 -90 -81 -85 -83 -83 -83 -84 -84 -84 -86 -86 -85 -83 -83 -84 -81 -83 -83
-79 -80 -83 -79 -76 -75 -76 -74 -73 -78 -73 -77 -81 -84 -86 -85 -81 -81 -78 -76 -79 -78 -83 -86 -87 -88 -81 -77 -76 -75 -74 -73 -73 -72 -76 -76 -71 -71 -72 -78 -77 -79 -77 -81 -80 -79 -81 -81 -81 -79 -75 -77 -79 -76 -84 -80 -77 -76 -79 -80 -81 -81 -83 -89 -89 -90 -88 -88 -86 -84 -82 -84 -91 -91 -88 -84 -89 -87 -85 -87 -86 -85 -84 -86 -88 -88 -88 -84 -87 -85 -85 -86 -84
-77 -78 -77 -77 -76 -75 -76 -75 -75 -75 -74 -74 -76 -81 -85 -87 -86 -85 -82 -78 -76 -77 -83 -85 -85 -87 -86 -83 -79 -77 -76 -73 -76 -75 -76 -74 -70 -70 -72 -77 -74 -77 -79 -79 -82 -80 -77 -77 -79 -80 -75 -79 -78 -77 -77 -79 -83 -77 -77 -78 -77 -79 -81 -84 -82 -85 -86 -82 -85 -85 -81 -81 -90 -91 -83 -87 -90 -87 -88 -89 -88 -85 -84 -89 -92 -91 -87 -90 -89 -87 -90 -88 -86
-77 -76 -76 -81 -78 -78 -74 -76 -80 -78 -79 -77 -74 -78 -87 -88 -86 -87 -85 -81 -81 -77 -87 -88 -83 -85 -85 -83 -80 -78 -77 -79 -77 -80 -73 -71 -74 -71 -74 -73 -77 -77 -82 -80 -79 -79 -78 -78 -79 -76 -76 -81 -78 -75 -83 -86 -89 -84 -78 -80 -75 -76 -76 -77 -77 -85 -86 -91 -90 -82 -83 -86 -85 -84 -87 -92 -89 -89 -91 -90 -91 -86 -86 -93 -95 -91 -92 -91 -91 -94 -90 -89 -83
-75 -73 -79 -78 -83 -82 -75 -76 -80 -82 -89 -82 -75 -79 -88 -90 -87 -87 -86 -84 -85 -78 -81 -86 -84 -85 -87 -84 -80 -76 -75 -76 -76 -77 -74 -73 -76 -72 -74 -72 -75 -81 -81 -81 -85 -84 -82 -80 -76 -76 -77 -78 -75 -76 -77 -79 -81 -85 -84 -82 -77 -77 -77 -76 -77 -77 -84 -88 -88 -87 -87 -84 -85 -87 -85 -93 -87 -92 -90 -87 -88 -85 -87 -98 -92 -91 -88 -89 -91 -90 -89 -89 -84
-73 -75 -79 -77 -79 -78 -82 -80 -84 -80 -78 -79 -75 -78 -83 -87 -86 -85 -85 -87 -85 -81 -78 -79 -80 -84 -86 -85 -80 -76 -75 -76 -76 -73 -74 -76 -75 -70 -73 -73 -78 -81 -78 -83 -88 -86 -80 -81 -77 -79 -75 -77 -81 -82 -81 -80 -78 -83 -85 -84 -73 -77 -84 -82 -81 -89 -91 -89 -86 -87 -87 -87 -88 -90 -88 -90 -92 -88 -86 -91 -88 -86 -93 -92 -89 -85 -90 -85 -89 -83 -88 -89 -81
-74 -74 -73 -75 -74 -75 -78 -80 -82 -80 -75 -75 -77 -76 -79 -84 -82 -87 -82 -84 -83 -80 -79 -81 -83 -83 -85 -80 -78 -76 -79 -78 -75 -74 -74 -75 -74 -74 -70 -72 -79 -78 -78 -82 -83 -81 -77 -80 -75 -78 -79 -81 -78 -78 -77 -76 -75 -77 -78 -74 -74 -75 -79 -86 -85 -90 -84 -87 -85 -87 -87 -88 -90 -90 -93 -92 -91 -91 -92 -93 -92 -88 -95 -91 -90 -90 -87 -82 -80 -83 -83 -80 -89
-78 -77 -74 -78 -76 -77 -76 -77 -80 -78 -75 -78 -80 -78 -77 -78 -84 -86 -84 -81 -80 -79 -79 -81 -81 -80 -81 -80 -78 -77 -79 -77 -77 -76 -75 -75 -74 -73 -71 -71 -77 -79 -77 -76 -79 -79 -77 -77 -74 -81 -81 -81 -77 -77 -80 -76 -76 -78 -77 -75 -77 -77 -83 -83 -89 -91 -84 -86 -85 -84 -86 -90 -90 -88 -92 -92 -89 -90 -92 -93 -93 -91 -93 -89 -91 -86 -89 -81 -86 -83 -89 -89 -87
-74 -76 -77 -79 -78 -81 -77 -77 -81 -78 -75 -83 -85 -79 -84 -79 -83 -85 -81 -81 -82 -82 -79 -81 -86 -82 -76 -81 -83 -82 -85 -81 -77 -76 -75 -76 -74 -71 -74 -72 -70 -76 -76 -77 -78 -78 -77 -77 -77 -77 -77 -75 -75 -75 -76 -77 -76 -74 -74 -79 -75 -80 -81 -84 -84 -91 -87 -84 -85 -83 -88 -89 -89 -89 -87 -93 -91 -93 -94 -95 -94 -92 -90 -89 -89 -90 -88 -84 -84 -83 -86 -92 -90
-74 -76 -77 -81 -82 -82 -79 -78 -80 -79 -76 -87 -87 -80 -84 -80 -83 -87 -84 -83 -85 -81 -80 -81 -80 -82 -86 -86 -85 -87 -91 -85 -80 -77 -74 -73 -72 -76 -78 -73 -70 -72 -71 -77 -77 -78 -76 -74 -78 -74 -77 -80 -80 -81 -82 -81 -80 -81 -80 -82 -79 -81 -79 -82 -84 -84 -85 -86 -84 -78 -86 -89 -82 -90 -89 -91 -94 -95 -92 -91 -92 -91 -90 -90 -91 -87 -88 -83 -86 -90 -90 -93 -94
-77 -75 -76 -79 -86 -83 -84 -79 -84 -80 -75 -81 -85 -83 -82 -80 -84 -90 -90 -87 -81 -80 -87 -81 -79 -80 -84 -82 -86 -88 -90 -85 -82 -78 -73 -72 -78 -79 -77 -76 -70 -72 -78 -75 -78 -77 -76 -75 -77 -74 -78 -78 -80 -81 -80 -82 -84 -82 -83 -82 -82 -84 -79 -78 -76 -82 -81 -83 -83 -82 -80 -84 -91 -83 -88 -86 -89 -92 -95 -95 -91 -92 -91 -89 -91 -91 -85 -83 -87 -88 -88 -92 -96
-78 -77 -76 -77 -79 -84 -82 -79 -78 -75 -79 -77 -81 -89 -87 -84 -88 -93 -88 -86 -82 -82 -83 -80 -80 -80 -79 -80 -81 -86 -90 -83 -77 -80 -73 -74 -79 -77 -74 -76 -71 -72 -75 -79 -78 -74 -73 -73 -74 -74 -76 -77 -79 -78 -83 -82 -81 -86 -84 -80 -84 -80 -80 -78 -79 -81 -78 -81 -78 -88 -87 -85 -90 -90 -82 -93 -86 -92 -93 -90 -89 -88 -90 -86 -89 -86 -84 -86 -88 -86 -91 -92 -93
-74 -74 -78 -80 -84 -84 -82 -78 -78 -78 -80 -75 -81 -87 -90 -89 -92 -91 -87 -88 -85 -82 -82 -81 -80 -80 -79 -78 -78 -80 -81 -78 -76 -75 -73 -74 -77 -75 -75 -70 -77 -77 -79 -79 -72 -73 -76 -80 -80 -79 -76 -77 -77 -79 -82 -86 -87 -86 -88 -83 -84 -85 -83 -79 -79 -76 -78 -80 -79 -87 -81 -81 -88 -89 -87 -86 -85 -93 -92 -90 -90 -87 -85 -83 -85 -83 -80 -85 -89 -90 -91 -92 -94
-78 -76 -77 -81 -81 -78 -78 -77 -78 -79 -80 -77 -79 -83 -90 -92 -93 -93 -87 -84 -81 -86 -81 -83 -80 -80 -80 -79 -80 -79 -77 -76 -75 -77 -82 -80 -79 -75 -76 -76 -70 -75 -77 -77 -77 -72 -78 -78 -79 -79 -79 -76 -76 -77 -78 -80 -82 -82 -81 -79 -78 -86 -82 -79 -77 -76 -79 -77 -79 -87 -80 -87 -90 -89 -86 -86 -93 -89 -94 -93 -92 -92 -90 -87 -81 -88 -86 -82 -87 -86 -86 -86 -88
-76 -79 -77 -81 -86 -81 -78 -79 -77 -81 -82 -76 -77 -85 -91 -91 -91 -91 -91 -90 -84 -81 -85 -84 -80 -80 -81 -82 -83 -80 -79 -78 -79 -80 -80 -80 -78 -73 -76 -75 -70 -76 -78 -79 -74 -74 -76 -75 -79 -79 -76 -78 -78 -78 -78 -79 -79 -80 -78 -79 -81 -83 -81 -83 -76 -76 -79 -80 -81 -84 -81 -88 -93 -88 -87 -93 -91 -91 -93 -89 -87 -86 -87 -85 -86 -89 -87 -87 -81 -84 -88 -86 -90
-76 -77 -82 -79 -86 -85 -80 -78 -80 -80 -76 -81 -77 -84 -91 -91 -89 -86 -84 -85 -81 -80 -86 -82 -82 -81 -83 -80 -84 -84 -80 -80 -83 -79 -82 -79 -76 -74 -71 -75 -71 -74 -74 -74 -72 -77 -76 -73 -74 -74 -76 -78 -78 -79 -80 -80 -80 -82 -78 -80 -80 -84 -81 -79 -79 -78 -79 -81 -82 -78 -88 -86 -90 -85 -86 -83 -89 -89 -92 -92 -90 -89 -90 -85 -88 -92 -93 -83 -87 -87 -86 -88 -90
-76 -78 -83 -82 -80 -80 -77 -79 -75 -77 -80 -79 -78 -83 -89 -89 -91 -87 -84 -85 -80 -79 -83 -82 -82 -82 -84 -82 -84 -83 -81 -79 -79 -80 -80 -78 -76 -73 -80 -75 -72 -73 -72 -72 -73 -73 -76 -73 -74 -74 -74 -77 -78 -79 -76 -77 -83 -79 -78 -81 -80 -81 -81 -81 -80 -78 -80 -80 -80 -84 -84 -87 -85 -84 -82 -85 -92 -89 -97 -96 -95 -87 -87 -84 -95 -92 -89 -86 -87 -85 -86 -90 -90
