DE_airtemperature/2010/2010_12_air_temp_min.asc
NCOLS 654
NROWS 866
XLLCORNER 3280414.711633467
YLLCORNER 5237500.62890625
CELLSIZE 1000
NODATA_VALUE -999
[rows 672 to 713 of 866, columns 186 to 278 of 654]
-45 -45 -46 -45 -44 -47 -48 -48 -48 -49 -47 -47 -48 -50 -50 -49 -49 -52 -51 -55 -56 -56 -57 -56 -56 -57 -57 -60 -56 -55 -55 -54 -53 -52 -53 -58 -54 -53 -54 -51 -49 -49 -49 -50 -46 -48 -50 -51 -49 -49 -48 -47 -46 -44 -45 -45 -44 -48 -46 -49 -52 -55 -56 -55 -55 -50 -51 -48 -49 -52 -47 -52 -48 -51 -53 -49 -53 -51 -53 -52 -49 -50 -48 -49 -54 -54 -55 -50 -50 -49 -52 -56 -57
-42 -44 -47 -45 -46 -46 -46 -47 -48 -47 -49 -47 -49 -48 -51 -51 -50 -56 -55 -56 -56 -56 -56 -55 -56 -56 -56 -56 -57 -58 -59 -59 -57 -53 -52 -55 -55 -53 -51 -51 -49 -49 -50 -50 -46 -46 -49 -49 -50 -49 -48 -48 -46 -45 -44 -44 -45 -46 -51 -52 -48 -52 -52 -52 -52 -50 -53 -48 -47 -45 -46 -48 -48 -52 -50 -48 -51 -49 -50 -48 -49 -53 -49 -48 -54 -51 -54 -53 -51 -49 -50 -53 -57
-44 -46 -47 -46 -48 -49 -49 -48 -48 -49 -47 -49 -48 -51 -50 -52 -51 -52 -52 -55 -57 -58 -58 -57 -56 -56 -58 -56 -55 -56 -55 -54 -60 -56 -50 -49 -50 -50 -49 -50 -50 -50 -48 -47 -46 -46 -44 -45 -44 -47 -47 -46 -47 -45 -44 -44 -47 -51 -50 -49 -49 -48 -48 -48 -50 -49 -49 -50 -45 -45 -48 -47 -44 -50 -46 -48 -48 -48 -51 -53 -48 -53 -53 -49 -51 -51 -53 -49 -50 -50 -48 -52 -55
-43 -47 -48 -46 -46 -49 -48 -48 -49 -50 -50 -51 -50 -52 -52 -52 -52 -54 -55 -57 -57 -58 -56 -57 -58 -58 -56 -55 -54 -53 -52 -54 -55 -53 -51 -50 -50 -49 -49 -51 -50 -51 -51 -48 -45 -50 -44 -44 -44 -47 -46 -44 -45 -46 -44 -47 -47 -47 -48 -47 -46 -47 -46 -46 -49 -49 -46 -45 -47 -50 -54 -50 -46 -45 -46 -50 -45 -47 -52 -49 -53 -47 -51 -51 -49 -49 -49 -50 -49 -51 -49 -51 -55
-42 -46 -47 -45 -45 -47 -47 -48 -49 -51 -51 -51 -52 -53 -51 -51 -56 -54 -56 -56 -57 -57 -58 -57 -58 -57 -57 -58 -57 -59 -56 -53 -51 -50 -50 -51 -49 -48 -50 -50 -51 -50 -48 -47 -45 -49 -50 -49 -46 -44 -43 -43 -45 -45 -43 -44 -47 -47 -47 -48 -47 -47 -46 -46 -47 -46 -45 -45 -47 -51 -55 -53 -55 -53 -46 -46 -44 -48 -49 -47 -46 -47 -50 -54 -53 -51 -50 -53 -48 -49 -49 -49 -50
-42 -45 -46 -45 -45 -46 -48 -47 -49 -51 -51 -51 -52 -52 -53 -52 -52 -52 -53 -55 -57 -59 -58 -56 -56 -55 -56 -56 -56 -54 -55 -53 -52 -50 -51 -50 -50 -49 -49 -50 -50 -50 -51 -50 -47 -49 -48 -46 -44 -43 -43 -43 -43 -43 -43 -47 -45 -45 -47 -48 -47 -46 -46 -47 -46 -46 -46 -45 -47 -51 -54 -54 -55 -53 -52 -51 -50 -52 -47 -46 -46 -51 -54 -54 -54 -52 -51 -53 -54 -55 -54 -50 -55
-45 -45 -45 -44 -45 -44 -46 -46 -46 -49 -50 -52 -53 -53 -52 -51 -51 -52 -53 -55 -55 -56 -56 -58 -58 -56 -55 -56 -54 -54 -53 -52 -52 -50 -50 -49 -49 -48 -49 -49 -50 -47 -48 -45 -46 -46 -45 -44 -43 -43 -43 -42 -42 -42 -42 -45 -45 -46 -47 -47 -47 -47 -45 -46 -46 -46 -47 -44 -47 -48 -48 -51 -54 -55 -55 -55 -53 -52 -51 -48 -48 -48 -53 -54 -54 -54 -52 -54 -54 -54 -51 -55 -53
-46 -44 -43 -44 -46 -45 -48 -45 -47 -51 -51 -52 -53 -53 -52 -53 -53 -54 -54 -54 -56 -56 -56 -57 -58 -57 -55 -55 -54 -53 -52 -51 -51 -51 -49 -51 -51 -51 -51 -51 -50 -48 -46 -46 -45 -45 -44 -43 -43 -42 -43 -44 -44 -45 -44 -42 -45 -45 -46 -47 -45 -46 -44 -45 -46 -46 -45 -45 -47 -48 -46 -50 -54 -55 -54 -55 -54 -51 -53 -54 -51 -52 -51 -54 -53 -54 -54 -54 -54 -54 -54 -55 -56
-47 -45 -43 -46 -46 -46 -47 -48 -48 -49 -52 -52 -53 -53 -53 -52 -54 -56 -56 -56 -53 -55 -58 -58 -57 -56 -53 -58 -54 -52 -52 -53 -52 -53 -52 -51 -50 -52 -51 -48 -47 -46 -47 -46 -46 -45 -44 -43 -42 -42 -43 -43 -42 -42 -44 -44 -44 -43 -45 -46 -46 -46 -44 -44 -44 -46 -46 -46 -46 -47 -47 -48 -49 -55 -58 -55 -55 -53 -55 -54 -53 -54 -56 -58 -56 -57 -57 -55 -56 -56 -57 -57 -56
-47 -45 -43 -45 -45 -48 -45 -50 -51 -52 -52 -52 -52 -53 -54 -54 -54 -54 -52 -52 -56 -55 -54 -56 -54 -54 -53 -52 -51 -50 -52 -54 -54 -52 -51 -49 -49 -48 -48 -47 -48 -47 -47 -47 -46 -45 -44 -43 -43 -42 -43 -41 -43 -44 -45 -44 -44 -43 -44 -42 -43 -42 -43 -45 -46 -47 -47 -46 -45 -47 -46 -48 -50 -53 -56 -56 -56 -58 -57 -56 -58 -56 -57 -55 -56 -55 -55 -54 -55 -56 -56 -59 -59
-44 -43 -45 -46 -47 -49 -49 -51 -51 -53 -51 -51 -52 -53 -53 -53 -55 -55 -50 -55 -57 -55 -55 -54 -55 -53 -52 -53 -55 -52 -50 -50 -51 -48 -48 -47 -49 -50 -51 -49 -49 -47 -46 -46 -46 -44 -44 -43 -44 -40 -40 -43 -42 -43 -43 -42 -44 -44 -44 -42 -43 -43 -44 -45 -45 -45 -47 -46 -47 -47 -46 -46 -47 -48 -54 -55 -55 -56 -57 -58 -58 -56 -56 -56 -56 -56 -60 -60 -56 -56 -54 -55 -60
-45 -43 -46 -46 -48 -50 -50 -51 -52 -51 -52 -52 -52 -53 -53 -51 -50 -51 -54 -59 -58 -57 -57 -57 -57 -57 -55 -55 -54 -54 -49 -49 -48 -49 -49 -49 -50 -50 -47 -46 -50 -48 -46 -45 -44 -43 -42 -43 -41 -39 -42 -43 -43 -43 -42 -43 -44 -43 -42 -42 -43 -44 -43 -45 -45 -46 -46 -46 -46 -46 -47 -48 -48 -54 -55 -55 -54 -57 -56 -56 -56 -58 -55 -57 -56 -55 -58 -57 -56 -55 -55 -57 -58
-47 -43 -45 -49 -51 -49 -52 -51 -52 -53 -51 -51 -52 -53 -50 -51 -53 -54 -55 -56 -56 -57 -56 -56 -56 -55 -55 -55 -55 -54 -53 -53 -50 -50 -51 -51 -50 -49 -48 -49 -47 -46 -46 -46 -44 -43 -43 -43 -41 -39 -38 -39 -38 -41 -41 -40 -41 -42 -42 -42 -42 -44 -45 -45 -46 -48 -47 -46 -47 -47 -48 -49 -56 -53 -55 -52 -53 -57 -54 -57 -57 -59 -56 -55 -56 -55 -59 -57 -59 -56 -55 -56 -58
-45 -44 -44 -45 -48 -50 -52 -51 -51 -53 -53 -52 -50 -50 -51 -53 -56 -55 -54 -56 -55 -57 -58 -57 -55 -56 -58 -52 -55 -54 -54 -53 -52 -52 -51 -50 -49 -49 -46 -48 -47 -45 -46 -45 -45 -44 -45 -44 -42 -42 -42 -40 -37 -40 -39 -40 -40 -40 -42 -42 -41 -43 -43 -45 -45 -47 -52 -47 -51 -52 -51 -51 -55 -47 -50 -48 -51 -57 -53 -57 -57 -58 -56 -56 -55 -56 -59 -57 -56 -57 -59 -54 -55
-44 -46 -45 -46 -47 -47 -51 -52 -50 -48 -48 -49 -48 -52 -54 -54 -54 -56 -55 -57 -56 -58 -55 -56 -55 -56 -52 -54 -55 -54 -52 -52 -53 -53 -51 -49 -49 -49 -47 -48 -47 -46 -45 -44 -45 -44 -43 -43 -42 -41 -41 -41 -38 -37 -40 -40 -39 -40 -41 -42 -43 -41 -43 -44 -45 -46 -51 -53 -51 -49 -51 -48 -47 -46 -51 -52 -54 -54 -55 -57 -56 -58 -57 -59 -57 -57 -57 -57 -56 -59 -58 -56 -57
-46 -48 -46 -50 -49 -50 -51 -49 -48 -50 -51 -48 -53 -54 -54 -55 -56 -54 -54 -54 -59 -58 -57 -58 -57 -56 -55 -56 -56 -54 -52 -51 -54 -53 -51 -50 -49 -48 -45 -47 -47 -46 -45 -45 -44 -42 -42 -42 -41 -40 -40 -40 -39 -37 -39 -40 -39 -39 -40 -41 -42 -42 -42 -44 -45 -46 -51 -50 -50 -52 -54 -49 -46 -48 -52 -55 -57 -54 -54 -56 -56 -58 -58 -59 -56 -55 -56 -57 -56 -58 -59 -57 -58
-46 -49 -47 -48 -51 -51 -52 -48 -51 -52 -49 -53 -51 -56 -56 -56 -57 -57 -55 -56 -58 -57 -57 -57 -56 -52 -55 -53 -53 -52 -51 -53 -54 -52 -50 -50 -48 -46 -44 -47 -46 -46 -46 -46 -43 -41 -41 -41 -39 -39 -39 -38 -38 -36 -39 -39 -40 -39 -39 -40 -43 -43 -42 -43 -44 -50 -48 -48 -48 -52 -47 -46 -46 -50 -52 -53 -56 -58 -55 -56 -56 -58 -57 -59 -55 -54 -57 -56 -55 -58 -58 -58 -54
-48 -49 -50 -50 -52 -54 -54 -52 -54 -49 -54 -55 -53 -49 -53 -57 -57 -58 -56 -58 -57 -57 -57 -53 -57 -56 -57 -58 -56 -55 -55 -53 -52 -51 -50 -49 -47 -46 -47 -45 -46 -46 -46 -45 -42 -41 -41 -40 -38 -37 -38 -37 -35 -40 -38 -38 -38 -40 -39 -42 -43 -43 -43 -45 -46 -46 -50 -48 -50 -51 -51 -49 -46 -48 -48 -52 -56 -56 -57 -55 -57 -57 -57 -58 -58 -55 -54 -54 -55 -56 -58 -58 -57
-51 -51 -52 -55 -52 -49 -53 -52 -57 -50 -49 -55 -54 -54 -52 -56 -58 -58 -58 -58 -57 -56 -54 -57 -57 -57 -57 -56 -55 -53 -51 -55 -54 -51 -50 -49 -47 -47 -47 -47 -46 -45 -45 -44 -41 -40 -40 -39 -38 -38 -37 -36 -37 -40 -40 -40 -38 -39 -41 -43 -49 -45 -43 -49 -50 -49 -48 -49 -50 -52 -52 -52 -46 -47 -49 -53 -54 -53 -57 -57 -58 -57 -57 -57 -57 -56 -57 -58 -58 -57 -55 -57 -56
-54 -54 -56 -49 -56 -53 -61 -60 -56 -56 -52 -55 -58 -58 -50 -57 -59 -59 -59 -58 -57 -56 -59 -58 -57 -58 -57 -55 -54 -54 -53 -54 -53 -51 -49 -50 -48 -45 -47 -47 -45 -44 -43 -44 -41 -39 -38 -36 -37 -36 -35 -36 -38 -39 -40 -40 -37 -40 -41 -42 -42 -48 -49 -47 -54 -51 -49 -49 -51 -49 -52 -51 -46 -46 -50 -53 -54 -51 -55 -53 -56 -57 -57 -57 -55 -57 -56 -57 -57 -55 -56 -54 -53
-56 -56 -57 -49 -57 -61 -58 -60 -60 -58 -50 -49 -58 -59 -57 -51 -52 -56 -57 -57 -58 -57 -58 -58 -58 -58 -57 -56 -56 -54 -54 -55 -53 -51 -51 -50 -47 -46 -46 -47 -47 -46 -45 -43 -40 -39 -36 -36 -36 -34 -35 -37 -38 -40 -40 -39 -37 -39 -39 -41 -41 -48 -45 -51 -54 -55 -50 -52 -52 -49 -46 -49 -48 -46 -49 -50 -53 -49 -53 -56 -51 -54 -57 -55 -57 -53 -54 -55 -53 -54 -55 -54 -55
-59 -60 -49 -60 -60 -58 -61 -61 -62 -61 -62 -56 -49 -60 -60 -57 -58 -57 -57 -56 -57 -56 -59 -58 -58 -57 -57 -58 -57 -56 -57 -56 -54 -53 -51 -49 -48 -46 -46 -44 -44 -44 -43 -43 -40 -39 -36 -36 -35 -33 -37 -37 -38 -39 -40 -39 -39 -38 -38 -40 -41 -42 -46 -46 -49 -51 -52 -52 -53 -52 -48 -45 -50 -48 -48 -47 -50 -48 -50 -53 -49 -53 -53 -52 -52 -52 -54 -53 -51 -51 -54 -54 -54
-62 -60 -51 -60 -62 -62 -62 -63 -64 -64 -62 -56 -50 -59 -59 -59 -59 -58 -53 -57 -56 -56 -58 -56 -57 -57 -57 -58 -57 -58 -56 -57 -56 -54 -51 -49 -48 -47 -45 -45 -44 -43 -44 -43 -40 -37 -36 -37 -36 -34 -34 -36 -37 -38 -38 -39 -38 -38 -39 -38 -40 -41 -42 -43 -44 -48 -51 -53 -49 -51 -50 -46 -46 -46 -47 -47 -50 -48 -51 -51 -50 -50 -50 -50 -51 -53 -50 -51 -54 -54 -54 -52 -54
-61 -54 -56 -60 -65 -66 -65 -64 -64 -63 -60 -59 -58 -54 -59 -59 -58 -57 -55 -55 -56 -58 -58 -56 -56 -59 -59 -59 -58 -57 -58 -56 -53 -52 -51 -49 -48 -47 -45 -44 -44 -43 -42 -41 -39 -37 -37 -35 -33 -33 -33 -35 -38 -38 -39 -38 -39 -40 -39 -39 -40 -41 -42 -43 -44 -45 -46 -46 -46 -46 -47 -47 -47 -47 -47 -47 -48 -48 -51 -56 -54 -50 -51 -50 -50 -53 -48 -51 -52 -51 -54 -52 -50
-55 -62 -55 -56 -54 -65 -64 -63 -59 -61 -61 -61 -60 -51 -56 -58 -58 -60 -58 -56 -54 -55 -56 -58 -59 -59 -58 -58 -57 -57 -57 -55 -53 -52 -51 -54 -50 -47 -45 -46 -44 -43 -44 -44 -39 -40 -38 -34 -33 -31 -33 -34 -37 -39 -41 -40 -41 -40 -40 -39 -42 -43 -42 -48 -51 -46 -47 -47 -47 -47 -47 -47 -48 -50 -49 -50 -47 -48 -52 -52 -51 -50 -50 -47 -48 -47 -47 -54 -54 -51 -51 -50 -49
-52 -62 -50 -62 -65 -62 -64 -63 -61 -62 -62 -61 -60 -50 -61 -57 -59 -58 -58 -57 -57 -55 -57 -59 -58 -58 -57 -58 -58 -56 -56 -55 -52 -52 -51 -53 -53 -49 -50 -48 -47 -45 -44 -41 -42 -40 -37 -34 -32 -30 -31 -32 -35 -38 -46 -47 -42 -41 -40 -42 -44 -48 -43 -44 -50 -54 -52 -50 -49 -51 -48 -49 -50 -53 -56 -51 -48 -48 -48 -51 -48 -48 -52 -53 -54 -52 -49 -48 -48 -48 -49 -53 -51
-61 -62 -50 -64 -63 -63 -64 -62 -65 -64 -63 -61 -62 -58 -57 -60 -59 -60 -60 -60 -57 -56 -55 -56 -59 -57 -58 -59 -58 -57 -59 -57 -54 -53 -51 -52 -53 -52 -51 -51 -51 -48 -45 -41 -43 -41 -36 -35 -33 -30 -30 -32 -35 -39 -43 -46 -50 -43 -42 -47 -43 -50 -51 -45 -51 -50 -54 -54 -51 -53 -55 -57 -57 -55 -58 -58 -58 -53 -49 -48 -49 -52 -56 -54 -55 -51 -48 -51 -53 -49 -50 -50 -52
-62 -51 -53 -55 -57 -61 -60 -65 -65 -62 -61 -60 -59 -51 -58 -60 -60 -60 -61 -60 -56 -56 -55 -56 -58 -57 -58 -58 -58 -58 -59 -59 -57 -58 -54 -52 -51 -51 -53 -51 -51 -49 -46 -43 -42 -40 -35 -35 -34 -38 -36 -32 -33 -40 -41 -45 -46 -46 -42 -48 -48 -47 -50 -46 -49 -50 -54 -56 -57 -55 -59 -56 -55 -58 -59 -56 -57 -55 -56 -57 -56 -54 -52 -53 -55 -51 -52 -49 -52 -50 -49 -51 -51
-54 -58 -63 -53 -62 -63 -63 -61 -64 -63 -62 -61 -60 -52 -59 -59 -59 -61 -60 -62 -60 -60 -56 -55 -57 -57 -60 -58 -58 -58 -58 -57 -56 -56 -55 -52 -51 -50 -52 -51 -49 -49 -47 -47 -44 -43 -37 -39 -42 -40 -36 -38 -34 -36 -44 -44 -43 -49 -48 -48 -52 -49 -52 -52 -47 -50 -55 -56 -55 -59 -57 -60 -54 -56 -55 -57 -54 -57 -54 -57 -54 -53 -55 -54 -54 -52 -52 -53 -52 -53 -53 -55 -54
-51 -64 -55 -61 -54 -57 -63 -63 -62 -62 -59 -60 -60 -59 -59 -59 -60 -60 -61 -60 -59 -60 -59 -56 -56 -58 -61 -61 -61 -59 -61 -61 -59 -57 -57 -55 -54 -54 -50 -49 -49 -47 -46 -42 -41 -39 -44 -45 -42 -37 -35 -36 -37 -37 -44 -43 -44 -44 -50 -48 -49 -52 -50 -48 -51 -54 -55 -53 -56 -58 -59 -55 -54 -52 -58 -58 -57 -54 -54 -54 -55 -54 -54 -52 -53 -53 -54 -56 -56 -56 -55 -58 -57
-54 -64 -53 -62 -54 -63 -62 -62 -62 -61 -61 -61 -59 -53 -55 -59 -60 -61 -58 -58 -57 -58 -56 -56 -56 -60 -62 -63 -62 -61 -59 -58 -58 -57 -55 -54 -54 -53 -51 -50 -50 -50 -47 -44 -45 -47 -45 -45 -44 -43 -43 -42 -42 -37 -41 -45 -43 -43 -47 -49 -52 -52 -53 -50 -54 -56 -56 -53 -55 -55 -57 -59 -57 -54 -55 -55 -57 -55 -54 -53 -54 -50 -51 -53 -54 -57 -60 -53 -51 -51 -54 -57 -57
-60 -62 -53 -64 -62 -62 -63 -62 -61 -61 -59 -56 -51 -50 -54 -59 -59 -60 -60 -63 -62 -62 -61 -59 -56 -60 -61 -61 -62 -61 -61 -59 -59 -56 -57 -57 -56 -54 -52 -53 -51 -51 -49 -48 -48 -47 -47 -45 -45 -46 -46 -46 -44 -40 -40 -40 -40 -41 -44 -47 -48 -51 -53 -53 -52 -56 -57 -54 -56 -55 -55 -57 -58 -55 -52 -57 -56 -56 -55 -53 -51 -51 -53 -53 -52 -53 -56 -53 -51 -51 -54 -55 -54
-63 -59 -61 -64 -64 -61 -62 -62 -62 -61 -61 -59 -58 -55 -55 -57 -57 -59 -58 -60 -60 -60 -58 -59 -56 -57 -60 -59 -62 -62 -61 -59 -58 -57 -56 -56 -55 -55 -54 -54 -52 -51 -50 -48 -47 -47 -46 -46 -44 -46 -46 -46 -47 -47 -45 -45 -45 -42 -42 -44 -47 -46 -48 -52 -54 -52 -56 -54 -53 -55 -55 -55 -56 -56 -52 -53 -54 -54 -53 -53 -51 -51 -51 -51 -52 -53 -53 -52 -51 -51 -56 -52 -54
-62 -58 -63 -60 -63 -63 -62 -64 -63 -62 -59 -59 -57 -54 -51 -57 -57 -57 -59 -61 -62 -62 -61 -60 -57 -58 -59 -59 -61 -61 -59 -59 -57 -57 -55 -57 -56 -54 -54 -54 -54 -50 -49 -49 -48 -47 -47 -47 -47 -46 -47 -46 -46 -46 -46 -46 -46 -46 -42 -43 -43 -44 -44 -45 -53 -56 -51 -52 -55 -53 -52 -52 -50 -50 -50 -53 -52 -53 -53 -52 -51 -51 -52 -52 -52 -53 -51 -51 -52 -52 -57 -52 -54
-61 -58 -65 -65 -64 -63 -63 -63 -61 -61 -59 -57 -57 -55 -49 -52 -56 -61 -61 -60 -61 -60 -61 -60 -60 -57 -60 -59 -60 -60 -59 -58 -56 -55 -56 -56 -54 -54 -53 -54 -52 -52 -50 -49 -48 -48 -48 -48 -47 -47 -45 -45 -44 -45 -45 -45 -46 -46 -47 -45 -46 -47 -47 -48 -49 -52 -51 -50 -50 -50 -52 -53 -53 -53 -53 -50 -50 -50 -50 -50 -50 -50 -51 -50 -52 -51 -51 -49 -52 -54 -58 -53 -50
-65 -57 -64 -65 -65 -64 -63 -62 -60 -59 -59 -58 -55 -56 -49 -53 -58 -58 -57 -61 -59 -60 -60 -61 -60 -58 -58 -56 -58 -58 -57 -58 -55 -54 -53 -52 -53 -52 -54 -53 -51 -50 -51 -51 -49 -49 -49 -48 -48 -48 -48 -47 -46 -46 -45 -44 -46 -46 -44 -46 -48 -51 -52 -49 -50 -50 -53 -53 -53 -53 -55 -54 -54 -55 -55 -52 -52 -51 -52 -52 -51 -49 -49 -49 -49 -49 -49 -50 -51 -54 -54 -53 -49
-64 -56 -64 -61 -63 -63 -60 -60 -56 -59 -51 -58 -57 -50 -55 -54 -54 -59 -58 -58 -58 -60 -59 -59 -60 -60 -57 -59 -58 -57 -57 -56 -55 -54 -53 -55 -54 -53 -53 -53 -51 -50 -50 -50 -49 -50 -50 -50 -49 -49 -49 -48 -46 -46 -46 -46 -45 -44 -46 -47 -48 -49 -48 -48 -52 -54 -54 -53 -53 -54 -54 -55 -55 -55 -55 -52 -54 -53 -52 -51 -51 -52 -50 -50 -50 -49 -49 -49 -50 -51 -51 -50 -50
-64 -58 -59 -63 -62 -62 -61 -60 -59 -54 -58 -55 -57 -48 -55 -59 -56 -60 -60 -59 -58 -58 -59 -57 -59 -57 -56 -60 -57 -57 -56 -56 -55 -54 -53 -55 -55 -54 -53 -51 -52 -51 -49 -51 -51 -49 -49 -49 -49 -49 -48 -48 -47 -46 -45 -46 -44 -46 -46 -46 -47 -47 -49 -52 -52 -53 -55 -56 -54 -54 -55 -56 -57 -55 -54 -54 -53 -54 -52 -52 -51 -53 -52 -52 -50 -51 -51 -51 -50 -48 -49 -49 -49
-64 -60 -62 -62 -61 -60 -59 -60 -53 -57 -58 -52 -55 -47 -50 -55 -59 -59 -59 -59 -59 -57 -58 -59 -56 -59 -59 -59 -59 -56 -56 -56 -56 -55 -54 -54 -54 -55 -52 -51 -52 -52 -50 -50 -50 -51 -49 -49 -48 -49 -48 -48 -47 -47 -48 -48 -48 -46 -46 -46 -46 -48 -49 -48 -54 -54 -56 -56 -58 -55 -56 -55 -56 -55 -55 -56 -53 -55 -52 -52 -54 -53 -51 -52 -50 -50 -51 -52 -51 -49 -49 -50 -54
-59 -63 -62 -60 -60 -59 -59 -59 -53 -57 -57 -57 -57 -48 -54 -56 -58 -58 -60 -58 -59 -59 -59 -59 -56 -59 -58 -55 -58 -56 -56 -58 -57 -57 -55 -56 -55 -52 -52 -51 -50 -49 -50 -50 -49 -51 -52 -49 -49 -48 -49 -49 -50 -50 -50 -48 -47 -48 -47 -46 -46 -48 -50 -50 -53 -56 -56 -58 -58 -56 -56 -57 -56 -54 -56 -54 -54 -55 -54 -53 -54 -53 -54 -52 -53 -52 -53 -52 -52 -51 -50 -49 -54
-62 -64 -61 -60 -60 -59 -57 -56 -59 -57 -56 -54 -54 -47 -55 -55 -56 -58 -60 -59 -59 -60 -59 -57 -57 -58 -57 -56 -55 -55 -56 -57 -56 -57 -56 -55 -51 -51 -51 -51 -50 -49 -50 -50 -49 -49 -50 -52 -49 -48 -49 -50 -51 -50 -48 -48 -48 -47 -46 -47 -46 -50 -52 -50 -52 -53 -55 -57 -56 -56 -58 -58 -57 -55 -56 -56 -54 -55 -55 -55 -54 -53 -54 -55 -55 -53 -53 -59 -55 -54 -54 -50 -53
-64 -62 -61 -59 -59 -59 -57 -58 -57 -56 -56 -55 -55 -52 -54 -54 -53 -53 -56 -59 -59 -58 -59 -58 -57 -56 -57 -55 -55 -56 -57 -55 -55 -55 -56 -55 -53 -50 -49 -50 -49 -48 -49 -49 -51 -46 -51 -51 -50 -48 -50 -49 -49 -49 -48 -49 -49 -47 -47 -45 -46 -48 -51 -53 -53 -54 -54 -55 -56 -55 -57 -55 -56 -54 -56 -56 -57 -56 -55 -55 -56 -55 -55 -56 -57 -55 -58 -56 -61 -58 -53 -53 -50
