DE_airtemperature/2010/2010_02_air_temp_min.asc
NCOLS 654
NROWS 866
XLLCORNER 3280414.711633467
YLLCORNER 5237500.62890625
CELLSIZE 1000
NODATA_VALUE -999
[rows 378 to 419 of 866, columns 95 to 189 of 654]
-17 -17 -18 -18 -17 -18 -17 -17 -17 -17 -18 -18 -18 -18 -18 -18 -18 -18 -18 -20 -19 -19 -20 -19 -18 -18 -19 -17 -17 -17 -17 -18 -18 -18 -18 -18 -18 -18 -18 -18 -19 -19 -19 -19 -19 -19 -19 -19 -19 -19 -19 -19 -19 -19 -20 -19 -19 -19 -19 -19 -19 -19 -20 -20 -20 -20 -20 -21 -21 -21 -21 -21 -21 -22 -22 -23 -23 -23 -25 -25 -25 -25 -25 -25 -25 -26 -25 -25 -25 -25 -25 -25 -25 -25 -25
-17 -17 -17 -18 -19 -18 -18 -17 -18 -18 -18 -18 -18 -19 -18 -18 -18 -18 -18 -18 -18 -18 -20 -19 -18 -18 -17 -17 -17 -17 -17 -17 -18 -18 -18 -18 -18 -18 -19 -19 -19 -19 -19 -19 -19 -19 -19 -19 -19 -19 -19 -19 -19 -19 -19 -19 -19 -19 -19 -19 -20 -20 -20 -20 -20 -20 -20 -21 -21 -21 -21 -21 -22 -22 -22 -23 -23 -24 -24 -25 -26 -26 -26 -25 -26 -26 -26 -25 -25 -25 -25 -25 -25 -25 -26
-17 -18 -18 -17 -18 -18 -18 -18 -18 -19 -19 -18 -20 -20 -19 -18 -18 -18 -18 -17 -17 -17 -17 -17 -17 -17 -17 -17 -17 -18 -18 -18 -18 -18 -19 -19 -19 -19 -19 -19 -19 -19 -19 -19 -19 -20 -20 -19 -19 -19 -19 -19 -19 -19 -19 -19 -19 -19 -19 -20 -20 -20 -20 -20 -20 -20 -20 -21 -22 -22 -22 -22 -22 -23 -23 -24 -25 -25 -24 -25 -26 -26 -26 -27 -26 -26 -26 -25 -25 -26 -25 -25 -26 -26 -26
-18 -19 -18 -19 -18 -18 -18 -18 -18 -19 -19 -20 -20 -20 -20 -19 -19 -18 -18 -17 -17 -17 -17 -17 -17 -17 -17 -17 -18 -18 -18 -19 -19 -19 -19 -19 -19 -19 -19 -19 -19 -19 -19 -19 -20 -20 -20 -20 -19 -19 -19 -19 -19 -19 -19 -19 -19 -19 -20 -20 -20 -20 -20 -20 -20 -20 -20 -22 -22 -21 -22 -23 -23 -23 -23 -24 -25 -25 -25 -25 -26 -26 -26 -27 -26 -26 -26 -26 -26 -26 -26 -27 -27 -28 -27
-16 -17 -17 -17 -17 -17 -17 -17 -19 -19 -19 -20 -20 -21 -20 -20 -19 -18 -18 -18 -17 -17 -17 -17 -18 -17 -17 -17 -17 -19 -18 -19 -19 -20 -19 -19 -19 -19 -19 -19 -19 -19 -19 -20 -20 -20 -20 -20 -19 -19 -19 -19 -19 -19 -20 -20 -20 -20 -20 -20 -20 -20 -21 -21 -22 -22 -21 -22 -22 -22 -23 -23 -23 -23 -24 -24 -24 -25 -25 -25 -26 -26 -26 -27 -26 -26 -26 -27 -27 -27 -28 -28 -28 -28 -28
-16 -16 -16 -17 -17 -16 -17 -17 -19 -18 -18 -20 -20 -22 -21 -21 -20 -20 -19 -17 -17 -17 -17 -17 -17 -17 -17 -18 -17 -18 -18 -18 -20 -19 -19 -19 -19 -19 -19 -19 -20 -21 -21 -20 -20 -19 -20 -19 -19 -19 -19 -19 -20 -21 -20 -20 -20 -21 -22 -22 -21 -22 -21 -21 -22 -22 -22 -22 -23 -23 -23 -23 -23 -23 -23 -25 -25 -25 -25 -26 -26 -26 -26 -26 -27 -27 -27 -28 -27 -28 -29 -28 -28 -28 -29
-16 -15 -16 -15 -16 -16 -16 -17 -19 -18 -18 -19 -20 -21 -20 -21 -20 -20 -19 -18 -18 -17 -17 -17 -17 -17 -17 -17 -17 -18 -19 -18 -19 -19 -19 -19 -19 -19 -19 -20 -21 -22 -21 -20 -20 -19 -19 -19 -19 -19 -19 -20 -21 -22 -21 -20 -21 -22 -22 -22 -22 -22 -22 -22 -22 -22 -22 -22 -23 -23 -23 -23 -23 -23 -24 -25 -26 -26 -26 -26 -26 -27 -28 -27 -28 -28 -28 -29 -28 -30 -30 -28 -29 -29 -30
-15 -16 -15 -15 -16 -16 -16 -17 -17 -19 -18 -19 -20 -20 -20 -19 -20 -20 -20 -19 -18 -17 -17 -17 -17 -17 -17 -17 -18 -17 -18 -18 -18 -18 -18 -18 -18 -19 -19 -21 -21 -21 -20 -20 -19 -20 -20 -19 -19 -19 -19 -20 -21 -21 -22 -21 -21 -21 -21 -22 -23 -23 -22 -22 -22 -22 -23 -23 -23 -24 -24 -24 -23 -24 -24 -25 -25 -26 -27 -27 -28 -28 -28 -29 -29 -28 -30 -30 -30 -31 -31 -29 -30 -31 -31
-14 -14 -15 -15 -15 -16 -16 -16 -17 -18 -18 -18 -19 -19 -19 -19 -20 -20 -19 -18 -18 -17 -18 -18 -18 -18 -18 -18 -18 -18 -17 -18 -19 -19 -19 -19 -19 -20 -20 -20 -20 -20 -20 -20 -20 -19 -20 -20 -19 -20 -20 -20 -21 -22 -22 -22 -22 -22 -23 -22 -23 -22 -24 -24 -24 -24 -24 -24 -24 -24 -24 -25 -24 -25 -25 -26 -26 -26 -28 -28 -29 -28 -28 -29 -28 -29 -30 -30 -30 -30 -31 -31 -31 -32 -33
-14 -14 -14 -15 -15 -15 -17 -17 -17 -17 -18 -18 -18 -18 -18 -19 -19 -19 -19 -19 -19 -19 -18 -18 -18 -18 -17 -18 -18 -18 -18 -18 -19 -19 -19 -19 -20 -20 -20 -20 -20 -20 -20 -20 -20 -21 -20 -19 -19 -20 -20 -21 -21 -23 -24 -23 -23 -23 -22 -23 -23 -23 -23 -23 -24 -23 -24 -24 -25 -25 -25 -25 -25 -26 -26 -26 -27 -27 -28 -28 -29 -29 -28 -29 -30 -30 -31 -31 -31 -32 -32 -32 -33 -34 -29
-14 -14 -14 -14 -15 -15 -16 -18 -18 -19 -18 -18 -18 -18 -18 -18 -19 -20 -20 -20 -19 -18 -18 -18 -18 -17 -17 -17 -18 -18 -18 -18 -19 -19 -19 -19 -20 -20 -20 -21 -20 -20 -20 -20 -21 -21 -20 -20 -20 -21 -21 -21 -22 -23 -23 -24 -23 -23 -23 -23 -23 -24 -23 -24 -24 -24 -25 -25 -25 -26 -26 -26 -26 -27 -27 -28 -28 -29 -29 -30 -30 -28 -30 -30 -31 -32 -32 -31 -32 -33 -34 -34 -35 -34 -30
-13 -14 -15 -15 -15 -16 -16 -17 -19 -20 -19 -18 -18 -18 -18 -18 -18 -20 -20 -20 -19 -18 -18 -17 -17 -17 -17 -17 -18 -18 -18 -18 -19 -19 -19 -19 -20 -20 -21 -21 -20 -20 -21 -21 -21 -21 -20 -21 -21 -21 -22 -22 -23 -23 -23 -24 -24 -24 -23 -23 -24 -24 -24 -24 -25 -25 -25 -25 -26 -26 -27 -27 -27 -27 -26 -29 -30 -30 -30 -31 -29 -31 -30 -32 -33 -33 -32 -34 -33 -35 -35 -35 -36 -31 -30
-13 -13 -15 -16 -16 -18 -18 -19 -20 -21 -20 -18 -17 -17 -17 -18 -17 -18 -18 -19 -18 -17 -17 -17 -17 -17 -17 -17 -17 -18 -18 -18 -18 -20 -20 -19 -20 -22 -21 -21 -21 -21 -22 -22 -22 -21 -21 -22 -23 -23 -23 -24 -24 -24 -24 -24 -24 -24 -25 -25 -26 -25 -26 -27 -27 -26 -27 -27 -27 -27 -28 -27 -28 -29 -29 -31 -31 -31 -32 -31 -31 -32 -32 -33 -33 -34 -33 -35 -35 -36 -35 -36 -32 -29 -30
-14 -14 -15 -15 -17 -17 -18 -19 -19 -19 -18 -17 -17 -18 -17 -17 -17 -17 -17 -17 -17 -17 -17 -17 -17 -17 -17 -17 -17 -18 -18 -20 -20 -20 -21 -22 -23 -23 -23 -23 -23 -23 -23 -23 -24 -24 -24 -24 -24 -25 -26 -25 -26 -26 -25 -25 -25 -27 -27 -27 -27 -28 -29 -28 -28 -29 -29 -28 -28 -29 -28 -30 -30 -29 -30 -32 -32 -33 -33 -31 -32 -33 -34 -33 -35 -35 -35 -36 -36 -33 -32 -30 -32 -32 -29
-16 -17 -17 -17 -17 -17 -17 -18 -19 -19 -19 -19 -18 -17 -17 -17 -17 -17 -18 -18 -18 -17 -18 -18 -18 -17 -18 -18 -19 -20 -19 -21 -21 -21 -21 -23 -23 -23 -25 -25 -25 -25 -25 -26 -25 -26 -26 -27 -26 -26 -27 -28 -28 -28 -27 -27 -28 -28 -29 -29 -29 -30 -29 -30 -29 -30 -30 -31 -30 -30 -30 -31 -31 -30 -30 -31 -34 -33 -33 -33 -33 -34 -35 -36 -36 -36 -37 -38 -35 -37 -34 -32 -34 -35 -34
-15 -16 -17 -17 -17 -17 -16 -18 -19 -18 -19 -17 -18 -17 -17 -17 -17 -18 -18 -18 -18 -18 -19 -19 -19 -20 -20 -20 -21 -20 -19 -21 -22 -21 -23 -24 -24 -24 -27 -26 -26 -27 -27 -28 -27 -28 -29 -28 -29 -29 -30 -30 -30 -29 -29 -30 -29 -30 -30 -31 -30 -31 -31 -31 -32 -31 -32 -32 -31 -31 -32 -32 -32 -33 -33 -33 -33 -35 -35 -34 -35 -35 -36 -36 -38 -38 -39 -37 -37 -35 -34 -34 -30 -34 -36
-13 -14 -15 -16 -17 -17 -17 -16 -18 -17 -18 -17 -17 -18 -18 -17 -17 -18 -19 -19 -20 -20 -20 -20 -20 -21 -21 -21 -20 -20 -20 -21 -24 -22 -25 -26 -26 -24 -27 -29 -29 -28 -28 -29 -29 -28 -30 -31 -30 -31 -32 -32 -32 -31 -30 -32 -31 -32 -33 -34 -33 -34 -34 -34 -35 -33 -34 -33 -34 -34 -33 -33 -34 -34 -32 -34 -35 -36 -37 -37 -37 -38 -38 -39 -38 -39 -38 -37 -37 -37 -36 -35 -31 -33 -36
-13 -14 -16 -16 -16 -15 -15 -17 -17 -16 -16 -16 -16 -17 -18 -18 -17 -18 -19 -19 -19 -19 -19 -19 -20 -20 -20 -20 -21 -21 -21 -22 -23 -24 -26 -26 -27 -25 -27 -28 -27 -26 -26 -28 -28 -29 -28 -27 -28 -30 -31 -31 -33 -33 -34 -34 -35 -36 -34 -34 -35 -36 -35 -36 -36 -36 -36 -35 -35 -35 -34 -33 -33 -35 -35 -37 -36 -37 -36 -36 -36 -36 -37 -38 -37 -37 -38 -38 -38 -39 -38 -35 -34 -30 -35
-14 -14 -15 -16 -15 -15 -15 -15 -17 -16 -15 -17 -17 -18 -18 -17 -17 -17 -17 -18 -18 -18 -18 -21 -19 -20 -21 -21 -22 -23 -24 -24 -24 -24 -24 -24 -26 -27 -28 -29 -30 -27 -25 -27 -26 -26 -26 -27 -31 -29 -32 -33 -34 -36 -33 -33 -32 -34 -31 -33 -34 -33 -32 -34 -33 -32 -33 -34 -35 -33 -34 -34 -35 -35 -34 -33 -36 -34 -36 -36 -36 -38 -38 -36 -38 -38 -37 -36 -38 -40 -38 -38 -36 -35 -32
-14 -15 -15 -16 -16 -14 -14 -14 -14 -16 -16 -17 -18 -19 -18 -16 -17 -18 -16 -17 -18 -19 -20 -21 -21 -22 -23 -24 -24 -23 -22 -21 -21 -22 -23 -23 -24 -26 -27 -26 -27 -25 -24 -25 -26 -27 -29 -32 -33 -29 -32 -36 -37 -38 -35 -35 -34 -33 -35 -33 -32 -32 -32 -32 -32 -32 -32 -33 -32 -34 -32 -36 -35 -31 -31 -31 -33 -33 -32 -32 -34 -33 -36 -35 -36 -36 -34 -35 -37 -39 -38 -39 -39 -37 -34
-14 -15 -15 -14 -14 -15 -16 -15 -16 -16 -16 -18 -18 -17 -17 -16 -16 -16 -17 -18 -19 -19 -19 -22 -24 -23 -23 -22 -21 -22 -20 -21 -21 -21 -21 -22 -22 -23 -24 -24 -23 -24 -24 -26 -27 -29 -28 -30 -32 -30 -33 -38 -39 -37 -34 -35 -39 -37 -34 -33 -34 -35 -34 -36 -36 -35 -36 -32 -31 -31 -32 -32 -34 -37 -33 -38 -36 -35 -33 -36 -35 -34 -34 -34 -35 -36 -34 -36 -35 -36 -38 -37 -38 -39 -37
-14 -15 -15 -15 -14 -14 -16 -14 -16 -16 -18 -16 -15 -14 -15 -16 -17 -17 -18 -19 -18 -20 -22 -23 -22 -21 -21 -22 -21 -20 -20 -19 -23 -22 -21 -21 -22 -22 -22 -24 -25 -25 -26 -28 -28 -29 -30 -31 -33 -32 -34 -33 -38 -35 -36 -34 -37 -36 -37 -34 -33 -33 -33 -33 -34 -37 -37 -36 -34 -32 -35 -35 -35 -37 -37 -36 -38 -37 -35 -34 -36 -35 -35 -39 -38 -37 -39 -35 -40 -37 -35 -38 -40 -38 -35
-17 -17 -17 -17 -16 -13 -15 -13 -15 -14 -16 -15 -15 -15 -15 -18 -18 -18 -19 -21 -22 -21 -19 -20 -21 -20 -19 -19 -19 -19 -20 -20 -22 -23 -23 -23 -24 -23 -23 -23 -26 -29 -29 -33 -31 -30 -31 -32 -34 -35 -33 -32 -34 -35 -37 -37 -35 -37 -37 -35 -36 -35 -36 -37 -36 -34 -39 -38 -37 -37 -38 -37 -37 -39 -40 -37 -37 -36 -36 -35 -37 -38 -37 -36 -35 -37 -40 -37 -37 -39 -40 -35 -39 -37 -37
-16 -16 -14 -15 -13 -13 -14 -13 -14 -14 -15 -16 -18 -17 -17 -20 -18 -19 -21 -22 -20 -19 -18 -19 -18 -18 -18 -18 -20 -21 -22 -21 -22 -22 -23 -23 -24 -24 -24 -24 -25 -27 -33 -32 -32 -30 -33 -35 -34 -35 -35 -33 -35 -37 -38 -37 -36 -40 -39 -36 -35 -39 -35 -39 -40 -36 -36 -34 -34 -34 -36 -36 -36 -40 -41 -40 -37 -36 -37 -37 -38 -40 -40 -37 -38 -37 -36 -36 -39 -38 -41 -38 -35 -41 -37
-14 -17 -17 -13 -12 -12 -12 -13 -12 -15 -17 -19 -20 -21 -20 -22 -21 -23 -20 -19 -22 -20 -17 -19 -18 -17 -20 -20 -21 -21 -22 -22 -21 -23 -23 -23 -25 -24 -24 -24 -26 -28 -27 -28 -31 -31 -34 -36 -35 -37 -37 -34 -32 -32 -33 -34 -37 -40 -38 -35 -36 -40 -39 -38 -37 -36 -37 -37 -37 -38 -38 -39 -37 -38 -38 -40 -40 -36 -38 -37 -37 -40 -37 -41 -39 -36 -42 -40 -37 -36 -41 -40 -38 -35 -37
-11 -13 -13 -11 -13 -13 -15 -17 -12 -14 -15 -16 -21 -21 -22 -18 -18 -22 -21 -21 -19 -21 -17 -18 -17 -17 -19 -22 -24 -24 -21 -21 -21 -22 -23 -23 -24 -26 -24 -27 -26 -24 -26 -30 -31 -29 -30 -32 -35 -36 -36 -32 -33 -33 -31 -32 -33 -33 -34 -33 -35 -37 -38 -39 -38 -41 -37 -40 -41 -42 -42 -40 -40 -37 -41 -40 -43 -37 -39 -38 -39 -37 -38 -38 -41 -39 -37 -40 -41 -43 -43 -40 -41 -37 -36
-11 -11 -13 -14 -19 -17 -17 -17 -14 -12 -20 -18 -20 -20 -16 -16 -24 -15 -15 -15 -16 -16 -16 -17 -17 -18 -19 -20 -20 -23 -22 -22 -22 -21 -22 -26 -26 -27 -29 -26 -25 -26 -23 -26 -30 -28 -31 -31 -37 -35 -34 -33 -32 -32 -30 -32 -32 -31 -32 -37 -36 -40 -40 -42 -40 -40 -39 -39 -38 -40 -43 -41 -42 -40 -39 -42 -41 -39 -40 -36 -43 -41 -42 -39 -42 -41 -38 -44 -41 -42 -41 -40 -41 -42 -38
-14 -13 -14 -16 -16 -19 -16 -15 -15 -12 -19 -20 -16 -20 -20 -17 -14 -16 -16 -15 -17 -17 -16 -18 -18 -19 -22 -24 -21 -23 -22 -23 -25 -23 -26 -27 -27 -30 -28 -26 -25 -28 -26 -25 -28 -31 -33 -34 -36 -38 -39 -35 -37 -33 -31 -35 -33 -32 -30 -33 -38 -37 -43 -43 -43 -41 -43 -42 -42 -42 -43 -44 -42 -41 -43 -43 -42 -42 -39 -43 -40 -45 -45 -42 -43 -43 -44 -44 -43 -43 -43 -44 -43 -41 -38
-14 -17 -14 -14 -17 -19 -18 -15 -12 -12 -14 -16 -17 -12 -12 -14 -13 -15 -15 -15 -15 -18 -19 -22 -23 -22 -21 -23 -23 -26 -23 -25 -26 -24 -23 -26 -28 -29 -28 -28 -26 -31 -28 -25 -28 -33 -33 -38 -39 -36 -39 -40 -41 -37 -31 -36 -38 -39 -33 -33 -33 -35 -42 -42 -38 -37 -37 -38 -43 -42 -46 -45 -45 -43 -45 -46 -45 -43 -46 -45 -48 -45 -44 -44 -44 -44 -45 -43 -43 -43 -44 -43 -43 -39 -38
-16 -17 -15 -12 -18 -17 -13 -17 -16 -14 -12 -11 -14 -11 -15 -12 -12 -14 -16 -15 -15 -15 -19 -20 -20 -22 -22 -24 -24 -26 -24 -26 -25 -24 -25 -29 -32 -30 -25 -28 -32 -33 -32 -30 -32 -33 -39 -33 -37 -40 -38 -43 -40 -43 -38 -35 -40 -39 -37 -33 -36 -34 -34 -38 -33 -33 -32 -36 -39 -42 -39 -43 -46 -48 -49 -46 -48 -46 -50 -49 -45 -47 -47 -48 -44 -43 -43 -48 -47 -44 -46 -41 -39 -42 -41
-16 -16 -16 -17 -16 -18 -15 -16 -15 -17 -14 -15 -11 -11 -12 -14 -13 -14 -15 -18 -17 -15 -15 -18 -22 -24 -25 -23 -25 -26 -28 -25 -27 -25 -26 -26 -30 -29 -26 -29 -31 -31 -29 -29 -29 -31 -33 -34 -35 -41 -39 -41 -39 -37 -33 -38 -41 -40 -37 -36 -36 -37 -36 -36 -34 -36 -34 -35 -34 -42 -46 -49 -48 -46 -49 -51 -48 -45 -46 -49 -48 -46 -42 -38 -38 -37 -44 -46 -43 -45 -43 -41 -40 -41 -42
-14 -17 -16 -16 -14 -18 -16 -16 -15 -15 -16 -13 -11 -11 -16 -17 -16 -14 -15 -19 -17 -17 -16 -17 -18 -21 -24 -22 -22 -21 -23 -24 -24 -25 -25 -27 -28 -30 -29 -28 -30 -33 -37 -32 -30 -30 -30 -34 -40 -39 -41 -39 -38 -35 -38 -38 -41 -42 -42 -37 -36 -39 -39 -38 -42 -37 -34 -37 -44 -45 -42 -46 -43 -47 -45 -46 -42 -42 -44 -45 -40 -42 -44 -42 -36 -41 -40 -42 -43 -45 -44 -43 -42 -44 -46
-17 -15 -18 -18 -15 -18 -17 -18 -18 -15 -18 -17 -15 -16 -18 -19 -15 -13 -13 -16 -18 -19 -21 -16 -17 -19 -21 -18 -18 -19 -22 -22 -25 -32 -30 -32 -32 -31 -33 -35 -33 -33 -39 -36 -36 -31 -32 -34 -38 -38 -38 -39 -38 -33 -39 -41 -45 -45 -37 -40 -39 -43 -43 -44 -43 -39 -36 -37 -43 -42 -46 -40 -41 -40 -44 -42 -39 -41 -39 -40 -36 -45 -42 -37 -36 -36 -42 -37 -46 -46 -47 -49 -47 -46 -44
-17 -15 -16 -18 -14 -18 -17 -17 -18 -15 -16 -17 -15 -16 -14 -15 -14 -15 -14 -19 -20 -19 -19 -19 -15 -17 -22 -18 -24 -19 -23 -29 -26 -30 -29 -35 -30 -31 -39 -36 -41 -36 -43 -43 -39 -34 -30 -34 -37 -40 -41 -36 -37 -36 -36 -42 -46 -45 -41 -42 -44 -46 -47 -48 -47 -45 -37 -36 -37 -39 -43 -38 -38 -39 -38 -37 -41 -44 -38 -41 -40 -36 -34 -37 -38 -37 -37 -39 -37 -37 -38 -42 -49 -47 -50
-20 -18 -17 -18 -16 -17 -16 -15 -16 -14 -13 -14 -15 -14 -12 -14 -20 -21 -22 -14 -15 -20 -20 -21 -19 -16 -16 -22 -30 -18 -27 -29 -24 -28 -31 -37 -38 -34 -37 -35 -32 -39 -44 -37 -35 -36 -30 -34 -40 -38 -42 -38 -37 -39 -34 -40 -39 -46 -48 -48 -48 -47 -47 -43 -39 -41 -39 -38 -38 -38 -39 -37 -36 -37 -38 -40 -36 -37 -36 -37 -39 -41 -42 -38 -42 -41 -38 -36 -35 -35 -37 -45 -47 -45 -45
-20 -18 -18 -20 -18 -18 -18 -16 -14 -12 -13 -13 -12 -16 -17 -22 -23 -22 -16 -19 -19 -16 -24 -24 -27 -22 -23 -31 -24 -18 -20 -35 -32 -32 -35 -37 -33 -36 -36 -34 -35 -41 -35 -37 -34 -32 -29 -33 -33 -38 -36 -36 -40 -43 -35 -41 -44 -45 -43 -46 -50 -47 -42 -45 -49 -40 -38 -41 -42 -38 -38 -40 -42 -40 -39 -39 -42 -42 -41 -43 -45 -45 -42 -36 -37 -37 -42 -38 -41 -43 -48 -41 -41 -45 -49
-16 -17 -20 -21 -18 -18 -18 -15 -15 -12 -12 -17 -21 -22 -17 -20 -21 -22 -25 -25 -22 -17 -25 -28 -25 -26 -30 -30 -29 -22 -20 -34 -28 -31 -33 -34 -32 -37 -36 -37 -37 -35 -31 -32 -29 -30 -29 -35 -35 -37 -36 -37 -44 -43 -39 -37 -41 -40 -43 -43 -44 -44 -43 -41 -41 -39 -40 -43 -41 -41 -42 -45 -45 -35 -43 -37 -43 -51 -45 -46 -39 -41 -38 -37 -39 -41 -44 -45 -45 -48 -53 -41 -39 -41 -52
-20 -19 -22 -22 -19 -17 -18 -19 -15 -15 -21 -22 -23 -20 -21 -23 -22 -26 -22 -23 -22 -17 -26 -29 -23 -19 -26 -30 -32 -24 -20 -35 -34 -35 -35 -36 -34 -39 -39 -38 -40 -34 -33 -29 -31 -29 -30 -35 -35 -40 -37 -37 -38 -37 -37 -37 -41 -38 -38 -45 -46 -44 -47 -45 -40 -45 -45 -46 -44 -45 -42 -42 -48 -44 -46 -39 -41 -39 -37 -44 -44 -44 -42 -39 -40 -41 -43 -56 -38 -38 -50 -40 -46 -50 -47
-21 -21 -19 -18 -18 -21 -17 -19 -19 -15 -24 -23 -20 -18 -19 -26 -26 -28 -26 -24 -23 -17 -22 -25 -23 -21 -30 -34 -33 -23 -19 -18 -29 -31 -35 -36 -32 -38 -36 -39 -35 -33 -29 -29 -31 -31 -30 -33 -37 -41 -36 -38 -40 -37 -40 -37 -41 -44 -44 -41 -43 -45 -46 -50 -52 -48 -48 -49 -50 -57 -46 -45 -48 -41 -45 -41 -48 -42 -39 -43 -43 -42 -39 -42 -47 -44 -43 -49 -40 -37 -43 -43 -50 -54 -53
-18 -16 -17 -17 -17 -16 -17 -18 -19 -14 -18 -18 -24 -19 -23 -28 -27 -29 -29 -27 -27 -20 -21 -23 -29 -25 -27 -31 -37 -33 -20 -23 -24 -26 -28 -29 -28 -32 -38 -36 -38 -34 -29 -28 -32 -30 -31 -33 -34 -36 -34 -36 -39 -39 -40 -42 -38 -39 -49 -49 -48 -45 -55 -49 -52 -47 -48 -57 -58 -51 -47 -50 -45 -46 -45 -44 -44 -42 -43 -44 -45 -51 -41 -38 -53 -49 -41 -52 -38 -40 -42 -44 -45 -57 -50
-16 -17 -14 -14 -16 -17 -20 -22 -18 -21 -22 -19 -21 -22 -27 -25 -27 -29 -28 -27 -28 -18 -25 -30 -32 -30 -26 -32 -33 -32 -24 -27 -21 -29 -32 -29 -29 -32 -41 -33 -31 -29 -29 -30 -30 -31 -35 -35 -38 -37 -36 -35 -39 -39 -43 -44 -44 -40 -42 -47 -46 -46 -53 -48 -50 -46 -42 -44 -53 -53 -52 -49 -44 -44 -45 -43 -43 -42 -50 -48 -47 -57 -41 -43 -52 -50 -47 -46 -39 -40 -42 -47 -45 -45 -57
-15 -15 -15 -17 -21 -24 -23 -24 -19 -19 -25 -24 -18 -24 -23 -28 -29 -27 -22 -25 -21 -20 -22 -24 -24 -30 -28 -30 -29 -34 -27 -28 -24 -24 -24 -28 -32 -35 -35 -33 -29 -30 -28 -34 -34 -36 -35 -39 -36 -40 -38 -36 -40 -42 -43 -43 -42 -43 -45 -54 -48 -49 -55 -52 -56 -54 -45 -44 -46 -48 -52 -51 -45 -45 -44 -47 -50 -43 -51 -56 -52 -46 -38 -41 -54 -44 -50 -50 -39 -41 -43 -53 -49 -50 -58
