DE_airtemperature/2010/2010_11_air_temp_min.asc
NCOLS 654
NROWS 866
XLLCORNER 3280414.711633467
YLLCORNER 5237500.62890625
CELLSIZE 1000
NODATA_VALUE -999
[rows 324 to 377 of 866, columns 288 to 383 of 654]
24 25 25 25 25 25 22 24 24 25 22 22 23 24 24 25 25 26 25 25 25 25 26 25 25 25 25 25 25 25 24 24 23 23 23 23 25 25 25 25 25 24 23 20 19 17 22 23 23 23 23 23 23 23 22 20 20 21 19 19 18 16 15 15 17 19 21 22 23 23 23 23 22 22 22 21 20 19 18 18 19 20 21 22 22 21 20 20 22 22 22 22 21 22 23 23
23 20 23 23 24 24 23 22 22 23 23 24 25 25 26 25 25 24 23 24 24 24 25 26 26 25 25 25 25 25 25 24 23 22 21 21 24 25 25 25 23 24 24 22 20 19 20 21 20 22 22 22 22 23 22 22 20 21 20 20 20 19 19 19 19 21 23 23 23 23 23 23 23 22 21 21 21 21 20 19 18 19 21 20 21 21 21 20 20 21 22 22 22 22 22 23
25 23 24 23 23 21 23 24 24 23 21 25 26 26 26 26 25 22 23 18 21 23 24 24 25 25 25 25 25 25 25 25 24 23 20 22 23 25 25 24 24 24 23 23 22 21 21 19 19 21 21 22 22 23 23 22 21 21 21 21 22 22 22 22 22 23 23 23 23 23 23 23 22 23 22 22 22 21 20 19 20 20 19 19 20 21 21 20 21 21 21 22 22 22 23 23
27 26 25 25 24 25 26 25 24 25 25 26 25 25 22 22 23 21 23 22 20 21 20 21 24 25 25 25 25 25 25 25 24 23 19 20 22 24 25 25 25 25 24 23 22 23 21 21 21 21 21 22 23 23 23 23 22 22 22 22 22 22 22 22 23 23 23 23 23 23 23 22 22 22 22 22 22 22 21 21 21 20 19 19 19 20 19 20 21 21 22 22 22 23 22 24
28 27 27 26 25 26 27 27 26 26 26 26 26 26 25 24 25 24 20 22 23 22 21 23 24 24 24 25 25 25 25 25 24 24 21 20 22 24 25 25 25 25 24 24 24 23 23 22 21 21 22 23 22 23 23 23 22 22 22 23 23 23 23 23 24 24 23 22 22 22 21 22 22 22 22 22 23 22 22 21 20 20 18 18 19 19 19 20 21 22 22 22 23 23 23 23
27 28 28 27 27 27 26 26 25 26 26 25 25 26 26 25 22 24 24 24 24 23 20 20 21 24 24 25 25 25 25 25 24 24 23 20 22 24 25 25 25 24 24 23 23 23 23 22 22 22 21 22 22 23 23 23 22 21 22 21 22 23 23 24 23 24 24 24 23 23 23 23 23 23 23 23 23 23 22 22 21 20 20 20 19 19 18 20 21 21 23 22 22 23 22 23
26 25 28 26 22 23 22 23 24 21 26 25 25 23 25 25 26 26 25 25 24 24 22 20 19 20 23 24 24 24 25 24 24 24 23 21 22 24 25 24 23 23 24 24 24 24 23 24 22 23 23 22 22 22 23 23 24 23 19 21 22 23 23 23 23 24 25 24 24 24 23 24 24 24 23 23 23 23 22 22 22 21 22 21 19 20 19 19 20 21 22 23 23 23 23 23
25 24 27 25 19 21 23 24 25 25 26 25 25 24 21 24 25 25 25 25 25 25 23 21 19 21 21 24 24 24 24 24 24 24 23 22 23 24 25 24 25 25 24 23 23 23 24 23 23 23 23 23 23 22 23 23 23 24 22 22 21 23 23 24 24 25 25 25 24 25 24 24 24 24 23 23 23 22 22 22 22 22 22 22 22 20 19 21 22 22 22 23 23 23 22 24
24 26 25 25 26 21 24 23 22 26 25 25 25 25 21 22 25 26 25 25 24 24 22 21 18 22 22 24 24 25 25 24 24 23 23 23 23 25 25 24 24 25 24 24 23 24 24 24 23 23 23 23 23 22 22 23 24 23 24 24 24 23 25 25 25 25 25 25 25 25 24 24 24 23 23 23 23 23 23 23 23 23 23 22 21 22 22 22 23 23 23 23 23 22 24 24
27 24 19 21 22 25 24 19 25 26 23 24 24 23 21 21 24 25 25 25 24 24 24 21 21 22 23 24 24 25 25 24 23 23 24 24 25 25 25 25 24 25 23 23 24 25 25 25 25 24 24 24 24 24 24 24 24 24 24 24 24 24 25 24 25 25 25 25 25 25 25 24 24 24 24 24 24 24 24 24 24 23 22 23 23 23 23 23 23 23 23 23 23 23 23 24
27 22 24 23 23 24 22 24 26 25 23 22 24 24 23 19 22 25 25 25 24 24 23 23 23 24 24 24 24 25 25 25 24 23 25 26 26 25 25 25 25 25 25 25 25 25 25 24 24 24 24 25 25 24 23 24 24 24 24 23 25 24 24 24 24 25 25 25 25 25 25 25 24 24 24 24 24 24 24 24 24 24 24 23 24 24 24 23 23 23 24 23 23 23 24 24
27 25 25 24 20 23 25 26 27 26 24 22 23 24 21 19 21 23 25 25 25 25 24 24 23 23 23 23 25 25 25 24 25 25 25 24 25 25 25 25 24 24 25 25 25 25 25 21 21 21 21 23 24 24 23 25 24 24 24 24 24 24 23 24 23 24 24 24 25 25 25 25 25 25 24 24 24 24 24 24 24 24 24 24 24 24 24 24 24 24 24 24 24 23 23 24
26 24 23 25 25 26 26 27 27 27 26 24 22 23 21 18 19 22 24 25 25 25 25 24 23 20 21 20 23 25 25 24 25 24 23 23 24 25 25 24 23 25 23 25 24 22 22 17 17 18 19 21 23 24 23 24 24 25 24 24 24 24 23 23 23 23 23 23 23 24 24 25 25 25 25 24 23 23 23 24 24 24 24 24 24 24 24 24 24 24 24 24 23 24 24 25
25 24 25 24 25 26 26 26 26 26 26 24 22 21 21 20 19 21 24 24 24 25 25 24 24 23 21 17 22 24 24 23 24 23 23 23 25 25 25 24 23 23 23 22 24 23 19 20 18 16 17 19 22 23 24 24 24 24 23 23 23 23 23 23 22 23 23 23 23 24 24 25 25 25 24 23 23 23 23 24 24 24 24 24 24 24 24 24 24 24 24 24 24 24 24 25
25 23 24 25 24 25 26 26 27 26 26 26 24 22 23 21 20 21 23 24 23 21 22 23 24 24 23 22 22 21 24 23 23 24 23 24 25 25 25 24 23 23 24 23 22 23 22 21 19 17 16 17 21 23 24 23 23 23 22 22 22 23 22 23 23 23 23 23 24 23 23 24 24 24 24 24 23 23 23 24 24 24 24 24 24 24 24 24 24 24 24 24 24 24 25 25
25 23 23 24 23 24 25 25 27 26 26 25 24 23 23 24 21 24 24 21 20 19 19 22 23 24 23 23 22 20 23 23 23 22 23 24 25 24 25 24 24 23 23 24 24 22 23 21 21 19 17 17 20 22 23 23 23 20 20 20 22 22 22 22 23 23 23 23 24 24 24 24 23 24 23 23 23 23 23 23 24 24 24 24 24 24 24 24 24 24 24 23 24 24 24 26
23 23 23 20 21 21 23 24 26 26 26 25 25 23 23 24 23 24 23 22 21 18 20 22 23 23 23 22 21 19 20 23 22 22 23 23 23 24 24 23 23 23 24 24 24 24 23 23 23 21 20 20 21 23 24 23 22 19 17 18 20 22 22 22 22 23 23 23 23 23 23 22 22 22 21 22 22 22 22 23 24 24 24 24 24 24 24 23 24 24 24 23 23 24 25 26
21 24 25 20 19 20 23 24 25 25 25 25 24 21 22 23 24 25 23 22 22 19 21 22 22 23 23 23 20 18 18 20 22 23 23 23 23 24 23 22 23 23 23 23 23 24 24 24 23 23 21 22 22 23 22 22 23 21 19 18 19 21 21 21 22 22 22 22 22 22 22 19 19 20 21 21 22 23 24 24 24 24 24 23 23 23 23 23 23 23 24 23 23 24 24 25
20 24 24 24 22 20 20 24 25 26 26 25 24 21 21 22 24 24 24 22 21 20 21 21 22 22 21 22 20 20 18 17 19 22 23 21 19 22 21 22 23 23 22 22 22 22 23 22 23 23 23 22 22 22 22 22 22 22 20 19 17 18 20 21 19 18 18 18 19 18 18 19 20 20 21 23 23 23 24 24 24 24 23 23 23 23 23 23 23 23 24 23 23 24 24 24
21 24 22 23 21 23 23 24 25 26 23 22 23 23 23 20 24 24 24 22 20 19 20 21 21 21 21 21 20 18 18 17 18 20 22 22 22 20 19 20 23 23 22 22 22 22 21 21 22 22 23 23 22 22 22 23 23 21 20 19 17 17 17 18 20 17 17 18 18 17 18 19 19 19 20 20 22 23 24 23 24 24 24 23 24 24 23 23 23 24 24 23 23 24 24 24
23 22 23 18 23 21 22 23 23 26 25 22 20 19 18 22 23 23 22 21 22 19 20 21 21 21 20 20 19 19 18 20 21 21 22 22 23 23 22 23 23 22 22 22 21 21 20 20 22 22 23 23 23 22 22 22 23 23 22 20 18 17 16 17 14 18 18 16 13 18 18 21 22 21 21 22 23 24 24 23 24 23 24 24 24 23 23 23 23 23 24 24 24 24 24 24
23 21 21 22 21 23 24 24 25 25 23 22 20 21 20 22 22 22 20 20 20 19 19 20 20 21 20 20 20 20 19 21 21 20 21 22 23 23 22 21 22 22 21 21 21 21 20 19 20 22 22 22 22 21 22 21 22 22 21 21 20 19 19 20 18 18 18 19 20 21 21 23 23 23 23 23 24 24 25 24 24 23 24 24 23 23 22 21 21 22 22 23 24 24 24 24
23 24 20 21 21 22 25 26 26 25 24 21 19 17 17 20 19 18 14 12 14 19 20 20 19 19 20 19 19 19 19 19 19 20 20 22 22 21 23 21 21 22 21 21 21 20 19 19 20 21 21 22 22 21 22 21 21 22 22 21 20 19 19 21 21 21 20 21 21 22 22 23 23 23 24 24 24 24 24 24 23 24 23 22 23 23 22 22 22 21 21 22 23 24 24 24
24 24 23 20 22 23 23 25 27 26 25 23 21 22 22 19 16 13 15 5 9 14 19 20 20 20 20 19 19 18 18 17 18 18 20 21 20 20 22 21 22 23 21 21 20 20 19 18 19 21 21 22 22 21 21 21 21 21 22 22 20 20 20 20 21 21 22 22 22 22 23 23 23 23 24 24 24 24 24 24 25 24 23 22 21 22 22 21 21 21 21 21 21 23 24 23
25 24 25 22 21 21 25 25 26 26 25 25 24 24 22 18 12 14 9 12 17 19 16 19 18 19 19 19 19 18 17 16 16 17 19 20 19 20 21 21 22 22 20 20 20 19 19 18 18 20 21 21 21 20 21 20 20 20 20 22 22 21 20 21 21 21 21 22 22 23 23 23 23 24 23 23 24 24 24 24 24 24 24 22 21 20 21 21 19 19 20 21 22 21 23 23
24 25 25 24 23 20 20 24 25 25 26 26 24 24 22 18 8 6 15 18 18 17 18 15 13 14 15 9 14 16 16 17 18 19 19 19 19 19 20 21 21 20 19 19 19 19 18 17 17 20 20 21 20 20 20 20 20 20 20 20 21 21 20 21 21 22 22 22 22 23 23 23 23 23 23 23 23 24 24 24 24 24 24 23 22 22 20 20 19 19 18 18 20 21 22 21
25 26 25 26 24 22 19 18 24 25 25 23 23 24 21 17 11 8 12 18 14 17 17 14 15 13 14 8 13 15 16 14 16 19 19 15 17 19 19 20 19 19 17 17 17 18 18 17 19 19 20 20 20 20 20 19 19 20 20 20 20 20 20 21 21 22 22 22 23 23 23 23 22 23 23 23 23 24 24 24 24 24 24 24 23 21 21 20 19 19 18 18 18 19 21 22
25 26 26 26 25 24 21 20 21 26 25 24 23 22 19 13 10 9 15 17 12 14 13 12 13 12 14 9 14 11 4 8 7 17 9 15 16 17 18 18 17 15 13 13 16 17 17 18 19 19 19 19 19 19 19 19 19 19 19 20 20 20 20 21 22 22 22 23 22 22 22 23 23 23 23 23 23 24 24 24 24 24 24 24 24 23 21 20 21 19 18 18 17 18 20 21
23 25 25 26 25 24 22 20 23 26 23 24 23 23 20 16 9 5 8 14 15 9 4 9 8 7 7 8 0 11 4 5 10 13 4 5 12 15 16 15 15 12 2 4 16 17 15 17 18 18 19 19 18 19 18 19 19 19 19 20 20 20 21 22 21 22 22 22 22 22 23 23 21 23 23 23 23 24 24 24 24 23 24 24 24 24 23 21 20 21 19 18 19 18 19 20
24 23 25 22 23 23 21 20 21 25 24 24 23 21 16 14 15 10 7 14 11 6 5 2 5 6 6 9 2 7 1 0 7 7 0 2 5 9 10 8 11 2 6 13 11 12 16 17 17 16 18 18 18 18 18 19 19 19 19 20 21 21 21 21 20 21 21 21 21 22 22 22 22 22 22 23 23 23 23 23 23 23 23 23 23 23 24 23 21 20 21 20 20 19 18 19
26 27 27 27 23 22 23 22 20 25 24 24 23 21 16 10 6 6 4 9 12 4 1 0 5 -2 -2 1 0 3 0 -2 4 5 1 -1 3 2 8 8 7 2 12 7 3 4 15 15 15 16 17 17 18 18 18 18 19 20 20 20 20 21 21 21 20 19 21 21 22 22 23 21 21 22 23 22 22 22 23 23 23 23 23 23 23 23 24 24 23 22 21 21 20 20 19 19
26 23 24 25 25 25 24 22 20 23 22 22 22 21 19 13 10 5 4 15 3 5 3 1 0 -4 4 -7 -2 1 2 4 11 1 1 -2 0 2 9 2 3 5 8 1 2 6 10 5 8 14 14 17 18 19 19 18 18 19 19 19 20 20 20 21 20 19 20 20 21 21 22 19 22 21 22 24 24 23 21 22 24 24 23 22 23 24 24 24 23 23 23 22 21 21 21 20
25 23 20 22 25 24 24 23 23 22 21 22 22 21 18 14 6 2 10 10 4 5 4 2 0 -3 -8 -4 -2 -3 3 4 2 0 -2 -2 -1 4 6 1 2 3 2 3 1 6 13 0 7 12 15 16 18 19 18 18 18 17 18 18 19 19 20 21 20 19 20 21 20 19 21 22 21 22 22 23 24 24 23 22 23 24 24 23 24 24 23 24 23 23 23 22 22 23 22 22
22 25 20 19 20 23 23 24 23 20 21 20 22 21 18 13 13 4 11 1 8 3 1 0 2 -4 -5 1 2 3 5 8 6 3 2 -2 0 -1 3 -2 0 -2 -2 2 7 10 1 5 2 4 4 12 13 15 17 17 17 13 16 16 18 18 20 21 20 20 21 20 20 19 19 18 22 20 23 22 24 24 24 24 23 23 24 24 24 23 23 24 24 24 24 23 23 23 23 23
27 23 19 17 19 17 20 20 21 21 19 20 18 19 18 16 7 7 4 8 10 5 4 2 1 1 1 4 3 3 7 4 7 7 4 -4 -3 -1 0 -4 -2 -2 -3 -2 1 0 -1 -1 1 6 9 11 17 13 12 13 18 6 16 12 15 14 15 17 20 20 20 19 21 21 20 21 22 23 23 23 24 23 25 25 24 24 25 23 23 23 23 23 24 24 23 22 22 23 23 23
26 26 22 19 20 21 21 20 21 19 17 17 14 20 19 15 13 4 8 9 1 0 1 -2 -1 -2 2 1 3 3 3 6 6 2 -1 1 -5 -3 -3 -5 -4 -5 -9 -5 0 -3 -6 -3 -1 8 10 14 13 10 7 5 10 9 7 11 10 10 15 16 17 18 19 21 21 20 19 21 21 22 24 24 24 24 25 25 24 25 25 23 23 23 23 23 23 22 23 22 22 22 22 22
26 27 25 24 19 17 20 22 22 20 18 15 20 20 18 15 9 14 3 5 1 2 3 2 0 -1 1 1 2 2 3 1 0 0 0 1 -7 -9 -6 -8 -5 -10 -18 -9 -6 -4 -7 -2 0 1 4 4 3 6 5 9 7 9 6 6 7 10 10 16 17 17 18 18 20 20 21 22 22 21 22 22 24 24 23 23 25 25 24 23 23 23 22 22 22 23 22 22 22 22 21 22
20 24 26 22 20 20 21 23 23 22 16 14 20 20 15 14 16 14 10 2 4 4 1 1 0 0 -2 0 1 3 3 4 1 -1 -3 -4 -4 -12 -11 -10 -11 -15 -23 -22 -12 -13 -8 -5 -3 -2 0 8 3 3 4 4 5 4 5 6 6 8 13 12 14 16 18 19 21 21 21 22 21 20 20 21 22 23 25 25 25 24 24 23 23 23 23 23 22 23 22 22 22 22 21 21
21 22 20 26 25 24 23 24 25 24 22 19 18 21 20 17 14 14 7 6 3 3 -1 -3 -2 -3 -2 -2 1 1 2 2 -2 -3 -9 -15 -11 -11 -12 -13 -15 -16 -21 -24 -16 -15 -6 -16 -12 -3 -2 3 2 4 3 2 3 3 4 4 7 9 7 11 11 13 17 18 20 20 21 20 21 21 21 21 22 21 24 24 24 24 22 23 23 23 23 22 21 21 22 22 22 21 21 21
20 22 23 26 26 26 25 25 23 24 21 18 18 21 20 18 17 13 5 1 3 2 0 -1 0 -1 -2 -3 -2 2 1 -3 -2 -10 -15 -16 -11 -9 -12 -14 -16 -17 -21 -17 -21 -16 -15 -11 -15 -8 -1 3 3 2 2 3 3 3 3 4 3 4 4 7 8 12 13 15 16 20 21 19 20 21 22 22 23 23 24 23 22 23 20 19 21 21 21 21 21 21 21 20 21 21 20 20
24 24 25 25 23 24 23 23 25 24 19 19 19 22 20 20 18 15 8 2 1 3 0 1 0 -1 2 -1 4 2 -2 -4 -10 -14 -16 -15 -11 -8 -11 -13 -12 -13 -11 -16 -10 -11 -15 -9 -6 -5 1 2 2 2 3 4 4 4 3 2 3 3 4 5 11 10 15 15 15 17 18 19 20 20 20 22 23 23 23 22 22 22 21 21 20 20 20 20 20 20 21 20 21 21 21 20
25 24 24 24 23 20 20 20 23 24 20 18 22 23 22 21 18 13 8 5 5 3 2 -1 -2 -1 3 3 3 3 2 -10 -13 -10 -10 -11 -10 -8 -10 -14 -12 -11 -10 -7 -6 -6 -8 -3 -3 -1 2 3 3 3 3 3 3 4 3 4 7 3 2 4 7 11 13 15 16 17 17 19 21 21 21 21 23 21 21 20 21 20 20 21 21 20 19 20 20 21 20 20 20 20 20 20
25 24 23 22 22 18 17 20 25 22 21 17 23 23 18 20 17 16 12 11 10 5 6 6 3 6 6 9 6 -1 -5 -8 -12 -2 -7 -9 -11 -6 -6 -12 -12 -9 -14 -19 -11 -8 -4 -2 0 2 2 2 4 3 2 1 3 4 4 4 4 7 5 5 5 7 12 10 12 13 16 19 17 19 20 19 19 19 20 19 19 19 19 19 20 20 19 19 19 19 19 19 20 20 20 20
21 23 23 23 23 20 21 22 23 23 18 16 23 23 19 21 19 18 15 11 12 5 5 8 8 9 10 6 -1 0 -9 -14 -8 -4 -5 -9 -10 -9 -3 -7 -8 -9 -5 -9 -8 -7 -5 1 2 3 4 3 3 4 4 3 4 3 4 1 2 4 10 4 6 5 5 8 9 6 10 10 7 12 15 18 15 18 17 18 17 18 19 18 17 16 17 17 18 18 19 19 19 20 19 19
21 23 24 24 25 24 21 23 21 20 19 19 24 23 19 21 20 19 17 14 12 12 13 12 11 12 9 6 -5 -9 -12 -7 1 0 1 -5 -8 -14 -5 -8 -7 -5 -2 -3 -3 -2 -1 1 2 2 2 3 3 4 3 4 4 1 2 2 5 6 1 4 10 6 4 5 5 9 14 4 5 7 14 13 13 15 16 15 15 14 15 14 14 15 16 17 16 16 17 19 19 19 19 19
24 24 25 21 23 20 17 20 20 19 19 20 24 22 19 17 17 18 17 14 16 16 10 11 5 7 4 -5 -8 -10 -5 1 1 4 0 -1 -6 -5 -7 2 -4 -4 -1 -1 0 -1 0 -1 -1 0 1 2 3 5 1 1 2 5 3 3 6 4 0 4 7 10 7 11 12 5 2 3 3 5 5 7 10 11 13 11 14 12 11 11 14 15 16 16 17 17 18 19 19 19 18 18
23 24 25 23 23 22 20 22 21 20 23 23 24 22 19 19 18 17 18 18 15 14 8 6 3 2 0 -6 -7 3 1 7 0 -1 5 -4 -4 -6 1 2 -2 -1 1 2 1 1 0 0 1 2 2 3 3 1 1 1 2 1 1 1 2 2 2 4 3 2 8 9 7 3 2 2 2 2 4 6 6 6 7 10 7 9 9 10 10 12 14 13 16 16 17 14 15 17 17 16
26 25 26 24 24 22 20 21 22 21 19 21 22 20 20 21 19 19 18 18 16 12 8 3 0 0 1 1 4 7 5 1 9 2 4 3 0 -3 -4 4 0 0 -1 -2 0 1 2 1 1 0 1 2 0 2 2 2 -1 2 2 -1 -1 -1 1 1 0 0 1 8 5 2 1 -1 -3 0 3 2 5 3 6 7 7 7 8 8 10 10 10 12 13 16 15 13 14 14 15 16
26 26 26 26 26 25 23 23 24 21 21 25 23 20 21 20 19 20 19 16 18 14 10 6 8 4 2 7 3 7 12 10 2 2 6 5 4 -3 -2 6 4 0 1 0 1 1 3 2 1 2 3 0 0 1 0 0 -1 1 2 0 0 -1 -1 -1 0 1 3 7 3 5 2 0 -2 -4 -1 0 2 3 4 5 5 6 6 7 8 9 9 9 10 11 12 12 12 13 15 16
26 24 23 24 26 26 26 26 26 25 23 24 24 24 24 19 16 20 19 18 17 18 14 13 11 12 6 6 3 13 6 5 11 5 5 7 0 4 -3 4 1 1 1 1 1 1 3 1 1 0 -1 -1 1 -1 1 -1 -1 0 0 1 1 -1 -2 0 1 4 4 2 3 1 2 1 0 1 0 -2 -1 1 3 4 4 6 8 7 11 9 15 14 12 10 10 13 14 15 15 18
25 20 22 24 24 24 25 26 26 26 25 23 23 21 22 22 19 20 20 18 18 19 16 14 15 13 5 9 16 4 8 0 -2 -1 1 2 1 6 -2 -1 8 0 1 0 -1 -1 1 0 -2 0 -1 -2 -1 -1 1 -1 -2 -2 -1 -2 -2 0 -1 -2 -1 0 0 3 2 1 2 0 2 3 0 -1 0 2 6 5 6 5 11 12 8 14 13 9 10 8 9 10 12 13 15 16
24 18 20 23 20 21 23 25 26 25 23 20 20 20 22 23 21 19 17 20 20 21 20 19 14 14 17 17 13 13 5 4 3 6 5 9 1 3 0 9 0 0 1 -2 -1 0 0 -1 -2 -1 0 -1 -2 0 -1 0 -3 -3 -1 -3 -4 -3 -3 -3 -1 -1 1 1 0 0 1 1 3 4 1 2 1 3 4 7 6 8 4 5 6 10 7 7 8 10 11 13 11 14 16 16
22 18 20 22 22 24 25 25 26 25 23 23 23 22 24 21 20 21 19 20 22 22 21 20 18 16 12 9 7 10 0 8 10 8 6 5 9 5 8 -1 3 1 4 2 4 2 -2 -3 -2 -1 -1 -2 0 0 -1 -1 -5 -4 -4 -4 -4 -3 -2 -2 -4 -1 0 1 1 1 3 2 4 4 5 1 2 3 7 1 1 6 6 6 5 5 7 10 11 12 11 11 11 14 16 17
20 19 20 21 23 23 23 25 25 25 25 25 24 24 22 21 21 22 21 23 22 21 21 21 20 20 15 14 13 5 9 5 11 11 8 12 4 11 -2 -4 0 2 2 6 7 6 1 -1 -1 -1 -2 0 -2 -2 -3 -3 -4 -1 -2 -3 -5 -4 -3 -2 -2 -2 0 -1 1 1 3 4 3 5 4 4 3 3 2 1 1 3 6 6 5 7 9 10 10 10 12 13 14 14 14 14
