DE_airtemperature/2010/2010_02_air_temp_min.asc
NCOLS 654
NROWS 866
XLLCORNER 3280414.711633467
YLLCORNER 5237500.62890625
CELLSIZE 1000
NODATA_VALUE -999
[rows 672 to 713 of 866, columns 190 to 284 of 654]
-13 -15 -16 -16 -17 -18 -16 -16 -17 -19 -19 -18 -18 -21 -21 -25 -26 -26 -27 -26 -26 -27 -27 -30 -26 -25 -25 -24 -23 -22 -23 -28 -24 -23 -24 -21 -20 -19 -19 -20 -16 -18 -20 -21 -19 -20 -19 -18 -16 -15 -16 -16 -15 -19 -17 -20 -23 -26 -27 -26 -27 -23 -24 -21 -22 -25 -20 -25 -22 -26 -28 -24 -29 -27 -29 -28 -24 -25 -23 -24 -28 -28 -29 -24 -23 -23 -26 -30 -30 -32 -29 -29 -31 -28 -30
-15 -14 -14 -16 -17 -16 -18 -16 -18 -17 -20 -21 -20 -26 -25 -26 -26 -26 -26 -25 -26 -26 -26 -26 -27 -28 -29 -29 -27 -23 -22 -25 -25 -23 -21 -22 -20 -19 -20 -20 -17 -16 -19 -20 -20 -20 -19 -19 -17 -16 -15 -15 -16 -17 -22 -23 -19 -23 -23 -23 -25 -23 -26 -21 -20 -18 -19 -21 -22 -26 -25 -23 -27 -25 -26 -24 -24 -28 -24 -23 -28 -25 -28 -27 -25 -23 -24 -27 -30 -31 -32 -32 -31 -30 -28
-16 -17 -18 -17 -17 -18 -16 -18 -17 -20 -19 -21 -21 -22 -22 -25 -27 -28 -28 -27 -26 -26 -28 -26 -25 -26 -25 -24 -30 -26 -20 -20 -20 -20 -20 -21 -21 -21 -18 -17 -17 -16 -15 -16 -14 -18 -18 -17 -18 -16 -15 -15 -18 -22 -21 -20 -20 -19 -20 -20 -23 -22 -22 -23 -18 -18 -21 -20 -18 -24 -21 -23 -23 -23 -26 -28 -23 -28 -28 -23 -25 -25 -27 -23 -24 -23 -22 -25 -28 -27 -29 -30 -30 -30 -31
-15 -18 -17 -17 -18 -19 -19 -20 -19 -21 -21 -21 -22 -24 -25 -27 -27 -28 -27 -27 -28 -28 -26 -25 -24 -23 -22 -24 -25 -23 -21 -20 -20 -20 -20 -22 -21 -22 -22 -18 -16 -20 -15 -15 -15 -18 -17 -15 -16 -17 -15 -18 -18 -19 -20 -19 -18 -19 -18 -18 -22 -22 -19 -18 -20 -23 -27 -23 -20 -19 -20 -25 -20 -22 -27 -24 -28 -22 -25 -25 -23 -23 -23 -24 -23 -24 -22 -24 -28 -30 -26 -30 -30 -29 -30
-14 -16 -16 -17 -18 -20 -20 -20 -21 -22 -20 -21 -26 -24 -26 -27 -27 -27 -28 -27 -28 -27 -27 -28 -27 -29 -26 -23 -21 -20 -20 -21 -20 -19 -21 -21 -22 -21 -19 -18 -16 -20 -21 -20 -17 -15 -14 -14 -16 -16 -14 -15 -18 -19 -19 -20 -19 -19 -18 -18 -19 -19 -18 -18 -20 -24 -28 -26 -28 -27 -20 -20 -19 -23 -24 -22 -21 -21 -24 -28 -27 -25 -24 -27 -22 -22 -22 -22 -23 -28 -24 -26 -29 -30 -29
-15 -15 -17 -16 -18 -20 -20 -20 -21 -21 -22 -22 -22 -22 -23 -25 -27 -29 -28 -27 -26 -26 -26 -26 -26 -24 -25 -24 -22 -20 -21 -20 -21 -19 -20 -21 -21 -21 -22 -21 -18 -20 -19 -17 -15 -14 -14 -14 -14 -14 -14 -18 -17 -17 -19 -20 -19 -18 -18 -19 -18 -19 -19 -18 -20 -24 -27 -27 -28 -27 -26 -25 -24 -26 -22 -20 -21 -25 -28 -28 -28 -26 -25 -27 -28 -28 -27 -23 -28 -24 -27 -26 -30 -30 -30
-15 -14 -15 -15 -15 -18 -19 -21 -22 -22 -21 -21 -21 -22 -23 -25 -25 -26 -27 -29 -29 -26 -25 -26 -24 -25 -23 -22 -22 -21 -20 -20 -20 -19 -20 -20 -20 -18 -18 -16 -17 -17 -16 -15 -14 -14 -14 -13 -13 -13 -13 -16 -16 -17 -18 -18 -18 -18 -17 -18 -18 -18 -19 -17 -20 -21 -21 -24 -27 -28 -29 -29 -27 -26 -25 -22 -22 -22 -27 -28 -28 -28 -26 -28 -28 -27 -24 -27 -26 -28 -27 -23 -27 -28 -31
-16 -15 -18 -15 -16 -20 -20 -21 -22 -22 -21 -22 -23 -24 -25 -25 -26 -26 -27 -28 -29 -27 -25 -25 -24 -23 -23 -22 -22 -21 -20 -22 -22 -21 -21 -21 -20 -19 -17 -17 -16 -16 -15 -14 -14 -13 -14 -15 -15 -16 -15 -14 -16 -16 -17 -19 -18 -18 -16 -17 -18 -18 -17 -17 -20 -21 -19 -23 -27 -28 -27 -28 -27 -24 -26 -27 -25 -26 -25 -28 -27 -28 -28 -28 -28 -27 -27 -28 -29 -29 -28 -26 -26 -29 -29
-15 -16 -17 -18 -17 -18 -21 -21 -22 -22 -22 -22 -23 -26 -27 -26 -24 -26 -29 -29 -28 -26 -23 -28 -25 -23 -23 -24 -23 -24 -23 -22 -21 -22 -21 -19 -18 -17 -18 -17 -17 -16 -15 -14 -13 -13 -14 -14 -13 -13 -15 -15 -15 -14 -16 -17 -17 -18 -16 -17 -17 -18 -18 -18 -19 -20 -20 -21 -22 -28 -31 -28 -28 -26 -28 -27 -26 -28 -30 -32 -30 -31 -31 -29 -29 -29 -30 -30 -28 -28 -28 -29 -24 -29 -30
-15 -18 -15 -20 -20 -21 -21 -21 -21 -22 -23 -24 -24 -25 -23 -22 -26 -26 -25 -27 -24 -24 -23 -22 -21 -21 -23 -25 -24 -23 -22 -20 -19 -19 -19 -17 -18 -18 -17 -18 -17 -16 -15 -14 -14 -14 -15 -12 -14 -15 -16 -15 -16 -16 -16 -15 -16 -13 -15 -17 -18 -19 -19 -18 -18 -20 -19 -21 -23 -26 -29 -29 -29 -31 -30 -29 -31 -30 -31 -29 -30 -29 -29 -28 -28 -29 -29 -32 -32 -29 -28 -24 -24 -24 -29
-17 -19 -19 -21 -20 -22 -20 -20 -21 -22 -22 -22 -25 -25 -21 -26 -28 -25 -25 -25 -25 -23 -23 -23 -25 -22 -21 -20 -22 -19 -19 -18 -20 -21 -21 -19 -20 -18 -17 -17 -17 -15 -15 -14 -15 -12 -11 -14 -13 -14 -14 -15 -15 -16 -16 -13 -15 -15 -17 -17 -17 -17 -19 -18 -20 -20 -19 -19 -20 -21 -27 -28 -28 -29 -30 -31 -32 -30 -30 -29 -29 -30 -33 -33 -29 -29 -27 -28 -33 -28 -29 -28 -28 -28 -28
-18 -20 -20 -21 -21 -21 -22 -22 -22 -22 -22 -21 -20 -21 -24 -29 -28 -28 -28 -27 -27 -27 -25 -25 -24 -24 -19 -19 -20 -20 -19 -20 -20 -21 -17 -17 -21 -19 -17 -16 -15 -14 -14 -14 -12 -11 -13 -14 -14 -14 -14 -15 -15 -15 -15 -14 -16 -16 -15 -17 -18 -18 -19 -18 -19 -19 -20 -21 -21 -27 -28 -28 -27 -30 -29 -29 -29 -31 -28 -30 -29 -28 -31 -30 -29 -28 -28 -30 -31 -32 -31 -29 -29 -26 -26
-20 -19 -22 -21 -22 -23 -21 -21 -22 -22 -19 -20 -23 -24 -25 -26 -27 -27 -26 -26 -26 -25 -25 -25 -26 -24 -23 -23 -21 -21 -22 -22 -20 -20 -19 -20 -18 -17 -17 -17 -15 -14 -14 -14 -12 -11 -10 -11 -10 -12 -12 -11 -13 -14 -15 -15 -15 -16 -17 -17 -18 -20 -19 -18 -19 -20 -21 -22 -29 -26 -28 -25 -26 -30 -27 -30 -29 -32 -29 -28 -29 -28 -32 -30 -32 -29 -28 -29 -30 -29 -31 -32 -31 -31 -29
-19 -20 -22 -21 -21 -23 -23 -22 -20 -19 -20 -23 -25 -25 -24 -26 -25 -27 -28 -28 -25 -27 -28 -22 -25 -24 -24 -23 -24 -23 -23 -21 -20 -20 -17 -19 -18 -16 -17 -16 -16 -15 -16 -15 -14 -14 -14 -12 -9 -11 -10 -11 -12 -12 -14 -15 -13 -16 -15 -17 -17 -19 -24 -19 -23 -25 -25 -25 -28 -20 -23 -21 -24 -30 -26 -30 -29 -31 -29 -29 -28 -29 -32 -30 -29 -30 -32 -27 -27 -32 -31 -31 -31 -31 -31
-18 -18 -21 -22 -20 -18 -19 -19 -18 -22 -24 -24 -25 -26 -25 -28 -27 -29 -26 -27 -26 -27 -23 -25 -26 -25 -22 -23 -23 -24 -22 -20 -20 -20 -18 -19 -18 -17 -16 -15 -16 -15 -14 -14 -14 -13 -13 -12 -9 -8 -13 -12 -11 -12 -13 -14 -15 -14 -15 -16 -18 -18 -24 -25 -23 -22 -24 -20 -20 -19 -23 -25 -27 -27 -27 -29 -29 -31 -30 -31 -29 -29 -29 -29 -28 -31 -30 -28 -29 -30 -30 -30 -31 -31 -31
-20 -21 -22 -20 -18 -20 -21 -18 -23 -24 -25 -26 -26 -25 -25 -25 -29 -29 -28 -29 -27 -27 -26 -27 -26 -25 -23 -22 -25 -25 -22 -21 -21 -20 -16 -18 -18 -17 -16 -16 -15 -13 -13 -13 -13 -12 -11 -12 -11 -9 -11 -12 -11 -11 -12 -13 -14 -14 -15 -17 -17 -18 -23 -22 -22 -23 -26 -20 -19 -20 -24 -28 -29 -27 -27 -29 -30 -30 -30 -31 -28 -27 -28 -29 -28 -30 -31 -29 -30 -30 -30 -30 -28 -30 -30
-21 -22 -23 -19 -22 -22 -19 -23 -22 -27 -27 -27 -27 -28 -26 -27 -29 -28 -28 -28 -27 -23 -27 -25 -25 -23 -22 -24 -25 -24 -22 -21 -19 -18 -15 -18 -17 -17 -17 -17 -14 -13 -12 -12 -11 -11 -11 -10 -9 -8 -11 -11 -12 -11 -11 -12 -15 -16 -14 -15 -16 -22 -20 -21 -19 -24 -19 -18 -18 -22 -25 -25 -29 -30 -27 -29 -29 -30 -30 -31 -27 -26 -29 -28 -27 -30 -30 -30 -26 -30 -28 -30 -30 -29 -30
-23 -25 -25 -23 -25 -20 -24 -25 -24 -20 -24 -28 -28 -29 -27 -29 -28 -28 -28 -25 -28 -28 -29 -29 -27 -26 -26 -25 -24 -22 -22 -21 -19 -17 -18 -16 -17 -17 -17 -16 -13 -12 -12 -11 -10 -9 -10 -9 -7 -12 -10 -10 -10 -12 -12 -14 -15 -15 -15 -16 -17 -17 -22 -20 -21 -22 -22 -20 -17 -20 -20 -24 -29 -29 -29 -28 -30 -30 -29 -31 -30 -28 -26 -26 -27 -28 -30 -30 -29 -28 -29 -29 -30 -29 -29
-23 -20 -24 -23 -28 -21 -20 -25 -25 -25 -24 -27 -30 -30 -30 -30 -29 -28 -26 -28 -29 -29 -30 -29 -28 -26 -23 -27 -25 -23 -22 -20 -18 -18 -18 -18 -17 -16 -16 -15 -13 -11 -11 -10 -9 -9 -9 -7 -9 -12 -12 -12 -10 -12 -13 -15 -20 -17 -16 -20 -21 -20 -21 -21 -21 -23 -23 -23 -18 -19 -22 -24 -25 -25 -29 -30 -30 -30 -30 -29 -29 -28 -30 -30 -30 -29 -27 -29 -28 -28 -25 -28 -26 -26 -29
-27 -24 -32 -31 -27 -27 -23 -26 -29 -29 -22 -29 -30 -31 -31 -30 -29 -28 -31 -30 -28 -30 -29 -28 -26 -27 -26 -26 -25 -23 -21 -21 -19 -17 -18 -18 -17 -16 -15 -15 -12 -10 -9 -7 -8 -7 -7 -7 -10 -11 -12 -13 -9 -12 -13 -13 -14 -20 -20 -18 -25 -22 -20 -21 -22 -21 -23 -22 -17 -18 -22 -25 -26 -24 -28 -25 -28 -30 -30 -30 -28 -29 -28 -29 -29 -28 -29 -27 -26 -27 -25 -29 -30 -30 -29
-29 -32 -29 -31 -31 -29 -21 -20 -29 -31 -29 -23 -23 -28 -29 -29 -30 -29 -30 -30 -31 -30 -30 -29 -29 -26 -26 -28 -25 -23 -23 -21 -19 -18 -17 -18 -18 -17 -17 -15 -12 -10 -7 -7 -7 -5 -6 -9 -10 -12 -12 -11 -9 -11 -12 -12 -12 -20 -17 -23 -26 -27 -22 -24 -23 -20 -18 -20 -19 -18 -20 -22 -25 -21 -25 -28 -23 -27 -30 -27 -29 -25 -27 -27 -25 -27 -28 -27 -28 -28 -27 -27 -27 -28 -29
-32 -29 -32 -32 -33 -32 -33 -27 -21 -32 -32 -29 -30 -29 -29 -28 -29 -29 -31 -31 -30 -30 -29 -31 -30 -29 -30 -28 -25 -25 -23 -22 -20 -18 -18 -17 -16 -15 -15 -15 -12 -10 -7 -8 -6 -5 -8 -9 -10 -11 -12 -11 -11 -10 -11 -12 -13 -13 -18 -17 -21 -22 -24 -24 -25 -23 -19 -17 -22 -19 -19 -19 -22 -21 -22 -25 -21 -25 -25 -24 -25 -24 -27 -25 -24 -24 -27 -27 -27 -25 -24 -25 -27 -27 -26
-34 -34 -34 -34 -35 -35 -34 -28 -22 -30 -31 -31 -31 -30 -25 -29 -28 -29 -31 -29 -30 -30 -30 -31 -30 -31 -29 -28 -28 -27 -24 -22 -20 -19 -18 -16 -16 -15 -16 -15 -13 -9 -8 -9 -8 -6 -7 -9 -10 -11 -11 -11 -11 -11 -11 -11 -12 -12 -13 -13 -15 -20 -22 -23 -20 -23 -22 -18 -18 -17 -18 -19 -21 -21 -23 -24 -22 -22 -23 -22 -23 -25 -23 -24 -27 -27 -27 -25 -27 -26 -24 -27 -26 -23 -24
-37 -38 -37 -36 -35 -35 -32 -31 -30 -26 -31 -31 -30 -29 -27 -27 -28 -30 -31 -29 -29 -32 -32 -32 -31 -30 -30 -29 -26 -25 -23 -21 -20 -19 -18 -16 -17 -16 -15 -13 -12 -10 -10 -8 -6 -7 -7 -9 -11 -11 -11 -11 -11 -13 -12 -12 -12 -12 -13 -14 -15 -15 -16 -17 -18 -18 -19 -18 -19 -19 -19 -18 -19 -20 -23 -28 -26 -22 -23 -22 -22 -26 -21 -24 -25 -24 -27 -25 -23 -21 -24 -21 -22 -25 -23
-27 -37 -36 -35 -32 -33 -33 -33 -33 -23 -28 -30 -31 -32 -31 -29 -27 -28 -29 -31 -32 -32 -31 -31 -30 -30 -30 -29 -26 -25 -24 -27 -22 -20 -18 -18 -18 -16 -18 -17 -12 -13 -11 -7 -7 -6 -8 -8 -11 -12 -13 -12 -13 -12 -13 -12 -14 -14 -14 -19 -23 -18 -18 -17 -18 -19 -19 -19 -20 -21 -21 -21 -19 -19 -24 -23 -24 -22 -22 -20 -20 -20 -20 -27 -27 -24 -24 -23 -23 -24 -24 -25 -25 -25 -24
-38 -35 -36 -35 -34 -35 -34 -33 -33 -22 -33 -29 -32 -31 -30 -29 -30 -27 -30 -32 -32 -31 -30 -32 -31 -30 -29 -27 -26 -24 -23 -26 -26 -22 -23 -22 -21 -18 -17 -15 -15 -13 -10 -8 -7 -5 -6 -6 -10 -12 -18 -20 -14 -13 -12 -14 -15 -19 -14 -15 -22 -26 -22 -22 -19 -22 -20 -21 -21 -25 -28 -22 -20 -19 -20 -23 -20 -21 -24 -25 -27 -25 -22 -21 -21 -21 -22 -26 -25 -22 -24 -24 -23 -23 -24
-36 -36 -38 -36 -38 -37 -36 -35 -35 -31 -29 -33 -32 -33 -33 -34 -30 -29 -27 -30 -32 -30 -32 -33 -32 -31 -32 -31 -28 -26 -24 -24 -26 -25 -25 -25 -24 -21 -18 -14 -16 -15 -10 -9 -8 -7 -6 -6 -9 -14 -16 -19 -23 -16 -15 -19 -15 -22 -23 -16 -21 -22 -26 -25 -22 -24 -26 -29 -29 -27 -30 -31 -31 -25 -20 -21 -22 -26 -28 -27 -27 -24 -21 -24 -26 -22 -24 -24 -26 -24 -24 -23 -24 -23 -27
-31 -36 -35 -39 -39 -37 -36 -34 -33 -25 -32 -33 -33 -33 -35 -34 -30 -30 -28 -30 -32 -30 -31 -32 -32 -32 -32 -32 -31 -32 -28 -25 -25 -25 -26 -24 -24 -22 -19 -17 -16 -14 -9 -10 -10 -13 -11 -6 -7 -14 -15 -19 -19 -20 -15 -21 -21 -19 -22 -17 -20 -21 -25 -28 -28 -26 -30 -28 -27 -30 -31 -28 -30 -28 -28 -30 -29 -28 -25 -26 -27 -25 -26 -22 -25 -24 -23 -25 -25 -24 -24 -26 -30 -23 -26
-37 -38 -38 -36 -38 -38 -37 -36 -34 -26 -33 -34 -33 -35 -34 -36 -34 -34 -30 -29 -31 -31 -34 -32 -32 -32 -32 -31 -29 -29 -29 -26 -25 -22 -25 -25 -22 -22 -21 -21 -18 -17 -10 -13 -16 -14 -11 -12 -8 -10 -17 -18 -17 -22 -21 -20 -24 -20 -24 -24 -18 -22 -27 -28 -25 -30 -28 -31 -25 -28 -26 -29 -26 -30 -26 -29 -27 -26 -29 -27 -27 -25 -26 -26 -26 -27 -27 -29 -28 -24 -24 -27 -26 -24 -24
-29 -32 -38 -38 -38 -37 -34 -35 -34 -34 -33 -34 -34 -35 -36 -34 -34 -34 -33 -30 -30 -32 -35 -35 -35 -33 -35 -35 -33 -31 -31 -29 -28 -27 -23 -22 -22 -21 -20 -16 -15 -13 -18 -19 -16 -12 -9 -10 -10 -10 -17 -17 -17 -17 -23 -21 -20 -24 -21 -20 -22 -25 -27 -24 -28 -29 -30 -26 -25 -24 -30 -30 -29 -27 -27 -27 -27 -28 -28 -26 -26 -26 -28 -29 -29 -31 -30 -32 -31 -29 -26 -28 -35 -30 -37
-29 -38 -37 -38 -38 -37 -36 -36 -34 -28 -30 -33 -35 -36 -33 -33 -32 -32 -30 -30 -30 -34 -36 -37 -36 -35 -33 -32 -31 -31 -29 -27 -28 -26 -24 -24 -23 -24 -20 -16 -18 -20 -19 -19 -18 -17 -17 -16 -16 -10 -15 -18 -15 -15 -19 -21 -24 -24 -25 -22 -26 -27 -27 -25 -26 -25 -28 -30 -28 -25 -26 -27 -29 -27 -27 -26 -27 -24 -24 -26 -28 -31 -35 -27 -25 -25 -29 -32 -32 -38 -33 -27 -31 -33 -40
-37 -38 -39 -38 -37 -37 -35 -31 -26 -26 -29 -34 -35 -35 -36 -38 -37 -37 -35 -33 -30 -34 -35 -35 -36 -35 -35 -32 -33 -29 -30 -30 -29 -27 -25 -26 -24 -24 -22 -21 -21 -20 -20 -18 -17 -18 -19 -19 -18 -13 -13 -13 -13 -14 -16 -19 -20 -21 -24 -25 -23 -27 -29 -25 -26 -26 -26 -28 -29 -25 -23 -28 -28 -28 -27 -26 -24 -25 -26 -26 -26 -26 -30 -27 -25 -25 -29 -30 -28 -30 -34 -34 -41 -34 -41
-39 -37 -38 -38 -38 -37 -37 -35 -34 -30 -31 -33 -33 -35 -34 -36 -35 -34 -32 -33 -30 -31 -34 -33 -36 -36 -35 -33 -31 -30 -29 -29 -28 -28 -27 -27 -25 -24 -23 -22 -20 -20 -18 -18 -17 -19 -19 -19 -19 -20 -17 -17 -18 -13 -14 -16 -17 -16 -19 -23 -25 -23 -27 -25 -25 -26 -26 -26 -27 -27 -23 -24 -26 -25 -25 -25 -24 -25 -24 -24 -26 -26 -26 -25 -25 -25 -30 -27 -29 -29 -34 -33 -39 -34 -30
-39 -39 -38 -40 -39 -38 -35 -35 -34 -31 -26 -33 -33 -34 -35 -37 -37 -37 -35 -34 -31 -31 -32 -33 -35 -35 -33 -33 -30 -30 -28 -30 -29 -27 -27 -27 -27 -23 -22 -22 -21 -19 -19 -18 -19 -18 -19 -19 -19 -19 -19 -19 -18 -18 -13 -14 -14 -15 -15 -16 -23 -26 -22 -23 -26 -25 -23 -23 -21 -21 -21 -23 -23 -25 -25 -24 -23 -25 -26 -26 -25 -26 -25 -24 -27 -26 -31 -26 -30 -28 -30 -38 -30 -38 -30
-40 -39 -39 -39 -37 -37 -36 -35 -35 -32 -25 -29 -32 -37 -36 -36 -36 -35 -35 -34 -34 -31 -34 -33 -34 -34 -32 -32 -30 -28 -29 -29 -27 -27 -26 -27 -25 -25 -23 -22 -21 -20 -19 -19 -18 -18 -16 -16 -16 -18 -18 -18 -18 -18 -19 -16 -17 -18 -17 -19 -19 -23 -22 -20 -20 -20 -22 -23 -23 -23 -24 -21 -22 -22 -22 -22 -23 -24 -25 -24 -25 -25 -25 -24 -26 -29 -33 -29 -27 -31 -27 -32 -28 -31 -35
-41 -40 -41 -39 -38 -37 -37 -36 -32 -33 -27 -30 -36 -34 -33 -36 -35 -35 -35 -35 -34 -32 -32 -30 -32 -32 -30 -31 -29 -28 -27 -25 -26 -26 -27 -26 -24 -23 -24 -24 -21 -20 -20 -19 -19 -19 -19 -18 -18 -18 -17 -16 -18 -19 -16 -17 -19 -21 -22 -19 -19 -20 -23 -23 -24 -24 -25 -25 -26 -26 -26 -23 -24 -24 -25 -25 -24 -22 -23 -23 -23 -23 -24 -24 -26 -29 -29 -29 -26 -29 -27 -29 -33 -39 -37
-41 -40 -38 -38 -34 -37 -29 -36 -36 -27 -33 -32 -31 -35 -34 -34 -34 -35 -34 -34 -35 -34 -31 -33 -32 -30 -30 -30 -29 -27 -27 -29 -27 -26 -26 -26 -24 -23 -23 -23 -21 -21 -21 -21 -20 -19 -19 -18 -17 -18 -18 -17 -17 -15 -18 -19 -19 -21 -18 -19 -22 -24 -24 -23 -23 -24 -24 -25 -26 -26 -26 -23 -26 -26 -25 -24 -25 -26 -24 -23 -24 -24 -24 -23 -25 -26 -26 -26 -26 -27 -35 -39 -39 -37 -37
-41 -41 -40 -38 -38 -33 -36 -34 -36 -27 -33 -38 -33 -37 -36 -35 -33 -34 -34 -32 -34 -32 -30 -33 -31 -30 -30 -29 -28 -28 -27 -28 -29 -28 -26 -24 -25 -24 -22 -24 -24 -20 -20 -20 -19 -19 -18 -18 -17 -17 -17 -18 -16 -18 -19 -19 -18 -18 -19 -22 -22 -23 -25 -25 -23 -24 -25 -26 -27 -26 -26 -25 -26 -26 -26 -25 -25 -27 -26 -26 -24 -25 -26 -25 -25 -24 -24 -26 -26 -27 -29 -39 -38 -38 -36
-41 -40 -38 -40 -33 -38 -39 -32 -35 -27 -28 -33 -36 -36 -36 -35 -35 -32 -33 -34 -30 -33 -33 -33 -33 -30 -29 -30 -29 -29 -28 -28 -28 -28 -26 -24 -25 -25 -23 -23 -23 -22 -20 -20 -19 -19 -18 -18 -18 -18 -20 -20 -20 -19 -18 -18 -17 -19 -20 -18 -23 -23 -25 -26 -27 -25 -25 -25 -26 -26 -26 -27 -25 -27 -26 -25 -27 -27 -25 -26 -26 -26 -27 -27 -26 -25 -26 -27 -32 -33 -31 -37 -39 -39 -37
-39 -38 -39 -39 -34 -39 -39 -39 -37 -28 -34 -35 -36 -35 -37 -35 -35 -35 -35 -34 -31 -34 -32 -29 -31 -30 -30 -32 -31 -30 -29 -30 -29 -26 -26 -24 -23 -22 -23 -23 -21 -23 -23 -20 -20 -19 -20 -20 -20 -22 -21 -21 -20 -20 -19 -17 -17 -20 -21 -21 -24 -25 -26 -27 -28 -26 -26 -27 -26 -26 -27 -26 -26 -28 -27 -27 -28 -27 -28 -27 -27 -28 -29 -29 -27 -28 -27 -27 -32 -37 -38 -38 -39 -41 -37
-39 -39 -37 -36 -40 -40 -38 -36 -34 -27 -35 -35 -34 -35 -37 -36 -36 -36 -35 -33 -32 -32 -31 -30 -29 -29 -30 -31 -30 -31 -30 -29 -25 -25 -25 -25 -23 -21 -23 -23 -22 -21 -22 -23 -20 -19 -20 -22 -22 -21 -21 -21 -21 -20 -19 -18 -17 -21 -23 -20 -22 -23 -24 -26 -26 -27 -29 -29 -27 -26 -27 -27 -27 -28 -28 -28 -28 -27 -28 -29 -30 -29 -29 -35 -32 -32 -31 -27 -32 -38 -40 -38 -37 -39 -37
-38 -38 -38 -38 -38 -38 -38 -37 -36 -32 -35 -35 -31 -32 -34 -37 -36 -35 -35 -33 -32 -31 -31 -30 -28 -30 -31 -29 -29 -29 -30 -28 -27 -24 -22 -24 -22 -21 -22 -22 -24 -18 -22 -23 -22 -19 -22 -20 -20 -21 -21 -21 -21 -20 -20 -18 -18 -20 -23 -24 -23 -24 -25 -25 -26 -26 -27 -27 -26 -26 -27 -27 -29 -29 -28 -28 -29 -29 -29 -31 -33 -32 -34 -34 -39 -35 -31 -30 -28 -41 -38 -36 -37 -37 -30
