DE_airtemperature/2010/2010_12_air_temp_min.asc
NCOLS 654
NROWS 866
XLLCORNER 3280414.711633467
YLLCORNER 5237500.62890625
CELLSIZE 1000
NODATA_VALUE -999
[rows 378 to 419 of 866, columns 186 to 278 of 654]
-66 -66 -66 -66 -65 -65 -65 -66 -67 -67 -68 -68 -69 -68 -67 -69 -70 -68 -72 -74 -74 -73 -75 -78 -77 -74 -76 -78 -79 -77 -77 -78 -80 -75 -78 -77 -76 -74 -73 -72 -73 -72 -72 -73 -74 -76 -75 -77 -79 -77 -80 -80 -79 -79 -76 -75 -75 -71 -70 -70 -71 -73 -75 -78 -78 -78 -79 -73 -80 -78 -75 -75 -77 -83 -78 -79 -78 -76 -77 -78 -77 -78 -78 -82 -82 -83 -81 -86 -88 -85 -79 -84 -81
-66 -67 -66 -66 -66 -66 -66 -67 -67 -67 -67 -68 -67 -67 -67 -71 -72 -72 -73 -74 -75 -75 -75 -74 -74 -76 -77 -78 -79 -79 -79 -78 -81 -75 -77 -78 -77 -74 -75 -74 -73 -73 -73 -71 -76 -76 -76 -78 -78 -79 -79 -78 -80 -81 -77 -74 -71 -73 -78 -70 -71 -72 -73 -72 -76 -72 -78 -74 -75 -72 -73 -73 -73 -78 -81 -78 -76 -76 -76 -75 -78 -79 -85 -85 -87 -83 -84 -87 -86 -83 -80 -80 -79
-66 -66 -66 -66 -67 -67 -68 -68 -68 -68 -69 -66 -67 -70 -69 -68 -69 -71 -73 -74 -76 -77 -77 -74 -76 -77 -78 -78 -80 -80 -79 -81 -79 -75 -75 -78 -76 -75 -74 -75 -74 -75 -74 -73 -76 -75 -76 -79 -77 -78 -78 -78 -77 -77 -75 -77 -79 -78 -76 -71 -70 -71 -72 -75 -74 -73 -79 -73 -73 -72 -77 -72 -71 -75 -80 -79 -77 -76 -75 -78 -80 -80 -86 -87 -85 -86 -86 -86 -84 -82 -81 -83 -80
-68 -67 -68 -67 -67 -68 -69 -69 -69 -69 -69 -68 -68 -71 -72 -71 -71 -70 -72 -74 -75 -77 -77 -74 -77 -76 -77 -80 -79 -79 -79 -82 -81 -75 -75 -74 -75 -76 -73 -73 -75 -76 -73 -74 -75 -75 -78 -77 -77 -77 -76 -77 -77 -77 -74 -76 -80 -81 -80 -77 -79 -75 -72 -74 -74 -74 -76 -76 -71 -73 -72 -72 -71 -74 -75 -76 -74 -77 -78 -75 -76 -80 -84 -86 -87 -86 -87 -84 -82 -82 -83 -84 -79
-69 -68 -68 -68 -68 -69 -68 -69 -70 -67 -69 -69 -70 -70 -71 -73 -71 -70 -72 -73 -74 -75 -72 -75 -78 -76 -76 -77 -78 -78 -79 -81 -82 -81 -76 -74 -75 -75 -77 -75 -73 -73 -73 -72 -74 -77 -78 -77 -76 -76 -75 -75 -77 -74 -80 -81 -81 -81 -79 -78 -76 -75 -75 -74 -74 -72 -75 -73 -74 -76 -77 -71 -72 -72 -77 -74 -74 -75 -74 -75 -76 -81 -87 -85 -86 -83 -83 -82 -81 -83 -84 -80 -79
-69 -69 -69 -70 -70 -69 -70 -70 -68 -68 -69 -69 -71 -72 -73 -73 -72 -72 -73 -74 -75 -70 -74 -77 -78 -76 -75 -78 -79 -80 -79 -80 -81 -83 -77 -75 -77 -77 -75 -74 -75 -75 -75 -74 -76 -76 -76 -76 -76 -75 -74 -74 -73 -76 -78 -79 -80 -79 -80 -79 -79 -78 -73 -72 -72 -74 -78 -76 -77 -78 -78 -71 -74 -77 -77 -81 -77 -77 -75 -74 -76 -80 -84 -80 -83 -86 -82 -80 -79 -80 -82 -81 -80
-69 -70 -70 -71 -70 -70 -71 -69 -68 -70 -71 -68 -71 -73 -74 -73 -70 -71 -74 -75 -71 -73 -74 -76 -78 -77 -77 -78 -77 -78 -79 -79 -79 -79 -79 -75 -78 -77 -75 -78 -77 -76 -75 -73 -75 -76 -76 -76 -75 -74 -74 -74 -74 -76 -76 -78 -79 -77 -78 -76 -75 -73 -72 -72 -73 -77 -78 -77 -80 -80 -78 -71 -76 -80 -80 -77 -80 -80 -79 -78 -76 -79 -77 -82 -83 -84 -78 -78 -79 -84 -81 -79 -78
-70 -71 -72 -72 -71 -72 -71 -68 -70 -71 -72 -70 -71 -74 -74 -73 -73 -72 -69 -69 -70 -71 -75 -77 -76 -77 -78 -78 -77 -78 -79 -79 -82 -81 -84 -77 -76 -76 -76 -79 -77 -75 -74 -75 -76 -76 -76 -75 -75 -76 -76 -75 -77 -77 -77 -77 -79 -76 -76 -75 -74 -72 -72 -75 -74 -77 -78 -79 -80 -78 -77 -74 -72 -71 -71 -73 -78 -80 -78 -79 -75 -77 -80 -83 -80 -80 -77 -78 -80 -82 -82 -81 -78
-72 -73 -73 -73 -71 -68 -71 -72 -69 -72 -72 -72 -73 -74 -74 -75 -71 -73 -74 -75 -71 -73 -71 -74 -76 -75 -77 -78 -79 -78 -78 -79 -80 -81 -83 -77 -76 -78 -77 -79 -76 -75 -75 -76 -76 -75 -74 -75 -76 -76 -76 -76 -76 -76 -77 -77 -78 -79 -77 -77 -76 -72 -72 -73 -76 -74 -75 -78 -79 -80 -85 -80 -79 -75 -71 -74 -79 -81 -76 -76 -76 -75 -76 -80 -79 -79 -77 -77 -80 -78 -78 -78 -78
-74 -73 -74 -70 -69 -71 -72 -73 -71 -73 -71 -72 -74 -75 -75 -75 -75 -76 -76 -72 -73 -76 -74 -73 -73 -76 -75 -77 -78 -80 -78 -79 -80 -81 -83 -79 -77 -77 -79 -79 -76 -75 -75 -75 -76 -74 -73 -74 -75 -75 -74 -74 -75 -76 -76 -76 -79 -79 -79 -82 -77 -72 -71 -72 -75 -76 -78 -75 -76 -79 -84 -85 -86 -77 -71 -74 -80 -80 -78 -79 -78 -78 -75 -76 -77 -75 -77 -79 -80 -81 -82 -81 -81
-74 -75 -74 -70 -71 -72 -74 -74 -74 -72 -73 -73 -75 -76 -76 -75 -78 -79 -76 -76 -73 -75 -74 -75 -78 -76 -75 -77 -80 -81 -79 -82 -82 -81 -81 -81 -78 -79 -78 -78 -76 -75 -76 -75 -75 -74 -73 -73 -74 -74 -74 -74 -74 -75 -75 -76 -78 -80 -78 -77 -74 -72 -71 -75 -75 -76 -78 -76 -78 -77 -80 -82 -86 -79 -72 -74 -82 -83 -79 -84 -85 -83 -79 -76 -78 -76 -79 -81 -80 -80 -81 -81 -82
-75 -76 -71 -69 -71 -74 -74 -75 -74 -73 -74 -75 -75 -77 -77 -77 -76 -77 -78 -77 -75 -76 -75 -77 -78 -79 -75 -79 -80 -81 -81 -82 -80 -77 -80 -80 -77 -77 -77 -78 -75 -74 -75 -74 -74 -73 -73 -73 -73 -74 -74 -74 -75 -75 -76 -76 -78 -78 -77 -76 -73 -71 -71 -75 -75 -77 -78 -78 -77 -79 -79 -83 -84 -81 -74 -71 -77 -83 -83 -82 -84 -83 -79 -76 -79 -80 -82 -79 -79 -81 -81 -81 -82
-76 -72 -68 -69 -74 -75 -75 -72 -74 -75 -76 -76 -75 -76 -74 -73 -75 -76 -76 -77 -77 -76 -77 -76 -79 -80 -78 -80 -81 -77 -77 -78 -76 -76 -77 -79 -79 -77 -78 -75 -75 -74 -74 -74 -74 -73 -73 -73 -73 -74 -74 -74 -74 -75 -74 -74 -77 -76 -75 -71 -71 -71 -72 -76 -76 -79 -78 -78 -80 -79 -80 -82 -81 -81 -82 -75 -72 -75 -77 -84 -83 -84 -79 -78 -78 -77 -78 -79 -81 -83 -82 -84 -83
-70 -71 -71 -68 -71 -71 -71 -72 -73 -73 -75 -75 -74 -73 -73 -72 -73 -73 -74 -75 -76 -77 -77 -77 -79 -79 -79 -80 -81 -78 -77 -77 -77 -75 -79 -77 -78 -78 -76 -77 -76 -76 -76 -76 -75 -74 -74 -74 -73 -73 -74 -74 -73 -74 -75 -73 -76 -74 -71 -70 -73 -72 -73 -76 -77 -79 -78 -77 -80 -82 -80 -81 -82 -76 -81 -81 -72 -73 -74 -76 -83 -81 -79 -81 -78 -77 -80 -83 -85 -83 -83 -83 -82
-71 -73 -73 -72 -71 -68 -68 -71 -72 -74 -74 -73 -73 -73 -72 -72 -73 -74 -74 -75 -76 -78 -78 -78 -80 -81 -81 -80 -81 -80 -77 -77 -78 -75 -79 -76 -78 -76 -75 -74 -76 -77 -77 -77 -76 -75 -74 -75 -73 -72 -73 -73 -73 -75 -75 -73 -71 -72 -72 -75 -72 -72 -73 -77 -79 -79 -78 -78 -79 -81 -83 -82 -83 -82 -75 -77 -71 -81 -84 -81 -76 -80 -79 -80 -78 -78 -78 -82 -82 -84 -85 -84 -83
-72 -69 -72 -73 -73 -72 -73 -71 -72 -73 -73 -73 -69 -70 -71 -73 -74 -74 -75 -76 -77 -77 -78 -79 -81 -81 -76 -78 -77 -80 -77 -75 -78 -76 -75 -74 -73 -74 -73 -73 -76 -76 -76 -76 -76 -75 -74 -74 -73 -72 -73 -75 -75 -75 -76 -73 -72 -77 -76 -72 -71 -80 -74 -77 -78 -78 -78 -78 -81 -81 -82 -84 -83 -79 -71 -71 -73 -82 -84 -80 -81 -77 -79 -78 -80 -80 -79 -82 -83 -85 -84 -83 -82
-74 -68 -72 -74 -73 -74 -74 -71 -70 -68 -68 -72 -72 -73 -72 -73 -74 -76 -75 -76 -77 -78 -79 -79 -81 -80 -77 -78 -75 -77 -79 -77 -77 -75 -74 -75 -74 -73 -74 -74 -74 -74 -75 -76 -76 -76 -75 -74 -74 -73 -74 -76 -74 -76 -77 -72 -77 -80 -76 -79 -71 -71 -73 -76 -77 -76 -76 -78 -80 -82 -81 -83 -84 -77 -72 -82 -84 -85 -83 -82 -81 -79 -79 -79 -80 -81 -81 -83 -84 -84 -84 -83 -82
-72 -72 -67 -73 -73 -73 -73 -72 -74 -72 -73 -73 -73 -69 -74 -73 -74 -77 -76 -77 -77 -79 -80 -80 -80 -75 -74 -76 -74 -74 -73 -73 -74 -75 -75 -80 -78 -76 -74 -74 -77 -78 -77 -77 -76 -76 -76 -75 -74 -72 -75 -76 -72 -75 -72 -72 -76 -76 -75 -73 -71 -71 -73 -75 -77 -75 -75 -76 -78 -81 -83 -83 -85 -76 -71 -71 -74 -82 -84 -82 -81 -79 -78 -78 -81 -83 -82 -84 -86 -83 -83 -83 -81
-75 -73 -72 -69 -72 -69 -73 -74 -74 -74 -75 -75 -72 -71 -73 -74 -76 -76 -78 -77 -79 -79 -80 -81 -81 -77 -76 -73 -73 -74 -74 -78 -75 -76 -75 -77 -79 -76 -75 -74 -76 -76 -76 -76 -76 -76 -76 -77 -73 -73 -74 -76 -73 -71 -73 -75 -77 -76 -76 -73 -72 -72 -72 -75 -75 -74 -76 -78 -77 -80 -83 -81 -81 -75 -72 -70 -72 -75 -83 -83 -81 -79 -78 -78 -81 -84 -82 -86 -87 -85 -83 -82 -82
-77 -75 -73 -71 -72 -66 -71 -69 -73 -71 -74 -75 -75 -73 -74 -71 -74 -75 -76 -78 -78 -81 -81 -81 -76 -76 -73 -74 -74 -78 -76 -77 -79 -76 -76 -77 -80 -77 -76 -76 -74 -75 -77 -76 -74 -73 -74 -76 -74 -73 -72 -72 -75 -73 -72 -77 -78 -76 -74 -73 -72 -72 -72 -73 -75 -75 -76 -78 -80 -77 -83 -79 -79 -83 -74 -70 -72 -81 -83 -82 -80 -79 -77 -79 -81 -83 -87 -87 -85 -85 -83 -83 -82
-73 -74 -75 -72 -69 -69 -67 -65 -66 -67 -71 -74 -75 -75 -74 -73 -76 -78 -79 -80 -79 -79 -79 -78 -75 -75 -77 -76 -78 -77 -75 -77 -80 -77 -77 -76 -78 -76 -75 -74 -76 -75 -74 -74 -75 -74 -74 -74 -73 -73 -75 -77 -77 -76 -70 -76 -77 -76 -75 -74 -72 -72 -72 -74 -76 -76 -77 -77 -80 -81 -80 -81 -82 -84 -78 -72 -71 -72 -81 -81 -81 -79 -76 -79 -82 -86 -89 -87 -86 -84 -85 -83 -81
-74 -75 -73 -70 -70 -67 -64 -66 -66 -65 -65 -68 -75 -74 -74 -75 -77 -79 -80 -81 -78 -77 -73 -74 -74 -77 -77 -79 -77 -76 -78 -76 -80 -79 -79 -77 -78 -78 -78 -75 -75 -75 -75 -75 -76 -75 -75 -74 -75 -76 -75 -76 -76 -75 -71 -74 -75 -74 -75 -73 -71 -71 -72 -73 -75 -75 -76 -78 -78 -79 -80 -84 -81 -84 -82 -78 -73 -72 -72 -81 -81 -79 -75 -76 -77 -81 -86 -85 -84 -83 -82 -84 -81
-70 -74 -72 -72 -70 -70 -64 -63 -66 -66 -70 -71 -71 -74 -75 -76 -77 -78 -80 -81 -78 -76 -74 -73 -80 -79 -80 -77 -81 -81 -78 -76 -79 -80 -80 -78 -78 -79 -78 -75 -75 -73 -77 -77 -77 -75 -76 -76 -75 -75 -76 -77 -76 -73 -71 -72 -74 -76 -75 -73 -73 -72 -72 -74 -75 -77 -77 -78 -78 -82 -83 -83 -84 -81 -79 -79 -77 -71 -75 -80 -82 -78 -77 -74 -76 -79 -83 -84 -83 -82 -83 -81 -81
-73 -70 -75 -71 -74 -67 -66 -66 -68 -69 -68 -70 -72 -73 -75 -74 -74 -79 -81 -82 -80 -76 -72 -78 -79 -78 -81 -80 -77 -77 -77 -77 -78 -80 -78 -79 -77 -77 -78 -75 -73 -72 -78 -77 -76 -75 -76 -76 -78 -76 -75 -75 -73 -73 -73 -73 -73 -75 -75 -75 -73 -72 -71 -74 -75 -75 -77 -77 -80 -80 -83 -84 -83 -81 -82 -80 -80 -71 -72 -76 -76 -79 -74 -75 -77 -82 -83 -82 -81 -80 -82 -81 -81
-75 -73 -69 -70 -69 -69 -67 -66 -64 -67 -69 -68 -69 -72 -74 -73 -78 -79 -76 -76 -74 -73 -74 -78 -75 -78 -80 -81 -79 -78 -75 -78 -83 -79 -76 -77 -77 -76 -74 -76 -77 -73 -76 -77 -76 -77 -75 -75 -76 -77 -76 -76 -74 -73 -71 -72 -72 -74 -74 -74 -74 -73 -74 -72 -74 -73 -76 -76 -75 -77 -80 -80 -81 -84 -80 -82 -79 -71 -70 -72 -79 -78 -74 -76 -80 -84 -83 -81 -79 -79 -79 -82 -79
-75 -74 -70 -69 -71 -71 -67 -63 -65 -64 -67 -68 -70 -72 -73 -74 -73 -73 -73 -74 -73 -74 -80 -78 -77 -80 -81 -81 -78 -77 -76 -80 -81 -79 -77 -75 -77 -75 -74 -73 -73 -72 -74 -77 -76 -76 -76 -77 -78 -78 -77 -79 -79 -73 -72 -71 -71 -76 -75 -74 -72 -72 -72 -71 -72 -73 -73 -75 -77 -77 -77 -77 -79 -80 -79 -79 -79 -72 -70 -73 -79 -78 -79 -78 -82 -86 -81 -81 -79 -83 -78 -78 -80
-74 -75 -75 -71 -69 -69 -67 -65 -65 -66 -68 -69 -72 -69 -73 -69 -69 -72 -72 -74 -73 -76 -80 -77 -79 -81 -82 -80 -79 -77 -80 -80 -78 -79 -75 -75 -75 -74 -73 -72 -72 -72 -74 -75 -77 -77 -76 -78 -79 -77 -75 -74 -73 -71 -75 -72 -72 -72 -74 -74 -74 -74 -74 -73 -71 -73 -73 -75 -77 -78 -76 -75 -77 -79 -77 -75 -78 -75 -72 -73 -76 -75 -76 -74 -76 -77 -81 -81 -82 -81 -80 -81 -83
-78 -77 -74 -71 -68 -68 -65 -67 -66 -66 -69 -71 -68 -69 -72 -71 -73 -70 -75 -73 -74 -81 -80 -77 -81 -80 -81 -80 -80 -77 -78 -81 -81 -80 -78 -75 -75 -74 -73 -72 -72 -72 -72 -75 -78 -76 -77 -77 -77 -78 -75 -77 -75 -74 -76 -74 -73 -74 -73 -75 -74 -74 -73 -73 -72 -73 -75 -77 -78 -76 -75 -74 -77 -74 -74 -74 -77 -78 -70 -70 -72 -75 -77 -73 -75 -78 -82 -79 -84 -84 -82 -82 -82
-77 -76 -71 -70 -69 -68 -66 -68 -69 -68 -70 -71 -75 -63 -66 -71 -69 -77 -74 -78 -78 -80 -80 -80 -80 -82 -80 -81 -77 -79 -80 -83 -82 -79 -79 -76 -76 -75 -73 -72 -72 -72 -72 -74 -74 -76 -78 -77 -77 -77 -79 -77 -74 -73 -76 -76 -75 -74 -73 -74 -73 -73 -73 -72 -73 -72 -74 -76 -76 -77 -74 -72 -74 -69 -71 -71 -71 -72 -69 -72 -77 -74 -76 -74 -75 -74 -74 -78 -79 -78 -79 -82 -81
-74 -72 -74 -72 -70 -68 -69 -69 -68 -71 -68 -68 -62 -75 -78 -75 -71 -65 -72 -79 -81 -82 -80 -81 -81 -81 -81 -78 -78 -82 -82 -80 -83 -81 -78 -77 -75 -73 -73 -72 -73 -73 -75 -72 -76 -77 -76 -76 -77 -78 -76 -75 -75 -72 -75 -79 -75 -73 -73 -74 -74 -74 -72 -74 -73 -73 -74 -74 -73 -74 -73 -73 -71 -67 -67 -74 -72 -71 -75 -74 -80 -79 -74 -73 -74 -73 -72 -73 -75 -78 -78 -80 -83
-74 -73 -73 -74 -73 -71 -71 -72 -73 -67 -67 -68 -70 -74 -72 -73 -70 -77 -78 -82 -81 -82 -82 -81 -82 -82 -81 -79 -83 -84 -81 -82 -80 -79 -77 -77 -75 -74 -73 -73 -73 -74 -76 -74 -77 -76 -74 -74 -76 -78 -78 -76 -74 -74 -73 -80 -76 -74 -74 -75 -75 -74 -73 -73 -72 -72 -72 -72 -73 -73 -74 -74 -70 -70 -76 -76 -77 -72 -79 -79 -83 -79 -77 -74 -73 -72 -71 -71 -72 -76 -75 -81 -82
-76 -74 -76 -78 -78 -72 -76 -75 -67 -66 -68 -71 -76 -74 -71 -74 -76 -77 -77 -77 -79 -83 -82 -83 -82 -81 -81 -83 -82 -84 -83 -81 -79 -78 -78 -77 -74 -74 -76 -75 -75 -76 -76 -74 -72 -73 -74 -75 -75 -77 -77 -78 -74 -74 -74 -81 -79 -75 -76 -75 -75 -74 -75 -75 -72 -71 -73 -71 -69 -71 -73 -74 -67 -71 -74 -76 -78 -78 -77 -82 -83 -83 -83 -78 -77 -77 -74 -73 -72 -73 -75 -76 -81
-82 -80 -78 -76 -75 -71 -73 -69 -77 -73 -77 -74 -70 -70 -71 -79 -78 -80 -80 -78 -80 -84 -84 -84 -84 -82 -85 -83 -84 -82 -82 -82 -80 -78 -76 -77 -75 -75 -77 -75 -75 -76 -75 -72 -72 -74 -75 -74 -74 -74 -76 -78 -79 -75 -74 -74 -79 -78 -79 -76 -73 -71 -70 -72 -70 -68 -70 -72 -70 -68 -70 -72 -72 -68 -72 -76 -78 -79 -80 -82 -83 -85 -87 -86 -84 -81 -74 -75 -73 -71 -75 -80 -82
-75 -82 -80 -82 -73 -74 -78 -77 -77 -77 -75 -69 -78 -75 -73 -78 -83 -79 -79 -77 -78 -84 -86 -85 -86 -87 -86 -85 -83 -84 -83 -80 -80 -77 -77 -76 -77 -73 -77 -77 -75 -75 -74 -74 -74 -72 -75 -76 -78 -75 -75 -80 -84 -74 -74 -73 -79 -81 -78 -73 -72 -71 -70 -69 -69 -68 -67 -69 -69 -67 -67 -68 -66 -68 -72 -74 -75 -79 -80 -80 -82 -85 -87 -82 -77 -78 -82 -79 -74 -75 -71 -73 -79
-78 -80 -78 -78 -77 -78 -76 -73 -81 -75 -73 -77 -77 -77 -76 -83 -82 -79 -79 -80 -80 -83 -87 -87 -87 -87 -85 -84 -82 -82 -82 -83 -79 -80 -80 -78 -74 -77 -78 -75 -75 -76 -76 -74 -76 -72 -76 -80 -76 -75 -78 -84 -84 -76 -74 -74 -76 -84 -79 -75 -72 -71 -71 -70 -69 -68 -67 -66 -69 -68 -68 -67 -66 -72 -74 -74 -74 -77 -78 -77 -80 -84 -85 -85 -80 -79 -82 -81 -74 -73 -73 -73 -71
-74 -74 -78 -82 -81 -84 -76 -79 -82 -71 -81 -83 -75 -75 -75 -80 -81 -78 -79 -85 -83 -84 -85 -89 -86 -87 -86 -83 -80 -82 -80 -81 -79 -74 -76 -75 -79 -79 -78 -77 -76 -77 -75 -76 -73 -73 -73 -74 -73 -75 -76 -79 -82 -77 -75 -74 -74 -75 -76 -77 -76 -75 -72 -71 -68 -69 -67 -66 -67 -67 -68 -70 -68 -71 -72 -74 -75 -73 -76 -74 -76 -80 -82 -85 -84 -80 -81 -76 -76 -78 -79 -74 -73
-74 -72 -74 -85 -78 -85 -80 -82 -77 -78 -85 -88 -79 -79 -79 -79 -84 -81 -80 -81 -85 -86 -88 -91 -88 -86 -81 -81 -82 -79 -78 -77 -76 -76 -76 -78 -79 -80 -76 -77 -78 -76 -77 -75 -75 -73 -73 -74 -75 -74 -74 -76 -78 -78 -74 -75 -77 -78 -79 -78 -80 -76 -71 -68 -67 -66 -66 -65 -65 -67 -67 -67 -69 -67 -74 -75 -72 -73 -74 -77 -78 -80 -82 -84 -86 -83 -80 -76 -77 -74 -75 -76 -78
-72 -78 -82 -79 -80 -89 -93 -77 -82 -82 -85 -85 -81 -86 -80 -83 -84 -83 -82 -84 -84 -84 -85 -87 -85 -83 -82 -81 -80 -83 -78 -79 -78 -75 -76 -81 -81 -77 -77 -78 -78 -78 -76 -75 -75 -73 -75 -76 -75 -75 -75 -76 -79 -76 -74 -75 -78 -82 -82 -84 -83 -77 -70 -67 -65 -64 -64 -65 -64 -64 -64 -64 -65 -70 -71 -69 -73 -73 -73 -75 -78 -82 -80 -83 -88 -84 -80 -79 -80 -77 -76 -76 -75
-75 -82 -86 -85 -85 -87 -87 -84 -80 -85 -82 -86 -84 -83 -80 -81 -83 -84 -84 -86 -84 -87 -86 -87 -84 -83 -81 -80 -80 -80 -83 -79 -80 -79 -78 -79 -80 -80 -79 -79 -78 -78 -77 -78 -74 -73 -74 -76 -82 -77 -76 -77 -77 -79 -75 -77 -82 -85 -85 -85 -81 -75 -69 -67 -64 -64 -64 -64 -64 -63 -63 -64 -65 -70 -67 -72 -76 -77 -73 -73 -76 -79 -82 -86 -89 -85 -81 -82 -80 -77 -76 -76 -73
-77 -77 -89 -82 -86 -94 -87 -80 -86 -90 -81 -83 -79 -81 -80 -84 -85 -90 -91 -89 -90 -90 -88 -84 -81 -82 -81 -79 -83 -82 -84 -80 -78 -78 -76 -82 -82 -81 -79 -79 -79 -79 -77 -78 -75 -74 -75 -76 -76 -76 -77 -77 -76 -82 -76 -76 -79 -84 -86 -82 -79 -79 -71 -68 -64 -64 -64 -64 -63 -64 -64 -64 -66 -68 -69 -71 -73 -76 -77 -75 -76 -76 -79 -79 -82 -87 -90 -91 -81 -78 -80 -75 -75
-79 -77 -77 -90 -90 -85 -82 -84 -90 -89 -92 -87 -81 -85 -86 -87 -86 -89 -86 -86 -87 -87 -84 -82 -82 -81 -80 -80 -84 -83 -80 -80 -78 -78 -80 -77 -79 -81 -78 -79 -79 -80 -78 -76 -76 -75 -75 -75 -75 -76 -77 -77 -78 -79 -77 -80 -79 -81 -81 -80 -82 -77 -72 -67 -65 -63 -64 -64 -64 -64 -64 -64 -67 -67 -68 -70 -72 -72 -73 -76 -80 -81 -82 -79 -80 -86 -87 -91 -85 -80 -80 -77 -76
-85 -81 -82 -91 -89 -84 -85 -88 -86 -88 -90 -87 -85 -81 -80 -80 -84 -87 -86 -85 -85 -83 -83 -82 -82 -80 -79 -83 -82 -81 -80 -80 -79 -78 -81 -78 -78 -80 -78 -80 -80 -80 -79 -77 -77 -76 -77 -77 -77 -77 -75 -77 -78 -78 -77 -78 -79 -76 -75 -77 -80 -77 -70 -67 -63 -65 -64 -63 -64 -64 -64 -65 -67 -66 -67 -70 -69 -71 -73 -76 -82 -84 -88 -85 -85 -82 -87 -91 -88 -86 -83 -86 -74
