DE_airtemperature/2010/2010_10_air_temp_min.asc
NCOLS 654
NROWS 866
XLLCORNER 3280414.711633467
YLLCORNER 5237500.62890625
CELLSIZE 1000
NODATA_VALUE -999
[rows 477 to 529 of 866, columns 384 to 479 of 654]
32 32 34 36 33 35 36 37 39 39 39 40 40 37 36 38 37 40 39 36 37 38 37 36 37 38 38 39 39 39 39 38 38 38 37 37 36 37 36 36 36 36 36 35 35 36 35 35 35 36 37 36 35 35 35 35 35 36 37 37 34 35 34 34 35 35 34 33 33 34 34 36 36 37 36 35 34 35 36 36 36 37 37 35 35 34 32 32 32 32 32 30 30 30 29 30
34 33 33 36 37 37 37 38 38 37 37 35 35 38 37 36 37 37 39 39 38 37 37 36 39 38 38 38 38 38 38 37 37 37 36 36 36 36 36 36 36 36 36 35 34 35 34 35 35 36 35 35 36 35 35 35 36 36 36 36 35 34 35 34 34 34 34 33 33 34 35 35 36 36 36 36 36 36 36 36 36 37 37 36 35 35 32 32 30 31 31 30 30 29 29 29
36 33 36 37 37 37 37 37 34 34 33 35 36 35 37 37 36 36 36 39 39 37 38 38 38 38 38 38 36 36 36 35 35 36 34 35 35 35 35 36 36 36 36 35 36 35 36 35 36 35 35 34 36 35 35 34 35 36 36 35 36 36 36 34 33 33 33 33 33 34 34 34 35 35 36 37 37 36 35 36 36 36 37 35 35 35 33 34 31 30 30 30 28 29 28 28
36 36 36 37 37 37 37 35 34 34 33 35 35 34 36 37 36 36 37 39 39 38 38 39 38 37 38 37 35 36 35 35 34 34 34 34 34 34 35 35 36 36 36 34 35 36 37 36 36 34 35 34 36 35 34 34 35 36 35 35 35 34 34 34 34 33 33 33 33 33 34 35 34 35 36 36 37 36 36 35 35 35 37 36 35 34 33 32 32 31 30 28 28 28 29 28
36 36 36 33 34 36 35 33 33 34 33 35 34 33 37 37 38 37 38 38 39 39 38 38 37 36 37 36 35 35 34 34 33 34 34 35 35 35 36 36 36 35 36 35 35 36 36 34 34 35 34 34 34 35 34 34 34 35 35 34 35 33 33 33 33 33 33 33 34 34 34 34 34 34 36 36 36 35 35 35 34 34 35 36 34 34 33 31 31 30 31 29 28 29 29 29
34 32 34 33 35 33 33 33 33 32 33 34 34 36 37 38 38 38 38 39 38 38 38 37 36 36 35 35 34 34 33 33 34 34 35 35 35 35 35 36 36 35 36 36 35 35 37 34 35 35 34 34 35 35 35 34 34 34 35 33 36 32 34 34 33 33 34 34 34 33 33 34 34 34 35 35 34 35 35 34 34 34 34 34 35 35 33 32 32 31 31 29 29 29 30 28
34 33 32 31 33 35 35 33 35 33 34 35 35 37 37 37 37 38 38 38 38 37 36 36 36 35 35 34 33 33 33 33 34 34 34 35 35 35 36 36 35 35 35 35 35 35 37 35 36 35 35 34 35 35 36 34 33 33 34 33 33 36 35 33 33 34 35 32 33 33 33 33 33 34 35 34 34 33 34 34 34 34 35 34 35 34 34 33 31 31 29 29 28 28 28 29
34 30 30 34 32 32 34 34 34 34 35 37 37 38 38 38 37 36 35 36 36 36 36 36 35 34 33 33 34 34 34 34 34 34 34 34 34 35 35 35 35 36 36 35 35 36 36 34 35 35 35 35 35 35 36 34 34 34 33 34 34 36 34 33 34 35 32 32 32 32 32 33 33 33 33 34 34 33 34 33 33 34 32 33 35 34 32 32 32 31 30 30 29 30 30 29
34 31 33 32 34 33 34 34 35 36 36 37 37 38 37 37 37 36 35 34 34 34 35 34 33 33 34 34 35 34 34 34 34 33 34 34 34 34 35 36 36 36 36 36 36 36 35 34 35 34 35 35 35 35 35 33 33 35 34 34 34 36 36 36 34 32 31 31 31 31 32 32 33 32 32 32 33 32 32 33 34 33 33 34 34 31 31 30 31 30 30 29 30 29 28 27
33 34 35 35 36 35 35 36 36 36 36 36 37 37 37 37 36 34 33 32 32 32 33 34 33 34 34 34 34 34 34 34 34 34 35 35 34 34 34 35 35 36 37 36 35 35 35 34 34 34 34 34 34 34 33 33 33 33 33 33 33 34 33 32 32 31 31 32 31 31 31 31 32 31 32 31 31 32 32 32 33 34 33 32 33 31 29 29 30 29 29 27 27 26 27 28
33 33 35 35 34 34 33 35 35 34 35 35 35 35 35 34 34 32 31 30 31 32 33 33 33 33 35 35 34 34 34 35 35 35 35 35 36 36 35 35 36 36 35 35 35 34 34 35 35 35 34 33 33 33 34 34 33 34 33 32 35 34 35 32 32 32 32 31 31 30 30 30 30 30 31 31 31 31 32 31 32 33 33 32 32 31 29 27 28 28 26 25 25 25 26 27
32 33 35 35 33 32 32 33 33 33 34 34 33 32 33 32 32 31 31 32 33 33 34 33 33 34 35 34 34 34 35 35 35 35 35 35 36 36 37 36 35 36 36 34 34 33 34 34 35 34 33 33 33 32 33 32 33 34 32 34 34 33 32 32 31 32 31 31 31 31 31 30 31 30 30 32 31 31 31 32 32 32 31 31 31 31 30 26 27 27 25 24 24 26 24 26
31 32 33 35 32 31 32 31 35 33 32 32 31 31 32 31 31 31 32 31 33 33 32 33 35 35 35 34 34 34 35 35 35 35 35 35 36 37 37 36 36 36 35 34 34 34 34 34 35 34 34 33 32 32 32 32 33 34 33 35 33 32 31 31 31 32 31 32 31 32 30 31 31 30 29 30 31 31 31 32 31 31 31 30 31 29 30 28 26 25 25 25 25 26 26 25
30 31 33 34 32 34 35 34 31 31 30 30 31 32 32 32 31 31 32 33 33 33 33 36 33 33 34 34 34 35 35 35 35 35 36 35 36 36 37 37 35 36 35 35 34 34 33 34 33 33 33 32 32 32 34 34 33 33 33 35 31 31 33 30 31 31 30 30 29 29 30 30 29 28 29 30 30 30 30 30 30 31 31 30 30 30 29 27 24 25 25 24 26 27 25 25
27 29 32 34 34 34 33 35 35 33 33 34 33 33 35 33 33 31 31 33 31 32 34 34 35 34 35 35 35 35 35 36 36 37 36 36 36 37 36 35 35 35 35 34 35 34 33 33 32 32 32 32 31 32 32 34 33 34 33 33 32 31 30 29 29 29 29 30 30 29 29 29 28 29 29 29 29 28 29 29 29 29 30 29 28 28 28 25 25 25 26 25 26 25 24 25
27 28 30 31 33 33 31 34 33 32 35 33 36 32 35 34 35 33 34 33 34 35 35 34 34 33 34 36 36 35 35 37 37 36 36 36 36 36 35 35 35 36 35 34 35 35 34 32 31 31 31 31 32 32 32 34 32 33 32 33 31 31 30 28 28 31 29 29 31 29 28 29 29 28 29 30 30 28 28 29 29 29 29 28 27 28 28 25 24 25 24 24 25 24 23 25
26 28 30 28 30 30 28 35 31 29 29 32 31 32 31 31 33 33 35 33 31 35 36 34 34 34 35 34 36 35 37 36 37 36 36 37 36 36 36 34 35 35 34 34 34 33 33 32 32 31 30 30 31 32 32 31 33 32 32 31 33 31 30 28 29 29 27 28 29 30 30 29 29 30 30 30 29 29 28 28 27 27 27 28 27 27 26 27 25 24 24 24 24 24 23 23
26 29 28 30 30 32 34 32 30 29 28 28 30 31 29 29 29 30 30 31 31 33 31 35 33 34 34 35 35 36 37 37 37 37 37 36 36 37 37 36 35 34 34 33 33 32 33 32 31 32 30 31 31 31 32 32 30 32 31 32 31 30 29 29 28 27 27 27 28 28 28 28 29 28 29 29 29 29 28 27 27 26 27 26 26 26 25 25 23 23 24 24 23 24 23 23
27 28 30 31 33 33 29 33 29 31 29 29 28 29 29 30 29 28 30 31 31 31 32 31 33 35 35 37 36 37 38 37 38 37 37 36 35 36 37 35 35 35 34 33 31 31 32 32 32 32 30 30 31 32 31 30 31 31 31 31 31 30 29 29 28 27 26 26 27 27 27 28 27 27 29 29 29 28 28 28 27 26 26 25 24 25 24 23 22 24 23 21 22 21 22 24
26 27 27 32 29 27 27 30 31 32 29 32 31 28 27 28 29 28 29 29 31 31 30 31 31 31 35 37 35 35 36 38 37 38 37 36 35 36 35 34 35 36 33 32 32 32 32 32 32 31 29 30 32 30 31 30 30 31 30 31 31 31 30 28 28 28 27 26 27 27 27 26 26 27 27 29 27 28 27 27 26 24 24 23 24 24 22 22 22 23 23 23 21 19 21 25
26 27 30 33 31 28 26 28 31 32 31 31 28 28 29 27 28 28 28 28 31 31 30 30 30 32 33 36 35 35 35 36 35 37 36 35 35 36 34 34 35 35 34 33 32 32 32 31 31 32 30 30 30 30 30 30 31 31 30 30 31 31 30 28 28 28 27 27 27 27 27 27 26 26 26 28 29 28 28 27 27 25 24 24 23 23 22 24 23 24 22 23 21 21 23 22
30 29 32 27 27 28 27 28 30 27 30 28 27 28 27 26 27 26 28 28 28 30 28 28 30 31 32 34 36 37 37 35 35 34 34 35 34 33 33 34 34 34 33 34 32 31 31 30 31 31 30 30 30 30 30 30 30 31 32 31 31 31 30 29 29 28 27 28 28 27 28 28 26 26 26 25 27 28 27 27 26 24 23 21 21 21 22 21 22 22 24 24 22 22 24 20
26 31 32 27 29 28 26 26 25 26 28 27 27 26 25 26 25 26 26 27 28 30 28 28 29 31 31 33 33 35 34 33 33 33 34 35 33 34 33 33 33 34 33 32 32 32 31 30 31 31 31 30 29 30 31 31 30 31 30 30 32 30 29 30 29 28 27 29 29 28 27 27 27 27 26 25 26 27 26 25 24 24 22 20 21 22 22 20 21 22 24 22 22 24 20 18
29 29 28 31 31 30 25 26 25 26 28 26 27 24 26 25 25 25 26 28 29 29 29 29 29 29 31 32 33 32 34 34 33 34 34 34 34 33 34 33 33 34 33 32 32 32 31 32 32 32 32 28 28 30 30 31 31 31 32 31 32 30 29 29 29 30 28 28 27 28 27 27 25 26 26 25 26 26 26 25 24 22 20 20 21 20 22 22 22 22 21 21 22 22 20 20
28 26 29 29 30 31 28 26 25 25 26 29 25 25 25 24 25 25 25 26 26 27 25 27 29 30 31 33 35 34 32 34 33 33 34 32 33 33 32 32 33 32 33 32 32 32 32 32 32 31 31 29 29 30 31 31 31 31 31 32 32 31 28 29 29 29 28 27 27 28 27 27 25 25 26 25 26 26 24 25 23 21 20 21 21 20 19 22 20 20 20 20 20 20 20 19
28 30 30 29 28 28 28 29 27 23 24 27 26 27 26 24 25 26 25 25 25 25 26 26 28 29 29 30 32 32 31 31 31 32 33 31 32 32 32 31 31 32 32 32 31 31 32 32 32 32 32 30 30 30 31 30 31 32 32 32 31 31 30 29 29 28 28 27 27 28 27 26 25 25 26 24 26 25 25 24 20 22 21 22 22 20 20 22 19 19 19 19 20 19 20 18
24 26 25 25 27 28 24 25 26 23 24 25 25 24 26 25 23 24 24 23 22 23 25 25 25 26 28 28 31 32 32 31 31 31 30 30 29 31 31 31 30 31 32 30 30 30 31 31 31 31 31 31 30 30 31 31 32 32 32 31 30 31 29 28 29 28 27 27 29 28 27 26 25 25 26 24 26 24 23 22 20 22 21 20 22 22 22 20 18 16 17 18 18 17 18 17
23 23 23 25 26 26 25 23 23 24 23 23 25 22 23 24 24 23 22 22 22 23 24 24 25 26 27 28 30 30 31 31 30 31 30 30 29 29 31 31 31 31 30 31 29 29 29 29 30 31 30 32 31 31 32 32 33 32 32 30 29 30 29 28 28 29 28 26 28 28 26 26 25 25 25 25 25 25 23 21 21 21 22 21 20 22 20 18 18 16 14 15 16 19 16 16
25 26 24 29 27 25 25 23 22 23 22 25 25 24 22 23 24 23 19 21 22 22 23 24 25 25 27 28 29 30 29 28 29 30 29 30 29 28 29 29 30 30 30 30 29 29 29 30 30 31 31 32 32 31 32 32 31 31 31 29 29 30 28 28 28 28 27 28 28 28 27 24 25 24 24 25 24 24 22 21 21 20 20 21 21 20 18 18 16 15 14 13 15 18 13 15
26 26 28 25 25 26 24 25 21 22 24 23 21 22 21 23 24 22 22 20 22 22 22 23 24 24 26 28 29 27 28 28 29 28 29 29 28 27 28 29 28 30 30 30 29 28 29 30 30 30 31 31 31 32 31 30 30 31 30 29 29 29 28 28 27 28 26 27 27 27 26 24 24 23 23 24 22 23 21 21 22 22 22 21 20 19 17 18 17 14 14 12 15 17 11 13
23 24 24 25 22 26 23 24 23 22 22 21 21 21 22 21 23 20 20 19 20 22 23 23 23 25 25 28 28 26 27 28 27 27 27 27 27 27 28 27 28 29 29 29 29 29 29 29 30 30 31 30 30 31 30 29 29 29 29 28 28 29 28 27 26 27 26 25 26 26 24 24 24 23 22 22 21 22 21 21 20 22 21 20 20 19 16 16 15 14 13 13 14 15 13 14
22 23 23 25 25 22 22 23 22 21 20 21 21 22 22 23 19 19 20 20 20 21 22 23 24 23 27 26 26 27 27 27 27 27 28 28 27 27 27 27 28 28 28 28 28 28 27 28 29 29 29 30 30 31 30 30 29 29 29 29 28 28 27 27 26 26 26 25 24 24 24 25 24 24 21 23 22 21 21 20 20 21 20 18 18 19 16 14 13 13 15 12 14 13 16 14
21 22 21 22 23 23 21 22 22 19 21 20 21 22 23 23 21 20 19 20 21 21 21 22 24 25 26 26 25 25 25 27 28 28 28 28 27 27 27 28 27 26 28 28 28 27 28 28 28 29 28 29 30 29 30 29 30 30 30 29 29 29 28 27 28 27 27 27 26 24 24 24 23 23 22 22 22 22 20 19 19 19 20 18 17 19 16 17 14 12 12 12 13 12 14 13
21 22 22 23 24 23 23 21 21 19 21 20 22 22 22 21 21 21 19 19 20 20 22 23 23 26 24 27 26 25 25 27 27 28 29 27 27 27 28 27 26 26 26 27 28 28 29 29 28 27 28 29 30 31 30 31 31 30 29 30 29 28 28 28 27 27 27 27 26 23 24 23 21 21 20 21 21 21 20 19 18 18 19 17 16 18 17 14 13 12 13 13 12 13 13 12
21 22 23 23 24 23 23 23 22 22 20 21 20 20 20 21 21 20 20 19 19 20 22 23 24 24 26 25 24 24 26 26 28 27 29 28 28 28 28 27 27 26 27 27 26 27 27 28 28 28 28 28 30 29 29 29 29 30 30 29 29 29 28 27 27 28 28 26 26 25 26 23 21 21 20 20 21 21 19 18 17 16 16 16 16 16 16 16 14 13 12 12 -999 -999 -999 -999
22 23 23 23 24 23 23 23 22 22 21 21 21 20 20 21 20 20 19 20 19 19 21 22 24 24 25 24 24 25 27 28 28 29 29 29 29 28 27 27 28 27 27 26 26 26 27 27 27 29 29 29 29 30 29 30 29 29 28 28 29 29 28 28 28 27 26 27 26 26 23 23 21 20 20 20 20 20 20 20 19 18 16 17 16 15 14 13 -999 -999 -999 -999 -999 -999 -999 -999
25 24 24 24 24 23 24 24 23 23 21 21 22 21 20 19 20 19 20 19 20 21 21 20 22 23 26 24 23 25 28 29 28 27 29 30 28 28 27 28 27 27 27 26 27 27 26 26 27 27 29 28 29 30 28 30 29 28 27 28 27 29 29 28 27 27 26 26 25 23 23 22 21 20 20 20 20 20 21 22 21 20 18 17 15 -999 -999 -999 -999 -999 -999 -999 -999 -999 -999 -999
24 24 25 25 23 23 25 24 24 21 23 22 21 22 21 20 21 20 20 21 21 21 20 21 22 22 26 25 25 27 26 26 26 26 27 29 29 29 29 28 27 27 26 26 27 27 27 26 27 27 28 29 29 28 28 28 27 27 27 27 27 27 27 28 26 26 25 25 25 25 24 22 21 19 19 19 19 19 19 19 20 21 20 20 -999 -999 -999 -999 -999 -999 -999 -999 -999 -999 -999 -999
24 22 25 23 23 23 25 23 24 22 23 23 23 24 21 21 20 20 21 22 22 21 23 23 22 23 25 26 27 25 27 25 25 25 26 27 28 27 27 27 27 26 26 27 27 27 27 26 27 27 29 29 28 28 25 26 27 28 27 25 26 26 28 26 26 26 26 26 25 24 23 23 22 19 20 19 19 19 19 20 19 21 21 -999 -999 -999 -999 -999 -999 -999 -999 -999 -999 -999 -999 -999
24 23 24 23 23 23 23 23 22 22 23 22 24 21 22 22 21 21 21 21 22 23 23 24 24 24 26 25 26 24 24 26 25 25 27 27 28 29 26 27 27 26 27 26 27 28 27 27 28 29 27 27 28 28 27 26 27 28 26 25 26 27 27 27 27 27 26 25 24 25 24 23 20 20 20 20 19 20 22 20 20 22 20 -999 -999 -999 -999 -999 -999 -999 -999 -999 -999 -999 -999 -999
25 25 25 22 23 24 25 24 23 22 24 22 25 23 23 23 21 21 21 20 21 22 22 22 22 24 25 24 25 24 24 25 24 24 26 27 29 28 28 27 27 27 27 27 28 27 28 27 28 29 27 27 27 27 26 26 26 27 25 25 26 26 26 27 27 24 24 24 24 24 23 23 22 22 21 20 20 20 21 22 22 22 21 20 -999 -999 -999 -999 -999 -999 -999 -999 -999 -999 -999 -999
25 25 23 22 22 24 24 22 23 22 24 22 23 22 25 22 20 21 21 20 21 22 23 22 23 24 26 26 26 23 25 25 25 24 26 26 26 29 29 27 27 27 27 27 28 28 27 27 28 27 26 26 27 25 26 24 24 25 26 25 25 24 24 26 27 25 25 25 25 25 24 22 22 21 21 21 20 19 20 20 18 18 -999 -999 -999 -999 -999 -999 -999 -999 -999 -999 -999 -999 -999 -999
24 24 22 26 22 25 25 22 22 22 21 24 24 22 24 23 22 22 22 23 21 23 23 24 25 26 26 25 24 25 26 24 25 24 26 26 26 26 27 29 29 28 28 28 28 27 27 26 26 27 27 24 25 25 25 24 24 24 25 25 23 24 25 25 24 24 26 24 24 24 24 22 22 22 22 19 20 19 21 19 18 -999 -999 -999 -999 -999 -999 -999 -999 -999 -999 -999 -999 -999 -999 -999
26 24 23 22 23 23 25 24 23 23 21 21 23 23 24 24 23 25 23 22 21 22 23 24 24 25 26 26 26 25 24 25 24 24 25 25 26 26 27 29 29 30 28 28 27 27 26 26 26 25 27 25 24 25 24 24 24 23 23 23 24 23 23 23 22 23 24 25 24 22 22 21 21 22 21 20 18 18 19 21 19 -999 -999 -999 -999 -999 -999 -999 -999 -999 -999 -999 -999 -999 -999 -999
26 26 24 24 24 26 23 22 23 22 22 23 24 23 24 24 22 22 24 23 21 22 23 24 25 24 24 24 26 24 25 25 25 25 25 25 26 27 27 29 29 28 28 28 28 28 26 26 25 26 25 25 25 24 25 24 24 24 23 23 22 23 23 22 23 23 24 24 24 23 23 23 23 23 21 21 21 21 21 -999 -999 -999 -999 -999 -999 -999 -999 -999 -999 -999 -999 -999 -999 -999 -999 -999
26 25 24 22 21 23 22 23 23 21 23 22 23 25 25 24 23 23 22 23 23 23 22 24 24 24 23 24 27 26 26 24 25 26 26 27 26 27 28 28 28 29 29 28 28 28 26 25 26 25 24 24 24 24 25 25 24 23 23 23 23 -999 -999 23 24 23 22 23 24 24 22 24 24 23 23 22 23 22 -999 -999 -999 -999 -999 -999 -999 -999 -999 -999 -999 -999 -999 -999 -999 -999 -999 -999
24 24 23 24 25 21 21 23 21 21 22 21 24 24 26 25 25 25 25 24 22 23 22 22 22 24 24 25 27 27 26 27 27 26 25 26 27 27 27 28 28 28 27 28 28 28 26 26 25 25 25 24 25 25 25 23 23 24 24 22 22 -999 -999 22 22 21 22 24 22 23 24 24 23 23 24 23 23 22 -999 -999 -999 -999 -999 -999 -999 -999 -999 -999 -999 -999 -999 -999 -999 -999 -999 -999
23 24 22 25 24 22 24 22 21 23 23 23 23 25 24 23 25 22 23 24 22 21 21 23 24 24 24 26 26 25 25 28 27 27 27 26 26 27 26 27 27 28 28 28 28 27 26 26 25 26 25 25 25 25 25 23 23 23 24 23 22 -999 -999 -999 21 22 22 23 22 22 21 22 21 21 22 23 22 22 -999 -999 -999 -999 -999 -999 -999 -999 -999 -999 -999 -999 -999 -999 -999 -999 -999 -999
22 23 21 24 21 25 23 23 22 24 25 23 25 24 21 22 22 25 26 23 23 23 22 23 23 24 25 26 26 25 27 28 27 27 26 25 26 27 27 28 27 28 27 28 28 27 27 26 26 25 25 25 25 25 24 23 23 23 22 22 -999 -999 -999 -999 21 21 23 23 23 22 22 21 22 21 22 22 21 21 -999 -999 -999 -999 -999 -999 -999 -999 -999 -999 -999 -999 -999 -999 -999 -999 -999 -999
22 23 19 24 23 22 22 24 21 24 22 25 22 23 22 23 24 25 23 23 24 24 22 23 24 23 25 24 25 25 27 27 26 26 26 25 26 26 26 26 27 28 28 28 27 27 27 26 25 25 25 26 26 25 24 23 22 22 21 22 -999 -999 -999 -999 21 21 24 22 21 22 21 21 23 22 21 20 -999 -999 -999 -999 -999 -999 -999 -999 -999 -999 -999 -999 -999 -999 -999 -999 -999 -999 -999 -999
22 20 20 21 23 21 23 24 22 22 26 25 24 21 23 25 23 23 25 26 25 23 23 22 24 23 23 24 25 25 27 26 26 26 26 25 25 25 26 26 27 27 28 27 28 27 27 26 26 26 26 25 24 24 23 23 22 22 22 21 -999 -999 -999 -999 21 22 22 22 20 21 22 21 20 20 21 -999 -999 -999 -999 -999 -999 -999 -999 -999 -999 -999 -999 -999 -999 -999 -999 -999 -999 -999 -999 -999
21 20 19 21 24 21 23 21 23 25 22 25 24 21 24 25 23 26 24 24 23 24 23 22 21 22 23 24 25 25 26 26 26 26 26 25 26 26 26 28 27 27 27 26 27 26 26 25 25 25 25 24 23 24 24 22 22 22 -999 -999 -999 -999 -999 -999 -999 -999 -999 -999 20 20 22 21 21 19 21 -999 -999 -999 -999 -999 -999 -999 -999 -999 -999 -999 -999 -999 -999 -999 -999 -999 -999 -999 -999 -999
21 21 21 21 24 21 23 25 23 24 24 24 22 21 24 24 26 24 23 24 24 24 22 24 22 22 23 24 24 25 26 27 26 25 25 26 26 27 27 27 27 27 26 27 27 27 26 25 24 25 24 24 23 23 23 23 23 21 -999 -999 -999 -999 -999 -999 -999 -999 -999 -999 20 20 21 20 19 20 22 -999 -999 -999 -999 -999 -999 -999 -999 -999 -999 -999 -999 -999 -999 -999 -999 -999 -999 -999 -999 -999
