DE_airtemperature/2010/2010_07_air_temp_min.asc
NCOLS 654
NROWS 866
XLLCORNER 3280414.711633467
YLLCORNER 5237500.62890625
CELLSIZE 1000
NODATA_VALUE -999
[rows 410 to 450 of 866, columns 470 to 563 of 654]
146 145 146 145 145 145 145 145 145 146 146 145 145 145 144 145 144 144 144 143 143 144 144 143 143 143 143 143 141 141 141 142 144 144 144 145 145 144 145 146 145 144 144 144 144 143 143 144 143 144 144 143 143 143 143 143 143 142 142 142 142 143 142 142 143 143 142 143 143 143 144 144 144 145 145 145 146 146 146 146 147 145 146 145 146 145 146 145 146 145 145 145 144 144
146 146 146 146 145 145 145 145 145 146 146 147 145 145 145 145 145 144 144 144 143 143 143 144 143 142 143 143 143 142 143 143 143 144 144 145 145 145 145 145 144 144 144 143 144 143 143 143 144 142 143 143 143 143 142 142 143 142 141 141 142 141 141 142 142 143 143 143 143 143 144 144 145 145 146 146 146 147 147 147 147 146 147 146 146 146 147 146 146 145 146 145 145 145
146 146 146 146 145 146 145 145 145 146 146 146 146 145 145 144 144 144 144 143 143 143 143 143 143 143 143 142 142 142 143 144 144 144 145 145 144 145 145 144 144 143 143 144 144 144 143 144 143 142 142 142 142 142 142 142 142 142 141 141 141 140 141 141 142 143 143 143 144 143 143 144 145 146 146 146 147 148 148 147 148 147 147 147 147 146 147 146 146 146 146 146 145 144
146 146 146 146 145 145 145 145 145 145 146 146 146 145 145 145 144 144 143 144 143 144 144 144 143 143 143 142 142 142 142 143 143 144 145 144 144 145 145 145 144 144 144 144 143 144 144 143 142 142 143 141 141 141 141 142 141 142 141 141 141 141 140 141 141 142 143 143 144 144 144 144 144 146 146 147 147 148 148 148 148 148 148 148 148 148 148 147 146 147 146 145 145 144
146 146 146 146 145 145 145 145 145 146 146 146 146 146 145 145 145 145 145 145 145 145 144 145 145 144 144 144 144 143 142 143 144 144 145 144 145 145 145 144 145 144 144 144 144 144 142 142 142 141 142 141 141 140 140 140 141 141 140 139 138 139 139 140 141 142 143 143 144 144 144 144 144 145 147 146 147 147 148 148 149 149 149 149 149 149 148 147 148 147 147 147 145 145
146 146 146 145 145 144 144 145 145 145 145 145 146 146 145 144 144 143 144 144 144 144 144 144 144 144 145 145 144 143 143 144 143 144 145 145 145 144 144 144 145 144 144 144 143 143 142 142 141 141 140 140 140 140 139 139 141 140 138 139 138 138 137 139 141 141 143 142 143 143 144 144 145 145 146 146 146 148 150 149 149 150 150 149 149 149 149 147 148 148 148 147 147 145
146 146 146 145 145 144 145 144 145 144 145 145 146 145 144 144 144 143 143 143 143 144 144 144 144 144 144 145 144 143 143 144 144 144 144 144 144 144 144 144 145 144 144 144 143 142 142 142 140 139 139 140 140 139 139 139 139 140 138 139 138 137 138 138 141 142 143 143 143 144 144 144 145 146 146 145 146 148 149 149 150 151 151 150 150 150 150 149 149 148 148 147 146 145
146 146 146 145 144 144 144 144 144 144 146 146 146 143 143 142 143 143 142 143 143 144 143 143 143 143 143 144 145 145 145 145 145 144 144 144 144 143 143 144 144 144 144 143 142 142 141 141 140 139 139 139 139 138 138 139 138 140 139 138 138 139 139 139 140 141 143 142 143 144 144 143 145 145 146 146 147 148 148 150 150 151 151 150 150 150 150 150 150 149 148 147 146 146
145 146 145 146 145 145 145 145 145 145 145 146 144 144 145 145 144 143 143 142 144 144 144 144 144 144 144 144 144 145 144 145 145 145 145 144 144 143 144 144 144 144 144 143 143 141 140 140 139 140 139 140 138 138 138 138 138 140 140 138 138 139 139 139 139 141 142 143 142 142 143 145 144 145 146 146 147 148 150 150 151 151 151 151 152 150 150 150 150 150 149 148 147 146
145 145 145 145 145 145 145 145 145 145 146 144 144 144 144 143 144 145 144 143 143 144 144 144 144 144 144 144 144 144 145 145 143 144 144 143 143 143 144 144 145 145 143 142 142 141 141 140 139 139 139 139 138 138 138 138 138 139 140 140 139 139 139 139 140 141 142 141 142 143 143 143 144 145 146 146 148 150 150 151 151 151 152 152 152 150 151 151 150 150 150 148 147 145
145 145 145 145 145 145 145 145 145 145 146 145 144 144 144 144 145 144 144 144 143 144 143 145 144 144 144 144 144 143 144 143 143 144 144 143 144 144 143 144 144 144 143 142 141 141 141 141 141 140 139 139 137 138 139 139 138 139 139 138 138 138 138 138 140 141 142 142 143 144 143 143 144 145 145 147 149 150 151 151 152 151 151 151 151 151 152 151 151 150 150 150 147 146
145 145 145 145 145 145 145 145 145 145 145 146 144 145 145 144 146 145 144 145 144 145 144 144 145 144 143 143 143 144 144 143 144 143 143 143 143 143 144 144 144 143 143 143 141 141 140 140 141 140 139 139 139 139 139 139 139 138 137 139 136 137 138 138 139 142 143 143 144 143 143 144 145 145 146 147 149 150 151 152 153 152 151 152 152 151 152 151 151 151 148 148 147 146
145 145 145 145 145 145 145 145 145 145 144 145 146 145 146 146 146 145 144 146 146 145 145 145 145 143 143 143 143 144 144 143 143 144 142 144 144 145 145 143 143 144 142 143 143 141 140 140 140 139 139 139 140 138 137 136 136 136 135 135 138 137 137 138 139 142 143 144 144 144 142 144 145 146 147 148 150 152 153 154 154 154 153 153 153 152 152 151 150 150 149 148 147 146
145 145 145 145 145 145 145 145 140 144 144 144 146 147 146 146 146 146 146 146 147 147 146 146 144 143 143 144 143 143 143 143 143 143 142 145 144 144 144 144 144 143 143 142 142 140 140 140 141 139 140 140 140 138 137 136 134 133 132 134 133 135 138 138 141 142 143 144 144 145 145 144 145 147 148 149 150 152 154 154 154 155 154 154 153 153 153 152 152 150 149 148 146 146
145 145 145 145 145 145 145 145 144 144 145 145 147 147 146 146 145 146 145 147 147 147 147 147 146 145 144 144 143 142 142 142 143 143 143 143 144 144 143 143 144 143 143 143 141 140 140 140 140 140 140 139 139 138 138 135 134 133 131 132 132 134 137 138 139 142 143 144 145 145 145 144 146 147 148 149 150 153 154 154 155 156 156 154 153 153 153 152 151 150 149 149 147 145
145 145 144 145 144 144 145 145 145 144 144 144 146 146 146 147 147 146 146 147 147 147 147 147 146 145 144 144 145 143 143 144 143 143 143 144 144 144 143 145 145 144 142 143 142 142 141 142 142 142 140 140 139 137 137 133 132 131 131 131 130 133 135 135 139 139 143 144 145 146 146 145 146 147 148 149 151 153 154 155 156 157 155 155 154 153 152 153 151 149 149 148 148 146
145 145 145 145 145 144 144 144 144 144 145 145 145 145 146 148 147 147 148 147 147 147 146 145 147 147 145 145 144 146 146 144 144 143 144 144 145 144 144 144 144 145 144 142 142 143 141 140 142 142 140 141 138 138 138 135 131 129 128 126 127 132 133 134 137 141 142 144 145 146 146 147 146 147 148 150 151 153 153 155 157 158 156 154 154 154 152 151 150 150 149 148 148 146
145 145 144 144 145 144 144 144 144 144 144 145 146 146 148 147 148 148 148 146 146 146 146 147 145 147 147 148 148 148 147 145 144 144 143 144 145 145 146 145 145 146 145 144 142 141 142 143 140 141 141 141 138 137 136 135 133 129 127 125 127 133 131 131 135 137 141 143 145 146 147 147 146 147 148 148 149 151 153 154 155 156 155 155 154 154 152 151 150 149 148 149 148 147
144 145 145 145 145 145 145 144 144 144 144 145 145 146 148 147 145 146 146 145 146 147 146 145 147 146 146 146 145 146 148 146 146 144 144 145 146 147 146 146 145 144 145 144 142 141 142 143 142 143 141 142 141 138 138 137 134 131 129 128 132 130 130 132 134 137 138 142 145 146 147 148 146 147 148 149 151 151 154 153 154 155 155 155 155 154 152 151 150 148 148 149 148 147
144 145 145 145 145 145 143 144 144 145 144 145 145 146 145 147 145 145 145 146 144 145 146 146 146 146 146 146 145 146 147 147 148 145 147 147 147 146 148 146 146 145 145 144 143 142 142 142 143 142 142 141 141 139 138 136 135 132 131 129 130 131 131 132 135 136 138 140 143 146 147 148 149 150 150 151 153 155 156 155 155 156 155 155 153 153 153 150 151 149 149 148 148 146
144 144 145 145 145 145 144 143 144 144 145 145 145 146 146 147 146 145 147 145 146 145 145 146 146 146 146 146 146 145 146 147 148 148 148 147 147 148 147 146 147 145 144 143 143 144 144 143 143 144 144 143 141 140 138 138 135 135 135 133 133 134 134 134 136 137 138 140 144 144 147 148 149 150 151 152 153 155 155 157 157 155 155 155 154 152 150 151 150 149 148 148 147 146
144 143 143 144 144 144 144 143 144 143 144 143 145 146 146 146 145 146 146 145 145 147 146 147 145 147 147 145 145 145 147 148 149 146 147 146 145 147 145 145 145 145 144 144 144 145 145 145 144 146 146 144 143 141 141 139 138 137 138 136 134 135 136 135 136 138 139 140 143 143 143 146 149 149 150 151 153 154 155 156 156 155 153 155 152 150 150 150 148 149 148 148 146 146
143 144 143 143 144 143 143 144 144 144 144 144 145 146 146 146 148 148 147 145 146 146 148 147 146 146 146 146 146 147 147 147 149 145 145 145 144 144 147 146 145 144 145 144 144 144 145 144 145 147 147 144 142 142 141 140 139 138 141 138 137 136 136 136 137 138 140 141 141 144 142 145 144 149 150 151 152 154 155 155 155 155 154 153 153 151 150 150 149 148 148 148 147 146
143 143 144 143 144 144 143 143 144 143 143 144 145 146 146 146 147 145 146 146 148 148 149 148 147 146 146 147 147 147 147 149 145 145 145 145 144 145 145 147 145 144 144 144 143 143 145 145 147 147 147 147 146 144 142 142 142 140 142 140 138 137 137 137 138 139 140 140 140 141 141 141 143 144 147 149 151 152 154 154 155 155 155 154 154 154 153 149 149 148 148 146 145 144
143 144 144 143 144 144 144 143 143 143 144 144 144 146 146 145 148 146 147 146 147 147 147 146 147 147 147 147 147 147 146 149 146 145 146 145 145 145 144 144 146 145 143 143 146 145 146 148 148 148 149 147 146 146 144 143 143 142 142 142 139 137 136 139 138 138 140 141 140 141 140 142 142 143 144 146 150 151 153 154 154 155 155 155 155 155 154 151 149 146 144 142 143 143
143 143 143 143 143 143 143 144 143 143 144 145 145 146 146 147 148 145 145 145 146 148 147 147 148 148 147 148 147 148 148 148 147 147 145 146 145 144 144 146 145 147 146 145 148 149 149 147 150 151 150 149 147 145 144 144 145 144 143 143 141 140 139 139 138 138 139 140 140 141 140 140 141 142 143 146 147 149 150 151 154 155 155 155 155 155 154 154 147 145 144 142 143 141
142 143 143 143 143 143 143 143 144 143 143 144 144 145 146 146 146 146 146 145 145 148 148 148 148 148 148 148 148 148 148 150 147 145 145 145 144 144 144 144 146 145 147 143 145 147 148 149 150 152 152 151 149 145 145 145 145 144 144 143 141 139 139 140 140 139 139 140 140 140 140 140 140 142 142 143 147 148 149 151 152 154 155 155 156 155 154 153 149 146 145 143 142 142
142 143 143 143 144 143 143 142 143 143 142 144 144 146 147 146 147 145 145 145 147 146 147 147 147 147 147 148 147 148 148 146 147 145 145 145 145 144 143 144 146 144 144 144 144 146 148 149 151 150 151 153 147 146 145 144 144 143 142 144 142 140 139 140 139 139 140 140 140 140 139 140 140 140 141 142 145 146 148 150 152 153 154 155 157 155 154 152 150 148 145 142 141 141
142 142 142 143 144 143 143 143 143 143 143 143 144 146 146 147 147 147 147 146 147 147 147 147 146 146 147 147 147 148 147 146 145 145 144 144 144 145 145 145 144 144 144 144 144 146 146 147 150 149 149 151 147 147 145 143 143 143 143 142 142 140 140 139 139 139 139 139 140 139 140 139 140 139 141 141 144 144 148 149 149 150 152 154 155 154 153 151 149 147 148 144 142 141
142 142 142 142 143 144 142 143 144 143 143 144 144 146 145 147 147 146 145 146 147 147 147 147 146 146 147 146 147 146 147 146 146 145 144 144 145 145 146 145 147 144 144 143 143 146 146 147 149 149 147 148 149 146 145 144 143 143 141 142 142 141 141 139 138 137 137 138 139 139 138 138 141 142 143 143 142 147 145 145 149 150 151 152 153 152 151 150 149 148 148 148 147 145
142 142 142 142 142 142 142 142 142 143 142 143 143 144 145 146 146 145 145 145 146 147 147 146 146 146 146 146 145 146 148 146 144 144 145 144 144 144 144 145 145 145 144 143 144 145 145 145 147 147 147 147 146 148 146 144 142 141 141 142 141 139 141 140 139 138 136 137 138 139 139 138 140 140 141 143 144 144 142 144 145 147 148 149 150 150 150 149 148 148 148 148 148 147
142 141 142 142 142 143 142 142 142 143 142 143 141 145 145 146 148 147 145 145 146 146 146 145 146 146 146 145 148 147 147 147 144 144 144 144 144 144 144 144 145 145 143 143 144 144 145 144 146 146 145 145 146 146 146 144 142 141 140 140 140 140 140 140 138 136 136 137 137 138 140 138 138 138 140 143 144 140 142 140 142 144 147 146 147 148 149 148 148 147 147 147 147 146
142 142 142 141 141 141 142 141 141 142 142 142 142 141 147 147 146 145 145 144 145 144 144 144 145 145 145 146 147 146 145 144 144 144 144 143 144 144 144 144 144 146 145 144 144 143 144 146 145 144 144 145 146 146 143 145 143 143 141 140 139 139 138 139 137 134 134 136 137 138 140 136 135 138 140 142 140 142 141 140 138 140 141 143 144 144 146 146 146 145 146 147 146 146
140 141 142 140 141 141 141 141 142 142 141 142 143 143 146 147 145 146 145 145 145 144 143 145 144 145 144 144 145 147 147 145 144 143 142 142 143 143 143 143 144 144 145 144 144 145 144 144 144 143 143 143 142 143 143 144 142 140 140 140 138 139 139 138 138 135 135 134 135 136 136 137 137 137 141 139 134 136 136 138 137 138 135 137 139 143 141 141 143 142 145 145 146 145
141 141 141 140 141 141 140 141 142 141 141 142 142 144 147 146 144 144 144 144 144 145 145 145 145 145 144 144 144 146 145 145 145 143 143 143 142 142 143 144 144 143 144 144 145 144 144 144 143 143 143 143 144 142 142 143 144 141 140 140 139 138 139 139 137 135 136 135 135 135 135 136 136 138 139 134 135 132 132 135 135 135 134 136 139 138 139 140 141 142 142 141 144 146
140 141 140 141 140 140 141 141 142 141 142 142 144 143 147 145 144 145 144 144 144 144 144 144 144 145 144 144 144 144 145 146 143 142 142 142 142 142 143 143 143 143 144 143 143 143 144 144 142 142 142 142 144 143 141 141 141 141 140 140 139 138 138 139 135 134 135 135 133 135 135 136 135 136 135 134 133 134 131 130 130 132 134 136 137 138 137 137 139 140 141 143 142 141
141 140 141 140 140 141 140 141 142 141 141 140 142 143 145 146 144 143 143 144 143 143 143 143 143 143 143 143 143 143 145 143 142 142 142 142 141 142 143 143 142 142 142 141 141 144 142 143 142 141 140 141 142 142 140 140 140 139 141 138 139 137 138 136 134 134 134 133 133 133 133 135 134 132 134 134 134 131 130 127 127 128 130 131 134 134 134 133 135 137 138 141 141 142
140 140 141 140 140 141 140 140 141 141 141 140 142 143 144 143 146 145 144 144 144 144 144 143 143 143 143 143 143 143 144 143 142 142 141 141 141 141 141 142 141 140 139 141 142 143 141 141 140 140 139 140 142 141 141 139 139 137 138 139 138 137 136 134 134 133 133 133 132 133 133 133 132 131 132 132 133 128 129 127 125 128 128 130 132 131 130 131 133 135 137 138 140 142
140 142 140 140 139 140 141 141 142 141 142 141 142 143 144 143 144 143 142 143 143 143 143 143 142 143 143 143 143 143 144 143 142 142 141 141 141 140 141 140 140 141 140 140 142 141 140 141 141 139 139 139 141 138 140 139 138 137 138 139 138 137 137 136 134 133 132 132 132 133 134 133 132 131 132 132 132 128 127 128 125 122 123 124 128 132 129 128 132 134 135 135 137 140
140 140 141 140 140 141 141 141 141 141 142 142 143 144 144 142 143 145 143 142 143 142 143 142 142 142 142 143 143 142 143 144 142 141 141 142 140 141 141 139 139 139 139 140 139 141 140 140 139 138 138 138 139 137 138 136 138 139 137 139 138 137 135 134 133 131 131 132 131 132 134 133 132 132 132 129 129 126 126 124 124 123 123 121 125 129 127 127 132 135 134 134 136 139
139 140 141 141 142 141 141 141 141 141 142 143 143 144 144 143 142 145 144 143 143 143 142 143 143 142 142 142 142 143 145 145 142 142 141 142 141 140 141 139 139 139 138 139 138 141 139 139 138 139 137 138 138 137 137 136 136 138 136 137 137 138 135 134 134 132 130 131 131 133 134 134 132 132 130 128 128 126 124 123 122 120 123 124 126 126 126 129 131 133 132 135 136 137
