DE_airtemperature/2010/2010_11_air_temp_min.asc
NCOLS 654
NROWS 866
XLLCORNER 3280414.711633467
YLLCORNER 5237500.62890625
CELLSIZE 1000
NODATA_VALUE -999
[rows 648 to 701 of 866, columns 96 to 191 of 654]
37 36 37 39 38 38 36 35 36 35 36 34 35 33 36 32 32 33 35 30 31 29 29 32 30 31 33 31 37 33 33 30 38 34 32 28 33 35 30 30 35 35 40 42 42 34 37 37 35 37 42 40 35 38 37 39 39 40 40 42 44 44 43 43 43 44 43 43 43 43 43 43 43 43 44 44 45 45 46 46 46 46 47 47 47 47 47 48 48 48 48 48 48 48 46 45
38 37 39 36 39 36 35 34 37 35 35 36 37 34 34 34 36 34 33 34 34 29 28 29 34 35 30 33 35 36 35 36 33 35 35 39 32 30 34 33 37 36 39 39 41 42 37 32 38 41 42 42 42 41 41 42 41 40 42 43 43 44 43 44 44 44 44 43 43 43 43 43 43 43 43 44 45 45 45 46 46 46 46 47 47 47 47 48 48 48 48 48 48 47 46 45
36 39 36 36 37 38 34 36 38 38 35 35 33 36 32 34 33 33 31 30 34 30 31 32 30 32 33 31 37 30 36 35 37 33 38 39 39 35 37 38 40 41 42 35 34 40 39 34 40 42 42 38 38 42 43 43 44 42 43 44 44 44 44 44 44 44 44 44 43 43 43 43 43 43 44 44 44 44 46 46 46 46 46 46 46 47 47 47 47 47 47 47 47 46 45 45
38 38 35 39 36 35 37 37 36 37 36 32 32 35 32 35 33 32 30 32 29 30 29 33 33 33 29 34 35 33 37 36 39 35 34 32 35 36 37 40 40 37 40 39 41 35 38 42 42 38 36 37 38 42 41 43 44 45 44 44 44 44 43 44 44 44 44 44 44 44 43 43 43 43 43 44 44 45 45 46 46 46 46 46 46 46 46 46 45 45 46 45 45 45 45 44
38 36 36 36 34 39 39 39 35 35 37 35 34 32 33 36 35 33 31 29 29 30 32 32 33 33 35 34 34 34 35 34 39 33 39 35 37 37 35 41 39 38 35 40 39 39 42 39 39 32 30 36 39 40 41 42 43 44 44 44 44 44 44 43 44 44 44 44 44 44 43 43 43 43 43 44 45 45 45 46 46 46 46 46 46 46 46 46 45 46 46 45 46 46 44 44
39 36 36 35 38 35 36 -999 -999 36 35 33 33 33 32 33 36 35 32 30 33 31 30 33 33 33 31 31 32 33 34 35 38 37 35 38 38 32 38 36 36 38 41 36 38 39 38 38 29 34 38 38 40 41 42 42 43 43 44 43 44 44 44 43 44 44 44 44 44 44 43 43 43 43 44 45 45 45 45 46 46 46 45 46 46 46 45 45 45 46 45 46 46 44 44 44
37 36 36 37 -999 -999 -999 -999 -999 37 38 34 33 31 33 31 31 32 35 34 29 30 29 30 34 33 33 30 32 33 37 38 38 34 37 38 28 36 36 34 38 38 40 36 40 38 39 41 39 39 35 37 42 42 43 43 43 44 44 44 43 43 43 44 44 43 43 43 43 43 43 43 43 43 45 45 45 45 45 45 45 45 45 45 45 45 44 45 45 45 44 44 44 44 44 43
36 36 35 36 -999 -999 -999 -999 -999 -999 -999 -999 -999 33 33 32 34 32 30 31 30 28 33 34 33 33 36 34 37 37 33 35 39 40 35 38 36 38 35 36 37 37 33 39 38 39 39 39 42 42 43 39 45 43 42 43 43 44 43 44 44 44 43 43 43 44 43 42 42 42 42 43 43 43 43 45 45 45 45 44 44 44 45 44 44 44 44 43 43 43 44 43 43 43 43 43
36 36 36 36 -999 -999 -999 -999 -999 -999 -999 -999 -999 33 32 34 30 30 30 29 30 32 32 34 36 36 33 35 35 37 33 38 38 37 38 41 38 40 39 37 33 36 36 36 39 34 39 38 40 38 34 45 45 44 44 43 43 45 44 44 45 45 44 44 43 43 43 42 43 43 43 43 43 43 44 45 45 45 44 44 44 44 44 44 44 44 43 43 43 43 43 43 43 43 43 42
-999 -999 -999 -999 -999 -999 -999 -999 -999 -999 -999 -999 -999 34 37 34 32 35 34 29 28 32 33 36 32 31 30 36 33 32 36 38 38 37 41 38 39 38 40 35 35 40 38 39 40 41 43 43 44 42 34 42 44 44 46 45 44 45 45 44 44 45 44 44 44 43 43 43 43 43 43 43 43 43 44 45 45 45 44 44 44 44 44 43 43 43 43 43 43 43 43 43 43 43 42 42
-999 -999 -999 -999 -999 -999 -999 -999 -999 -999 -999 -999 -999 -999 32 36 35 30 30 30 30 33 36 33 31 30 34 36 37 32 34 38 35 37 39 39 40 37 35 37 39 38 38 37 36 41 39 37 39 43 42 41 45 45 45 46 46 46 46 45 45 45 45 45 45 44 44 43 43 43 43 43 43 43 44 44 44 44 44 44 44 44 43 42 42 43 43 42 42 43 43 42 42 42 42 40
-999 -999 -999 -999 -999 -999 -999 -999 -999 -999 -999 -999 -999 -999 31 31 32 34 31 34 32 32 33 29 33 29 33 29 35 30 33 33 28 38 38 39 41 40 40 38 40 41 37 37 38 37 39 41 41 35 45 44 45 45 45 45 45 47 46 45 45 45 45 45 44 44 44 43 43 43 43 43 43 43 44 44 44 44 44 43 43 42 43 42 42 42 42 42 42 42 42 42 42 42 41 39
-999 -999 -999 -999 -999 -999 -999 -999 -999 -999 -999 -999 -999 -999 -999 -999 34 34 36 34 33 32 30 31 31 36 34 35 31 33 33 37 30 38 38 42 40 40 35 40 40 36 36 41 39 39 35 43 39 40 41 45 44 45 46 45 46 46 45 45 45 45 44 44 44 44 43 43 43 43 43 43 43 44 44 44 44 44 44 43 42 42 42 42 42 42 42 42 42 42 42 42 42 42 41 37
-999 -999 -999 -999 -999 -999 -999 -999 -999 -999 -999 -999 -999 -999 -999 -999 34 35 36 35 34 32 33 36 31 34 37 32 37 32 35 37 33 33 40 41 41 38 38 38 38 37 40 37 40 40 41 44 40 41 44 46 44 45 46 47 46 46 45 45 45 45 44 44 44 44 43 43 43 43 43 43 44 44 44 44 44 44 43 43 42 42 42 42 42 42 42 42 42 42 42 42 42 40 39 39
-999 -999 -999 -999 -999 -999 -999 -999 -999 -999 -999 -999 -999 -999 -999 -999 33 30 33 33 33 33 35 35 33 33 36 33 36 36 38 34 37 34 39 42 39 39 39 40 40 38 33 36 34 40 40 41 44 44 47 46 47 46 46 47 47 47 46 46 45 45 45 45 44 44 43 43 43 43 43 44 44 44 44 44 43 43 43 43 42 42 42 42 42 42 42 42 42 41 41 41 38 37 37 36
-999 -999 -999 -999 -999 -999 -999 -999 -999 -999 -999 -999 -999 -999 -999 -999 -999 33 33 33 30 30 30 33 37 37 37 38 37 37 37 36 31 34 35 37 39 41 37 41 40 32 34 37 37 34 39 38 41 44 46 45 45 46 45 46 46 46 46 45 45 45 45 44 44 44 43 43 43 43 43 43 44 44 44 43 43 43 43 43 42 42 42 42 42 42 42 41 41 41 41 41 36 36 36 37
-999 -999 -999 -999 -999 -999 -999 -999 -999 -999 -999 -999 -999 -999 -999 -999 -999 -999 -999 -999 -999 -999 35 35 33 35 38 36 36 36 35 34 38 38 37 37 37 37 41 42 40 34 34 34 30 36 35 39 43 45 45 46 47 47 46 46 46 46 45 45 45 45 44 43 44 44 43 43 43 43 44 44 44 44 43 43 43 43 43 43 42 42 42 42 42 42 41 41 41 41 41 34 35 36 36 36
-999 -999 -999 -999 -999 -999 -999 -999 -999 -999 -999 -999 -999 -999 -999 -999 -999 -999 -999 -999 -999 -999 -999 35 35 35 37 36 37 37 35 38 36 31 29 35 39 32 38 40 33 39 33 37 34 41 40 44 45 45 45 45 45 45 45 46 47 46 45 45 45 44 44 44 44 44 44 43 43 44 44 44 44 44 43 43 43 43 43 42 42 42 42 42 42 42 41 41 41 41 40 36 39 38 36 36
-999 -999 -999 -999 -999 -999 -999 -999 -999 -999 -999 -999 -999 -999 -999 -999 -999 -999 -999 -999 -999 -999 -999 -999 37 34 33 35 35 33 38 34 36 37 33 33 32 37 40 41 40 33 33 35 35 37 39 40 43 44 45 45 45 45 46 45 46 46 45 46 46 45 45 42 44 44 44 43 43 44 44 44 43 43 43 43 43 43 43 43 42 41 42 41 41 41 41 41 40 40 36 36 36 37 37 36
-999 -999 -999 -999 -999 -999 -999 -999 -999 -999 -999 -999 -999 -999 -999 -999 -999 -999 -999 -999 -999 -999 -999 -999 35 33 36 30 33 35 34 32 38 32 -999 -999 -999 37 32 40 39 37 37 35 36 36 38 43 42 44 44 44 45 45 45 46 45 45 45 45 45 45 45 44 44 44 44 43 43 44 44 43 43 43 43 43 43 43 42 41 41 41 41 41 41 41 41 40 40 40 35 34 35 36 35 35
-999 -999 -999 -999 -999 -999 -999 -999 -999 -999 -999 -999 -999 -999 -999 -999 -999 -999 -999 -999 -999 -999 -999 -999 -999 -999 -999 -999 -999 -999 -999 -999 -999 -999 -999 -999 -999 -999 33 33 32 38 38 41 40 -999 -999 43 44 45 44 45 45 46 45 45 45 45 45 44 45 45 44 44 44 44 43 43 44 43 43 43 43 43 43 43 43 43 42 41 41 41 41 41 41 41 41 40 40 40 39 37 36 35 35 35
-999 -999 -999 -999 -999 -999 -999 -999 -999 -999 -999 -999 -999 -999 -999 -999 -999 -999 -999 -999 -999 -999 -999 -999 -999 -999 -999 -999 -999 -999 -999 -999 -999 -999 -999 -999 -999 -999 -999 -999 34 -999 -999 -999 -999 -999 -999 -999 45 45 44 45 46 45 45 45 45 44 44 44 45 45 44 44 44 44 43 43 44 44 43 43 43 43 43 43 43 42 42 41 41 41 41 41 41 41 40 40 40 39 36 38 36 36 34 35
-999 -999 -999 -999 -999 -999 -999 -999 -999 -999 -999 -999 -999 -999 -999 -999 -999 -999 -999 -999 -999 -999 -999 -999 -999 -999 -999 -999 -999 -999 -999 -999 -999 -999 -999 -999 -999 -999 -999 -999 -999 -999 -999 -999 -999 -999 -999 -999 44 44 45 45 45 44 44 44 44 45 44 45 44 44 44 44 43 43 43 43 44 43 43 43 43 43 43 42 42 42 42 41 41 41 41 41 40 40 40 40 38 35 36 37 37 35 35 35
-999 -999 -999 -999 -999 -999 -999 -999 -999 -999 -999 -999 -999 -999 -999 -999 -999 -999 -999 -999 -999 -999 -999 -999 -999 -999 -999 -999 -999 -999 -999 -999 -999 -999 -999 -999 -999 -999 -999 -999 -999 -999 -999 -999 -999 -999 -999 -999 -999 -999 -999 44 43 43 44 43 43 43 43 44 44 44 43 43 43 43 43 42 43 43 43 43 43 43 43 43 42 42 41 41 41 41 41 40 40 40 40 40 37 36 36 35 36 36 35 35
-999 -999 -999 -999 -999 -999 -999 -999 -999 -999 -999 -999 -999 -999 -999 -999 -999 -999 -999 -999 -999 -999 -999 -999 -999 -999 -999 -999 -999 -999 -999 -999 -999 -999 -999 -999 -999 -999 -999 -999 -999 -999 -999 -999 -999 -999 -999 -999 -999 -999 -999 -999 -999 -999 43 43 43 43 43 44 44 44 43 43 43 43 43 43 43 43 43 43 43 43 43 43 42 42 41 41 41 41 41 40 40 40 40 37 36 38 35 36 35 36 36 34
-999 -999 -999 -999 -999 -999 -999 -999 -999 -999 -999 -999 -999 -999 -999 -999 -999 -999 -999 -999 -999 -999 -999 -999 -999 -999 -999 -999 -999 -999 -999 -999 -999 -999 -999 -999 -999 -999 -999 -999 -999 -999 -999 -999 -999 -999 -999 -999 -999 -999 -999 -999 -999 -999 -999 43 43 43 43 44 44 44 43 43 43 43 42 43 43 43 43 43 43 43 43 42 42 42 42 41 41 41 40 40 40 40 40 40 40 38 37 37 34 35 34 34
-999 -999 -999 -999 -999 -999 -999 -999 -999 -999 -999 -999 -999 -999 -999 -999 -999 -999 -999 -999 -999 -999 -999 -999 -999 -999 -999 -999 -999 -999 -999 -999 -999 -999 -999 -999 -999 -999 -999 -999 -999 -999 -999 -999 -999 -999 -999 -999 -999 -999 -999 -999 -999 -999 -999 -999 42 42 43 43 43 43 43 43 43 42 43 43 43 43 43 43 43 43 43 42 42 42 42 41 41 41 40 40 40 40 36 38 37 38 37 35 34 34 33 32
-999 -999 -999 -999 -999 -999 -999 -999 -999 -999 -999 -999 -999 -999 -999 -999 -999 -999 -999 -999 -999 -999 -999 -999 -999 -999 -999 -999 -999 -999 -999 -999 -999 -999 -999 -999 -999 -999 -999 -999 -999 -999 -999 -999 -999 -999 -999 -999 -999 -999 -999 -999 -999 -999 -999 -999 -999 -999 -999 43 43 43 43 42 42 42 43 43 43 43 43 43 43 43 43 42 42 42 42 41 41 41 40 40 40 37 37 36 34 37 36 33 32 34 34 31
-999 -999 -999 -999 -999 -999 -999 -999 -999 -999 -999 -999 -999 -999 -999 -999 -999 -999 -999 -999 -999 -999 -999 -999 -999 -999 -999 -999 -999 -999 -999 -999 -999 -999 -999 -999 -999 -999 -999 -999 -999 -999 -999 -999 -999 -999 -999 -999 -999 -999 -999 -999 -999 -999 -999 -999 -999 -999 -999 -999 -999 43 42 42 42 43 43 43 43 43 43 43 43 42 42 42 42 42 41 41 41 41 40 40 38 35 36 34 37 37 37 34 33 34 35 33
-999 -999 -999 -999 -999 -999 -999 -999 -999 -999 -999 -999 -999 -999 -999 -999 -999 -999 -999 -999 -999 -999 -999 -999 -999 -999 -999 -999 -999 -999 -999 -999 -999 -999 -999 -999 -999 -999 -999 -999 -999 -999 -999 -999 -999 -999 -999 -999 -999 -999 -999 -999 -999 -999 -999 -999 -999 -999 -999 -999 -999 -999 -999 -999 -999 43 43 43 43 43 43 43 42 42 42 42 42 42 41 41 41 41 40 38 35 35 35 34 35 35 37 34 34 35 35 33
-999 -999 -999 -999 -999 -999 -999 -999 -999 -999 -999 -999 -999 -999 -999 -999 -999 -999 -999 -999 -999 -999 -999 -999 -999 -999 -999 -999 -999 -999 -999 -999 -999 -999 -999 -999 -999 -999 -999 -999 -999 -999 -999 -999 -999 -999 -999 -999 -999 -999 -999 -999 -999 -999 -999 -999 -999 -999 -999 -999 -999 -999 -999 -999 -999 43 43 42 43 43 43 43 42 42 42 42 42 41 41 41 41 40 38 33 36 35 34 35 36 36 36 35 35 36 35 35
-999 -999 -999 -999 -999 -999 -999 -999 -999 -999 -999 -999 -999 -999 -999 -999 -999 -999 -999 -999 -999 -999 -999 -999 -999 -999 -999 -999 -999 -999 -999 -999 -999 -999 -999 -999 -999 -999 -999 -999 -999 -999 -999 -999 -999 -999 -999 -999 -999 -999 -999 -999 -999 -999 -999 -999 -999 -999 -999 -999 -999 -999 -999 -999 42 42 42 42 42 42 42 42 42 42 42 41 41 41 41 40 39 38 34 33 35 34 34 35 33 36 34 36 36 35 34 34
-999 -999 -999 -999 -999 -999 -999 -999 -999 -999 -999 -999 -999 -999 -999 -999 -999 -999 -999 -999 -999 -999 -999 -999 -999 -999 -999 -999 -999 -999 -999 -999 -999 -999 -999 -999 -999 -999 -999 -999 -999 -999 -999 -999 -999 -999 -999 -999 -999 -999 -999 -999 -999 -999 -999 -999 -999 -999 -999 -999 -999 -999 -999 -999 41 41 41 42 42 42 42 42 42 42 41 41 41 41 41 40 39 32 32 34 35 34 33 33 33 36 32 35 36 34 33 33
-999 -999 -999 -999 -999 -999 -999 -999 -999 -999 -999 -999 -999 -999 -999 -999 -999 -999 -999 -999 -999 -999 -999 -999 -999 -999 -999 -999 -999 -999 -999 -999 -999 -999 -999 -999 -999 -999 -999 -999 -999 -999 -999 -999 -999 -999 -999 -999 -999 -999 -999 -999 -999 -999 -999 -999 -999 -999 -999 -999 -999 -999 -999 42 41 41 41 42 42 42 41 42 42 41 41 41 41 41 40 39 39 38 39 34 34 33 34 34 34 34 32 35 36 34 34 31
-999 -999 -999 -999 -999 -999 -999 -999 -999 -999 -999 -999 -999 -999 -999 -999 -999 -999 -999 -999 -999 -999 -999 -999 -999 -999 -999 -999 -999 -999 -999 -999 -999 -999 -999 -999 -999 -999 -999 -999 -999 -999 -999 -999 -999 -999 -999 -999 -999 -999 -999 -999 -999 -999 -999 -999 -999 -999 -999 -999 -999 -999 -999 41 41 41 41 41 41 41 41 41 41 41 41 41 40 40 40 38 31 31 32 37 34 34 33 34 31 32 35 36 34 33 32 31
-999 -999 -999 -999 -999 -999 -999 -999 -999 -999 -999 -999 -999 -999 -999 -999 -999 -999 -999 -999 -999 -999 -999 -999 -999 -999 -999 -999 -999 -999 -999 -999 -999 -999 -999 -999 -999 -999 -999 -999 -999 -999 -999 -999 -999 -999 -999 -999 -999 -999 -999 -999 -999 -999 -999 -999 -999 -999 -999 -999 -999 -999 41 41 41 41 41 40 40 40 41 40 40 40 40 40 40 40 39 35 29 31 32 37 32 32 32 33 32 34 34 35 32 32 31 29
-999 -999 -999 -999 -999 -999 -999 -999 -999 -999 -999 -999 -999 -999 -999 -999 -999 -999 -999 -999 -999 -999 -999 -999 -999 -999 -999 -999 -999 -999 -999 -999 -999 -999 -999 -999 -999 -999 -999 -999 -999 -999 -999 -999 -999 -999 -999 -999 -999 -999 -999 -999 -999 -999 -999 -999 -999 -999 -999 -999 -999 41 41 41 41 41 40 40 40 40 40 40 40 40 40 40 40 39 35 29 30 29 32 35 30 31 31 31 33 32 32 35 33 30 28 30
-999 -999 -999 -999 -999 -999 -999 -999 -999 -999 -999 -999 -999 -999 -999 -999 -999 -999 -999 -999 -999 -999 -999 -999 -999 -999 -999 -999 -999 -999 -999 -999 -999 -999 -999 -999 -999 -999 -999 -999 -999 -999 -999 -999 -999 -999 -999 -999 -999 -999 -999 -999 -999 -999 -999 -999 -999 -999 -999 -999 -999 41 41 41 41 41 40 40 40 40 40 40 40 40 40 40 40 37 29 29 30 30 29 34 29 29 30 30 31 30 33 34 34 33 31 29
-999 -999 -999 -999 -999 -999 -999 -999 -999 -999 -999 -999 -999 -999 -999 -999 -999 -999 -999 -999 -999 -999 -999 -999 -999 -999 -999 -999 -999 -999 -999 -999 -999 -999 -999 -999 -999 -999 -999 -999 -999 -999 -999 -999 -999 -999 -999 -999 -999 -999 -999 -999 -999 -999 -999 -999 -999 -999 -999 -999 40 41 41 41 40 40 40 40 40 39 39 39 39 39 40 40 36 30 27 27 28 29 34 33 30 29 29 28 29 31 34 32 33 32 31 31
-999 -999 -999 -999 -999 -999 -999 -999 -999 -999 -999 -999 -999 -999 -999 -999 -999 -999 -999 -999 -999 -999 -999 -999 -999 -999 -999 -999 -999 -999 -999 -999 -999 -999 -999 -999 -999 -999 -999 -999 -999 -999 -999 -999 -999 -999 -999 -999 -999 -999 -999 -999 -999 -999 -999 -999 -999 -999 -999 -999 40 40 40 40 40 40 40 39 39 39 39 39 39 39 39 37 35 28 26 27 29 30 28 33 31 29 29 29 31 31 32 30 32 28 30 28
-999 -999 -999 -999 -999 -999 -999 -999 -999 -999 -999 -999 -999 -999 -999 -999 -999 -999 -999 -999 -999 -999 -999 -999 -999 -999 -999 -999 -999 -999 -999 -999 -999 -999 -999 -999 -999 -999 -999 -999 -999 -999 -999 -999 -999 -999 -999 -999 -999 -999 -999 -999 -999 -999 -999 -999 -999 -999 -999 40 40 40 40 40 40 40 40 39 39 39 39 39 39 39 37 36 32 25 27 28 31 26 27 31 29 29 28 28 31 30 31 29 31 30 27 26
-999 -999 -999 -999 -999 -999 -999 -999 -999 -999 -999 -999 -999 -999 -999 -999 -999 -999 -999 -999 -999 -999 -999 -999 -999 -999 -999 -999 -999 -999 -999 -999 -999 -999 -999 -999 -999 -999 -999 -999 -999 -999 -999 -999 -999 -999 -999 -999 -999 -999 -999 -999 -999 -999 -999 -999 -999 -999 -999 40 40 40 40 40 40 40 39 39 39 39 39 39 39 36 36 33 26 26 25 26 27 26 27 28 26 26 27 29 28 28 29 29 28 28 25 23
-999 -999 -999 -999 -999 -999 -999 -999 -999 -999 -999 -999 -999 -999 -999 -999 -999 -999 -999 -999 -999 -999 -999 -999 -999 -999 -999 -999 -999 -999 -999 -999 -999 -999 -999 -999 -999 -999 -999 -999 -999 -999 -999 -999 -999 -999 -999 -999 -999 -999 -999 -999 -999 -999 -999 -999 -999 -999 -999 39 39 39 40 40 39 39 39 39 39 39 39 38 37 35 32 30 24 24 24 25 27 25 31 28 26 26 27 27 28 27 26 27 24 23 26 28
-999 -999 -999 -999 -999 -999 -999 -999 -999 -999 -999 -999 -999 -999 -999 -999 -999 -999 -999 -999 -999 -999 -999 -999 -999 -999 -999 -999 -999 -999 -999 -999 -999 -999 -999 -999 -999 -999 -999 -999 -999 -999 -999 -999 -999 -999 -999 -999 -999 -999 -999 -999 -999 -999 -999 -999 -999 -999 39 39 39 39 39 39 39 39 39 39 39 39 39 37 37 33 23 29 30 25 23 20 23 24 30 25 28 26 27 26 25 26 24 23 21 27 22 25
-999 -999 -999 -999 -999 -999 -999 -999 -999 -999 -999 -999 -999 -999 -999 -999 -999 -999 -999 -999 -999 -999 -999 -999 -999 -999 -999 -999 -999 -999 -999 -999 -999 -999 -999 -999 -999 -999 -999 -999 -999 -999 -999 -999 -999 -999 -999 -999 -999 -999 -999 -999 -999 -999 -999 -999 -999 -999 39 39 39 39 39 39 39 39 39 39 39 39 39 38 37 35 31 32 26 25 24 22 21 21 29 24 24 25 24 24 25 22 21 21 20 27 21 18
-999 -999 -999 -999 -999 -999 -999 -999 -999 -999 -999 -999 -999 -999 -999 -999 -999 -999 -999 -999 -999 -999 -999 -999 -999 -999 -999 -999 -999 -999 -999 -999 -999 -999 -999 -999 -999 -999 -999 -999 -999 -999 -999 -999 -999 -999 -999 -999 -999 -999 -999 -999 -999 -999 -999 -999 -999 -999 39 39 39 39 39 39 39 39 39 39 39 38 38 38 37 36 34 32 31 29 23 20 21 20 28 20 21 26 22 20 20 20 18 17 27 17 18 20
-999 -999 -999 -999 -999 -999 -999 -999 -999 -999 -999 -999 -999 -999 -999 -999 -999 -999 -999 -999 -999 -999 -999 -999 -999 -999 -999 -999 -999 -999 -999 -999 -999 -999 -999 -999 -999 -999 -999 -999 -999 -999 -999 -999 -999 -999 -999 -999 -999 -999 -999 -999 -999 -999 -999 -999 -999 39 39 39 39 39 39 39 39 39 39 39 38 35 35 38 37 37 35 34 34 32 26 17 17 25 23 20 18 19 21 21 18 16 15 16 25 17 15 16
-999 -999 -999 -999 -999 -999 -999 -999 -999 -999 -999 -999 -999 -999 -999 -999 -999 -999 -999 -999 -999 -999 -999 -999 -999 -999 -999 -999 -999 -999 -999 -999 -999 -999 -999 -999 -999 -999 -999 -999 -999 -999 -999 -999 -999 -999 -999 -999 -999 -999 -999 -999 -999 -999 -999 -999 -999 38 38 38 38 38 38 38 38 38 38 36 34 35 31 34 37 37 35 34 33 29 24 16 12 20 26 21 23 18 14 14 14 14 15 21 19 15 12 11
-999 -999 -999 -999 -999 -999 -999 -999 -999 -999 -999 -999 -999 -999 -999 -999 -999 -999 -999 -999 -999 -999 -999 -999 -999 -999 -999 -999 -999 -999 -999 -999 -999 -999 -999 -999 -999 -999 -999 -999 -999 -999 -999 -999 -999 -999 -999 -999 -999 -999 -999 -999 -999 -999 -999 -999 38 38 38 38 38 38 38 38 38 37 36 34 32 34 33 34 36 36 36 34 30 28 18 17 18 19 25 19 20 14 13 13 13 16 20 14 20 19 21 12
-999 -999 -999 -999 -999 -999 -999 -999 -999 -999 -999 -999 -999 -999 -999 -999 -999 -999 -999 -999 -999 -999 -999 -999 -999 -999 -999 -999 -999 -999 -999 -999 -999 -999 -999 -999 -999 -999 -999 -999 -999 -999 -999 -999 -999 -999 -999 -999 -999 -999 -999 -999 38 38 38 38 38 38 38 38 38 38 38 38 37 36 35 33 33 31 32 33 34 36 36 34 29 31 19 21 24 25 24 18 11 13 14 14 17 15 22 14 25 13 11 13
-999 -999 -999 -999 -999 -999 -999 -999 -999 -999 -999 -999 -999 -999 -999 -999 -999 -999 -999 -999 -999 -999 -999 -999 -999 -999 -999 -999 -999 -999 -999 -999 -999 -999 -999 -999 -999 -999 -999 -999 -999 -999 -999 -999 -999 -999 -999 -999 -999 -999 -999 -999 38 37 38 38 37 37 38 38 37 37 38 38 36 36 33 32 23 24 25 33 33 34 35 35 34 32 27 24 13 23 17 20 12 10 12 16 20 18 15 13 24 11 12 12
-999 -999 -999 -999 -999 -999 -999 -999 -999 -999 -999 -999 -999 -999 -999 -999 -999 -999 -999 -999 -999 -999 -999 -999 -999 -999 -999 -999 -999 -999 -999 -999 -999 -999 -999 -999 -999 -999 -999 -999 -999 -999 -999 -999 -999 -999 -999 -999 -999 -999 -999 -999 37 37 37 37 37 37 37 37 37 37 37 35 33 32 36 34 29 31 24 29 31 32 35 35 30 31 28 24 18 16 16 14 14 8 19 10 11 11 13 22 20 18 16 13
-999 -999 -999 -999 -999 -999 -999 -999 -999 -999 -999 -999 -999 -999 -999 -999 -999 -999 -999 -999 -999 -999 -999 -999 -999 -999 -999 -999 -999 -999 -999 -999 -999 -999 -999 -999 -999 -999 -999 -999 -999 -999 -999 -999 -999 -999 -999 -999 38 -999 -999 37 37 37 37 37 37 37 37 37 37 37 37 33 29 27 35 35 32 30 19 28 29 31 35 34 28 28 22 16 5 15 12 6 5 11 14 8 8 11 19 15 11 20 12 10
-999 -999 -999 -999 -999 -999 -999 -999 -999 -999 -999 -999 -999 -999 -999 -999 -999 -999 -999 -999 -999 -999 -999 -999 -999 -999 -999 -999 -999 -999 -999 -999 -999 -999 -999 -999 -999 -999 -999 -999 -999 -999 -999 -999 -999 -999 -999 -999 38 38 37 37 37 37 37 37 37 37 37 37 37 37 37 33 25 27 33 34 33 31 25 23 27 31 26 34 31 26 16 10 10 12 4 11 13 16 8 9 14 17 21 10 18 12 18 15
