DE_airtemperature/2010/2010_06_air_temp_min.asc
NCOLS 654
NROWS 866
XLLCORNER 3280414.711633467
YLLCORNER 5237500.62890625
CELLSIZE 1000
NODATA_VALUE -999
[rows 552 to 597 of 866, columns 96 to 191 of 654]
102 105 103 106 106 107 105 105 105 107 105 106 106 107 105 106 106 105 107 108 108 106 105 106 104 106 110 107 109 110 114 109 111 114 119 114 111 107 110 110 105 109 107 107 113 114 105 107 104 105 106 107 109 107 109 109 107 108 114 115 113 115 119 123 125 126 129 132 132 132 132 128 128 127 126 124 123 122 120 116 117 118 122 121 123 124 124 125 125 125 125 125 125 125 126 126
103 102 101 106 105 105 109 105 105 104 106 106 106 105 107 106 105 105 106 109 109 107 107 108 107 108 108 107 107 110 111 108 113 110 114 120 113 106 107 112 108 110 115 114 109 110 112 108 113 107 110 107 105 110 106 107 105 109 111 119 118 120 123 123 125 127 130 133 134 134 135 132 130 130 129 126 126 125 125 120 119 119 121 122 124 124 124 124 125 125 125 125 125 125 125 125
101 100 100 100 102 103 106 106 104 104 103 105 105 103 104 104 105 106 113 109 109 109 108 109 110 109 106 106 108 109 109 110 109 110 114 122 113 109 108 114 109 111 119 108 108 108 117 111 114 109 108 110 107 105 103 107 107 113 118 121 124 122 124 127 127 129 131 132 132 132 135 134 134 133 131 128 127 126 126 124 122 120 120 123 122 123 123 124 125 125 125 125 125 125 125 125
103 100 99 99 101 101 104 106 106 106 103 103 103 102 104 106 107 106 108 110 111 111 110 110 110 109 107 108 108 109 113 114 114 113 113 121 116 115 111 114 109 120 109 115 109 109 110 115 111 112 112 107 104 103 107 110 115 118 120 121 124 122 125 126 129 129 132 134 135 136 136 137 136 135 132 131 128 128 127 125 123 121 121 122 123 123 124 124 124 124 125 124 124 124 125 124
99 98 97 99 98 99 104 106 105 103 103 105 105 103 106 108 108 107 108 109 110 113 113 112 111 110 108 110 110 109 110 116 113 121 115 119 120 112 121 119 114 115 117 112 109 110 108 110 109 112 107 102 102 109 114 113 118 118 120 122 126 122 127 131 133 132 134 135 136 135 137 137 136 136 134 132 131 130 128 125 124 123 123 123 123 124 124 124 124 124 123 124 124 124 124 124
97 97 97 98 98 100 101 102 104 103 105 105 106 106 106 109 107 108 109 112 112 112 113 111 108 109 109 111 109 108 109 110 114 111 110 116 122 123 117 113 113 114 118 116 115 117 110 110 109 108 107 106 107 110 114 116 118 120 122 125 127 129 130 132 134 135 136 137 137 136 138 137 136 136 134 132 131 131 128 125 125 125 123 124 123 124 124 124 124 124 124 125 125 124 125 124
96 94 94 95 97 99 100 101 102 103 105 106 107 109 108 109 108 109 110 111 113 115 111 110 112 110 111 113 110 111 109 111 111 113 117 116 117 119 122 117 113 108 111 110 112 111 112 112 113 110 113 110 113 117 118 120 122 122 125 127 129 128 131 133 134 135 135 136 137 137 137 137 136 135 133 132 130 129 129 127 126 124 124 125 125 124 124 124 124 124 124 124 124 124 124 123
100 96 98 96 98 98 99 100 102 103 103 106 108 109 111 110 109 110 112 112 113 116 113 113 113 112 111 112 112 110 110 110 111 115 116 121 118 119 122 123 114 108 110 108 108 109 110 115 115 114 113 116 119 119 122 125 125 126 127 129 131 131 132 133 134 135 135 136 136 136 137 136 135 134 134 132 131 130 128 128 126 125 125 125 125 124 124 123 123 123 124 124 123 124 123 122
98 98 98 100 99 101 101 101 102 103 106 106 107 108 110 112 110 109 113 112 115 116 116 115 114 112 112 112 114 112 112 110 109 112 117 119 118 112 111 116 124 121 112 111 112 113 115 117 117 118 117 120 123 124 124 127 126 127 129 131 131 132 133 134 133 133 134 136 136 136 136 135 135 135 133 132 131 130 128 128 127 128 126 125 125 125 124 123 123 123 123 123 123 123 122 120
102 100 101 104 101 101 101 103 102 104 106 107 107 109 110 112 112 111 114 114 117 115 115 113 114 112 112 113 113 113 112 110 108 111 113 111 110 105 102 109 117 125 117 113 114 116 119 118 122 121 121 124 125 126 128 128 128 129 130 131 131 132 133 133 131 133 133 135 135 136 135 135 135 134 134 132 131 130 128 128 127 128 127 126 125 124 124 123 123 123 123 123 123 122 121 119
109 104 105 103 103 104 104 104 104 105 106 108 109 110 110 112 111 113 114 114 114 114 117 114 112 112 113 113 114 115 111 108 104 104 106 105 103 103 106 111 113 123 115 117 119 117 118 121 123 124 125 126 127 128 128 128 129 129 130 131 131 132 131 131 130 133 133 135 136 135 136 135 135 134 134 133 132 131 130 128 128 128 127 126 125 124 124 123 122 122 122 122 121 121 119 118
109 110 107 107 106 107 107 104 106 107 108 109 109 111 110 111 114 112 114 113 114 113 115 113 112 113 114 113 111 112 111 104 104 106 106 105 107 110 112 113 116 119 121 120 117 118 120 124 126 125 127 128 128 128 128 129 129 129 130 130 131 130 128 130 133 132 134 135 135 135 136 135 135 134 133 133 132 131 130 129 129 128 127 126 125 124 123 122 121 121 121 121 120 119 119 118
110 109 108 107 109 109 106 105 107 110 110 110 109 111 111 112 112 114 113 114 113 112 111 112 111 112 112 110 107 104 113 113 109 113 107 107 106 111 113 115 113 116 123 115 116 123 126 129 129 129 128 128 128 128 128 129 129 128 127 127 128 127 128 130 130 131 134 135 135 135 134 134 134 134 133 132 132 131 130 129 129 128 127 125 125 124 123 122 121 121 121 120 120 120 119 117
110 111 111 111 110 110 107 106 107 109 110 112 110 112 112 113 113 113 113 112 112 111 112 110 110 110 110 106 104 107 108 112 115 111 111 110 110 108 111 113 114 116 125 127 127 127 128 128 129 129 128 128 128 128 128 129 128 125 124 126 126 126 128 130 129 130 132 134 135 135 134 133 133 133 133 132 132 131 130 129 129 128 126 125 125 124 123 122 121 121 120 120 120 119 119 118
113 113 112 112 111 112 108 108 108 109 110 110 112 110 113 114 112 112 111 110 110 111 110 108 106 104 104 109 109 112 113 114 116 118 116 115 112 113 114 115 113 113 116 123 125 122 125 128 128 128 128 128 128 128 127 128 127 124 124 125 126 126 127 129 129 130 132 134 134 133 133 132 130 130 133 132 131 131 130 129 128 127 126 125 124 123 123 122 121 121 120 120 119 119 119 118
116 115 112 110 112 112 111 109 110 109 110 111 113 111 113 113 112 112 112 111 111 110 108 104 103 105 107 108 108 109 112 115 115 116 119 115 116 116 117 117 117 117 119 120 126 125 127 127 128 128 128 127 126 125 122 126 127 124 124 125 124 125 127 128 129 129 131 132 132 132 132 132 129 129 132 132 131 130 129 128 127 126 125 124 123 123 122 122 121 121 120 120 119 119 118 118
117 117 115 111 112 112 113 110 109 108 111 111 111 111 114 113 112 109 110 114 111 110 105 102 105 107 108 103 106 109 112 114 113 114 115 118 116 117 118 118 117 116 119 123 127 127 127 127 127 127 127 124 125 124 120 122 128 125 123 124 125 125 126 127 128 129 129 129 130 131 131 130 129 131 132 131 131 130 129 128 127 126 125 124 123 123 122 121 121 121 120 119 119 119 118 116
115 116 113 113 112 112 112 110 111 109 110 111 112 114 114 112 111 110 113 111 110 107 101 103 106 108 107 104 108 111 112 114 114 114 114 113 119 115 118 116 118 120 120 122 126 127 126 127 127 125 123 120 123 124 122 120 125 127 126 125 126 125 125 127 129 128 130 131 128 128 129 130 129 131 132 131 131 130 128 127 127 126 124 123 123 123 122 122 121 120 120 119 119 118 117 116
115 112 113 112 112 111 112 112 109 108 109 110 111 111 114 110 109 111 112 110 106 101 103 104 105 103 108 110 108 109 109 109 110 110 111 113 116 121 119 120 120 121 122 122 127 127 126 126 125 123 119 119 122 122 123 122 122 127 127 125 124 124 125 129 131 132 130 131 129 127 128 129 128 131 131 131 130 129 128 127 126 125 124 123 123 123 122 122 121 120 120 119 118 117 117 115
112 111 111 111 112 113 114 110 108 108 110 111 113 112 112 109 112 111 109 107 101 104 104 102 101 105 108 110 108 104 108 110 112 114 118 119 120 119 120 121 119 119 119 123 127 127 126 126 126 123 122 119 120 121 121 122 122 126 128 128 127 127 127 130 131 131 131 130 126 128 128 127 130 131 131 130 129 129 128 126 125 125 124 123 123 123 122 122 121 120 119 118 117 117 117 115
113 111 110 108 109 112 110 109 110 109 110 111 113 114 112 110 111 112 110 105 105 105 103 101 105 106 106 107 110 111 111 114 114 116 115 116 119 120 122 118 118 119 120 124 127 127 126 126 125 124 122 119 119 120 122 121 122 125 127 129 129 129 130 131 131 131 130 126 126 127 127 130 131 131 128 127 128 129 127 126 125 125 124 123 123 123 122 121 121 120 119 118 117 117 116 114
111 111 110 109 109 110 114 110 108 109 109 111 112 114 114 111 108 106 109 107 107 104 102 105 107 109 108 110 113 114 112 119 116 116 117 117 116 120 121 123 119 120 122 123 127 127 127 126 125 124 122 119 120 120 120 121 123 121 123 127 129 127 129 129 129 131 130 126 125 127 129 130 129 128 127 127 129 128 127 126 125 124 124 123 123 122 122 121 121 120 119 118 117 116 115 114
109 112 109 110 109 110 112 108 110 107 110 112 111 114 111 108 101 105 105 106 104 105 104 105 110 111 111 112 113 115 114 117 114 119 120 119 119 119 120 121 125 125 125 125 125 127 127 126 126 125 122 119 119 119 120 121 123 124 127 127 128 127 127 129 129 130 128 124 126 129 129 129 128 128 127 126 128 128 127 126 125 124 124 123 123 122 121 121 120 119 118 117 117 116 114 114
104 107 109 109 108 108 111 111 109 106 109 110 112 111 108 104 106 106 104 104 106 106 107 108 110 111 113 113 113 114 114 113 113 116 120 120 122 121 122 122 123 124 121 124 126 126 127 126 127 126 124 121 119 119 120 121 121 123 126 127 126 125 127 128 127 130 127 125 127 128 129 128 128 126 126 125 128 128 127 126 125 124 124 123 122 122 121 120 119 119 118 117 116 116 114 113
103 107 108 111 112 108 109 111 107 107 106 108 108 114 107 109 110 107 105 108 109 109 109 110 111 112 112 112 112 113 119 112 116 119 120 121 120 122 123 121 122 122 124 125 126 127 125 125 126 126 124 124 122 122 121 121 121 123 123 123 124 126 126 126 128 129 126 126 126 129 127 127 128 127 125 126 128 127 126 125 125 125 123 122 122 122 121 120 119 119 118 117 116 116 114 113
105 107 105 110 109 108 108 109 108 108 105 104 102 105 115 113 108 105 106 109 111 111 111 112 112 113 114 112 114 111 110 114 117 119 121 120 122 123 124 124 121 123 125 126 126 126 123 124 125 126 126 125 124 123 123 121 123 121 121 123 126 127 126 125 128 129 129 128 128 129 127 127 127 127 125 128 128 127 126 125 125 124 123 123 122 121 121 120 119 119 118 117 116 116 114 113
105 103 106 106 106 104 104 106 108 105 102 97 103 107 110 113 108 108 108 108 112 110 110 110 111 112 114 116 112 111 115 118 118 119 121 122 123 123 124 121 123 124 126 126 126 126 122 125 125 125 126 125 124 120 123 123 124 121 124 123 125 123 123 124 126 127 127 127 127 128 127 126 126 126 127 126 123 126 126 125 125 124 123 123 122 121 121 120 119 119 118 117 117 116 114 114
102 101 102 102 102 104 105 108 106 102 98 101 104 107 113 113 112 107 107 110 115 109 112 111 112 113 114 117 112 115 119 120 120 118 121 123 122 124 124 125 126 126 126 126 124 125 126 125 125 125 125 125 121 121 123 124 123 124 124 122 122 120 123 124 123 125 126 126 125 126 126 125 124 124 125 123 123 126 125 125 124 124 123 122 122 122 121 120 120 119 118 117 117 116 115 114
102 101 100 101 102 102 107 106 105 100 103 103 106 108 115 107 106 108 107 109 111 115 113 115 112 111 111 114 118 116 116 119 118 120 124 124 124 123 123 122 123 126 126 125 122 124 125 124 124 125 124 124 125 125 124 124 123 124 124 122 121 120 122 122 123 123 125 125 125 125 124 125 125 124 123 121 125 126 125 124 124 124 123 122 122 122 121 120 120 120 118 117 117 117 115 114
100 102 99 100 100 104 104 103 106 103 104 103 105 109 114 108 107 110 107 109 113 117 113 112 111 110 109 115 114 118 118 115 120 120 120 122 123 123 121 116 123 123 123 123 122 124 124 123 123 124 124 124 123 124 124 125 123 123 122 120 120 121 121 123 123 124 123 124 125 125 124 124 125 123 122 122 124 125 125 124 124 123 123 122 122 122 121 121 120 120 119 118 117 117 116 115
100 102 97 98 97 102 104 99 107 105 104 104 103 104 110 111 113 107 109 112 115 118 111 115 112 112 113 113 116 115 119 121 121 122 122 122 121 122 123 118 121 122 120 121 122 124 124 122 122 125 123 123 122 121 123 124 124 121 121 120 119 121 121 121 122 122 123 124 124 124 122 123 123 122 122 121 125 125 124 124 123 123 123 122 122 122 121 121 120 120 119 118 118 117 117 116
100 98 96 97 98 98 98 102 103 104 109 103 104 105 106 108 110 116 111 114 115 117 116 116 113 117 115 115 117 118 119 118 118 121 121 120 126 124 125 125 125 118 118 118 122 122 122 123 124 124 124 123 121 122 123 123 123 122 120 118 118 120 121 120 121 122 123 123 123 123 123 121 121 121 122 122 124 124 124 123 123 123 123 122 122 122 121 121 121 120 119 118 118 118 117 117
95 98 101 97 97 101 99 98 103 104 106 106 108 104 109 113 115 112 116 118 120 116 118 116 115 118 118 117 116 117 119 124 123 121 119 122 121 120 121 123 120 119 118 121 123 123 124 121 123 124 124 123 122 121 122 123 123 123 122 121 120 120 121 120 121 123 123 123 123 122 120 121 120 120 121 122 124 124 124 123 123 123 122 122 122 122 122 121 121 121 119 118 118 118 117 117
95 97 95 99 98 96 100 97 100 100 101 104 111 112 113 107 110 109 112 115 117 120 121 119 118 120 120 118 118 118 121 124 114 120 125 125 119 119 120 125 117 116 118 119 122 121 121 120 122 123 123 122 122 122 121 122 123 123 123 123 123 121 122 123 123 122 120 122 122 122 121 120 120 121 120 121 124 124 124 123 123 123 122 122 122 122 122 121 121 120 120 119 118 118 118 117
94 94 97 97 96 97 98 97 99 101 103 103 106 107 106 109 103 108 109 115 111 116 120 121 121 121 122 123 121 123 124 124 119 120 115 115 118 119 119 125 117 117 119 121 118 122 122 122 122 123 123 120 121 122 123 123 122 122 122 121 122 122 122 120 122 123 123 122 121 121 120 120 120 120 120 122 124 124 124 123 123 123 122 122 122 122 122 121 121 120 120 119 119 118 118 118
94 95 93 98 96 99 97 99 100 102 102 111 111 107 104 106 108 104 107 114 110 114 116 119 119 118 120 118 119 122 124 118 117 119 123 123 118 119 118 125 121 121 121 122 123 124 123 122 123 122 123 120 121 121 120 120 119 120 121 119 120 120 121 119 121 122 123 123 123 122 121 119 120 120 120 123 124 124 124 123 123 123 122 122 122 122 122 121 121 121 120 119 119 119 118 118
94 95 93 98 96 97 104 99 101 103 108 108 104 110 106 104 104 105 108 109 113 116 117 115 119 115 117 117 119 123 123 117 117 118 121 120 120 119 121 126 122 119 120 121 120 122 120 121 121 121 122 122 121 121 119 118 118 117 116 119 120 120 120 120 121 121 122 123 123 123 122 120 120 120 121 123 124 124 123 123 123 123 122 122 122 122 122 121 121 121 120 119 119 119 119 117
95 96 94 98 94 99 100 104 102 105 111 106 103 106 110 110 107 104 105 110 114 113 114 117 113 112 116 120 116 121 120 121 114 118 116 116 120 119 121 122 119 119 118 119 122 119 119 118 120 120 122 120 120 119 118 118 118 116 118 117 120 119 118 122 121 121 121 122 122 122 120 121 121 122 122 124 124 124 123 123 123 123 122 122 122 122 122 121 121 121 120 120 119 119 119 119
97 98 96 94 94 100 100 104 107 109 105 110 105 105 108 110 110 110 110 110 109 111 113 114 114 115 117 119 116 125 119 119 119 115 118 118 121 121 126 121 119 118 120 122 119 119 118 120 120 120 119 118 119 118 117 117 117 116 117 119 120 121 121 121 120 118 119 120 121 121 120 119 120 121 122 124 123 123 123 123 123 123 123 122 122 122 122 122 121 121 121 120 120 120 120 120
104 100 101 95 97 98 99 108 109 106 109 106 111 108 108 110 111 108 109 110 110 112 113 111 111 113 117 116 124 125 122 117 117 117 123 124 125 125 126 126 120 119 120 124 121 118 119 121 119 120 119 117 118 117 116 116 119 119 117 119 119 120 120 119 119 116 116 119 120 120 119 120 120 121 121 123 123 123 123 123 123 123 122 122 122 122 122 122 122 122 121 121 121 121 120 120
101 106 103 98 101 99 107 109 105 106 105 108 107 108 106 109 110 108 108 111 113 110 111 112 112 114 116 122 120 118 119 120 116 118 122 126 125 125 127 122 121 121 125 121 119 119 121 119 118 121 120 116 118 118 118 118 118 119 118 117 116 118 120 116 116 116 116 116 120 119 121 121 120 121 122 123 123 123 123 123 123 123 123 122 122 122 122 122 122 122 121 121 121 121 121 121
102 101 105 98 99 108 108 105 104 104 106 109 105 106 105 108 108 108 108 110 111 114 116 116 115 117 118 123 119 118 116 117 118 123 121 125 121 124 128 124 119 123 122 121 120 119 122 118 119 121 117 117 118 121 118 119 119 117 115 115 118 118 119 117 116 116 116 117 118 119 121 122 122 122 124 123 123 123 123 123 123 123 123 122 122 122 122 122 122 122 122 121 121 121 121 121
105 109 107 107 108 108 108 104 103 102 107 106 109 106 107 108 108 105 108 112 109 113 116 117 113 114 119 123 122 121 116 117 121 121 120 125 121 127 126 126 122 125 123 121 119 119 119 122 121 118 117 116 118 117 118 118 116 116 117 118 117 119 119 118 117 117 116 117 119 122 122 122 122 123 124 123 123 123 123 123 123 123 123 123 122 122 122 122 122 122 122 122 122 121 122 121
110 107 107 109 107 106 104 107 104 102 103 104 106 107 108 109 108 107 112 115 116 115 119 119 121 118 123 124 119 122 123 120 119 120 124 125 124 129 123 124 124 127 121 123 119 119 120 119 123 119 118 117 118 118 119 117 117 117 117 116 115 116 117 119 119 119 120 121 121 123 123 123 123 123 123 123 123 123 123 123 123 123 123 123 123 123 122 122 122 122 122 122 122 122 122 122
103 106 105 107 101 103 99 104 106 105 102 101 105 107 106 109 108 109 110 111 113 116 118 114 118 118 122 119 120 120 119 118 121 123 124 125 125 127 125 124 124 128 120 122 121 120 119 121 123 118 117 117 118 118 117 117 117 118 116 115 116 117 119 120 121 121 122 122 121 122 122 122 122 122 123 123 123 123 123 123 123 123 123 123 123 123 122 122 122 122 122 122 122 122 122 122
102 103 101 100 104 97 100 99 103 103 100 103 105 107 108 107 110 110 112 113 114 117 114 116 115 117 121 117 119 118 118 119 122 120 125 122 125 125 126 122 123 125 122 121 123 119 118 122 119 120 118 117 117 118 118 117 117 117 116 116 116 116 117 119 118 119 119 120 121 122 122 122 122 122 123 123 123 123 123 123 123 123 123 123 123 123 123 122 122 122 122 122 122 122 122 122
