DE_airtemperature/2010/2010_11_air_temp_min.asc
NCOLS 654
NROWS 866
XLLCORNER 3280414.711633467
YLLCORNER 5237500.62890625
CELLSIZE 1000
NODATA_VALUE -999
[rows 594 to 647 of 866, columns 96 to 191 of 654]
35 37 37 36 37 36 37 32 32 30 35 33 36 34 34 35 34 31 33 35 33 36 39 40 35 36 39 43 41 39 35 34 38 36 36 40 36 42 40 39 35 39 36 36 34 35 34 37 36 35 34 34 35 35 36 37 35 36 37 37 38 39 39 38 38 37 36 38 39 42 42 42 42 43 44 44 44 44 44 44 44 44 44 44 44 44 44 44 44 44 44 44 44 44 44 44
37 36 36 38 36 35 32 34 32 30 31 32 33 34 35 35 34 33 36 38 39 38 41 41 42 40 43 43 39 40 41 36 34 35 38 40 37 42 36 36 36 38 34 36 32 32 34 33 37 35 35 34 35 35 37 35 35 36 37 36 36 36 38 40 40 39 40 41 41 43 43 43 43 43 43 44 44 44 44 44 44 44 44 44 44 44 44 44 44 44 44 44 44 44 44 44
31 34 33 34 28 30 26 31 33 32 29 28 32 34 33 35 34 35 34 34 36 38 40 36 40 39 43 38 39 39 37 34 36 38 39 39 38 40 37 35 34 38 32 35 33 32 32 35 37 34 34 35 35 35 35 35 35 36 35 35 36 37 39 40 41 41 42 42 41 42 42 42 42 43 44 44 44 44 45 44 44 45 44 44 44 44 44 44 44 44 44 44 44 44 44 44
30 31 28 28 31 24 27 26 30 29 26 29 32 33 33 33 35 35 36 36 36 40 36 37 37 39 42 37 39 36 35 35 37 35 39 36 38 37 37 33 34 35 33 33 35 31 31 35 34 35 34 33 34 35 35 35 35 35 35 35 36 37 38 40 39 39 40 40 41 42 42 43 42 43 43 45 44 44 44 44 44 45 45 44 44 44 44 44 44 44 44 44 44 44 44 44
29 30 26 29 28 28 26 27 30 30 32 32 30 32 31 34 35 34 37 38 37 37 37 39 41 41 39 35 35 36 35 34 37 37 36 34 37 37 35 33 35 36 32 30 29 30 33 32 35 35 32 35 38 38 35 35 35 36 36 36 36 36 36 38 37 38 39 40 42 43 43 43 43 43 44 44 44 44 44 44 44 44 44 44 44 44 44 44 44 44 44 44 44 44 44 44
31 31 28 28 24 24 24 29 31 33 32 31 30 32 34 34 35 36 38 35 38 37 43 43 39 39 40 37 35 37 34 35 38 36 36 33 33 37 37 35 33 35 35 33 31 29 28 31 32 33 32 35 37 38 38 39 38 37 38 36 36 36 36 38 37 39 40 41 42 43 43 43 44 44 44 43 43 43 44 45 44 44 44 44 44 44 44 44 44 44 44 44 44 44 44 44
31 28 29 29 27 28 26 31 33 32 31 32 30 32 31 32 36 37 37 39 38 40 40 38 39 39 36 34 34 33 34 34 36 34 36 32 28 33 39 37 35 36 32 33 30 29 30 30 30 30 32 35 37 38 36 37 40 39 40 37 36 36 36 37 37 40 41 42 43 43 43 43 43 42 42 43 43 43 43 44 44 44 44 44 44 44 44 44 44 44 44 44 44 44 44 44
29 27 28 29 28 28 29 30 30 32 35 31 29 30 32 34 35 34 35 40 41 42 41 38 37 38 38 35 35 32 32 36 35 35 33 31 34 33 39 33 35 36 31 28 30 29 30 33 33 35 35 36 37 38 36 36 36 39 41 40 40 37 37 37 37 41 41 42 41 41 41 42 42 42 42 43 43 43 43 43 44 44 44 44 44 44 44 44 44 44 44 44 44 44 44 44
29 28 28 30 28 31 30 31 30 30 37 32 32 33 31 36 35 36 36 37 42 36 43 37 36 36 42 36 37 35 33 34 32 34 30 29 32 35 40 36 34 35 30 31 30 28 32 34 34 35 36 37 37 38 38 40 40 40 40 40 41 41 41 41 40 41 41 41 41 41 42 42 42 42 42 43 43 43 43 43 43 43 44 44 44 44 44 44 44 44 44 44 44 44 44 44
32 29 28 30 31 30 31 28 30 33 39 34 32 33 35 38 34 35 36 43 40 38 42 36 40 36 39 41 40 39 34 31 33 31 32 32 33 37 39 34 35 32 33 33 23 23 25 33 35 35 36 38 40 40 40 39 39 38 37 38 40 38 40 41 42 42 43 43 43 43 43 42 42 42 43 42 42 42 42 42 42 43 43 44 44 44 44 44 44 44 44 44 44 44 44 44
28 29 28 30 29 30 31 28 28 31 37 40 37 36 38 37 37 42 43 42 37 36 37 40 36 35 35 38 39 35 36 32 33 33 33 35 36 37 39 33 31 32 33 31 25 20 19 31 35 35 37 37 38 40 38 36 36 36 37 40 38 36 36 38 40 41 42 42 43 42 43 41 41 42 41 41 42 42 42 42 42 42 43 44 44 44 44 44 44 44 44 44 44 44 44 44
30 28 31 30 28 32 32 31 34 39 40 33 41 37 37 37 42 42 39 38 38 37 38 41 34 37 34 35 40 36 36 34 32 32 34 36 37 35 38 35 31 30 29 25 27 27 27 33 35 37 38 38 38 39 38 36 37 38 39 38 36 35 36 38 41 41 42 43 42 43 42 42 42 42 41 42 42 42 42 42 42 42 43 43 44 44 44 44 44 44 44 44 44 44 44 44
30 27 28 34 27 30 33 35 37 32 33 37 42 42 42 40 37 41 38 38 37 35 38 42 35 34 34 36 38 36 35 34 31 33 37 36 38 40 35 31 31 34 25 24 29 29 31 34 35 37 37 38 39 39 37 36 36 38 37 36 36 36 38 38 41 42 43 43 42 42 42 42 43 42 42 42 41 41 41 42 42 42 43 43 43 44 44 44 44 44 44 44 44 44 44 44
32 29 28 28 26 27 28 32 34 32 34 41 39 35 36 37 37 39 41 37 33 32 39 35 38 34 32 34 38 33 31 32 31 32 34 38 35 38 36 35 36 31 27 33 30 34 37 35 37 37 38 39 39 39 38 37 37 36 36 36 36 35 35 38 41 42 42 41 41 41 42 42 42 42 41 41 41 41 41 42 42 42 43 43 43 43 44 44 44 44 44 44 44 44 44 44
29 29 28 25 28 33 34 35 35 30 35 40 38 36 36 37 38 36 39 35 28 28 39 42 36 37 32 34 38 39 35 32 31 36 36 36 33 34 36 39 37 37 35 34 33 33 36 37 37 38 37 38 39 37 37 36 36 36 36 36 36 35 38 40 41 42 42 41 41 41 42 42 42 42 41 41 41 41 41 42 42 42 43 43 43 43 44 44 44 44 44 44 44 44 44 44
28 29 27 29 29 34 34 33 33 37 41 41 39 36 34 36 28 31 38 37 28 29 35 39 40 36 33 34 37 36 37 32 31 31 37 35 34 34 34 37 39 37 37 36 36 36 36 37 36 37 36 36 38 35 36 36 39 37 39 40 37 36 42 41 42 42 41 40 41 41 42 42 42 42 42 42 41 41 42 42 42 42 43 43 43 43 44 44 44 44 44 44 44 44 44 44
26 25 26 35 36 33 33 35 34 34 35 40 37 34 33 32 32 30 31 37 34 31 35 39 38 37 33 33 35 35 34 33 32 35 37 36 39 35 35 36 38 38 39 38 37 32 33 36 37 37 34 33 36 37 37 38 40 40 40 41 41 40 38 41 41 42 42 42 42 42 42 42 43 43 42 42 42 42 42 42 42 43 43 43 43 44 44 44 44 44 44 44 44 44 44 44
29 33 28 36 36 39 38 38 35 36 35 39 41 38 36 34 31 27 36 38 36 34 36 40 38 33 33 36 36 36 33 32 33 36 37 35 37 35 36 38 38 38 38 38 37 33 34 36 36 35 35 34 36 36 36 38 40 41 40 39 37 35 39 41 41 41 41 41 43 44 43 43 43 43 43 43 43 43 42 43 43 43 43 44 44 44 44 44 44 44 44 44 44 44 44 45
35 36 36 36 34 35 39 39 36 39 39 39 40 37 35 38 36 35 36 31 36 36 35 36 42 40 36 38 35 37 37 35 36 36 34 36 37 35 38 38 39 37 38 37 37 34 35 33 36 34 35 36 35 36 39 39 39 39 40 38 35 35 40 40 41 41 40 42 44 44 44 43 43 43 43 43 43 43 43 43 43 43 43 44 44 44 44 44 44 44 44 44 44 44 44 45
36 35 33 33 36 35 39 38 39 36 39 35 39 34 36 40 37 38 36 33 34 35 35 36 38 40 42 37 39 38 38 36 37 36 33 34 36 36 37 37 38 35 38 35 36 34 34 35 34 36 38 37 38 39 39 38 39 39 38 36 35 38 40 40 42 41 42 43 43 43 43 42 43 43 43 43 43 43 43 43 43 43 44 44 44 44 44 44 44 44 44 44 44 44 44 45
34 32 31 33 34 36 37 35 34 37 37 40 36 28 32 36 40 36 36 35 33 33 33 36 37 35 40 40 40 39 38 37 36 35 34 36 35 33 37 36 38 37 39 35 34 35 35 36 33 35 38 38 38 38 34 37 37 37 36 40 35 35 40 40 41 41 42 42 42 43 43 44 44 44 44 43 43 44 44 43 44 44 44 44 44 44 44 44 44 44 44 44 44 44 44 45
36 32 33 34 34 37 37 34 34 36 40 39 30 27 34 40 37 33 33 33 34 35 33 34 34 37 40 42 39 41 40 38 37 38 35 35 35 35 37 38 37 36 38 39 38 36 35 32 35 35 37 35 34 34 35 35 36 35 38 34 35 35 40 41 41 41 41 42 42 43 43 44 44 44 44 44 44 44 44 44 44 44 44 44 44 44 44 44 44 44 44 44 44 44 44 45
34 33 33 35 35 35 34 34 37 36 39 40 35 32 37 37 37 38 38 35 36 37 38 35 34 36 36 43 43 41 41 41 38 40 38 38 36 37 36 37 37 36 35 36 36 36 36 33 35 35 34 35 34 35 36 37 36 35 38 32 33 35 39 40 40 43 43 43 43 44 44 44 44 44 44 44 44 44 44 44 44 44 44 44 44 44 44 44 44 44 44 44 44 44 45 45
34 33 37 33 33 35 36 35 37 39 37 41 37 36 35 36 38 38 36 36 37 39 40 39 34 38 43 39 41 42 39 38 39 39 41 37 36 37 38 36 36 36 36 38 37 36 35 33 34 36 34 35 33 35 36 35 38 35 36 35 32 37 38 39 41 43 43 44 44 44 44 44 44 44 44 44 44 44 44 44 44 44 44 44 44 44 44 44 44 44 44 44 44 44 45 45
32 34 36 37 35 33 35 34 35 38 39 40 38 36 34 35 35 36 38 38 39 40 40 40 41 41 41 40 42 42 43 40 40 40 41 40 36 36 36 37 38 37 37 37 37 36 36 34 35 33 33 33 33 35 35 36 36 36 32 31 33 34 39 39 42 42 43 43 43 43 44 44 44 44 44 44 44 44 44 44 44 44 44 44 44 44 44 44 44 44 44 44 45 45 45 46
32 31 33 37 37 36 35 37 39 38 40 39 34 34 34 38 37 38 36 37 38 40 41 41 42 42 40 42 42 42 43 43 43 40 39 40 39 36 36 37 37 38 37 37 37 37 36 31 31 33 33 32 33 35 36 33 34 30 34 32 32 37 38 41 42 42 43 43 44 44 44 44 44 44 44 44 44 44 44 44 44 44 44 45 45 45 45 45 45 45 45 45 45 45 45 46
33 36 38 39 42 36 34 37 37 40 40 36 35 36 38 38 38 39 39 39 40 41 41 40 41 41 42 43 42 41 42 40 40 40 40 37 35 39 37 37 38 38 37 36 37 35 31 35 29 29 32 33 33 33 30 29 33 29 36 29 30 36 37 42 43 44 44 44 44 44 44 44 44 44 44 44 44 44 44 44 44 44 44 45 45 45 45 45 45 45 45 45 45 45 46 47
35 36 37 38 38 37 40 38 37 35 37 41 37 39 39 40 39 39 41 40 40 41 41 42 42 42 43 41 41 43 42 43 42 39 39 42 41 38 40 38 40 39 36 35 36 33 36 33 30 34 32 33 34 33 32 30 30 27 32 36 32 36 40 42 43 44 44 44 43 43 44 44 44 44 44 44 44 44 44 44 44 44 44 45 45 45 45 45 45 45 46 45 46 46 47 47
36 37 37 37 35 36 39 35 35 34 38 39 41 41 41 41 40 42 42 42 41 40 41 42 43 42 40 43 42 43 42 43 42 42 40 40 41 39 40 38 37 38 38 37 35 33 32 37 32 33 33 33 34 35 33 34 28 36 39 37 38 39 38 43 43 43 43 43 43 43 44 44 44 44 44 44 44 44 44 44 44 44 45 45 45 45 45 45 46 46 46 46 47 47 48 48
38 38 38 38 37 38 35 36 37 40 41 38 39 40 39 40 41 41 41 42 41 41 41 42 41 42 43 43 44 44 43 44 44 42 42 42 41 39 39 39 35 37 35 36 37 35 34 32 32 34 33 32 34 37 37 36 40 33 36 37 40 39 39 41 42 42 42 43 43 43 43 44 44 44 44 44 44 44 44 44 44 44 44 45 45 45 45 46 46 46 46 47 48 48 48 49
33 36 37 38 40 36 35 38 39 40 41 40 39 39 40 40 41 41 41 42 42 42 42 43 42 42 43 44 44 44 44 45 45 44 43 42 42 41 40 39 37 38 38 39 37 39 34 32 32 35 34 32 33 34 37 37 32 31 30 33 37 36 34 40 42 42 43 43 43 43 43 44 44 44 44 44 44 44 44 44 44 44 45 45 45 45 45 46 46 46 47 48 48 48 49 50
35 38 38 37 38 39 38 39 38 39 40 39 39 40 40 41 41 41 42 42 42 42 42 43 43 42 43 44 44 44 44 44 45 44 43 41 41 39 41 39 37 37 37 34 34 34 36 33 32 34 36 31 33 29 34 30 29 31 34 35 31 32 35 39 42 43 43 43 43 44 44 44 44 44 44 44 44 44 44 44 44 44 45 45 45 45 45 46 46 46 47 48 48 49 49 50
37 39 38 39 39 37 40 39 41 41 41 40 40 41 42 42 42 42 42 41 41 42 41 41 42 39 40 40 39 43 44 43 43 42 42 39 41 39 39 38 37 34 36 35 35 37 34 37 32 36 35 32 30 30 23 33 28 28 30 33 32 36 33 36 41 43 43 43 44 44 44 44 44 44 44 44 44 44 44 44 45 45 45 45 45 45 45 46 46 47 47 48 48 49 50 51
34 37 38 39 40 40 40 39 40 40 41 41 41 41 41 42 42 41 41 40 40 40 39 37 36 37 38 39 39 42 42 42 38 40 39 38 38 39 40 36 38 34 34 34 37 36 36 30 30 34 36 35 31 28 30 33 25 26 28 30 26 30 33 36 41 42 43 43 43 43 43 43 44 44 44 44 44 44 44 45 45 45 45 45 45 45 45 46 46 47 47 48 49 49 50 51
38 37 38 39 39 40 40 40 40 41 40 41 41 41 41 41 36 37 37 37 37 34 35 35 35 35 38 40 38 40 39 38 41 39 36 37 34 37 36 35 33 33 37 34 35 33 31 30 32 32 32 36 33 33 25 28 31 28 33 28 30 34 32 40 42 42 43 43 43 43 43 44 44 44 44 44 44 44 44 45 45 45 45 45 45 45 45 46 46 46 48 49 49 49 50 52
39 40 39 39 40 40 40 41 41 41 41 41 39 36 36 36 37 36 34 36 32 32 36 32 35 36 40 38 41 38 42 39 42 40 40 34 34 37 36 35 36 37 38 35 32 33 31 28 30 29 28 33 37 30 29 28 25 27 31 27 28 30 34 40 41 42 43 43 43 43 43 43 44 44 44 44 44 44 45 45 45 45 45 45 45 45 45 46 46 47 48 49 49 50 51 51
39 39 40 39 40 40 40 40 41 41 41 40 38 36 35 36 36 33 36 37 34 35 34 37 34 34 36 38 38 40 37 38 38 38 36 34 34 33 33 32 35 34 37 35 32 33 29 29 29 27 31 30 33 33 36 28 30 30 30 29 32 31 36 40 42 42 43 43 43 43 43 43 44 44 44 44 44 45 45 45 45 45 45 45 45 45 46 46 47 47 48 49 49 50 51 51
39 40 39 40 40 40 40 41 38 38 35 37 33 36 36 33 33 34 38 33 37 33 35 37 37 35 37 36 38 38 35 36 38 35 35 37 34 37 34 34 33 31 34 32 33 32 30 29 31 28 33 30 34 31 38 27 28 33 34 26 28 30 39 41 42 42 43 43 43 43 43 43 44 44 44 45 45 45 45 45 45 45 45 45 45 45 46 46 47 47 48 49 50 50 51 51
40 41 39 40 40 40 40 40 36 37 34 35 33 35 32 36 36 33 36 34 38 38 33 33 37 33 34 37 40 39 41 39 35 35 33 33 34 34 32 30 29 33 36 35 32 32 35 28 33 33 31 33 33 31 37 37 38 38 30 26 29 34 39 41 41 42 42 43 43 43 43 43 44 44 44 45 45 45 45 45 45 45 45 45 45 45 46 47 47 47 48 49 50 50 50 51
41 41 40 40 40 40 38 38 35 36 34 37 35 33 35 35 36 37 38 34 38 33 37 34 36 33 37 37 38 37 36 35 37 36 37 34 33 32 31 29 27 31 35 33 35 37 30 34 33 34 30 30 33 37 31 28 28 33 34 26 33 38 40 41 42 42 42 43 43 43 43 43 44 44 44 45 45 45 45 45 45 45 45 45 45 46 46 47 47 48 48 49 50 50 50 51
40 40 40 40 40 38 38 38 37 34 36 38 37 35 38 34 35 37 33 36 33 34 33 34 37 37 35 39 34 37 34 34 34 36 37 32 33 34 30 34 33 36 39 33 31 37 39 35 31 33 32 34 37 33 25 29 33 37 34 40 41 40 41 41 42 42 42 42 43 43 43 43 44 44 45 45 45 45 45 45 45 46 46 46 46 46 47 47 47 48 49 49 49 50 49 50
40 40 40 41 40 37 36 39 37 35 38 34 37 34 34 34 37 35 36 39 35 36 32 34 33 33 35 36 36 37 36 36 34 35 33 31 31 33 34 34 32 34 29 29 33 37 36 36 38 36 35 38 34 34 24 24 31 34 33 29 37 39 41 42 42 42 42 42 42 42 43 43 44 44 44 45 45 45 45 46 46 46 46 46 47 47 47 48 48 48 48 49 49 49 50 50
40 40 40 41 40 37 34 39 33 34 35 34 35 33 34 35 35 38 37 36 35 32 35 37 37 39 35 36 33 37 35 32 33 33 35 35 35 34 30 34 35 34 26 31 33 34 33 33 30 37 33 34 32 29 29 29 28 25 27 34 38 40 40 42 42 42 42 42 42 42 43 43 44 44 45 45 45 45 46 46 46 46 46 47 47 47 47 48 48 48 48 49 49 49 49 50
41 40 41 40 38 40 38 34 34 34 35 38 36 34 35 34 39 34 32 32 35 33 32 32 35 38 39 33 33 33 36 36 33 32 34 33 31 30 28 33 29 28 29 32 31 33 35 35 34 32 35 29 32 26 26 26 26 24 27 33 38 40 41 41 42 42 42 42 42 42 43 43 44 44 45 45 45 45 46 46 46 46 46 47 47 47 47 48 48 48 48 49 49 49 49 49
41 41 41 39 38 39 35 35 35 34 34 39 39 33 35 36 37 35 33 34 37 37 32 35 32 38 37 35 34 32 33 33 32 33 31 31 32 33 29 29 26 28 34 33 31 38 36 35 30 36 33 29 29 32 22 26 23 25 34 37 39 40 41 41 42 42 42 42 42 43 43 43 44 44 45 44 45 46 46 46 46 46 47 47 47 47 48 48 48 48 48 48 48 49 49 49
41 40 39 37 39 36 34 35 35 38 35 34 38 38 34 35 36 33 32 37 32 34 33 32 35 32 38 33 36 32 32 31 32 32 35 29 32 29 28 25 26 29 33 31 34 33 35 32 33 36 32 27 27 26 23 30 30 23 35 38 39 40 41 41 41 41 41 43 43 43 43 43 43 44 45 44 46 46 46 46 45 45 46 47 47 47 47 48 48 48 48 48 48 48 48 48
40 41 38 39 37 36 35 38 35 35 36 38 33 33 34 33 34 34 33 34 36 33 32 32 36 31 38 37 34 31 34 33 32 33 30 30 29 30 31 26 26 32 27 35 32 33 32 30 28 33 29 28 26 24 25 24 26 37 37 39 40 40 41 42 42 42 42 43 43 43 43 43 43 43 45 45 45 45 45 45 45 46 47 47 47 47 47 48 48 48 48 48 48 48 48 48
41 40 35 35 34 34 35 36 36 39 34 34 35 34 37 34 37 36 33 33 34 34 32 35 34 38 36 32 33 32 33 32 35 32 31 31 32 29 28 32 30 32 29 34 27 32 28 31 25 25 25 28 28 26 26 32 24 34 38 38 40 41 41 41 41 41 43 43 43 43 43 43 43 43 44 45 45 45 45 45 46 46 47 47 47 47 47 48 48 48 48 48 48 48 48 48
40 40 36 34 35 35 38 35 37 36 35 38 36 34 35 34 34 34 36 37 31 31 31 33 35 38 33 34 34 34 31 34 30 33 28 31 32 28 28 29 31 33 32 28 32 28 29 30 34 30 31 25 35 25 31 28 33 39 39 40 41 42 42 41 43 43 43 43 43 43 43 43 43 44 44 44 45 45 45 45 46 47 47 47 47 47 48 48 48 48 48 48 48 48 48 47
40 38 38 38 35 36 39 38 37 34 33 35 35 34 34 31 32 35 35 32 35 37 37 32 32 31 32 36 34 32 35 30 33 29 29 29 27 27 25 28 28 29 37 27 31 29 30 36 37 32 33 34 32 35 32 23 34 39 38 40 42 42 42 43 43 43 43 43 43 43 43 43 43 43 44 45 45 45 45 47 47 47 47 47 47 47 48 48 48 48 48 48 48 48 47 47
36 36 40 40 38 40 38 38 39 36 36 35 34 34 36 34 33 35 37 33 37 33 32 35 30 30 33 30 33 33 30 30 30 29 36 28 32 27 25 34 26 31 35 32 32 37 30 35 30 28 36 37 28 23 34 34 36 39 40 40 42 42 42 42 42 42 43 43 43 43 43 43 43 43 44 45 45 45 46 47 47 47 47 47 47 47 48 48 48 48 48 48 48 48 47 46
36 37 37 40 40 39 38 36 38 38 38 35 36 35 36 36 37 36 35 35 32 34 37 32 30 31 33 34 31 33 29 34 34 33 28 35 29 31 28 32 35 37 29 40 37 34 39 34 33 27 36 38 31 30 25 31 39 41 41 40 41 42 42 42 42 43 42 42 42 42 43 43 43 43 44 44 45 46 46 47 47 47 47 47 47 47 48 48 48 49 48 48 48 48 47 46
37 36 35 38 40 36 34 34 37 37 35 37 37 38 38 34 35 32 32 32 32 36 32 36 35 33 38 35 31 34 36 36 35 33 35 31 32 25 28 27 32 35 40 40 30 30 38 32 41 34 34 40 31 33 27 37 38 40 41 42 42 42 42 43 42 42 42 43 43 43 43 43 43 43 44 44 45 46 46 46 46 47 47 47 47 47 48 48 48 49 49 48 48 48 47 46
35 35 38 37 37 36 34 34 34 34 36 39 38 35 36 34 35 34 31 30 29 31 30 32 34 35 36 37 37 34 28 35 36 35 36 35 31 29 30 35 33 37 36 37 36 39 34 37 36 41 40 41 29 31 36 38 40 40 41 42 43 42 42 42 43 43 42 42 43 43 43 43 43 43 44 44 45 45 46 46 46 46 47 47 47 47 48 48 48 49 48 48 48 48 46 45
