DE_airtemperature/2010/2010_09_air_temp_min.asc
NCOLS 654
NROWS 866
XLLCORNER 3280414.711633467
YLLCORNER 5237500.62890625
CELLSIZE 1000
NODATA_VALUE -999
[rows 742 to 794 of 866, columns 96 to 191 of 654]
-999 -999 -999 -999 -999 -999 -999 -999 -999 -999 -999 -999 -999 -999 -999 -999 -999 -999 -999 -999 -999 -999 -999 -999 -999 -999 -999 -999 -999 -999 86 85 85 85 85 84 85 85 84 84 82 83 83 78 72 79 78 79 83 79 83 87 84 79 83 78 75 73 77 79 78 77 74 70 62 67 71 58 70 74 69 75 75 64 67 64 66 69 69 63 67 74 68 70 72 70 71 71 69 72 68 67 66 67 73 75
-999 -999 -999 -999 -999 -999 -999 -999 -999 -999 -999 -999 -999 -999 -999 -999 -999 -999 -999 -999 -999 -999 -999 -999 -999 -999 -999 -999 -999 -999 84 85 85 84 84 83 83 83 83 84 84 84 82 81 75 70 73 77 77 77 83 86 81 76 85 78 75 79 81 80 72 72 70 65 70 72 68 64 65 73 78 74 70 62 69 64 66 71 63 72 71 66 66 68 68 69 69 70 68 76 74 71 70 74 70 69
-999 -999 -999 -999 -999 -999 -999 -999 -999 -999 -999 -999 -999 -999 -999 -999 -999 -999 -999 -999 -999 -999 -999 -999 -999 -999 -999 -999 -999 -999 85 84 84 84 84 83 83 83 83 84 82 83 83 73 73 70 74 75 78 84 85 86 84 74 82 79 79 82 80 79 70 70 60 66 68 76 68 65 68 70 77 74 69 69 71 66 68 68 64 74 66 66 67 67 68 66 68 67 68 69 67 68 74 69 69 69
-999 -999 -999 -999 -999 -999 -999 -999 -999 -999 -999 -999 -999 -999 -999 -999 -999 -999 -999 -999 -999 -999 -999 -999 -999 -999 -999 -999 -999 -999 85 84 84 85 84 83 83 83 81 81 82 82 75 74 79 73 79 75 76 79 86 86 77 78 84 81 85 82 78 73 69 68 64 70 75 77 70 73 75 74 75 74 68 62 68 69 71 70 69 71 71 66 66 66 68 70 66 67 69 67 67 68 69 68 69 71
-999 -999 -999 -999 -999 -999 -999 -999 -999 -999 -999 -999 -999 -999 -999 -999 -999 -999 -999 -999 -999 -999 -999 -999 -999 -999 -999 -999 -999 -999 85 84 84 84 84 84 84 83 81 82 78 80 82 83 83 79 79 76 80 82 84 85 86 84 85 84 81 79 72 67 70 59 62 73 67 73 76 73 69 65 72 61 63 67 65 73 73 66 72 70 71 72 66 67 65 65 66 67 65 66 68 68 68 74 69 68
-999 -999 -999 -999 -999 -999 -999 -999 -999 -999 -999 -999 -999 -999 -999 -999 -999 -999 -999 -999 -999 -999 -999 -999 -999 -999 -999 -999 -999 -999 84 84 84 84 84 84 84 84 84 84 82 83 84 82 79 82 82 78 74 78 83 85 84 84 82 79 72 69 67 60 56 65 65 73 79 75 80 65 69 63 63 60 67 62 70 73 75 67 73 69 65 67 71 67 64 64 66 66 65 66 68 66 69 74 67 68
-999 -999 -999 -999 -999 -999 -999 -999 -999 -999 -999 -999 -999 -999 -999 -999 -999 -999 -999 -999 -999 -999 -999 -999 -999 -999 -999 -999 -999 -999 85 84 84 84 84 84 84 84 81 82 78 80 80 83 83 78 78 76 80 77 84 85 85 84 83 80 77 68 64 66 60 69 72 69 71 80 70 70 68 69 64 63 65 67 68 72 73 65 72 73 72 65 67 64 64 65 64 65 65 66 66 66 69 69 68 67
-999 -999 -999 -999 -999 -999 -999 -999 -999 -999 -999 -999 -999 -999 -999 -999 -999 -999 -999 -999 -999 -999 -999 -999 -999 -999 -999 -999 -999 85 85 84 84 84 84 84 84 82 82 82 79 76 76 74 83 79 79 78 78 82 74 81 85 82 75 75 74 68 66 70 68 66 77 67 78 82 68 76 74 67 64 65 66 69 62 72 75 71 75 66 66 70 66 66 64 66 64 64 65 65 66 65 66 70 65 66
-999 -999 -999 -999 -999 -999 -999 -999 -999 -999 -999 -999 -999 -999 -999 -999 -999 -999 -999 -999 -999 -999 -999 -999 -999 -999 -999 85 85 85 85 84 84 84 84 84 84 83 81 82 80 76 73 73 81 81 78 74 79 79 77 83 84 84 78 70 75 66 74 77 67 76 72 66 69 82 74 77 65 74 63 66 66 73 70 73 78 77 72 64 65 68 66 64 64 64 64 64 64 62 65 70 64 64 64 65
-999 -999 -999 -999 -999 -999 -999 -999 -999 -999 -999 -999 -999 -999 -999 -999 -999 -999 -999 -999 -999 -999 -999 -999 -999 -999 85 85 85 85 84 84 84 84 84 84 84 82 80 78 80 74 77 79 81 80 76 73 70 73 79 82 84 84 77 81 69 68 76 77 73 78 77 72 76 77 75 77 74 70 65 74 65 69 70 69 76 71 67 65 64 64 63 64 65 65 64 63 62 62 64 64 64 63 64 64
-999 -999 -999 -999 -999 -999 -999 -999 -999 -999 -999 -999 -999 -999 -999 -999 -999 -999 -999 -999 -999 -999 -999 -999 -999 -999 85 85 85 85 84 84 84 84 84 84 83 81 79 79 80 73 75 76 76 81 80 77 70 69 76 79 83 81 84 79 71 80 80 78 79 79 73 80 72 80 74 77 80 76 73 75 77 75 70 78 76 72 67 63 65 63 63 64 64 66 63 61 62 61 61 62 67 63 63 65
-999 -999 -999 -999 -999 -999 -999 -999 -999 -999 -999 -999 -999 -999 -999 -999 -999 -999 -999 -999 -999 -999 -999 -999 -999 -999 85 85 85 85 84 84 84 84 84 84 82 81 81 79 75 71 79 69 77 79 77 80 75 75 78 83 78 79 83 84 82 84 83 83 83 83 83 83 81 81 67 64 75 77 80 73 72 69 75 73 70 67 65 63 63 63 63 64 64 64 63 62 62 60 62 62 68 62 67 63
-999 -999 -999 -999 -999 -999 -999 -999 -999 -999 -999 -999 -999 -999 -999 -999 -999 -999 -999 -999 -999 -999 -999 -999 -999 -999 85 85 84 84 84 84 84 84 84 83 83 82 82 79 73 71 76 69 76 80 77 74 74 74 80 77 75 75 75 83 83 77 75 75 77 76 80 78 75 78 76 70 64 68 70 63 70 65 68 77 68 66 61 62 63 64 64 63 63 64 62 61 61 60 60 62 64 67 66 64
-999 -999 -999 -999 -999 -999 -999 -999 -999 -999 -999 -999 -999 -999 -999 -999 -999 -999 -999 -999 -999 -999 -999 -999 -999 -999 84 84 84 84 84 84 84 84 84 82 81 81 82 78 71 70 75 70 75 78 80 73 72 75 76 75 71 71 79 83 83 75 71 71 77 73 72 77 81 67 77 71 66 60 62 62 63 67 67 69 74 70 66 62 63 63 62 63 62 63 61 60 59 60 61 60 60 62 63 64
-999 -999 -999 -999 -999 -999 -999 -999 -999 -999 -999 -999 -999 -999 -999 -999 -999 -999 -999 -999 -999 -999 -999 -999 -999 84 84 84 84 84 84 84 84 83 81 82 82 81 81 72 77 71 69 69 71 76 78 71 70 68 76 68 71 78 81 73 79 80 80 74 68 76 62 73 78 78 70 72 65 63 59 57 60 57 67 71 72 69 64 62 62 63 62 61 62 62 60 59 60 60 59 58 59 60 65 62
-999 -999 -999 -999 -999 -999 -999 -999 -999 -999 -999 -999 -999 -999 -999 -999 -999 -999 -999 -999 -999 -999 -999 -999 -999 84 84 84 84 84 84 84 84 83 79 81 82 82 82 82 76 73 73 77 69 77 75 72 69 66 70 64 71 76 74 71 75 81 78 75 72 70 67 73 79 78 65 63 66 59 58 60 61 63 74 64 74 70 62 61 62 62 62 61 61 61 59 59 59 59 58 59 61 61 62 60
-999 -999 -999 -999 -999 -999 -999 -999 -999 -999 -999 -999 -999 -999 -999 -999 -999 -999 -999 -999 -999 -999 -999 -999 -999 84 84 84 84 84 84 84 83 78 79 82 81 82 75 73 79 77 76 77 70 78 72 70 66 62 63 66 71 70 77 70 71 79 74 70 73 71 65 72 77 78 71 58 59 58 59 57 56 60 62 59 66 67 62 63 60 61 61 61 60 59 58 58 58 58 58 59 59 59 64 64
-999 -999 -999 -999 -999 -999 -999 -999 -999 -999 -999 -999 -999 -999 -999 -999 -999 -999 -999 -999 -999 -999 -999 -999 -999 84 84 84 84 84 84 82 82 78 81 81 79 79 72 73 72 74 77 72 72 73 70 67 65 62 63 66 73 68 69 70 72 71 71 69 64 67 62 73 78 79 68 63 61 65 61 59 60 61 65 65 62 74 70 63 61 60 59 59 60 59 60 57 56 56 58 58 57 62 63 58
-999 -999 -999 -999 -999 -999 -999 -999 -999 -999 -999 -999 -999 -999 -999 -999 -999 -999 -999 -999 -999 -999 -999 -999 84 84 84 84 84 84 84 82 82 80 82 81 81 77 75 73 70 71 71 71 75 74 72 68 63 65 66 69 67 69 68 67 73 71 65 68 67 59 66 73 67 73 70 71 72 58 59 58 59 61 62 64 69 68 65 61 60 61 60 60 60 60 59 56 56 56 56 56 57 62 57 57
-999 -999 -999 -999 -999 -999 -999 -999 -999 -999 -999 -999 -999 -999 -999 -999 -999 -999 -999 -999 -999 -999 -999 84 84 84 84 84 84 84 84 82 82 82 82 82 82 81 80 81 79 79 72 73 70 73 69 67 61 62 67 70 70 69 71 71 69 63 67 72 69 62 65 65 63 75 77 72 64 68 58 57 55 56 56 57 62 69 70 62 59 59 58 59 59 60 58 56 55 55 56 56 56 55 57 56
-999 -999 -999 -999 -999 -999 -999 -999 -999 -999 -999 -999 -999 -999 -999 -999 -999 -999 -999 -999 -999 -999 84 84 84 84 84 84 84 84 83 82 82 81 80 81 77 75 75 72 73 73 77 73 68 66 67 60 63 66 68 67 74 68 71 74 66 71 71 66 64 69 62 58 62 63 76 64 67 59 61 58 54 58 58 58 56 70 60 62 57 58 57 58 59 59 59 58 56 55 54 55 56 55 52 55
-999 -999 -999 -999 -999 -999 -999 -999 -999 -999 -999 -999 -999 -999 -999 -999 -999 -999 -999 -999 -999 -999 84 84 84 83 83 83 83 83 83 82 82 81 79 81 76 73 72 71 76 72 74 69 65 67 60 60 64 67 72 73 75 69 70 75 75 71 60 54 64 64 53 54 60 71 75 66 68 57 57 59 55 57 57 58 56 60 57 59 57 57 57 58 59 58 59 59 57 56 54 54 54 54 55 56
-999 -999 -999 -999 -999 -999 -999 -999 -999 -999 -999 -999 -999 -999 -999 -999 -999 -999 -999 -999 -999 84 84 84 83 83 83 83 83 83 82 82 80 80 80 79 78 74 72 73 72 72 72 73 68 64 65 61 62 64 67 70 73 70 72 76 72 67 58 51 63 62 52 55 62 70 73 59 58 63 56 54 54 56 60 59 63 62 57 56 57 58 58 58 59 60 58 59 58 55 53 54 54 53 53 57
-999 -999 -999 -999 -999 -999 -999 -999 -999 -999 -999 -999 -999 -999 -999 -999 -999 -999 -999 -999 -999 83 83 83 83 83 83 83 83 83 82 82 80 79 78 78 78 74 72 73 71 73 71 68 67 61 62 61 67 66 68 72 70 73 76 74 72 64 49 54 61 58 51 50 58 61 72 55 54 55 53 54 58 58 62 58 60 57 57 55 56 56 57 59 58 60 58 57 57 56 53 52 53 53 52 52
-999 -999 -999 -999 -999 -999 -999 -999 -999 -999 -999 -999 -999 -999 -999 -999 -999 -999 -999 -999 83 83 83 83 83 83 83 83 82 82 82 82 82 78 80 77 79 73 73 73 75 72 72 75 67 70 62 65 67 72 72 69 71 77 75 68 65 59 55 53 55 54 50 52 62 64 71 54 59 54 51 55 53 60 55 56 53 54 54 55 55 56 57 58 58 57 59 57 59 56 53 52 52 53 53 52
-999 -999 -999 -999 -999 -999 -999 -999 -999 -999 -999 -999 -999 -999 -999 -999 -999 -999 -999 83 83 83 83 83 83 83 83 82 82 82 82 81 81 80 78 79 78 72 73 73 73 74 72 77 75 65 66 72 67 67 72 78 73 76 70 72 68 66 61 49 54 52 48 53 55 57 65 58 60 54 54 56 55 58 51 52 53 52 56 56 54 55 57 56 57 58 58 58 55 58 54 52 53 53 53 53
-999 -999 -999 -999 -999 -999 -999 -999 -999 -999 -999 -999 -999 -999 -999 -999 -999 -999 -999 83 82 83 83 83 83 83 83 82 82 80 80 81 81 81 80 79 77 77 74 75 76 77 73 75 68 71 70 75 68 72 74 78 76 72 63 67 71 62 61 47 52 51 50 49 50 53 58 59 57 57 52 52 53 56 51 52 51 52 54 55 54 54 58 56 57 59 58 58 55 56 54 52 54 55 54 55
-999 -999 -999 -999 -999 -999 -999 -999 -999 -999 -999 -999 -999 -999 -999 -999 -999 -999 -999 83 83 83 83 83 82 80 80 80 81 81 81 81 81 81 80 79 78 78 73 75 74 74 79 74 75 67 74 75 74 74 79 75 72 72 57 63 64 59 52 50 49 52 51 52 55 52 59 57 54 56 51 50 50 50 53 51 53 52 52 53 55 55 54 56 57 56 57 57 56 57 58 53 54 55 56 56
-999 -999 -999 -999 -999 -999 -999 -999 -999 -999 -999 -999 -999 -999 -999 -999 -999 -999 84 83 82 82 81 79 78 77 79 79 80 79 82 81 81 81 80 80 79 78 76 76 77 78 75 71 69 71 70 75 78 78 76 67 59 67 63 55 47 54 44 46 50 48 48 49 49 59 63 61 59 59 54 51 51 53 51 52 52 51 51 53 54 52 54 55 55 56 56 56 58 57 54 56 60 57 60 58
-999 -999 -999 -999 -999 -999 -999 -999 -999 -999 -999 -999 -999 -999 -999 -999 -999 -999 83 82 81 81 79 78 76 73 76 75 79 80 81 81 81 81 80 79 79 79 79 78 78 77 78 74 69 72 73 69 79 78 77 72 66 57 55 58 56 51 44 44 52 49 48 50 49 52 56 54 58 58 50 51 51 51 54 50 50 53 52 53 53 53 54 54 55 55 57 55 55 54 54 57 58 61 58 61
-999 -999 -999 -999 -999 -999 -999 -999 -999 -999 -999 -999 -999 -999 -999 -999 -999 -999 84 80 82 79 76 72 72 74 72 77 78 80 81 81 81 81 79 79 79 79 79 80 79 74 79 75 73 76 71 78 78 74 71 79 68 67 67 63 50 42 42 43 49 49 48 49 50 48 51 50 54 52 50 49 51 51 49 51 50 51 53 51 53 53 54 54 55 56 55 56 53 55 55 57 59 59 62 62
-999 -999 -999 -999 -999 -999 -999 -999 -999 -999 -999 -999 -999 -999 -999 -999 -999 -999 84 83 82 80 76 79 77 75 70 77 79 80 81 81 79 81 80 79 79 79 80 80 80 75 80 77 75 71 79 79 76 74 65 73 78 75 71 53 59 54 54 46 45 49 49 46 50 48 48 48 53 48 50 48 47 50 50 50 52 53 53 51 52 53 52 55 55 55 56 52 52 54 55 58 59 61 63 59
-999 -999 -999 -999 -999 -999 -999 -999 -999 -999 -999 -999 -999 -999 -999 -999 -999 84 84 83 82 82 81 76 77 75 68 77 80 81 82 81 78 81 80 80 80 80 80 80 79 79 77 77 75 80 79 79 74 74 64 62 72 73 71 66 66 68 58 46 45 46 48 47 46 50 48 47 47 46 49 47 49 47 48 49 49 51 51 51 51 52 52 53 53 53 54 51 52 52 55 60 60 62 59 59
-999 -999 -999 -999 -999 -999 -999 -999 -999 -999 -999 -999 -999 -999 -999 -999 -999 84 83 83 80 80 79 75 68 70 76 78 79 80 81 81 79 80 80 80 80 80 80 79 79 79 80 79 80 79 77 74 69 61 63 53 63 67 74 77 67 59 64 54 46 48 51 46 47 48 47 46 46 50 49 48 49 52 51 51 49 49 49 50 50 51 51 50 50 50 50 50 51 52 55 58 60 60 59 60
-999 -999 -999 -999 -999 -999 -999 -999 -999 -999 -999 -999 -999 -999 -999 -999 -999 84 84 83 79 76 76 76 73 76 79 80 82 82 81 81 80 80 80 80 80 80 80 79 78 77 80 80 73 72 67 72 68 49 58 47 64 54 58 66 73 63 65 54 47 45 49 46 49 47 47 50 51 48 47 46 47 49 48 50 51 50 50 52 50 51 52 51 51 51 51 51 51 53 55 58 58 59 61 61
-999 -999 -999 -999 -999 -999 -999 -999 -999 -999 -999 -999 -999 -999 -999 -999 -999 84 84 83 82 78 76 74 77 77 77 82 81 82 81 81 81 80 80 80 80 80 80 79 79 78 79 77 72 66 63 66 59 54 42 48 59 58 49 66 76 61 57 57 53 47 52 53 50 52 45 46 50 48 47 50 47 48 49 48 49 50 50 52 51 51 53 52 51 51 50 52 53 54 55 59 60 59 59 61
-999 -999 -999 -999 -999 -999 -999 -999 -999 -999 -999 -999 -999 -999 -999 -999 -999 84 84 83 81 80 78 77 81 79 83 82 82 81 81 80 80 80 79 80 80 80 79 79 78 79 78 78 74 66 70 65 57 46 43 47 48 51 51 63 74 64 56 53 53 48 47 51 51 51 47 50 49 49 50 52 48 47 48 48 48 49 50 51 50 51 52 52 51 50 51 52 53 55 58 59 57 59 59 60
-999 -999 -999 -999 -999 -999 -999 -999 -999 -999 -999 -999 -999 -999 -999 -999 -999 84 83 83 82 81 82 80 82 83 83 82 81 81 80 80 80 80 79 79 79 79 79 79 78 78 73 78 79 77 77 73 67 59 50 56 53 54 52 58 71 69 51 54 54 49 49 52 54 52 47 51 47 47 50 53 47 46 47 48 49 49 49 50 51 52 52 52 50 50 51 53 53 54 56 56 59 57 57 60
-999 -999 -999 -999 -999 -999 -999 -999 -999 -999 -999 -999 -999 -999 -999 -999 -999 83 84 83 83 83 82 83 83 83 82 81 79 81 80 80 80 80 79 78 78 78 79 78 76 75 74 77 71 76 73 76 67 66 57 61 57 53 53 53 67 70 61 56 53 52 52 54 52 53 54 49 53 55 54 52 52 48 47 47 49 50 51 51 51 51 50 51 50 50 51 53 53 52 55 55 56 58 57 60
-999 -999 -999 -999 -999 -999 -999 -999 -999 -999 -999 -999 -999 -999 -999 -999 -999 84 83 83 82 82 82 83 82 82 82 79 81 81 80 80 80 79 78 78 78 78 78 78 74 76 73 76 71 64 72 66 73 68 63 59 54 54 52 54 52 70 54 56 55 53 53 53 51 46 47 47 46 49 48 52 51 51 47 49 50 49 51 51 51 53 53 52 52 51 52 53 54 54 54 54 55 56 58 60
-999 -999 -999 -999 -999 -999 -999 -999 -999 -999 -999 -999 -999 -999 -999 -999 -999 -999 84 83 82 82 82 82 82 82 80 80 81 81 80 80 79 78 77 77 77 76 77 76 68 73 72 73 70 57 60 62 62 60 70 64 62 62 57 53 53 64 64 55 55 54 48 47 48 47 51 51 52 49 46 46 55 47 47 48 49 49 51 51 52 53 53 53 52 51 53 54 55 55 54 54 56 59 59 60
-999 -999 -999 -999 -999 -999 -999 -999 -999 -999 -999 -999 -999 -999 -999 -999 -999 -999 -999 82 82 82 82 82 81 80 80 80 81 81 79 79 78 78 77 75 75 76 77 71 70 61 65 63 69 66 70 73 75 72 67 66 65 68 62 58 57 60 68 61 63 58 56 52 47 45 44 44 44 45 48 54 50 47 47 48 49 50 51 52 52 53 51 54 52 52 53 54 55 55 53 56 58 58 59 56
-999 -999 -999 -999 -999 -999 -999 -999 -999 -999 -999 -999 -999 -999 -999 -999 -999 -999 -999 -999 82 82 82 82 79 80 81 81 81 81 79 78 78 78 77 76 75 76 78 74 69 70 72 70 76 73 73 81 77 70 64 71 70 68 67 60 58 60 57 63 56 50 48 49 47 48 50 49 51 52 53 48 49 52 47 48 49 51 52 52 51 53 53 55 53 52 55 55 56 55 54 56 59 58 58 56
-999 -999 -999 -999 -999 -999 -999 -999 -999 -999 -999 -999 -999 -999 -999 -999 -999 -999 -999 -999 82 82 82 82 82 79 81 80 81 81 80 79 78 78 77 76 75 76 74 75 74 73 77 75 74 78 80 78 71 74 78 71 71 74 62 66 60 55 63 58 57 50 47 48 47 46 47 45 47 44 47 51 51 56 53 51 49 50 51 53 51 51 53 56 52 53 55 56 56 56 54 56 59 58 59 58
-999 -999 -999 -999 -999 -999 -999 -999 -999 -999 -999 -999 -999 -999 -999 -999 -999 -999 -999 -999 83 82 82 82 82 80 80 81 81 81 81 79 79 79 78 78 77 77 78 78 80 79 81 82 82 83 83 80 81 81 70 72 77 70 72 60 62 58 56 53 53 52 50 46 45 45 49 48 46 42 44 52 48 48 48 55 54 52 52 53 54 53 55 54 55 55 56 57 56 55 56 57 59 59 60 58
-999 -999 -999 -999 -999 -999 -999 -999 -999 -999 -999 -999 -999 -999 -999 -999 -999 -999 -999 -999 83 83 82 82 82 79 80 81 82 82 81 80 80 80 78 79 77 78 71 73 74 80 81 83 83 84 84 82 81 83 75 77 72 66 64 62 61 58 53 52 52 54 47 45 47 49 49 48 48 51 46 47 45 47 48 51 50 54 52 54 55 53 54 55 57 54 56 58 56 57 56 57 59 59 59 57
-999 -999 -999 -999 -999 -999 -999 -999 -999 -999 -999 -999 -999 -999 -999 -999 -999 -999 -999 -999 83 83 82 82 82 81 82 81 82 82 81 80 79 71 73 78 77 74 75 73 73 72 78 84 84 83 83 84 84 79 75 75 71 74 71 68 58 56 53 55 55 50 55 51 46 47 44 44 46 50 46 44 45 47 47 48 50 52 52 55 55 56 53 55 58 56 57 58 58 58 56 59 59 60 60 58
-999 -999 -999 -999 -999 -999 -999 -999 -999 -999 -999 -999 -999 -999 -999 -999 -999 -999 -999 -999 83 83 82 82 82 82 82 82 81 81 81 80 79 73 67 76 79 72 75 72 67 79 78 81 81 84 83 84 83 83 81 69 71 62 63 63 56 52 55 54 56 52 51 55 47 46 45 47 47 46 47 45 45 46 48 48 50 51 53 55 55 57 55 55 58 56 58 58 58 59 58 58 59 59 60 58
-999 -999 -999 -999 -999 -999 -999 -999 -999 -999 -999 -999 -999 -999 -999 -999 -999 -999 -999 82 83 82 83 83 83 82 83 83 81 81 79 76 76 71 73 78 77 73 76 69 71 68 78 74 83 84 79 73 80 74 68 71 60 65 55 55 53 51 54 55 57 58 50 56 48 51 45 43 47 45 46 46 47 47 49 50 50 51 53 54 56 57 46 55 56 59 59 59 59 58 58 58 58 58 57 58
-999 -999 -999 -999 -999 -999 -999 -999 -999 -999 -999 -999 -999 -999 -999 -999 -999 -999 82 82 82 82 83 83 83 83 83 82 82 78 81 77 71 75 78 77 72 76 72 76 68 73 66 68 80 83 81 75 78 79 76 59 59 57 55 56 58 50 52 55 56 59 48 53 54 48 47 46 46 48 49 49 51 50 49 51 52 54 56 56 57 58 54 55 57 59 60 60 60 60 58 59 59 58 59 58
-999 -999 -999 -999 -999 -999 -999 -999 -999 -999 -999 -999 -999 -999 -999 -999 -999 -999 82 82 82 82 83 83 83 82 82 82 82 80 77 74 75 78 78 74 73 70 73 74 65 62 56 69 80 82 82 68 69 70 70 70 56 59 59 57 60 57 55 52 56 59 57 56 47 49 48 47 47 48 49 49 50 52 53 52 52 54 55 57 58 58 58 58 59 59 60 60 60 60 60 58 59 59 57 59
-999 -999 -999 -999 -999 -999 -999 -999 -999 -999 -999 -999 -999 -999 -999 -999 -999 -999 82 82 82 82 83 83 83 82 82 82 82 81 79 77 79 78 76 67 63 61 70 66 54 58 53 69 76 73 73 75 67 60 65 72 70 59 61 62 58 59 54 53 55 52 57 54 49 53 47 47 48 49 50 50 51 52 53 54 54 54 56 56 56 57 59 60 60 60 61 61 60 60 60 59 59 59 56 56
-999 -999 -999 -999 -999 -999 -999 -999 -999 -999 -999 -999 -999 -999 -999 -999 -999 -999 82 82 82 82 83 83 82 82 81 81 81 81 82 80 78 75 73 77 69 68 62 60 55 50 50 66 68 62 65 68 79 63 56 54 58 64 71 63 60 61 58 55 55 59 56 55 55 51 50 48 48 49 50 51 52 53 54 54 55 55 55 55 55 56 56 58 60 61 60 61 60 60 60 61 61 60 59 58
