DE_airtemperature/2010/2010_09_air_temp_min.asc
NCOLS 654
NROWS 866
XLLCORNER 3280414.711633467
YLLCORNER 5237500.62890625
CELLSIZE 1000
NODATA_VALUE -999
[rows 530 to 582 of 866, columns 192 to 287 of 654]
82 85 86 88 88 89 90 90 90 91 91 91 90 90 90 90 90 90 88 88 87 87 88 88 89 89 89 87 88 88 88 88 88 88 86 88 89 88 86 83 83 82 82 81 81 80 79 79 82 85 80 78 81 83 82 80 77 78 73 73 72 72 71 71 69 69 70 70 69 66 71 70 68 72 74 72 71 71 75 75 75 75 74 76 76 78 73 77 76 75 76 76 74 71 76 77
86 87 87 88 89 89 90 91 91 91 91 90 91 91 90 90 89 89 88 88 87 88 89 89 89 89 88 88 88 87 86 86 88 88 88 89 87 83 87 84 85 83 83 81 82 79 79 80 81 85 82 78 81 83 81 78 75 72 75 72 71 69 69 70 71 73 69 71 71 70 70 70 71 73 74 74 72 73 75 75 72 72 71 73 74 76 77 77 77 77 77 78 75 74 76 78
84 87 89 88 89 89 90 91 91 91 91 91 91 90 89 89 88 89 89 88 87 89 89 89 89 89 88 88 86 85 86 86 84 87 88 89 89 88 85 85 85 84 81 83 80 80 81 81 80 86 82 79 81 84 82 78 77 74 73 69 70 69 70 70 72 72 69 70 72 71 73 72 72 72 73 73 73 73 77 73 71 69 70 75 76 74 77 77 77 77 75 78 76 77 74 75
86 88 90 89 89 90 91 91 91 90 91 91 90 90 89 88 89 90 88 88 88 89 89 89 89 89 88 87 86 87 87 85 86 87 86 87 87 85 84 85 88 85 82 82 80 81 81 83 82 85 84 83 84 84 81 80 79 76 71 69 69 69 72 71 73 74 75 72 71 74 75 73 71 76 75 77 77 75 74 74 72 71 72 74 76 77 78 77 78 76 75 78 78 77 74 77
89 89 90 91 90 91 91 92 92 92 92 92 91 89 88 89 89 88 90 89 89 90 89 89 89 88 88 87 87 87 85 86 86 86 86 86 87 86 86 88 87 87 86 81 82 81 81 84 86 86 85 85 82 80 81 76 77 78 74 71 69 73 76 77 75 73 74 76 74 71 76 75 76 76 75 74 72 72 72 72 71 73 74 74 75 77 76 77 77 76 75 75 78 76 76 76
91 91 91 92 92 91 92 93 93 92 93 91 91 89 88 89 89 90 89 90 89 89 89 89 88 88 87 87 88 86 86 87 87 86 86 87 87 87 88 85 85 84 84 82 80 81 83 84 86 84 83 82 81 78 80 75 76 75 75 75 73 76 74 74 74 73 72 74 77 74 76 77 74 74 71 71 70 71 72 73 73 74 74 75 75 75 76 76 75 75 74 73 75 78 75 75
91 91 92 92 92 92 92 92 93 93 93 91 90 90 89 89 90 90 89 89 88 89 89 88 88 88 88 88 86 86 87 87 85 87 87 87 88 88 87 86 87 86 85 84 83 85 84 86 86 86 85 83 81 80 76 75 75 75 73 74 73 77 75 72 72 73 73 73 75 76 77 74 74 73 70 70 71 72 74 73 73 73 76 77 78 75 76 74 74 73 75 74 73 76 75 76
92 91 92 92 92 92 92 93 93 93 93 91 90 90 90 90 90 90 89 88 88 88 88 89 89 89 87 87 85 86 87 87 86 87 87 88 86 87 85 85 85 85 84 85 86 86 84 86 83 84 82 82 84 81 81 78 75 73 71 72 73 75 75 72 71 71 75 75 75 74 74 78 75 72 71 69 69 70 73 76 72 72 74 74 77 75 74 74 75 72 72 74 74 76 78 77
92 92 93 93 93 93 93 92 92 92 93 92 90 91 90 90 90 89 89 89 89 88 88 88 87 88 88 88 86 86 87 87 86 87 87 88 87 87 84 84 82 85 85 85 87 86 87 85 84 83 80 82 83 78 76 78 77 74 73 75 74 76 77 75 72 72 73 75 74 74 78 75 75 74 74 70 70 71 72 74 73 73 74 76 74 72 75 74 73 74 73 74 73 74 75 76
92 92 93 93 92 93 93 93 92 93 93 92 91 91 90 90 90 88 89 88 88 89 88 88 87 88 88 88 86 87 88 87 88 88 88 87 88 88 85 86 85 83 84 86 87 83 83 85 83 81 81 77 80 82 81 75 75 73 73 74 75 76 77 74 71 71 71 72 73 75 76 79 76 74 72 72 71 72 73 73 74 72 73 77 72 73 73 72 72 73 73 74 74 75 75 76
92 92 92 93 93 93 93 93 93 94 93 92 92 92 91 90 88 88 88 89 89 89 89 88 88 88 88 87 87 88 87 88 88 88 88 88 88 88 88 88 88 87 87 87 86 83 83 84 84 82 80 80 76 77 78 79 74 73 74 74 73 76 76 76 74 71 70 72 73 75 75 79 78 77 74 71 73 74 74 76 75 73 74 75 72 74 73 73 73 74 75 76 76 77 77 77
93 94 94 93 94 94 94 95 93 94 92 93 92 92 91 90 88 88 88 88 89 89 89 88 88 88 88 88 88 87 88 88 87 87 88 88 88 88 88 88 88 88 87 85 82 81 83 85 81 84 80 80 77 74 74 74 76 73 71 74 76 76 74 74 76 72 72 75 71 76 78 79 77 74 75 72 72 76 75 77 77 77 77 74 75 73 73 74 74 75 76 77 77 78 79 77
94 94 94 94 95 95 95 95 94 94 93 92 92 91 90 89 89 88 89 89 89 89 90 88 88 88 88 88 88 88 88 87 87 88 88 88 88 88 88 88 87 87 86 86 83 79 84 85 83 79 80 81 77 73 73 74 73 73 74 72 74 76 73 73 74 73 72 73 75 75 74 76 79 75 76 74 72 78 77 75 75 74 74 74 73 73 73 73 74 75 75 76 78 79 79 76
95 95 96 97 97 97 95 94 96 93 92 92 91 90 90 88 89 89 89 90 90 90 90 89 89 89 88 88 88 88 88 88 88 88 88 88 88 88 86 85 86 86 85 83 82 79 84 85 82 78 76 76 76 75 73 73 73 73 71 74 75 75 73 71 72 71 73 74 76 75 75 77 77 79 74 72 73 74 79 76 75 74 75 75 74 74 75 75 75 75 75 77 77 78 76 75
96 97 98 98 97 97 95 94 94 93 91 91 91 92 90 89 90 91 90 90 90 90 89 89 89 89 89 89 88 89 89 89 88 88 88 88 88 87 86 85 85 86 85 82 81 83 81 82 84 82 80 81 78 76 73 73 74 75 72 72 73 74 72 71 70 72 75 76 76 78 75 75 75 79 78 75 73 75 76 79 75 75 76 75 75 75 75 77 76 76 77 77 78 77 74 75
98 99 99 99 99 98 96 95 93 93 92 91 92 92 91 90 90 91 90 90 90 90 89 89 89 89 89 89 89 89 88 88 87 88 88 88 88 87 86 85 85 84 83 80 78 83 81 80 83 81 82 81 81 80 77 75 72 73 73 73 73 72 72 75 71 72 71 73 75 77 77 78 76 77 77 78 73 73 74 76 76 76 76 76 75 75 77 78 77 77 77 79 78 75 75 75
99 100 101 101 100 99 97 97 95 95 94 93 93 92 92 91 91 91 90 90 90 89 89 89 89 89 89 89 89 88 88 86 86 86 87 88 88 86 86 84 84 83 81 76 79 78 77 79 80 80 77 81 78 74 77 77 71 72 71 72 71 70 71 69 69 71 72 73 76 76 74 74 75 78 78 72 72 75 78 75 75 75 75 75 74 77 77 76 76 78 79 75 77 75 77 79
100 101 102 103 101 101 99 97 96 95 94 93 92 92 92 91 91 91 90 90 89 89 89 89 89 89 89 89 89 88 88 87 87 86 87 87 86 86 85 85 83 84 80 80 79 76 75 76 75 78 75 76 75 77 74 73 71 71 70 71 70 69 71 70 70 70 74 72 72 73 73 72 72 76 78 72 71 72 76 74 74 76 75 75 74 75 77 76 76 78 77 78 77 76 77 79
100 100 102 104 103 101 98 96 96 95 94 92 92 92 91 91 91 91 90 89 89 89 89 89 89 89 89 89 89 88 87 85 86 84 86 86 86 85 85 83 83 82 81 79 80 80 78 76 78 75 76 73 73 73 73 71 73 74 70 69 71 72 71 70 70 70 72 74 70 69 72 71 75 76 77 74 71 72 73 76 75 76 75 75 76 79 78 79 79 78 77 79 75 79 79 79
100 100 102 103 102 101 99 97 95 94 93 92 92 91 91 91 91 91 90 89 89 89 89 89 89 89 89 89 89 88 88 86 85 85 85 86 85 85 83 83 81 82 81 79 81 80 79 78 79 80 77 76 73 74 72 71 70 71 72 71 71 74 70 70 68 70 71 72 70 73 73 72 75 73 77 73 71 73 73 74 78 76 75 75 77 77 74 78 79 79 79 79 79 79 79 78
98 99 100 101 100 99 98 96 94 93 92 91 91 91 91 91 90 90 89 89 90 89 89 89 89 89 89 89 89 88 88 86 86 84 85 86 85 85 83 82 83 81 81 81 81 79 79 80 79 76 77 75 73 74 73 70 70 71 72 72 74 70 67 68 67 69 72 69 70 70 72 73 75 75 77 75 70 75 75 77 74 73 75 76 75 74 72 75 78 78 77 79 79 79 79 75
97 97 98 98 97 97 96 94 93 92 91 90 90 89 90 90 90 90 90 89 89 90 89 89 89 89 89 89 89 88 88 87 85 85 87 86 83 83 81 83 81 81 80 81 80 81 80 80 78 75 74 74 72 73 73 70 71 71 70 71 75 71 72 67 67 67 66 67 69 71 72 71 75 75 77 74 72 71 72 77 75 72 73 75 75 70 73 76 76 75 75 77 77 75 76 74
96 96 97 96 96 95 95 92 91 92 90 90 89 89 90 90 90 90 90 90 90 90 89 89 89 89 89 89 89 89 89 88 88 87 86 87 84 85 87 82 81 80 81 80 81 81 80 79 75 78 74 72 72 72 73 71 72 71 72 71 74 72 69 70 68 70 70 67 69 71 71 74 75 75 76 76 71 71 72 75 77 72 73 72 73 73 74 74 74 75 74 75 74 75 74 74
96 95 95 95 95 94 93 91 91 91 90 89 89 89 90 90 90 90 90 90 90 90 90 89 89 89 89 89 89 89 89 88 88 87 87 86 83 80 85 81 80 81 82 79 81 81 78 75 76 73 73 71 72 72 73 74 71 73 71 73 76 74 72 69 68 70 72 69 69 71 69 72 72 72 74 77 72 70 77 76 74 72 72 73 74 74 72 74 73 73 75 74 74 74 74 74
95 95 95 94 93 93 93 92 91 90 89 89 89 90 90 89 89 90 90 90 90 89 90 89 89 89 89 89 89 89 89 88 87 87 85 82 79 83 83 82 82 80 82 81 81 80 78 75 72 73 71 72 72 72 71 71 74 70 74 72 76 72 73 70 68 71 71 71 69 72 74 71 72 72 75 77 77 73 74 76 74 73 73 74 76 73 71 74 74 75 76 76 75 75 75 75
95 95 94 94 93 93 92 91 91 90 89 89 89 89 89 89 89 89 90 90 89 89 90 89 89 89 89 89 89 89 88 88 88 87 84 81 81 80 81 85 83 82 80 82 81 80 80 79 75 76 71 72 71 71 70 72 71 71 71 75 73 74 73 72 71 70 70 74 70 72 74 70 73 72 76 75 77 75 76 73 72 73 73 74 75 73 72 75 75 75 76 75 75 75 75 75
95 95 94 94 94 93 92 91 91 91 90 89 89 89 89 89 89 89 89 89 89 89 89 89 89 89 89 89 89 89 89 88 88 87 86 82 79 82 81 84 85 84 84 82 79 78 77 74 76 75 72 70 73 71 71 71 73 73 71 72 74 74 76 74 74 71 69 72 73 74 75 74 76 74 76 77 77 73 72 72 73 73 74 75 75 72 72 74 74 76 74 75 75 75 75 76
95 94 94 93 92 92 91 91 91 90 90 89 89 89 89 89 89 89 89 89 89 89 88 89 89 89 89 89 89 89 89 88 88 87 83 81 82 84 83 81 83 83 80 80 79 78 77 73 73 72 74 72 75 71 71 70 71 72 72 70 71 73 74 76 76 74 71 69 71 72 69 70 68 73 76 69 74 77 76 72 72 73 74 75 74 72 73 74 74 75 74 75 76 76 75 75
94 93 93 92 91 91 91 91 90 90 90 90 90 89 89 89 89 89 89 89 89 88 88 89 89 89 89 89 89 89 89 89 88 87 84 83 80 82 84 80 81 82 82 80 79 79 79 77 77 72 72 75 74 74 71 70 71 71 73 72 74 75 74 75 76 74 68 70 67 65 65 67 68 73 76 69 70 71 76 73 74 73 75 76 75 73 75 75 73 74 75 75 75 76 74 74
93 92 92 90 90 90 90 90 90 90 90 90 90 90 89 89 89 89 89 88 88 88 88 88 88 89 89 89 89 89 89 89 89 88 85 84 81 82 81 81 83 83 80 79 79 80 79 79 74 76 72 72 75 73 74 71 70 71 74 70 72 71 72 72 74 77 71 72 68 67 68 68 72 75 74 70 69 71 71 76 74 74 75 76 76 75 73 74 74 74 75 75 74 74 74 74
92 92 90 89 89 89 89 90 90 89 89 90 90 90 89 89 89 89 88 88 88 88 88 88 88 89 89 89 89 89 89 89 89 88 84 83 83 83 81 84 84 84 83 81 80 81 81 77 77 78 75 74 71 73 74 73 70 70 72 71 71 70 73 72 69 70 77 71 69 71 69 73 76 70 70 71 71 70 75 74 75 75 76 77 75 74 74 75 74 74 75 75 73 73 73 74
92 91 89 88 89 89 89 88 89 89 89 90 90 90 89 89 89 89 88 88 88 88 88 88 88 88 89 89 89 89 89 89 89 88 85 84 82 83 84 83 84 84 84 82 80 82 81 79 81 80 78 77 76 74 71 73 74 73 72 73 72 69 69 69 68 68 73 76 72 74 73 75 73 70 71 71 71 73 75 73 73 73 73 76 76 75 74 75 76 74 74 73 73 73 74 75
91 89 89 88 89 89 89 88 87 89 89 88 89 89 89 89 89 88 88 88 88 88 88 88 88 88 88 88 88 89 89 89 89 88 86 86 85 85 84 83 85 85 85 84 84 82 82 81 79 77 76 75 72 72 69 72 69 73 71 69 68 69 68 66 67 71 71 77 74 76 76 74 71 71 70 73 72 72 75 75 74 74 74 72 76 75 77 75 73 72 72 71 73 72 72 74
90 90 89 88 88 87 88 88 88 88 87 88 88 89 89 88 88 88 88 88 88 88 88 88 88 88 88 88 88 88 88 88 89 89 87 86 86 87 86 85 86 86 84 83 83 83 80 79 77 76 72 75 75 74 71 72 71 71 71 71 67 66 66 68 68 68 71 75 77 76 72 74 71 71 72 72 73 71 72 75 76 76 74 72 73 76 73 72 71 71 72 71 71 72 73 75
90 90 89 88 88 87 87 87 87 87 87 88 88 88 89 88 88 88 88 88 88 88 88 88 88 88 88 88 88 88 88 88 88 89 89 88 87 87 87 86 86 82 81 82 81 83 81 80 75 77 73 72 73 71 70 69 69 72 69 70 70 67 67 70 69 69 73 73 77 78 75 72 73 71 71 71 72 72 72 74 76 76 76 72 73 75 74 73 71 72 72 72 72 73 73 75
90 90 89 88 88 87 86 87 87 87 87 88 88 88 88 88 88 88 88 88 88 88 88 88 88 88 88 88 88 88 89 89 89 89 89 88 88 88 87 86 83 84 81 81 81 80 81 80 81 80 77 73 73 70 70 72 69 69 68 67 68 67 69 68 71 70 73 73 77 77 75 72 72 72 73 71 72 74 72 72 75 76 76 74 74 75 74 73 72 72 73 72 72 71 74 75
89 89 89 88 88 87 86 87 87 87 88 87 87 87 88 88 88 88 88 88 88 88 88 88 88 88 88 88 88 88 88 88 88 89 88 88 88 88 88 85 83 81 81 81 81 83 81 81 77 80 76 75 73 70 72 72 72 69 73 70 71 70 70 70 70 73 71 73 73 77 77 72 72 73 72 72 73 74 74 73 73 73 77 76 73 75 76 73 71 73 74 72 73 74 72 72
89 89 88 87 87 86 87 87 87 87 87 86 87 87 88 88 88 88 88 88 88 88 88 89 89 89 88 88 88 88 88 88 88 88 89 89 89 88 87 85 84 84 82 81 82 82 80 80 76 80 80 76 73 72 71 73 71 71 74 72 73 74 70 70 70 71 69 70 71 76 78 73 72 73 74 74 74 74 74 73 73 76 77 76 75 75 75 72 73 72 73 75 72 70 71 71
89 89 87 87 87 87 87 88 87 87 87 87 87 87 88 88 88 88 88 88 88 88 88 89 89 89 89 88 88 88 88 88 88 88 88 88 89 89 87 85 84 83 81 79 80 81 79 78 76 77 78 74 72 74 74 73 72 72 73 74 76 76 74 74 68 69 71 71 71 76 78 73 73 73 73 75 74 75 73 73 73 75 76 77 75 73 76 75 74 74 73 74 73 72 71 71
89 88 87 87 87 87 86 86 87 87 87 87 88 87 88 88 88 88 88 88 88 88 88 89 89 89 89 88 88 88 88 88 88 88 88 88 89 89 86 85 85 82 82 80 77 80 80 78 76 75 74 75 73 73 72 73 73 72 76 75 74 74 78 75 69 70 71 75 77 79 73 73 73 72 74 75 73 74 74 74 72 76 74 76 77 74 76 72 75 74 73 70 70 71 71 71
88 88 87 87 87 87 86 86 86 86 86 86 86 88 88 88 88 88 88 88 88 88 89 89 89 89 89 89 89 88 88 88 88 88 88 88 89 89 87 86 84 83 80 80 77 78 79 77 77 78 77 73 74 74 74 73 75 76 73 75 69 75 75 76 72 70 75 77 78 74 73 73 73 73 74 74 74 74 75 74 73 74 76 76 76 77 73 74 73 72 72 71 71 70 71 72
88 87 87 87 86 86 86 85 85 86 86 86 86 87 88 88 88 88 88 88 88 88 89 89 89 88 88 88 89 89 88 88 88 88 88 88 88 88 88 87 86 82 83 81 81 75 76 76 78 75 76 73 73 74 73 74 74 72 72 70 70 74 75 78 76 72 71 73 79 77 74 74 73 73 74 74 73 74 74 74 74 74 75 77 77 78 76 75 75 72 71 72 71 72 72 73
88 87 86 86 86 86 85 85 85 85 86 86 86 87 88 88 88 88 88 88 88 88 89 89 88 88 87 88 88 88 87 87 88 88 88 88 88 88 88 87 87 84 82 81 77 77 76 76 81 76 76 74 74 73 73 74 74 72 70 72 73 70 71 76 78 77 72 74 76 80 74 75 73 74 73 74 74 74 73 74 73 74 74 75 76 78 78 75 73 75 75 71 71 72 72 74
88 86 86 86 86 85 85 85 85 85 85 84 86 87 87 88 88 88 88 88 88 88 89 88 87 87 87 86 87 86 87 87 88 87 87 88 88 88 88 85 85 84 84 81 78 78 77 77 80 80 77 74 74 75 72 73 74 72 67 72 73 74 70 71 77 75 77 74 75 78 75 75 75 73 73 74 75 74 75 74 75 75 75 74 76 78 78 77 77 72 72 73 71 73 73 72
86 86 85 85 85 85 84 84 85 85 84 86 86 87 87 87 88 88 88 88 88 88 88 88 87 87 86 86 86 86 86 88 87 85 86 86 88 88 88 86 84 83 83 81 82 82 78 78 78 81 78 74 74 75 73 73 71 69 73 69 69 71 74 73 72 71 75 79 75 77 78 77 77 76 74 75 75 75 76 75 75 75 75 76 77 77 78 78 73 72 72 72 72 74 75 73
85 85 85 84 83 83 84 83 83 84 84 86 86 87 87 87 87 87 88 88 88 88 88 87 86 85 85 86 87 88 87 87 86 86 85 85 85 87 88 87 85 84 83 81 81 81 78 78 79 77 77 75 75 78 75 73 70 73 73 70 70 70 71 71 74 73 73 74 79 76 80 79 76 77 76 76 76 75 77 76 76 77 75 77 78 78 78 79 78 75 73 73 75 74 75 74
85 85 85 84 82 83 83 84 84 83 85 86 86 87 87 87 87 86 87 88 87 87 88 87 86 84 84 87 87 87 86 85 85 86 86 84 84 85 87 87 84 84 83 81 80 80 79 78 81 79 77 75 76 76 76 74 70 74 74 71 70 72 72 71 72 75 75 75 75 79 78 78 78 77 76 76 76 76 76 77 77 76 76 75 77 78 78 78 79 77 73 75 75 75 76 76
85 85 84 84 83 82 82 83 83 83 84 86 86 86 86 87 87 86 86 88 87 87 88 87 87 86 83 84 86 86 84 85 85 87 86 83 84 84 85 87 87 84 84 84 80 79 78 81 81 79 78 75 80 75 75 72 70 73 75 73 72 72 72 73 74 74 75 77 75 79 80 79 78 78 77 76 77 77 76 76 76 76 75 75 75 77 76 78 79 77 76 76 78 76 76 75
85 85 85 84 83 82 83 82 82 83 84 85 86 85 86 86 87 86 87 87 87 87 88 87 87 84 83 83 84 85 87 85 85 86 88 85 84 84 86 87 87 86 85 81 79 79 79 80 81 82 82 82 76 76 73 72 70 71 71 77 73 73 73 74 74 76 76 75 77 77 80 78 79 77 78 78 79 78 78 76 77 75 75 77 76 78 77 77 81 78 76 77 77 78 77 78
86 86 85 84 82 83 83 83 82 82 84 84 85 85 86 86 86 86 87 87 87 86 87 86 86 84 83 84 84 84 86 88 87 86 88 84 85 85 84 87 87 83 83 83 80 80 79 83 78 77 77 80 79 76 75 75 74 73 72 73 74 74 77 75 75 76 75 76 77 78 81 80 79 77 78 78 76 77 78 77 76 75 75 75 77 79 79 76 81 82 78 79 79 79 79 78
86 86 84 82 82 83 83 82 81 81 83 85 85 86 86 86 86 86 87 87 87 86 87 88 87 86 83 84 84 84 85 86 89 89 85 88 85 85 84 87 87 85 81 80 80 83 78 84 79 78 73 77 74 77 75 75 75 73 74 73 74 78 78 75 75 76 75 75 76 77 81 80 77 78 78 77 76 75 76 76 76 76 76 76 77 78 76 79 78 82 81 81 80 81 80 79
86 86 85 85 82 83 83 81 82 83 83 84 85 86 86 86 86 86 87 87 86 85 85 87 86 86 87 84 84 83 85 88 88 84 85 85 88 88 87 87 86 87 86 83 82 83 83 82 82 79 75 74 73 75 76 76 77 77 73 76 74 74 80 76 75 75 76 76 78 81 78 80 78 77 77 76 76 76 77 76 76 77 77 77 77 76 77 77 78 81 83 81 80 82 80 80
87 86 86 85 82 85 84 83 83 83 83 85 84 85 86 86 87 86 86 87 85 84 84 86 86 83 86 83 84 86 85 85 86 84 84 85 86 88 89 87 84 85 85 84 83 84 84 80 79 76 74 77 74 77 76 78 80 77 75 74 74 76 76 80 77 76 77 78 78 80 79 79 79 78 78 77 78 78 77 77 77 78 77 78 77 78 77 79 80 81 84 81 80 82 80 80
