DE_airtemperature/2010/2010_08_air_temp_min.asc
NCOLS 654
NROWS 866
XLLCORNER 3280414.711633467
YLLCORNER 5237500.62890625
CELLSIZE 1000
NODATA_VALUE -999
[rows 697 to 737 of 866, columns 94 to 187 of 654]
-999 -999 -999 -999 -999 -999 -999 -999 -999 -999 -999 -999 -999 -999 -999 -999 -999 -999 -999 -999 -999 -999 -999 -999 -999 -999 -999 -999 -999 -999 -999 -999 -999 -999 -999 -999 -999 -999 -999 -999 -999 -999 -999 -999 -999 -999 -999 -999 -999 -999 -999 -999 -999 -999 133 133 133 132 132 132 131 131 131 132 132 132 131 130 129 127 127 126 126 127 128 130 131 129 125 126 115 117 120 122 121 117 111 113 114 114 116 115 121 114
-999 -999 -999 -999 -999 -999 -999 -999 -999 -999 -999 -999 -999 -999 -999 -999 -999 -999 -999 -999 -999 -999 -999 -999 -999 -999 -999 -999 -999 -999 -999 -999 -999 -999 -999 -999 -999 -999 -999 -999 -999 -999 -999 -999 -999 -999 -999 -999 -999 -999 -999 -999 -999 -999 132 132 132 132 132 132 132 131 131 132 131 131 130 130 127 125 119 119 119 126 128 129 130 130 129 127 123 121 112 121 116 119 112 111 112 116 120 117 114 113
-999 -999 -999 -999 -999 -999 -999 -999 -999 -999 -999 -999 -999 -999 -999 -999 -999 -999 -999 -999 -999 -999 -999 -999 -999 -999 -999 -999 -999 -999 -999 -999 -999 -999 -999 -999 -999 -999 -999 -999 -999 -999 -999 -999 -999 -999 -999 -999 -999 -999 -999 -999 -999 -999 132 132 132 132 132 132 132 131 131 132 132 129 127 126 130 128 123 126 119 124 125 126 130 130 125 126 123 121 115 114 114 115 115 110 119 110 111 112 113 121
-999 -999 -999 -999 -999 -999 -999 -999 -999 -999 -999 -999 -999 -999 -999 -999 -999 -999 -999 -999 -999 -999 -999 -999 -999 -999 -999 -999 -999 -999 -999 -999 -999 -999 -999 -999 -999 -999 -999 -999 -999 -999 -999 -999 -999 -999 -999 -999 -999 -999 132 -999 -999 132 132 132 132 132 132 132 132 131 131 131 131 127 123 122 129 128 125 124 115 122 124 125 128 129 124 123 119 114 105 114 111 107 106 112 115 109 109 111 119 116
-999 -999 -999 -999 -999 -999 -999 -999 -999 -999 -999 -999 -999 -999 -999 -999 -999 -999 -999 -999 -999 -999 -999 -999 -999 -999 -999 -999 -999 -999 -999 -999 -999 -999 -999 -999 -999 -999 -999 -999 -999 -999 -999 -999 -999 -999 -999 -999 -999 -999 132 132 132 132 132 132 132 132 132 132 132 131 131 131 131 127 120 122 126 127 126 125 119 118 122 125 121 129 126 122 113 109 109 111 106 112 114 116 109 109 114 117 121 111
-999 -999 -999 -999 -999 -999 -999 -999 -999 -999 -999 -999 -999 -999 -999 -999 -999 -999 -999 -999 -999 -999 -999 -999 -999 -999 -999 -999 -999 -999 -999 -999 -999 -999 -999 -999 -999 -999 -999 -999 -999 -999 -999 -999 -999 -999 -999 -999 -999 -999 132 132 132 132 132 132 132 132 132 132 132 131 131 131 130 128 125 124 122 126 123 126 124 121 120 118 125 128 122 113 112 105 106 102 106 104 106 115 111 107 109 112 119 111
-999 -999 -999 -999 -999 -999 -999 -999 -999 -999 -999 -999 -999 -999 -999 -999 -999 -999 -999 -999 -999 -999 -999 -999 -999 -999 -999 -999 -999 -999 -999 -999 -999 -999 -999 -999 -999 -999 -999 -999 -999 -999 -999 -999 -999 -999 -999 -999 -999 -999 132 132 132 132 132 132 132 132 132 132 132 131 131 131 129 127 123 123 120 119 124 123 124 120 122 114 125 128 125 122 119 116 113 103 104 107 111 110 107 108 113 117 114 112
-999 -999 -999 -999 -999 -999 -999 -999 -999 -999 -999 -999 -999 -999 -999 -999 -999 -999 -999 -999 -999 -999 -999 -999 -999 -999 -999 -999 -999 -999 -999 -999 -999 -999 -999 -999 -999 -999 -999 -999 -999 -999 -999 -999 -999 -999 -999 -999 -999 132 132 132 132 132 132 132 132 132 132 132 132 131 131 131 129 125 124 123 113 123 124 124 121 120 115 114 118 125 126 119 118 118 110 103 105 107 105 107 107 107 109 116 111 114
-999 -999 -999 -999 -999 -999 -999 -999 -999 -999 -999 -999 -999 -999 -999 -999 -999 -999 -999 -999 -999 -999 -999 -999 -999 -999 -999 -999 -999 -999 -999 -999 -999 -999 -999 -999 -999 -999 -999 -999 -999 -999 -999 -999 -999 -999 -999 -999 -999 132 132 132 132 132 132 132 132 132 132 132 132 131 131 130 128 126 126 123 122 121 120 117 116 116 111 111 113 114 126 121 117 112 110 101 104 103 105 107 110 113 115 115 110 114
-999 -999 -999 -999 -999 -999 -999 -999 -999 -999 -999 -999 -999 -999 -999 -999 -999 -999 -999 -999 -999 -999 -999 -999 -999 -999 -999 -999 -999 -999 -999 -999 -999 -999 -999 -999 -999 -999 -999 -999 -999 -999 -999 -999 -999 -999 -999 -999 132 132 132 132 132 132 132 132 132 132 132 132 132 131 131 130 127 120 122 122 114 117 120 116 110 108 108 109 113 115 126 118 109 108 100 104 104 104 104 105 106 106 109 113 112 113
-999 -999 -999 -999 -999 -999 -999 -999 -999 -999 -999 -999 -999 -999 -999 -999 -999 -999 -999 -999 -999 -999 -999 -999 -999 -999 -999 -999 -999 -999 -999 -999 -999 -999 -999 -999 -999 -999 -999 -999 -999 -999 -999 -999 -999 -999 -999 132 132 131 131 131 132 132 132 132 132 132 132 132 132 131 130 130 129 125 122 114 113 113 117 115 109 107 102 107 119 123 122 121 113 101 100 100 106 106 109 107 113 113 117 117 108 114
-999 -999 -999 -999 -999 -999 -999 -999 -999 -999 -999 -999 -999 -999 -999 -999 -999 -999 -999 -999 -999 -999 -999 -999 -999 -999 -999 -999 -999 -999 -999 -999 -999 -999 -999 -999 -999 -999 -999 -999 -999 -999 -999 -999 -999 -999 132 132 132 131 131 131 131 132 132 132 132 132 132 132 132 131 130 129 126 127 119 118 109 115 108 114 110 104 107 111 116 124 126 116 109 105 100 100 101 105 110 111 115 114 113 108 108 115
-999 -999 -999 -999 -999 -999 -999 -999 -999 -999 -999 -999 -999 -999 -999 -999 -999 -999 -999 -999 -999 -999 -999 -999 -999 -999 -999 -999 -999 -999 -999 -999 -999 -999 -999 -999 -999 -999 -999 -999 -999 -999 -999 -999 -999 132 132 132 131 131 131 131 131 132 132 132 132 132 132 132 132 131 129 127 118 122 125 121 108 106 111 109 108 99 97 101 109 117 123 118 109 106 101 104 103 103 109 115 110 108 113 108 108 113
-999 -999 -999 -999 -999 -999 -999 -999 -999 -999 -999 -999 -999 -999 -999 -999 -999 -999 -999 -999 -999 -999 -999 -999 -999 -999 -999 -999 -999 -999 -999 -999 -999 -999 -999 -999 -999 -999 -999 -999 -999 -999 -999 -999 133 132 132 132 131 131 131 131 131 131 132 132 132 132 132 132 132 130 127 122 117 120 123 112 110 105 101 103 100 105 107 101 111 120 122 116 110 111 101 106 103 110 112 112 107 110 106 106 108 110
-999 -999 -999 -999 -999 -999 -999 -999 -999 -999 -999 -999 -999 -999 -999 -999 -999 -999 -999 -999 -999 -999 -999 -999 -999 -999 -999 -999 -999 -999 -999 -999 -999 -999 -999 -999 -999 -999 -999 -999 -999 -999 -999 133 133 132 132 132 131 131 131 131 131 132 132 132 132 132 132 131 130 130 129 123 121 114 119 115 111 103 105 104 101 99 108 109 105 119 123 116 115 111 103 106 104 107 114 113 107 105 106 108 111 108
-999 -999 -999 -999 -999 -999 -999 -999 -999 -999 -999 -999 -999 -999 -999 -999 -999 -999 -999 -999 -999 -999 -999 -999 -999 -999 -999 -999 -999 -999 -999 -999 -999 -999 -999 -999 -999 -999 -999 -999 -999 -999 133 133 133 132 132 132 132 131 131 131 132 132 132 132 132 132 132 131 130 129 128 123 117 110 113 104 104 101 98 104 104 107 103 108 111 110 122 113 107 101 102 103 108 112 106 107 106 106 109 108 109 106
-999 -999 -999 -999 -999 -999 -999 -999 -999 -999 -999 -999 -999 -999 -999 -999 -999 -999 -999 -999 -999 -999 -999 -999 -999 -999 -999 -999 -999 -999 -999 -999 -999 -999 -999 -999 -999 -999 -999 -999 133 133 133 133 133 132 132 132 132 131 131 131 132 132 132 132 131 131 131 131 130 128 123 118 107 102 103 98 99 97 100 94 101 103 96 103 112 117 113 115 103 101 102 104 104 109 105 104 106 106 106 107 107 107
-999 -999 -999 -999 -999 -999 -999 -999 -999 -999 -999 -999 -999 -999 -999 -999 -999 -999 -999 -999 -999 -999 -999 -999 -999 -999 -999 -999 -999 -999 -999 -999 -999 -999 -999 -999 -999 -999 -999 -999 134 133 133 133 132 132 132 131 132 132 132 132 132 132 132 131 132 132 131 131 130 125 121 118 109 105 99 95 99 100 104 95 98 99 108 111 114 119 117 107 102 104 104 106 107 109 103 104 107 106 106 107 108 107
-999 -999 -999 -999 -999 -999 -999 -999 -999 -999 -999 -999 -999 -999 -999 -999 -999 -999 -999 -999 -999 -999 -999 -999 -999 -999 -999 -999 -999 -999 -999 -999 -999 -999 -999 -999 -999 -999 -999 133 133 134 134 133 132 132 132 132 132 132 132 132 132 132 132 132 131 132 131 131 129 121 110 110 105 108 97 97 99 99 105 104 99 108 114 112 111 113 115 113 102 104 105 106 107 104 105 107 109 106 108 110 110 107
-999 -999 -999 -999 -999 -999 -999 -999 -999 -999 -999 -999 -999 -999 -999 -999 -999 -999 -999 -999 -999 -999 -999 -999 -999 -999 -999 -999 -999 -999 -999 -999 -999 -999 -999 -999 -999 -999 -999 133 133 133 134 133 132 132 132 132 132 132 132 132 132 132 132 131 131 131 130 127 128 125 115 106 97 98 89 89 94 97 102 106 109 111 104 99 107 113 120 110 102 102 103 105 105 104 104 107 107 107 107 108 109 109
-999 -999 -999 -999 -999 -999 -999 -999 -999 -999 -999 -999 -999 -999 -999 -999 -999 -999 -999 -999 -999 -999 -999 -999 -999 -999 -999 -999 -999 -999 -999 -999 -999 -999 -999 -999 -999 -999 133 133 133 133 133 133 133 132 132 132 132 132 132 132 132 132 132 132 131 130 130 128 122 118 113 102 101 99 85 92 97 101 104 101 108 101 96 102 111 110 117 114 113 106 102 104 104 104 105 107 108 109 110 110 110 110
-999 -999 -999 -999 -999 -999 -999 -999 -999 -999 -999 -999 -999 -999 -999 -999 -999 -999 -999 -999 -999 -999 -999 -999 -999 -999 -999 -999 -999 -999 -999 -999 -999 -999 -999 -999 -999 -999 133 133 133 133 133 133 133 133 133 133 133 132 132 133 133 133 132 133 132 131 131 129 129 122 110 110 108 100 83 89 90 101 97 102 99 102 110 109 111 117 117 119 118 108 104 104 106 106 109 107 109 109 111 111 110 111
-999 -999 -999 -999 -999 -999 -999 -999 -999 -999 -999 -999 -999 -999 -999 -999 -999 -999 -999 -999 -999 -999 -999 -999 -999 -999 -999 -999 -999 -999 -999 -999 -999 -999 -999 -999 -999 133 133 133 133 133 133 133 133 133 133 133 133 133 133 133 133 132 132 132 131 130 128 130 129 121 109 117 113 104 96 98 95 103 107 107 107 108 111 115 115 113 116 113 118 106 106 107 108 106 108 109 110 114 115 112 112 113
-999 -999 -999 -999 -999 -999 -999 -999 -999 -999 -999 -999 -999 -999 -999 -999 -999 -999 -999 -999 -999 -999 -999 -999 -999 -999 -999 -999 -999 -999 -999 -999 -999 -999 -999 -999 -999 133 133 133 133 133 133 133 133 133 133 133 133 133 133 133 133 132 131 132 131 130 124 129 120 128 120 115 116 111 106 97 89 95 96 102 105 108 107 113 105 105 112 114 118 113 106 106 110 107 107 109 112 111 115 113 113 113
-999 -999 -999 -999 -999 -999 -999 -999 -999 -999 -999 -999 -999 -999 -999 -999 -999 -999 -999 -999 -999 -999 -999 -999 -999 -999 -999 -999 -999 -999 -999 -999 -999 -999 -999 -999 -999 133 133 133 133 133 133 133 133 133 133 133 133 133 133 133 133 132 132 131 131 127 124 126 114 121 122 120 114 111 110 103 99 96 101 99 95 104 107 109 101 107 102 114 117 114 105 106 110 106 107 109 114 117 114 111 111 113
-999 -999 -999 -999 -999 -999 -999 -999 -999 -999 -999 -999 -999 -999 -999 -999 -999 -999 -999 -999 -999 -999 -999 -999 -999 -999 -999 -999 -999 -999 -999 -999 -999 -999 -999 -999 -999 133 133 133 133 133 133 133 133 133 133 134 134 133 132 133 132 132 131 132 130 126 126 118 110 123 123 121 115 108 94 94 93 92 94 101 105 109 105 103 102 100 107 103 115 117 108 106 111 112 106 110 110 112 111 112 111 112
-999 -999 -999 -999 -999 -999 -999 -999 -999 -999 -999 -999 -999 -999 -999 -999 -999 -999 -999 -999 -999 -999 -999 -999 -999 -999 -999 -999 -999 -999 -999 -999 -999 -999 -999 -999 -999 133 133 133 133 133 133 133 133 134 134 134 134 134 133 133 133 133 133 132 132 129 129 116 110 117 118 122 113 111 94 92 98 99 99 97 100 98 102 108 112 104 104 110 118 116 106 106 106 115 111 109 115 109 110 111 111 113
-999 -999 -999 -999 -999 -999 -999 -999 -999 -999 -999 -999 -999 -999 -999 -999 -999 -999 -999 -999 -999 -999 -999 -999 -999 -999 -999 -999 -999 -999 -999 -999 -999 -999 -999 -999 -999 133 133 133 133 133 133 133 134 134 134 134 133 133 133 133 133 133 133 132 132 132 127 115 113 116 116 115 118 115 103 96 103 108 105 111 100 99 101 102 107 113 107 115 118 117 109 107 111 114 115 113 110 108 110 110 111 110
-999 -999 -999 -999 -999 -999 -999 -999 -999 -999 -999 -999 -999 -999 -999 -999 -999 -999 -999 -999 -999 -999 -999 -999 -999 -999 -999 -999 -999 -999 -999 -999 -999 -999 -999 -999 -999 133 133 133 133 133 133 133 133 133 133 133 133 133 133 132 133 132 131 132 132 131 125 119 119 116 110 106 110 108 109 96 95 96 103 100 113 111 104 100 104 111 111 105 115 117 115 107 109 108 114 108 109 110 110 110 112 110
-999 -999 -999 -999 -999 -999 -999 -999 -999 -999 -999 -999 -999 -999 -999 -999 -999 -999 -999 -999 -999 -999 -999 -999 -999 -999 -999 -999 -999 -999 -999 -999 -999 -999 -999 -999 -999 133 134 134 134 134 134 133 133 133 133 133 134 133 134 132 133 131 131 131 133 131 132 129 129 118 117 109 105 115 111 95 100 99 110 112 112 107 112 108 108 105 115 106 112 118 108 108 109 109 108 109 111 111 111 112 110 111
-999 -999 -999 -999 -999 -999 -999 -999 -999 -999 -999 -999 -999 -999 -999 -999 -999 -999 -999 -999 -999 -999 -999 -999 -999 -999 -999 -999 -999 -999 -999 -999 -999 -999 -999 -999 -999 134 134 134 134 133 134 134 134 134 134 134 134 134 133 133 133 129 130 132 129 130 132 131 131 124 117 117 108 116 106 100 103 108 107 112 103 112 108 115 114 111 115 117 118 112 113 108 109 110 110 108 109 111 111 110 113 112
-999 -999 -999 -999 -999 -999 -999 -999 -999 -999 -999 -999 -999 -999 -999 -999 -999 -999 -999 -999 -999 -999 -999 -999 -999 -999 -999 -999 -999 -999 -999 -999 -999 -999 -999 -999 -999 134 134 133 133 134 134 134 134 134 134 134 134 133 133 132 130 128 128 127 126 128 130 129 122 131 128 118 118 117 117 105 101 104 110 99 110 103 113 111 111 113 116 118 108 108 116 109 109 110 111 111 110 109 110 112 113 113
-999 -999 -999 -999 -999 -999 -999 -999 -999 -999 -999 -999 -999 -999 -999 -999 -999 -999 -999 -999 -999 -999 -999 -999 -999 -999 -999 -999 -999 -999 -999 -999 -999 -999 -999 -999 134 133 133 133 134 134 134 134 134 134 134 134 134 133 132 129 129 127 126 127 129 128 128 124 118 128 123 127 120 122 118 109 101 102 104 102 102 109 104 110 104 112 115 115 107 108 112 109 111 111 111 111 110 111 112 114 114 113
-999 -999 -999 -999 -999 -999 -999 -999 -999 -999 -999 -999 -999 -999 -999 -999 -999 -999 -999 -999 -999 -999 -999 -999 -999 -999 -999 -999 -999 -999 -999 -999 -999 -999 133 133 133 133 134 134 134 134 134 134 134 134 134 135 134 134 132 132 131 131 129 125 125 128 126 126 119 122 126 123 114 123 119 115 108 98 100 99 101 101 112 108 102 106 112 117 111 106 108 111 112 113 112 112 112 109 112 114 113 115
-999 -999 -999 -999 -999 -999 -999 -999 -999 -999 -999 -999 -999 -999 -999 -999 -999 -999 -999 -999 -999 -999 -999 -999 -999 -999 -999 -999 -999 -999 -999 -999 -999 -999 133 133 133 134 134 134 134 134 134 134 134 135 135 134 134 134 132 131 123 126 129 127 121 126 120 121 121 126 127 124 119 126 114 112 115 100 109 101 100 107 106 101 111 113 106 116 107 107 110 111 113 113 114 115 114 110 113 115 113 115
-999 -999 -999 -999 -999 -999 -999 -999 -999 -999 -999 -999 -999 -999 -999 -999 -999 -999 -999 -999 -999 -999 -999 -999 -999 -999 -999 -999 -999 -999 -999 -999 -999 -999 133 133 134 134 134 134 134 134 134 134 134 135 134 134 134 133 132 127 117 119 125 127 120 118 121 120 120 123 126 129 125 124 122 118 114 101 111 97 98 99 101 101 103 105 107 112 111 109 110 112 114 114 115 114 112 111 113 114 115 114
-999 -999 -999 -999 -999 -999 -999 -999 -999 -999 -999 -999 -999 -999 -999 -999 -999 -999 -999 -999 -999 -999 -999 -999 -999 -999 -999 -999 -999 -999 -999 -999 -999 -999 133 133 134 134 134 134 134 134 134 134 134 135 134 134 134 133 130 119 121 115 118 126 125 119 116 114 108 120 121 128 119 118 118 115 108 111 110 99 100 102 102 103 103 104 104 104 110 113 110 112 114 115 117 114 116 113 111 113 113 113
-999 -999 -999 -999 -999 -999 -999 -999 -999 -999 -999 -999 -999 -999 -999 -999 -999 -999 -999 -999 -999 -999 -999 -999 -999 -999 -999 -999 -999 -999 -999 -999 -999 -999 134 134 134 134 134 134 134 134 134 134 133 134 134 134 134 133 127 121 125 124 117 120 118 117 106 105 107 112 116 127 122 119 111 108 114 118 108 99 105 102 105 101 101 105 103 109 106 113 111 113 112 112 114 118 115 115 113 114 112 110
-999 -999 -999 -999 -999 -999 -999 -999 -999 -999 -999 -999 -999 -999 -999 -999 -999 -999 -999 -999 -999 -999 -999 -999 -999 -999 -999 -999 -999 -999 -999 -999 -999 -999 134 134 134 134 134 134 134 134 134 134 134 134 134 134 134 135 126 130 132 126 125 122 124 115 105 106 109 106 107 123 124 117 107 111 119 111 112 99 106 113 110 108 108 104 104 105 107 106 107 113 114 114 114 115 117 117 115 112 114 111
-999 -999 -999 -999 -999 -999 -999 -999 -999 -999 -999 -999 -999 -999 -999 -999 -999 -999 -999 -999 -999 -999 -999 -999 -999 -999 -999 -999 -999 -999 -999 -999 -999 134 134 134 134 134 134 134 134 134 134 134 135 135 135 134 134 135 135 133 129 130 127 123 123 119 109 110 110 115 107 118 124 115 111 117 113 109 104 99 107 104 109 104 111 108 104 105 104 107 109 113 114 116 115 117 119 120 113 113 114 115
-999 -999 -999 -999 -999 -999 -999 -999 -999 -999 -999 -999 -999 -999 -999 -999 -999 -999 -999 -999 -999 -999 -999 -999 -999 -999 -999 -999 -999 -999 -999 -999 -999 134 134 134 134 134 134 134 134 134 134 134 135 133 134 134 133 135 135 133 133 131 127 120 125 119 114 118 120 109 106 118 123 124 123 119 105 111 99 101 101 100 104 116 114 104 105 106 105 106 106 108 115 114 115 119 113 118 118 113 113 113
