DE_airtemperature/2010/2010_06_air_temp_min.asc
NCOLS 654
NROWS 866
XLLCORNER 3280414.711633467
YLLCORNER 5237500.62890625
CELLSIZE 1000
NODATA_VALUE -999
[rows 644 to 689 of 866, columns 192 to 287 of 654]
128 128 127 127 126 126 126 123 124 122 122 123 124 122 123 124 122 121 121 120 121 119 120 119 117 119 119 120 117 117 117 117 117 117 117 118 118 119 122 121 119 119 119 122 121 122 119 119 119 119 119 119 119 118 119 118 119 119 118 120 123 120 118 116 120 119 118 117 116 116 116 116 116 115 113 111 112 112 113 112 112 117 114 113 111 109 108 107 113 109 105 105 105 105 105 105
128 128 127 127 126 122 126 123 124 125 121 122 121 122 121 122 124 123 122 121 123 120 121 118 118 118 117 119 117 119 117 117 117 117 118 118 119 119 121 120 119 119 120 122 120 120 120 123 122 121 120 119 119 118 119 119 119 119 120 119 121 119 118 118 117 117 121 117 117 117 116 117 115 115 114 112 112 112 112 112 111 113 114 110 108 108 108 106 113 110 106 104 105 105 105 105
128 128 127 125 123 124 125 126 125 124 122 123 122 119 121 121 123 124 124 124 123 121 121 119 118 119 118 117 117 117 118 117 117 118 119 119 119 119 120 122 120 120 121 120 121 121 123 121 121 122 121 121 119 119 121 120 120 120 124 122 122 120 120 118 118 118 117 118 117 118 117 116 117 117 116 114 114 113 112 112 112 111 110 117 114 108 108 107 112 112 106 105 107 106 106 106
128 128 127 127 126 126 125 123 122 124 123 122 121 121 121 122 120 122 122 123 123 120 120 120 119 119 117 116 117 117 118 119 118 119 119 119 118 120 120 121 121 122 121 121 121 121 122 121 120 120 122 122 122 122 122 122 123 122 121 121 120 121 118 118 119 118 119 119 119 117 119 118 117 116 115 115 114 114 112 112 112 111 110 116 109 108 107 107 106 111 106 105 106 107 112 108
128 128 127 127 127 125 124 124 122 124 122 123 122 121 121 119 120 121 123 123 122 123 123 121 121 118 117 118 118 117 118 117 118 119 118 118 119 119 119 121 122 122 121 121 121 120 121 121 120 120 120 121 122 121 120 121 121 121 120 120 119 122 119 120 120 120 119 120 118 118 118 117 117 117 116 114 114 115 113 113 112 112 110 114 109 108 107 107 106 110 112 108 108 110 107 106
128 128 127 127 126 126 124 122 122 121 121 122 122 119 120 119 121 122 121 121 119 123 120 119 119 118 119 118 117 118 118 119 114 119 120 118 118 119 118 119 119 119 122 122 120 120 120 120 119 120 120 121 120 121 121 122 121 121 121 120 119 122 120 121 121 122 121 121 119 119 119 118 117 116 115 115 114 114 114 112 112 111 115 116 114 109 106 107 106 107 107 110 107 109 106 107
128 128 126 126 126 125 123 122 121 119 122 122 122 122 121 118 120 117 117 119 121 121 122 119 120 118 118 118 118 118 118 119 119 120 120 119 119 120 120 118 119 120 121 120 120 120 119 119 118 120 120 118 120 121 121 120 121 122 122 121 120 121 123 123 123 123 122 121 120 120 119 118 117 117 117 115 115 114 115 114 112 111 113 109 114 108 110 107 107 107 107 106 105 106 111 110
128 128 126 126 124 124 124 120 121 119 119 119 118 120 119 119 119 116 118 117 119 119 122 120 119 119 119 118 118 119 119 119 119 119 119 119 121 120 119 119 119 120 121 122 121 120 120 118 118 115 115 115 119 115 117 120 119 120 122 121 122 122 122 125 125 125 124 124 122 122 122 120 118 117 117 115 115 115 114 113 113 111 110 109 116 114 107 107 108 107 106 106 104 105 105 107
128 128 126 124 123 122 122 121 120 121 120 120 119 119 117 119 118 119 118 119 119 120 121 120 120 118 120 118 118 118 119 118 118 119 120 120 120 121 121 120 120 120 121 122 121 118 118 118 115 115 118 115 115 118 115 116 118 119 121 123 122 122 122 124 125 125 125 124 122 122 121 119 117 116 113 115 115 115 115 113 112 112 110 108 109 115 108 109 108 106 106 104 105 106 107 106
128 127 126 124 123 123 122 122 123 122 120 120 120 120 120 119 119 120 119 119 119 120 121 119 118 119 120 119 118 119 119 119 120 119 119 119 120 120 120 120 121 121 122 121 121 121 120 120 117 118 120 117 119 116 116 119 119 119 119 122 122 122 121 124 125 124 123 123 122 121 120 119 111 113 112 112 113 114 114 112 112 111 110 109 109 115 112 108 108 107 105 107 105 106 105 104
127 126 125 126 125 124 123 121 123 124 122 120 120 121 120 117 118 119 118 118 119 120 120 120 119 120 120 119 118 119 120 120 120 119 120 120 121 120 120 120 120 120 122 122 121 121 118 119 118 119 118 119 118 118 116 117 119 119 121 122 121 118 123 122 124 122 124 122 122 118 115 112 111 111 111 110 115 114 115 113 112 111 111 111 117 109 108 108 108 108 107 106 105 106 106 105
126 125 124 123 121 121 122 122 121 122 121 122 120 120 118 117 119 119 120 119 119 119 121 120 119 119 118 118 118 118 119 120 119 119 119 120 120 121 119 120 120 121 122 121 118 119 120 119 118 119 117 113 113 114 116 118 118 120 121 122 121 120 120 122 120 122 123 121 121 120 118 118 112 111 112 112 109 114 114 114 113 111 112 110 114 116 110 108 108 108 106 107 106 106 106 105
126 125 124 121 122 124 120 120 121 121 119 119 120 121 119 117 118 118 119 120 118 119 119 120 120 120 120 118 119 119 119 120 119 119 119 120 120 121 121 120 121 120 122 121 117 118 119 117 119 118 117 118 117 115 115 115 117 118 120 121 122 120 116 119 117 118 121 119 118 115 113 112 112 111 113 110 112 114 114 114 117 117 118 115 116 110 110 114 108 107 106 107 107 107 106 105
125 126 125 123 122 123 122 121 121 120 120 119 120 120 117 118 119 119 119 120 119 119 119 120 120 119 119 119 118 120 120 119 120 120 120 120 121 121 120 120 120 120 122 120 120 118 118 118 119 119 118 118 117 115 115 114 117 118 119 119 120 121 120 119 115 115 120 122 120 116 118 116 112 111 114 112 109 116 116 115 115 117 112 111 114 110 109 109 113 108 107 109 106 107 106 106
124 123 124 124 124 123 122 121 120 120 120 119 120 119 118 118 119 119 118 119 120 120 120 119 118 120 120 119 120 119 120 121 121 121 121 121 121 121 122 120 120 121 122 120 120 119 118 116 117 119 117 118 117 118 116 117 118 119 117 120 121 120 120 118 118 114 114 117 119 120 114 112 112 112 111 110 111 116 116 116 117 114 113 112 111 110 109 109 108 114 107 107 107 107 106 106
122 122 122 123 124 124 122 121 122 121 121 120 120 116 118 117 119 119 119 119 120 120 119 118 118 118 118 119 120 119 120 120 119 120 119 120 120 120 119 120 120 121 122 120 118 118 117 114 117 117 117 118 117 116 117 118 116 115 116 117 116 120 118 115 117 112 112 114 117 119 113 113 113 112 111 112 110 110 116 116 119 119 113 111 112 111 110 110 108 108 113 108 107 107 108 107
121 121 122 121 123 124 123 123 122 120 121 119 118 119 119 119 118 119 120 120 119 118 118 115 117 118 118 119 119 118 118 118 118 116 115 119 120 120 120 119 122 122 121 119 118 116 117 114 114 116 117 117 116 116 117 118 118 117 115 116 116 117 114 113 112 119 114 112 114 117 116 114 114 113 112 115 111 113 115 116 116 118 114 112 112 112 112 110 109 109 109 108 108 109 107 104
124 123 122 121 121 123 122 123 123 120 119 119 118 119 118 119 119 118 119 119 119 119 114 116 119 118 119 118 116 114 114 115 117 120 120 120 120 120 120 121 121 120 120 118 116 114 113 112 114 113 114 114 116 115 118 117 117 115 114 115 113 113 114 110 113 114 114 112 112 112 114 118 113 112 114 116 114 111 114 115 115 118 114 113 112 112 111 110 110 109 110 108 109 107 107 105
123 124 123 121 120 121 121 120 121 120 119 118 118 119 119 118 118 118 117 118 117 117 116 114 115 117 118 116 114 115 116 115 115 118 120 120 120 122 122 122 120 120 120 119 119 115 115 115 115 114 114 115 111 112 114 115 117 113 112 109 113 113 109 110 111 115 117 115 113 112 114 115 118 113 112 115 117 115 116 115 116 117 117 114 113 112 109 110 111 110 110 111 110 106 106 105
122 124 121 122 118 119 119 120 119 120 119 118 117 119 118 118 117 118 117 117 116 114 114 116 116 118 116 113 116 116 118 118 119 119 120 120 120 120 121 121 121 119 118 119 119 118 115 117 114 114 115 116 115 112 114 115 111 113 110 108 110 110 110 111 111 113 113 115 114 114 113 114 114 115 112 115 118 116 116 116 117 118 115 114 113 108 110 110 110 111 110 112 110 106 103 104
122 124 121 119 118 119 120 118 118 120 119 120 118 117 118 116 116 115 116 113 113 113 114 115 116 115 114 116 116 118 119 119 118 119 119 119 119 119 120 121 121 120 117 118 118 115 116 117 116 117 116 116 116 114 111 114 110 108 110 113 107 110 112 111 112 111 113 115 115 114 115 115 114 115 113 116 117 117 117 116 117 117 115 114 112 109 111 108 109 110 109 109 111 108 108 104
122 122 121 119 120 119 118 118 118 116 117 118 118 118 116 116 117 116 111 111 112 112 113 115 114 114 114 116 118 118 119 118 119 118 120 120 119 119 122 122 120 119 118 116 115 116 116 118 117 117 117 116 114 113 112 111 109 111 111 111 107 111 110 111 112 113 113 115 113 115 115 115 115 114 115 117 118 118 117 117 116 118 118 114 112 110 110 110 107 107 110 108 110 109 108 105
120 119 121 121 120 118 118 117 117 117 117 117 117 117 116 115 116 113 111 113 112 114 115 115 114 114 116 117 118 118 120 120 120 120 120 120 119 121 121 121 119 119 118 117 116 117 118 118 117 119 117 115 113 112 114 112 110 110 115 110 113 109 112 112 113 115 114 115 114 115 115 116 116 116 119 117 119 118 119 117 117 116 119 115 112 111 110 110 110 109 110 110 110 110 108 106
119 120 122 119 117 115 116 116 115 114 116 115 116 116 115 112 111 111 113 111 114 114 115 114 116 117 117 118 118 118 119 119 119 119 121 120 120 123 122 120 122 118 118 117 118 117 119 119 118 116 116 116 114 114 114 110 114 110 113 113 115 111 111 110 114 115 116 115 117 117 118 117 118 121 116 115 120 119 118 120 119 118 117 113 112 109 110 108 110 111 110 110 110 110 109 109
120 120 120 118 117 117 116 116 116 115 114 113 115 114 113 112 110 111 108 111 112 112 112 114 114 115 115 117 118 117 118 119 118 119 119 121 120 119 120 120 121 119 119 118 117 119 119 119 118 116 117 117 117 114 112 116 111 113 112 116 118 112 113 116 112 114 116 116 117 117 119 118 119 123 117 115 115 118 117 119 120 121 116 114 113 110 110 108 109 110 110 109 110 110 109 106
119 117 119 119 119 117 116 115 115 115 113 112 114 109 109 109 109 105 107 106 109 110 111 112 110 110 113 114 115 116 116 114 116 119 119 120 120 122 122 122 120 119 117 118 116 118 119 118 118 117 119 117 117 114 118 115 113 113 113 116 116 114 111 119 115 115 114 116 116 117 118 120 119 123 118 117 115 115 117 116 114 121 114 117 115 111 108 110 110 110 111 109 109 111 109 109
118 117 119 117 119 118 118 115 115 114 115 114 112 109 109 108 108 106 108 106 106 107 105 108 108 110 109 106 113 113 112 115 117 119 119 120 122 122 122 120 121 119 118 118 117 117 118 119 118 118 119 119 119 119 116 114 111 110 114 112 118 117 116 117 117 116 116 115 114 118 119 120 120 122 122 121 118 115 115 114 117 119 119 118 114 111 108 108 111 110 111 111 109 109 109 106
117 118 119 116 117 118 117 116 116 116 114 113 111 110 108 107 107 106 106 105 105 107 106 108 108 109 110 108 110 110 113 115 118 118 118 119 119 119 121 119 119 118 117 117 119 117 119 119 119 120 119 121 119 117 117 117 113 115 113 115 120 115 116 120 117 117 119 117 118 120 120 118 120 121 118 123 116 116 117 113 119 119 120 118 118 110 109 109 108 110 110 111 112 109 110 109
117 117 116 116 117 118 115 114 114 115 114 111 111 107 107 106 106 107 107 106 106 104 108 111 111 113 114 114 115 110 113 116 115 118 119 119 119 119 121 119 117 117 117 118 119 119 120 121 121 120 121 118 119 117 115 113 112 113 112 118 117 120 120 117 122 117 122 119 119 123 120 122 120 120 121 121 122 120 116 115 114 119 119 118 115 111 110 108 110 110 107 110 108 110 111 106
119 118 116 117 115 117 114 116 113 112 112 107 107 107 106 106 107 108 107 107 107 107 107 107 107 107 110 114 116 114 113 116 117 118 119 119 119 119 121 122 119 118 118 118 119 119 120 121 122 122 121 120 114 115 119 116 116 116 116 118 115 120 122 123 123 122 122 119 121 124 122 124 123 123 122 118 121 120 116 118 115 116 117 119 118 114 110 109 108 107 107 108 110 108 110 108
116 116 116 116 117 115 116 113 114 112 112 110 110 107 106 105 105 106 106 107 105 107 109 108 111 112 107 111 117 118 118 118 119 118 118 118 120 122 123 122 123 122 123 119 120 121 120 121 123 122 120 116 117 119 118 119 119 120 118 119 120 119 124 123 121 123 124 121 125 124 124 125 122 119 123 118 116 121 117 118 116 120 118 119 119 116 112 112 109 109 108 108 107 108 110 107
117 116 115 115 115 113 115 113 112 112 111 109 108 106 105 105 105 106 105 104 106 108 109 110 112 112 112 115 117 118 118 119 119 118 118 118 118 120 123 118 124 124 124 121 121 122 121 121 123 120 120 119 119 120 121 121 123 123 120 120 123 124 121 119 115 120 123 126 125 121 127 125 119 123 118 122 119 117 120 120 120 119 119 117 119 116 112 109 111 108 108 109 108 108 111 107
117 117 116 114 114 114 113 112 112 112 107 109 107 105 106 105 105 105 104 105 105 105 106 106 108 112 115 117 118 117 119 120 119 119 117 119 120 121 123 120 119 119 121 122 123 123 121 121 123 122 120 120 119 119 121 121 123 123 122 123 123 124 121 118 114 117 116 119 125 125 127 123 122 124 124 122 119 116 116 119 119 116 120 118 118 118 117 111 114 112 110 108 109 108 108 110
116 118 116 114 114 113 112 111 111 111 111 110 109 108 106 104 104 105 105 106 107 106 108 110 109 112 114 117 117 119 118 120 119 119 118 118 118 118 121 119 120 121 124 123 123 123 123 123 123 120 121 121 119 119 121 123 123 122 123 123 123 124 121 118 116 116 116 117 120 120 121 119 123 125 123 119 116 116 115 117 118 117 114 113 115 117 112 115 111 112 109 108 108 107 109 107
119 119 118 115 114 112 111 111 112 113 112 111 110 108 107 107 104 103 103 106 107 108 109 110 112 113 115 117 118 119 120 121 120 120 119 122 121 123 122 122 122 125 125 124 124 124 124 124 124 121 121 122 121 120 121 122 123 124 123 123 122 124 122 121 122 119 116 115 116 115 118 118 119 122 122 122 117 115 116 115 117 114 114 114 117 113 114 111 112 114 112 111 107 106 107 107
115 118 118 113 113 111 111 111 112 111 111 110 109 108 107 107 106 103 104 105 107 108 109 111 112 114 115 117 119 118 119 119 119 119 119 121 123 123 123 123 123 125 125 124 124 123 122 122 122 124 122 121 121 120 122 122 124 124 124 124 125 124 123 122 124 120 117 116 116 115 118 120 117 116 119 118 118 117 117 115 114 114 115 114 114 113 111 110 111 112 113 110 110 108 108 109
116 115 116 114 111 111 111 110 111 111 109 108 107 106 109 107 104 103 105 106 109 106 109 111 112 112 114 115 117 118 119 119 119 121 122 123 122 122 122 122 123 125 125 126 124 124 124 124 123 123 123 124 122 121 122 122 124 124 125 124 124 124 124 123 123 121 121 115 113 115 116 118 115 116 117 116 115 113 113 111 112 113 112 113 112 111 112 111 111 110 114 110 109 109 109 107
118 114 113 111 111 112 112 111 110 109 109 109 110 110 107 107 108 105 108 108 110 111 112 114 112 111 112 115 117 120 120 121 121 123 121 122 122 122 122 123 124 124 125 125 124 126 124 123 123 122 122 123 123 125 124 126 125 123 123 122 123 124 125 123 124 122 120 117 114 115 115 112 113 115 112 114 113 114 113 113 114 113 113 113 112 108 109 110 111 115 114 114 110 109 109 108
115 113 113 111 112 113 112 111 111 111 109 108 112 107 106 108 107 108 107 110 110 110 110 112 114 116 116 119 119 121 119 119 119 120 120 122 122 122 122 124 124 124 124 127 127 125 125 125 125 124 123 122 123 125 125 124 123 123 123 124 123 123 123 123 124 123 123 122 116 114 115 114 112 111 111 113 114 113 113 113 109 109 113 112 113 111 107 111 110 110 110 110 110 111 110 109
114 113 112 113 112 112 112 111 111 113 114 113 110 105 105 106 106 106 106 107 108 109 111 112 116 117 118 118 119 118 119 119 122 122 120 122 122 124 124 125 125 124 126 128 126 125 125 125 124 124 123 124 125 125 124 123 124 123 123 122 122 123 123 123 122 121 120 115 114 114 115 112 114 113 113 112 114 112 114 114 110 110 112 113 111 110 108 107 107 109 109 111 111 113 113 110
111 112 112 111 113 113 112 111 114 113 111 110 109 108 107 107 107 107 107 109 109 109 109 111 113 114 116 117 116 116 119 119 120 119 122 122 122 123 125 126 126 125 126 128 129 128 129 126 126 127 126 125 125 125 125 123 122 123 122 120 121 122 122 122 121 120 114 116 114 117 116 112 115 112 113 111 113 114 113 112 109 111 109 111 111 110 109 109 107 106 107 106 108 110 110 110
111 113 112 111 112 112 114 114 113 111 108 109 109 108 108 107 107 107 109 109 108 112 110 112 113 113 114 114 116 117 119 120 121 121 121 123 123 123 124 125 124 125 126 126 126 128 130 127 128 127 127 127 125 125 126 124 124 123 122 120 116 121 117 116 117 117 114 121 119 121 118 112 116 111 113 111 113 112 113 111 109 111 111 109 107 111 111 106 107 107 106 106 106 106 108 106
113 112 113 115 116 115 116 112 110 110 110 108 109 107 108 107 109 108 109 108 112 110 110 111 114 114 114 114 116 118 118 119 120 120 121 122 123 123 124 125 125 126 126 127 127 127 129 130 127 127 128 127 126 126 124 126 124 124 123 121 117 114 116 118 116 120 121 122 118 116 114 114 114 112 112 110 111 110 111 111 111 111 111 108 109 110 109 107 107 108 107 107 107 107 107 106
113 114 115 113 113 116 111 110 110 109 108 110 110 110 106 107 107 106 108 109 111 109 109 110 114 116 113 114 115 117 118 119 123 121 122 121 122 123 124 126 125 127 127 128 128 128 129 131 128 127 128 128 127 126 126 126 126 124 122 121 116 117 117 116 114 119 122 120 116 113 112 114 113 111 112 111 111 109 112 113 112 111 111 109 107 109 109 107 107 107 109 107 107 107 107 106
112 116 113 112 115 111 113 108 108 108 107 107 108 108 107 109 108 109 109 113 110 112 112 113 114 113 113 115 117 117 119 121 123 121 121 121 122 123 124 126 126 127 129 129 129 129 130 131 128 128 127 128 128 128 125 125 126 124 124 118 119 119 120 116 121 122 122 118 116 115 112 110 113 111 112 110 111 109 113 114 111 112 112 108 108 108 112 108 109 107 107 108 107 107 107 106
110 112 110 115 110 109 111 115 111 107 107 107 108 107 109 109 108 113 109 110 108 108 109 111 112 112 114 115 117 118 120 121 120 122 122 122 122 123 125 127 127 128 129 130 129 130 132 128 129 129 129 127 128 126 124 124 125 123 122 122 117 119 118 117 117 119 122 120 120 116 111 111 110 112 111 111 111 109 110 112 114 114 112 110 108 108 108 109 108 108 107 108 108 107 109 106
