DE_airtemperature/2010/2010_01_air_temp_min.asc
NCOLS 654
NROWS 866
XLLCORNER 3280414.711633467
YLLCORNER 5237500.62890625
CELLSIZE 1000
NODATA_VALUE -999
[rows 574 to 614 of 866, columns 94 to 187 of 654]
-55 -56 -55 -52 -55 -52 -54 -52 -50 -53 -53 -56 -52 -50 -50 -47 -51 -54 -61 -58 -58 -58 -60 -60 -61 -60 -55 -54 -54 -53 -51 -49 -51 -47 -50 -45 -45 -45 -45 -45 -43 -43 -40 -40 -39 -39 -39 -38 -38 -38 -39 -40 -43 -45 -45 -45 -45 -45 -43 -42 -40 -40 -39 -41 -40 -39 -39 -39 -41 -44 -43 -40 -39 -39 -39 -40 -41 -41 -38 -38 -38 -38 -39 -39 -39 -39 -39 -39 -39 -40 -40 -40 -41 -41
-60 -62 -60 -56 -54 -54 -54 -53 -51 -51 -53 -55 -53 -50 -49 -49 -54 -59 -57 -57 -59 -60 -58 -58 -57 -56 -54 -53 -52 -52 -51 -51 -51 -50 -51 -47 -45 -45 -42 -43 -43 -41 -40 -40 -42 -39 -37 -37 -38 -38 -38 -39 -40 -43 -45 -45 -45 -45 -44 -42 -41 -40 -40 -42 -40 -39 -40 -39 -42 -44 -42 -41 -40 -39 -39 -40 -41 -42 -38 -38 -38 -38 -38 -38 -39 -39 -39 -39 -39 -40 -40 -40 -41 -41
-62 -68 -60 -56 -54 -50 -50 -54 -52 -50 -54 -54 -56 -53 -53 -46 -54 -54 -52 -56 -58 -56 -55 -55 -55 -54 -53 -52 -51 -52 -53 -52 -44 -52 -47 -45 -45 -43 -45 -42 -42 -42 -41 -42 -39 -38 -37 -37 -39 -39 -38 -38 -40 -40 -42 -42 -44 -45 -44 -43 -42 -43 -42 -40 -40 -41 -40 -39 -42 -42 -42 -40 -41 -39 -39 -39 -42 -40 -38 -38 -38 -38 -38 -38 -39 -39 -39 -39 -39 -40 -40 -40 -41 -42
-67 -63 -57 -55 -56 -51 -52 -52 -52 -51 -52 -52 -56 -56 -59 -56 -47 -48 -55 -58 -57 -54 -53 -53 -53 -52 -51 -51 -49 -52 -50 -53 -53 -50 -46 -45 -43 -44 -42 -41 -39 -39 -43 -40 -38 -37 -37 -37 -41 -40 -39 -39 -38 -39 -41 -41 -41 -44 -43 -45 -44 -43 -41 -40 -41 -42 -40 -39 -39 -39 -39 -39 -39 -40 -40 -39 -42 -39 -38 -38 -38 -38 -38 -38 -39 -39 -39 -39 -39 -40 -40 -40 -41 -41
-64 -62 -56 -58 -55 -55 -55 -56 -56 -54 -51 -56 -58 -64 -58 -54 -50 -48 -54 -54 -55 -54 -50 -52 -52 -52 -53 -52 -50 -47 -51 -53 -48 -45 -46 -45 -44 -42 -41 -41 -39 -42 -41 -39 -37 -37 -37 -37 -42 -40 -40 -40 -38 -40 -41 -46 -43 -41 -42 -44 -43 -42 -42 -44 -44 -41 -41 -41 -40 -39 -40 -40 -40 -40 -41 -41 -40 -39 -42 -38 -38 -38 -38 -38 -39 -39 -39 -39 -40 -40 -40 -40 -41 -41
-64 -58 -58 -59 -58 -57 -58 -56 -54 -51 -54 -57 -61 -58 -55 -52 -46 -46 -48 -54 -54 -52 -46 -53 -51 -50 -49 -49 -49 -45 -50 -48 -45 -44 -44 -45 -44 -41 -42 -40 -39 -38 -37 -37 -37 -37 -39 -38 -37 -38 -39 -39 -39 -40 -44 -44 -42 -41 -41 -41 -42 -43 -43 -45 -44 -43 -42 -41 -41 -41 -40 -40 -41 -41 -41 -42 -41 -43 -42 -38 -38 -38 -38 -38 -39 -39 -39 -39 -39 -40 -40 -40 -41 -41
-60 -60 -57 -58 -59 -58 -57 -57 -51 -53 -54 -59 -57 -56 -52 -51 -45 -53 -54 -53 -54 -53 -50 -46 -48 -46 -50 -51 -52 -48 -45 -46 -47 -45 -45 -43 -41 -40 -41 -41 -41 -42 -41 -37 -38 -38 -41 -39 -40 -40 -39 -39 -39 -40 -40 -40 -40 -41 -41 -40 -42 -44 -45 -46 -44 -43 -43 -43 -41 -40 -40 -40 -41 -40 -41 -41 -41 -43 -40 -38 -38 -38 -38 -38 -39 -39 -39 -39 -39 -40 -40 -40 -40 -41
-58 -57 -58 -57 -59 -58 -58 -54 -53 -55 -52 -56 -55 -55 -54 -49 -45 -51 -52 -50 -53 -51 -49 -45 -48 -50 -50 -52 -52 -47 -49 -45 -45 -48 -44 -44 -44 -43 -41 -42 -43 -47 -40 -40 -40 -41 -41 -40 -41 -40 -41 -39 -40 -41 -41 -41 -40 -40 -41 -41 -43 -45 -46 -45 -44 -43 -42 -41 -41 -41 -40 -40 -41 -41 -40 -41 -43 -43 -40 -38 -38 -38 -38 -38 -39 -39 -39 -39 -39 -40 -40 -40 -40 -41
-58 -58 -58 -55 -62 -59 -60 -56 -53 -58 -51 -53 -54 -55 -57 -54 -49 -47 -47 -53 -51 -48 -46 -42 -51 -47 -50 -50 -49 -49 -47 -48 -45 -43 -43 -42 -43 -43 -44 -43 -42 -46 -44 -42 -44 -43 -43 -41 -40 -42 -41 -39 -41 -41 -43 -43 -41 -40 -40 -43 -44 -45 -46 -44 -43 -43 -42 -42 -41 -41 -40 -41 -42 -42 -42 -42 -42 -42 -39 -38 -38 -38 -39 -39 -39 -39 -39 -39 -39 -40 -40 -40 -40 -40
-57 -58 -57 -58 -60 -59 -58 -58 -59 -55 -54 -53 -49 -54 -55 -53 -52 -50 -48 -44 -48 -46 -46 -44 -45 -45 -48 -44 -46 -47 -45 -44 -43 -45 -46 -43 -44 -45 -38 -41 -39 -40 -39 -46 -47 -46 -43 -43 -43 -40 -39 -40 -40 -41 -42 -42 -40 -40 -40 -42 -43 -47 -47 -45 -44 -43 -43 -42 -41 -40 -40 -40 -41 -43 -42 -43 -42 -42 -38 -38 -38 -39 -39 -39 -39 -39 -39 -39 -39 -40 -40 -40 -40 -40
-60 -63 -62 -58 -55 -57 -58 -55 -57 -58 -54 -53 -50 -51 -49 -53 -49 -45 -43 -48 -43 -41 -41 -44 -43 -45 -46 -43 -44 -45 -46 -46 -45 -40 -40 -43 -45 -43 -43 -45 -43 -41 -45 -45 -46 -43 -42 -41 -41 -42 -40 -40 -41 -41 -41 -42 -41 -40 -41 -41 -43 -44 -44 -44 -43 -43 -42 -40 -41 -41 -40 -42 -43 -43 -43 -43 -42 -41 -38 -38 -38 -39 -39 -39 -39 -39 -39 -39 -39 -40 -40 -40 -40 -40
-64 -64 -62 -59 -60 -56 -57 -58 -54 -60 -57 -57 -56 -53 -46 -45 -45 -50 -49 -51 -48 -45 -43 -41 -40 -42 -44 -42 -41 -44 -45 -44 -42 -39 -49 -44 -39 -40 -46 -45 -44 -39 -47 -48 -46 -45 -43 -44 -44 -44 -41 -41 -41 -42 -41 -41 -43 -41 -40 -40 -41 -42 -42 -43 -43 -41 -41 -41 -43 -41 -41 -41 -43 -43 -44 -42 -42 -42 -38 -38 -39 -39 -39 -39 -39 -39 -39 -39 -39 -40 -40 -40 -40 -40
-62 -62 -62 -61 -58 -57 -59 -58 -58 -59 -57 -55 -54 -54 -51 -50 -53 -48 -55 -50 -51 -46 -50 -45 -42 -40 -40 -40 -40 -40 -42 -40 -39 -39 -45 -44 -50 -49 -46 -46 -45 -39 -48 -48 -46 -44 -47 -42 -42 -42 -42 -41 -41 -44 -42 -42 -41 -41 -41 -42 -43 -43 -42 -43 -42 -44 -42 -40 -41 -42 -42 -42 -43 -44 -44 -43 -43 -41 -38 -38 -39 -39 -39 -39 -39 -39 -39 -39 -39 -39 -39 -40 -40 -39
-59 -60 -61 -60 -61 -55 -59 -55 -59 -57 -56 -55 -55 -46 -46 -51 -53 -52 -50 -56 -52 -46 -51 -47 -46 -42 -43 -44 -42 -45 -44 -42 -40 -46 -47 -45 -42 -43 -48 -47 -47 -40 -45 -45 -45 -44 -43 -41 -41 -44 -42 -43 -42 -44 -43 -44 -44 -45 -46 -44 -43 -45 -44 -44 -42 -44 -43 -42 -41 -41 -41 -41 -42 -44 -43 -42 -42 -40 -38 -38 -39 -39 -39 -39 -39 -39 -39 -39 -39 -39 -39 -39 -39 -39
-53 -59 -61 -60 -62 -56 -59 -58 -51 -57 -56 -53 -49 -49 -52 -48 -51 -55 -54 -54 -51 -51 -47 -44 -45 -46 -43 -47 -46 -46 -45 -40 -41 -47 -48 -46 -45 -46 -45 -47 -45 -40 -44 -46 -46 -45 -45 -44 -45 -44 -44 -45 -43 -42 -43 -44 -45 -47 -47 -48 -49 -45 -45 -44 -45 -43 -42 -42 -42 -41 -41 -41 -42 -43 -43 -42 -42 -39 -38 -38 -38 -39 -39 -39 -39 -39 -39 -39 -39 -39 -39 -39 -39 -39
-54 -54 -61 -59 -61 -57 -61 -56 -56 -52 -55 -52 -46 -51 -54 -51 -47 -48 -52 -55 -55 -50 -47 -48 -48 -45 -49 -50 -47 -44 -48 -42 -45 -44 -51 -48 -50 -50 -46 -46 -45 -44 -47 -47 -48 -46 -44 -47 -48 -48 -46 -45 -43 -45 -44 -46 -47 -47 -47 -48 -46 -48 -45 -46 -46 -42 -42 -43 -42 -41 -41 -42 -42 -42 -41 -40 -40 -39 -38 -38 -39 -39 -39 -39 -39 -39 -39 -39 -39 -39 -39 -39 -39 -39
-60 -52 -59 -58 -59 -61 -61 -54 -56 -52 -50 -47 -52 -48 -53 -53 -49 -48 -49 -49 -50 -49 -52 -49 -49 -47 -48 -48 -45 -45 -48 -40 -46 -47 -47 -51 -49 -49 -45 -46 -41 -46 -48 -49 -47 -44 -48 -48 -49 -47 -47 -46 -46 -46 -47 -47 -48 -48 -48 -49 -48 -45 -45 -44 -43 -43 -44 -46 -44 -43 -43 -43 -44 -44 -42 -42 -40 -38 -38 -38 -39 -39 -39 -39 -39 -39 -39 -39 -39 -39 -38 -38 -38 -38
-60 -57 -52 -56 -54 -61 -59 -58 -57 -49 -47 -51 -49 -51 -47 -49 -50 -48 -47 -51 -51 -50 -51 -49 -49 -50 -50 -50 -45 -47 -40 -40 -44 -49 -50 -50 -44 -43 -43 -43 -40 -41 -48 -49 -46 -43 -47 -49 -48 -46 -48 -45 -47 -48 -48 -49 -49 -49 -46 -45 -47 -46 -46 -45 -45 -45 -45 -48 -47 -45 -43 -43 -44 -44 -43 -42 -42 -38 -38 -38 -39 -39 -39 -39 -39 -38 -38 -38 -38 -38 -38 -38 -38 -38
-58 -55 -55 -50 -53 -58 -55 -57 -48 -47 -52 -50 -52 -50 -51 -49 -52 -50 -48 -51 -52 -50 -48 -51 -51 -49 -49 -48 -47 -42 -45 -46 -47 -47 -51 -49 -45 -41 -43 -43 -40 -45 -47 -47 -43 -46 -49 -49 -47 -48 -49 -46 -45 -49 -48 -47 -47 -47 -46 -46 -47 -48 -49 -46 -45 -48 -49 -49 -48 -47 -44 -44 -42 -43 -43 -43 -40 -38 -38 -38 -38 -39 -39 -39 -39 -38 -38 -38 -38 -38 -38 -38 -38 -37
-52 -51 -55 -56 -51 -58 -57 -47 -49 -52 -54 -53 -52 -49 -53 -52 -53 -51 -50 -52 -52 -51 -49 -46 -46 -46 -47 -46 -45 -40 -45 -47 -50 -50 -49 -44 -47 -43 -47 -45 -41 -45 -49 -46 -47 -48 -48 -49 -47 -50 -48 -45 -48 -50 -47 -44 -47 -47 -46 -48 -50 -50 -46 -46 -46 -48 -48 -48 -48 -47 -46 -44 -43 -42 -41 -41 -38 -38 -38 -38 -38 -39 -39 -39 -38 -38 -38 -38 -38 -38 -38 -38 -38 -37
-54 -54 -52 -48 -49 -50 -49 -49 -49 -54 -55 -54 -50 -52 -49 -52 -52 -51 -50 -53 -52 -49 -51 -49 -45 -44 -49 -48 -45 -40 -43 -45 -50 -50 -46 -47 -48 -44 -48 -41 -43 -44 -48 -44 -47 -48 -50 -49 -50 -47 -47 -49 -50 -49 -49 -49 -48 -47 -50 -49 -48 -47 -47 -46 -46 -47 -48 -47 -48 -47 -45 -42 -41 -42 -41 -40 -38 -38 -38 -38 -38 -38 -38 -38 -38 -38 -38 -38 -38 -38 -38 -38 -38 -37
-56 -53 -48 -50 -51 -48 -49 -51 -54 -51 -53 -56 -55 -53 -52 -50 -49 -50 -51 -52 -48 -45 -44 -45 -42 -42 -41 -43 -40 -39 -44 -43 -43 -47 -49 -48 -45 -43 -46 -41 -47 -47 -47 -44 -49 -46 -51 -50 -48 -50 -46 -49 -48 -49 -48 -48 -47 -49 -49 -49 -48 -49 -50 -49 -48 -44 -44 -45 -44 -41 -41 -40 -40 -39 -39 -39 -39 -38 -38 -38 -38 -38 -38 -38 -38 -38 -38 -38 -38 -38 -38 -38 -38 -37
-55 -51 -55 -52 -52 -51 -58 -56 -60 -54 -52 -53 -56 -57 -53 -51 -52 -49 -51 -50 -50 -50 -47 -45 -43 -47 -43 -44 -40 -45 -44 -44 -46 -50 -47 -45 -44 -44 -45 -42 -46 -48 -48 -44 -50 -48 -49 -50 -50 -48 -46 -49 -50 -49 -48 -48 -49 -49 -49 -48 -49 -50 -49 -48 -46 -44 -43 -42 -42 -41 -42 -40 -41 -40 -40 -40 -39 -38 -38 -38 -38 -38 -38 -38 -38 -38 -38 -38 -38 -38 -38 -38 -37 -37
-52 -48 -56 -55 -58 -58 -55 -62 -58 -59 -55 -56 -59 -56 -53 -52 -51 -52 -49 -50 -48 -47 -47 -43 -47 -46 -46 -44 -41 -47 -44 -47 -47 -48 -46 -48 -44 -48 -45 -46 -45 -49 -49 -47 -49 -50 -47 -51 -52 -48 -50 -48 -49 -50 -49 -48 -48 -49 -49 -49 -49 -49 -49 -47 -47 -44 -45 -45 -43 -43 -41 -41 -40 -40 -40 -40 -39 -38 -38 -38 -38 -38 -38 -38 -38 -38 -38 -38 -38 -38 -38 -38 -37 -37
-49 -51 -56 -55 -59 -56 -57 -57 -59 -58 -55 -54 -52 -52 -55 -53 -54 -51 -49 -50 -47 -45 -46 -46 -46 -44 -42 -42 -44 -48 -48 -47 -48 -49 -45 -46 -48 -50 -45 -45 -47 -49 -47 -46 -50 -52 -54 -52 -49 -50 -49 -48 -51 -48 -46 -46 -48 -48 -48 -48 -48 -48 -48 -48 -48 -47 -47 -45 -43 -42 -41 -40 -40 -39 -39 -39 -39 -38 -38 -38 -38 -38 -38 -38 -38 -38 -38 -38 -38 -38 -38 -38 -37 -37
-51 -52 -53 -54 -58 -57 -61 -61 -62 -55 -53 -50 -51 -53 -54 -52 -50 -51 -49 -48 -46 -48 -45 -46 -40 -40 -44 -44 -43 -46 -48 -46 -49 -47 -44 -46 -47 -50 -50 -45 -45 -48 -49 -47 -47 -50 -52 -54 -55 -52 -50 -49 -51 -48 -46 -45 -45 -44 -46 -46 -45 -47 -47 -47 -47 -46 -46 -44 -42 -42 -41 -40 -40 -39 -39 -39 -39 -38 -38 -38 -38 -38 -38 -38 -38 -38 -38 -38 -38 -38 -38 -38 -37 -38
-53 -54 -53 -56 -55 -56 -58 -57 -58 -53 -50 -51 -52 -52 -54 -52 -53 -53 -48 -48 -46 -44 -45 -43 -43 -45 -44 -44 -47 -49 -50 -50 -50 -48 -47 -48 -48 -51 -55 -49 -43 -45 -48 -46 -50 -50 -53 -54 -52 -52 -53 -52 -52 -48 -46 -45 -47 -46 -43 -44 -43 -46 -47 -47 -47 -46 -46 -43 -42 -40 -40 -40 -39 -40 -40 -40 -40 -38 -38 -38 -38 -38 -38 -38 -38 -38 -38 -38 -38 -38 -38 -38 -37 -36
-53 -53 -55 -57 -57 -55 -57 -56 -55 -54 -54 -52 -49 -53 -55 -54 -52 -51 -49 -50 -48 -43 -42 -40 -42 -45 -46 -45 -45 -48 -48 -51 -50 -46 -48 -48 -50 -51 -49 -49 -42 -49 -47 -47 -52 -55 -53 -54 -53 -49 -50 -47 -48 -47 -46 -45 -47 -47 -47 -44 -41 -43 -43 -46 -46 -46 -46 -42 -41 -41 -41 -41 -41 -41 -41 -41 -40 -38 -38 -38 -38 -38 -38 -38 -38 -38 -38 -38 -38 -38 -38 -38 -37 -36
-53 -54 -54 -57 -57 -54 -56 -52 -54 -53 -54 -54 -46 -52 -51 -50 -53 -48 -48 -47 -47 -46 -41 -47 -40 -46 -48 -47 -41 -47 -46 -48 -51 -48 -51 -48 -54 -54 -50 -47 -42 -47 -48 -48 -53 -52 -53 -55 -51 -48 -48 -48 -47 -46 -46 -45 -46 -43 -43 -43 -43 -43 -42 -41 -41 -41 -43 -42 -42 -42 -42 -41 -41 -40 -40 -40 -40 -40 -40 -39 -39 -39 -38 -38 -38 -38 -38 -38 -38 -38 -38 -37 -37 -38
-49 -51 -51 -54 -55 -53 -52 -53 -53 -56 -54 -50 -44 -49 -51 -50 -48 -44 -48 -47 -47 -40 -43 -45 -41 -47 -43 -48 -44 -42 -43 -44 -48 -51 -49 -52 -52 -50 -49 -45 -42 -49 -48 -50 -49 -49 -60 -61 -58 -49 -47 -48 -47 -45 -43 -43 -42 -44 -44 -46 -46 -45 -43 -46 -43 -41 -40 -41 -40 -40 -40 -40 -39 -40 -40 -40 -40 -40 -40 -40 -40 -39 -39 -39 -38 -38 -38 -38 -38 -38 -38 -38 -37 -37
-52 -53 -55 -54 -55 -53 -54 -53 -53 -56 -56 -53 -46 -43 -46 -47 -45 -45 -45 -39 -40 -41 -46 -47 -46 -43 -47 -49 -48 -45 -44 -48 -47 -51 -50 -49 -50 -48 -46 -45 -43 -49 -51 -51 -50 -52 -58 -64 -64 -52 -48 -47 -45 -46 -46 -43 -45 -48 -47 -47 -46 -43 -45 -47 -47 -45 -42 -42 -41 -41 -40 -40 -40 -41 -41 -41 -40 -40 -40 -40 -40 -39 -39 -39 -38 -38 -38 -38 -38 -38 -38 -38 -37 -36
-50 -54 -53 -55 -52 -53 -55 -51 -51 -52 -49 -44 -43 -50 -42 -46 -45 -45 -40 -40 -43 -45 -45 -47 -45 -42 -49 -46 -49 -48 -43 -47 -46 -48 -51 -51 -48 -46 -45 -47 -44 -48 -52 -53 -54 -58 -57 -57 -57 -49 -47 -45 -44 -45 -45 -44 -46 -47 -46 -46 -44 -45 -47 -48 -47 -45 -42 -42 -40 -40 -40 -40 -40 -40 -40 -41 -40 -40 -39 -39 -39 -39 -39 -39 -39 -38 -38 -38 -38 -38 -38 -38 -37 -36
-52 -52 -53 -56 -55 -49 -56 -53 -50 -47 -45 -51 -50 -46 -40 -40 -40 -42 -45 -40 -44 -44 -45 -48 -45 -41 -47 -48 -49 -47 -45 -47 -48 -48 -52 -50 -45 -46 -44 -43 -49 -52 -52 -49 -58 -59 -54 -54 -51 -48 -47 -45 -45 -45 -43 -44 -46 -47 -47 -45 -46 -47 -47 -47 -45 -45 -41 -40 -40 -40 -40 -40 -39 -39 -39 -40 -40 -39 -40 -40 -40 -39 -39 -39 -39 -38 -38 -38 -38 -38 -37 -37 -37 -37
-51 -51 -50 -53 -55 -55 -57 -56 -55 -50 -48 -50 -48 -41 -43 -47 -46 -45 -45 -43 -41 -45 -50 -50 -43 -47 -44 -49 -51 -48 -44 -49 -51 -50 -51 -51 -48 -44 -47 -44 -46 -48 -46 -51 -57 -49 -53 -48 -45 -47 -45 -45 -44 -43 -43 -43 -44 -45 -45 -46 -46 -46 -46 -47 -47 -44 -40 -40 -40 -40 -40 -39 -40 -40 -39 -40 -40 -40 -40 -40 -40 -39 -39 -39 -39 -38 -38 -38 -38 -37 -37 -37 -37 -37
-55 -53 -53 -53 -54 -58 -55 -49 -48 -47 -47 -53 -47 -42 -44 -46 -46 -45 -44 -46 -43 -47 -55 -55 -43 -40 -46 -45 -51 -48 -44 -43 -47 -50 -51 -46 -46 -46 -49 -48 -47 -43 -46 -45 -47 -49 -49 -49 -47 -45 -45 -44 -45 -44 -43 -45 -45 -46 -46 -47 -46 -46 -46 -47 -44 -42 -41 -39 -39 -40 -40 -39 -39 -40 -39 -39 -40 -40 -40 -40 -40 -39 -39 -39 -38 -38 -38 -38 -37 -37 -37 -37 -38 -38
-57 -54 -54 -53 -55 -54 -54 -49 -49 -49 -50 -45 -41 -40 -43 -46 -49 -46 -55 -52 -44 -45 -55 -54 -47 -43 -42 -46 -50 -49 -45 -46 -45 -52 -52 -51 -45 -47 -48 -48 -48 -45 -43 -45 -46 -47 -46 -46 -46 -45 -46 -45 -46 -46 -45 -47 -46 -46 -43 -45 -43 -42 -45 -46 -40 -40 -40 -40 -40 -40 -40 -39 -39 -39 -39 -39 -40 -39 -40 -40 -39 -39 -39 -39 -38 -38 -38 -38 -37 -37 -37 -37 -37 -37
-58 -56 -56 -57 -56 -47 -45 -49 -50 -46 -47 -48 -48 -41 -44 -47 -50 -50 -50 -52 -53 -44 -48 -50 -48 -42 -43 -44 -50 -48 -48 -48 -49 -50 -50 -48 -46 -47 -43 -47 -48 -46 -44 -44 -43 -44 -46 -50 -49 -47 -44 -45 -48 -50 -45 -45 -45 -44 -41 -42 -41 -40 -40 -41 -44 -41 -39 -40 -40 -40 -39 -38 -38 -38 -39 -39 -38 -39 -39 -39 -39 -39 -39 -38 -38 -38 -38 -37 -37 -37 -37 -37 -37 -37
-58 -53 -54 -50 -54 -45 -45 -42 -43 -43 -47 -45 -46 -42 -39 -43 -45 -49 -52 -56 -47 -44 -47 -49 -47 -42 -44 -49 -50 -46 -46 -46 -50 -52 -50 -46 -45 -47 -45 -48 -47 -44 -44 -44 -44 -44 -45 -49 -47 -45 -45 -47 -47 -48 -45 -45 -45 -43 -41 -40 -40 -42 -44 -46 -42 -39 -39 -39 -39 -39 -38 -37 -38 -38 -37 -38 -38 -38 -38 -38 -39 -38 -38 -38 -38 -37 -37 -37 -37 -37 -37 -37 -37 -37
-49 -48 -47 -46 -45 -45 -48 -47 -42 -42 -45 -42 -42 -42 -41 -45 -46 -44 -47 -48 -46 -52 -47 -46 -47 -46 -40 -42 -47 -44 -47 -45 -46 -49 -48 -48 -49 -46 -45 -48 -44 -44 -43 -45 -44 -46 -45 -48 -46 -48 -46 -47 -46 -45 -46 -45 -41 -42 -42 -42 -41 -44 -46 -46 -41 -40 -40 -39 -40 -38 -37 -37 -38 -38 -38 -37 -38 -38 -38 -38 -38 -38 -38 -38 -38 -37 -37 -37 -37 -37 -37 -37 -38 -37
-48 -48 -47 -47 -48 -49 -45 -47 -42 -43 -42 -45 -42 -46 -42 -48 -45 -42 -45 -44 -47 -50 -48 -48 -48 -46 -44 -42 -40 -45 -43 -44 -44 -47 -46 -48 -51 -48 -46 -46 -45 -45 -44 -47 -44 -47 -47 -48 -48 -47 -47 -46 -44 -44 -44 -42 -42 -43 -42 -42 -43 -45 -46 -43 -41 -40 -39 -40 -39 -38 -37 -38 -38 -38 -38 -38 -37 -38 -38 -38 -38 -38 -38 -38 -37 -37 -37 -37 -37 -37 -37 -37 -37 -37
-45 -48 -47 -51 -52 -49 -48 -45 -44 -47 -47 -44 -44 -41 -45 -54 -50 -46 -42 -47 -46 -48 -50 -49 -49 -46 -45 -47 -42 -42 -42 -43 -45 -45 -47 -47 -48 -47 -47 -49 -45 -46 -44 -46 -43 -47 -48 -47 -47 -45 -48 -47 -44 -43 -44 -43 -48 -44 -44 -44 -45 -41 -46 -46 -41 -40 -40 -39 -39 -39 -38 -38 -38 -37 -38 -37 -37 -37 -37 -38 -38 -38 -37 -37 -37 -37 -37 -37 -37 -37 -37 -37 -38 -38
