DE_airtemperature/2010/2010_09_air_temp_min.asc
NCOLS 654
NROWS 866
XLLCORNER 3280414.711633467
YLLCORNER 5237500.62890625
CELLSIZE 1000
NODATA_VALUE -999
[rows 689 to 741 of 866, columns 192 to 287 of 654]
76 78 75 78 76 75 75 78 75 72 71 72 71 70 70 71 70 74 71 72 70 69 71 71 72 72 73 75 76 77 78 81 80 82 81 82 81 83 86 87 88 89 89 90 89 89 90 87 88 88 88 87 87 86 84 83 84 82 81 82 77 79 77 76 77 78 80 79 79 76 72 72 71 72 71 70 70 70 70 72 73 73 72 70 69 69 69 70 69 69 68 69 68 68 69 66
76 77 73 78 78 75 74 74 75 73 70 71 70 69 71 72 73 71 70 71 70 70 71 72 74 72 73 75 76 78 80 80 80 81 81 82 83 84 86 88 89 90 90 90 90 91 89 87 87 87 88 87 86 84 80 82 83 78 79 78 78 77 77 75 75 76 80 80 77 75 74 74 71 71 70 70 70 70 71 71 71 71 71 70 71 70 69 69 71 68 71 71 69 69 70 69
70 71 74 74 76 74 72 72 76 71 70 69 69 70 71 72 69 70 71 70 70 71 72 71 72 72 73 76 77 77 79 80 80 80 82 83 84 84 87 90 90 92 91 92 92 91 90 88 88 86 89 87 85 85 85 80 79 80 75 77 78 77 76 77 76 76 80 79 76 75 73 75 71 73 71 70 70 70 71 71 71 71 71 71 70 71 71 70 70 68 68 68 69 69 69 70
72 71 71 72 77 79 72 70 71 76 74 72 70 71 70 71 70 70 69 70 70 70 70 71 71 71 73 76 76 77 79 80 81 80 81 82 83 85 88 90 92 92 93 93 93 90 89 88 88 88 89 87 87 85 85 79 82 77 74 73 77 75 76 78 80 78 78 79 77 76 73 76 73 71 74 72 70 72 70 73 72 72 74 71 71 71 70 69 69 69 69 69 68 68 68 68
70 70 70 70 69 74 78 69 70 71 69 71 71 72 71 71 70 69 70 70 70 69 69 69 69 71 73 75 76 78 78 80 80 82 83 83 84 85 89 90 92 92 93 94 91 91 90 89 88 88 87 88 87 86 85 84 81 81 77 76 75 75 73 76 79 79 76 78 78 78 75 76 75 73 76 73 73 74 74 74 72 73 74 74 71 72 71 71 71 70 69 69 71 71 71 70
68 69 68 68 70 72 77 71 69 70 70 70 74 71 72 71 69 71 70 70 69 68 69 69 71 70 72 74 76 78 78 80 81 82 83 84 84 85 87 91 92 91 93 95 93 91 91 89 88 87 87 87 87 86 86 85 84 83 82 77 76 74 77 76 76 78 78 79 77 77 75 76 74 74 75 75 75 75 75 73 75 75 72 71 72 72 71 71 72 69 70 72 72 70 69 70
68 68 68 69 71 71 72 73 70 70 70 71 73 72 72 70 69 71 70 68 68 68 69 69 69 71 73 75 76 78 79 80 81 83 83 84 85 87 88 91 91 92 94 94 94 93 90 89 88 88 87 86 86 86 85 84 83 82 81 80 80 79 79 78 78 78 78 77 77 77 77 76 73 70 72 75 74 75 75 72 76 75 74 73 72 73 74 73 71 73 71 69 70 69 69 69
69 70 71 70 70 70 70 76 72 70 69 69 70 71 72 71 70 69 68 68 69 69 69 70 69 71 73 75 76 74 78 79 81 81 82 84 84 84 88 88 90 94 95 96 95 93 90 88 86 86 85 85 85 86 82 82 82 77 75 78 77 78 78 78 78 77 76 74 75 75 76 76 73 73 74 75 75 77 77 77 77 72 73 74 74 75 73 71 71 70 69 68 69 69 69 69
69 70 70 69 69 69 70 76 68 71 69 70 70 70 70 72 70 68 68 69 70 68 68 69 70 71 74 74 76 74 75 78 77 79 80 82 84 86 86 89 91 93 96 97 96 96 92 89 82 81 84 84 85 83 81 78 82 81 75 71 74 74 76 75 76 75 74 72 69 74 76 76 76 73 77 76 73 73 72 73 75 77 76 75 75 72 72 74 71 71 69 69 69 68 66 66
68 69 67 68 67 68 69 69 71 69 69 69 68 67 69 71 70 69 68 69 68 67 68 68 68 69 72 73 75 75 75 76 76 76 77 79 82 86 86 88 92 94 96 98 97 96 92 87 84 81 79 82 83 78 82 76 75 79 75 75 71 71 74 73 71 70 69 70 68 68 68 72 75 76 76 73 70 72 72 74 76 74 73 75 73 74 73 72 71 70 69 68 65 65 60 66
69 67 67 68 68 69 70 75 70 69 68 68 66 67 70 69 70 70 67 69 67 67 68 67 67 68 69 69 72 74 75 76 75 77 77 79 81 84 85 88 92 92 94 91 92 95 93 87 85 81 80 79 82 77 77 77 74 78 75 74 71 68 68 70 68 69 70 68 67 69 69 70 70 69 70 71 73 72 72 74 73 75 74 74 75 72 72 72 72 69 65 68 65 64 66 66
67 69 67 66 67 68 69 74 69 69 68 66 67 65 67 67 69 70 68 68 65 67 67 67 67 68 70 71 71 74 75 76 76 76 77 79 79 80 83 85 90 88 87 89 92 91 92 88 82 82 81 77 77 78 75 76 73 73 77 73 69 68 70 67 68 66 71 69 70 68 71 69 71 69 71 72 71 72 72 73 73 72 73 73 72 71 70 72 72 69 69 67 67 65 60 61
67 67 67 67 69 69 68 68 69 69 68 66 66 67 66 66 67 69 69 67 65 65 65 67 65 65 68 70 70 72 73 74 77 78 78 79 80 83 85 87 85 84 86 90 92 91 89 89 82 82 81 80 76 76 76 73 75 76 73 71 69 70 68 67 66 69 70 71 68 68 69 71 71 71 70 71 71 73 72 72 71 70 70 69 71 69 69 69 71 69 63 65 60 65 59 62
67 67 67 68 68 67 68 74 71 68 67 66 68 68 67 68 69 69 69 66 64 64 64 66 67 68 69 69 72 73 73 75 75 76 76 77 80 82 82 81 82 83 83 85 83 85 84 87 83 80 81 82 78 77 74 73 72 74 70 67 68 70 69 70 68 66 68 70 69 68 68 70 70 72 71 74 74 72 71 69 67 72 74 73 71 68 68 64 67 70 67 65 61 60 62 63
67 67 68 68 69 71 74 74 71 68 67 66 66 64 63 64 65 67 69 66 65 65 65 65 66 68 68 70 70 70 71 74 75 74 76 76 78 78 80 80 81 81 82 81 80 80 81 84 84 83 84 82 81 77 76 74 71 70 71 68 67 69 68 68 68 67 66 69 71 68 68 69 70 72 73 73 72 72 73 72 70 72 74 74 72 71 72 70 68 68 61 67 63 63 63 62
67 66 67 67 68 69 69 71 70 69 69 66 67 65 66 66 67 67 69 68 66 66 65 65 65 67 69 70 71 71 72 72 73 73 75 76 77 78 79 80 81 81 82 80 80 79 79 78 80 80 79 83 82 79 78 77 75 72 69 70 67 69 69 68 68 68 67 68 71 70 69 71 71 71 73 74 74 74 73 73 73 73 74 74 70 73 72 73 69 70 65 69 71 66 64 65
67 66 66 67 69 69 69 70 73 68 68 68 66 65 65 64 65 65 68 67 66 66 65 65 66 67 69 69 71 70 71 73 73 73 73 75 77 77 78 79 80 80 79 80 79 79 79 79 79 78 79 79 81 80 79 78 77 76 70 67 71 70 68 69 70 70 72 72 72 70 72 70 71 72 73 73 73 73 73 72 74 74 73 73 69 74 72 74 73 67 72 67 71 65 65 65
66 66 68 67 68 68 69 71 74 72 69 65 66 65 65 66 64 65 66 68 67 66 66 66 67 68 70 71 71 71 73 73 74 73 74 74 77 77 77 79 79 79 78 79 80 79 79 78 79 79 78 77 76 77 76 75 75 73 73 70 70 71 71 72 70 69 69 69 69 72 73 73 73 73 74 73 74 74 73 73 73 75 74 72 70 74 76 73 76 72 76 74 70 67 66 66
66 66 67 68 67 67 70 68 74 71 66 67 68 65 66 66 65 65 65 67 67 68 67 67 69 68 71 72 73 73 73 74 73 74 75 75 75 75 77 78 78 78 78 77 77 77 78 78 79 80 78 77 78 77 74 72 71 72 72 71 69 69 68 68 67 68 68 68 67 71 70 71 71 72 73 75 75 75 75 76 75 75 74 72 73 74 77 77 78 77 75 70 72 71 69 67
67 67 70 67 72 67 68 73 69 70 69 66 66 67 67 66 67 66 65 65 68 66 68 69 69 70 71 72 73 72 72 74 74 74 75 75 75 75 76 77 77 77 77 77 76 77 78 79 78 78 78 78 76 74 74 72 73 72 70 68 67 68 68 68 68 67 67 67 68 70 69 70 71 71 72 71 74 74 74 75 75 75 75 75 76 77 78 79 74 71 72 73 73 74 71 69
66 67 66 70 67 69 66 73 68 65 68 65 65 66 67 67 67 68 67 68 68 67 68 69 69 70 71 72 73 72 72 71 74 75 75 75 76 75 75 77 77 77 76 76 76 76 77 78 79 77 78 76 75 75 74 74 72 70 69 68 66 65 66 67 67 66 66 67 68 68 69 69 70 71 71 71 73 73 74 73 74 74 76 77 77 77 78 80 78 73 75 75 75 73 72 71
65 65 70 67 65 70 67 74 73 68 65 65 65 65 66 68 67 65 68 66 66 66 67 69 69 70 71 71 72 72 73 72 73 75 74 74 75 76 75 76 78 77 76 77 77 77 77 77 76 75 75 75 75 74 75 73 72 72 68 66 65 64 63 65 66 66 66 66 67 67 69 68 70 70 70 70 72 72 73 73 74 73 75 76 77 77 76 76 78 76 77 78 78 78 73 72
65 65 69 65 66 65 66 73 68 67 66 67 65 66 66 65 65 66 68 66 67 69 68 68 70 68 69 69 71 71 72 73 73 74 76 76 75 75 77 75 75 77 77 77 77 76 76 75 74 75 74 74 74 75 74 72 71 70 68 65 64 62 63 65 65 65 66 67 66 68 68 68 68 70 69 70 70 71 71 72 71 73 74 74 76 77 75 74 75 76 78 78 79 81 74 73
66 67 65 64 65 67 68 73 67 66 67 66 65 65 66 64 66 67 67 67 68 68 69 70 70 69 70 69 70 71 74 74 74 74 74 76 75 75 76 76 75 75 76 77 76 75 75 75 75 74 72 73 74 73 74 71 69 71 68 67 65 64 64 64 63 64 65 67 66 66 69 68 67 68 68 70 70 69 69 71 71 67 70 72 73 77 76 74 74 75 78 78 80 78 77 73
66 65 66 66 65 66 66 69 67 68 69 69 68 65 65 66 65 66 67 69 68 70 70 70 69 70 71 71 70 71 72 74 76 74 75 76 76 76 74 78 75 75 75 76 75 75 75 75 74 74 72 72 73 74 74 72 69 68 67 67 66 66 65 65 65 65 66 68 66 66 66 66 67 67 68 68 69 67 67 69 67 69 66 70 73 74 77 71 74 76 77 78 82 79 75 71
65 65 65 65 65 65 66 67 68 70 69 64 66 65 66 66 68 67 69 68 69 69 71 70 70 70 69 70 71 71 74 74 73 73 74 76 77 76 78 76 76 75 74 77 75 75 75 76 74 73 75 76 75 74 72 70 70 68 67 66 66 66 66 66 67 66 66 66 66 64 66 66 66 64 65 66 65 62 62 63 59 60 63 68 68 67 76 78 72 79 76 81 76 73 72 71
65 65 65 66 67 66 66 68 69 68 70 65 65 65 66 67 69 69 69 70 71 70 70 69 69 69 70 71 70 70 71 73 72 73 74 75 76 75 75 76 74 77 76 76 76 78 76 76 76 74 73 74 75 72 70 69 69 69 68 67 67 67 67 68 67 67 66 67 66 64 63 61 60 60 60 60 55 57 60 62 64 63 66 68 64 70 73 76 77 78 76 70 70 71 70 69
67 66 65 64 65 68 67 67 71 68 66 66 65 66 66 68 69 70 71 71 71 71 68 67 69 69 70 70 69 70 72 72 73 72 72 72 72 73 72 72 73 74 77 77 79 78 75 75 77 76 74 74 78 72 72 71 70 68 67 68 67 68 67 67 67 66 67 67 64 64 59 59 60 58 53 56 56 59 57 57 58 65 64 68 59 61 70 74 74 75 69 68 69 68 68 67
67 67 66 65 67 67 67 68 68 64 64 68 65 65 67 68 69 70 71 69 70 70 68 69 68 69 68 69 69 70 71 71 73 74 74 72 72 71 73 72 74 75 77 75 75 75 77 78 78 77 74 73 74 74 73 72 69 65 65 65 69 69 69 68 66 66 67 66 66 64 60 50 54 56 57 55 54 59 56 61 56 66 66 67 67 61 70 71 67 72 67 66 68 67 67 67
69 68 68 67 66 69 69 72 69 62 64 65 65 66 67 69 70 72 72 70 68 67 68 69 70 69 68 67 68 70 72 71 71 71 74 74 74 75 75 75 75 76 74 75 76 77 79 77 77 75 75 73 74 74 73 71 72 69 66 66 68 67 64 67 66 66 65 66 65 61 59 51 53 55 59 54 53 57 58 62 62 64 60 65 61 69 70 63 63 71 67 66 66 65 65 65
70 68 68 68 67 64 65 70 65 62 63 65 67 66 67 70 72 73 73 72 68 68 68 69 69 71 69 68 68 70 72 72 71 72 71 71 71 71 71 73 74 74 74 75 77 78 77 76 77 77 74 74 74 75 73 69 70 69 68 67 68 64 58 66 65 64 61 64 63 61 57 52 54 57 58 61 56 57 62 61 61 57 54 56 63 60 67 60 61 62 65 67 65 65 65 64
65 66 65 70 67 66 64 70 66 63 64 65 65 66 68 70 72 73 73 73 73 71 70 69 70 70 72 73 73 69 73 72 73 71 72 71 71 73 74 74 74 75 75 75 79 79 76 76 76 77 75 74 74 74 73 70 68 69 67 67 68 64 55 64 53 52 59 61 64 61 61 51 53 52 52 57 60 58 61 59 60 53 52 53 54 55 57 59 61 63 65 65 65 65 64 64
65 65 64 65 70 64 68 66 63 62 63 65 65 67 68 70 71 73 74 74 74 73 72 72 73 69 69 69 68 71 72 73 74 72 73 71 72 73 76 74 75 74 76 76 79 75 79 78 76 75 75 75 74 74 72 71 70 67 65 66 65 66 63 58 59 51 56 50 54 63 56 52 51 55 53 59 57 60 52 55 52 51 51 52 52 54 55 58 59 61 62 64 66 65 63 64
65 64 63 64 69 68 67 67 64 63 64 65 66 68 69 70 71 73 74 74 75 73 73 74 73 72 70 70 71 71 70 73 74 73 74 72 72 74 74 76 76 74 76 78 79 77 77 78 77 76 74 74 73 73 71 71 69 67 66 56 61 67 65 55 52 51 51 56 62 58 51 55 52 52 52 52 51 58 54 49 50 50 49 49 50 52 54 55 56 58 61 62 62 65 63 63
67 68 64 65 64 68 65 70 63 64 64 66 67 68 69 71 71 72 73 74 74 74 74 73 75 74 72 72 73 72 75 75 76 73 73 73 73 74 75 77 76 77 78 79 79 78 79 80 78 76 73 73 71 71 70 69 60 58 57 56 60 66 64 54 51 50 51 48 52 51 50 53 50 48 48 51 54 49 50 48 47 48 47 47 47 49 51 53 53 56 59 60 61 64 63 63
67 69 69 65 64 64 71 71 67 65 65 67 69 69 70 71 71 72 72 73 73 73 73 73 74 74 70 71 70 70 72 71 73 73 72 73 75 74 77 76 78 78 78 80 78 78 78 79 78 76 73 72 66 69 70 70 70 57 57 56 56 63 66 55 52 51 50 51 52 52 51 49 50 49 48 51 47 48 49 46 47 46 46 44 46 47 49 51 52 54 56 61 61 64 63 65
69 67 70 67 69 69 67 70 65 65 66 68 68 70 71 71 71 72 72 73 73 75 74 74 75 74 71 73 72 72 72 71 74 74 74 75 77 75 78 76 76 78 77 78 78 77 76 79 78 76 73 75 72 70 65 67 67 62 58 57 56 56 58 65 54 52 51 49 49 48 50 49 47 48 48 49 48 48 48 46 45 45 44 44 45 46 47 49 50 53 57 59 62 61 61 65
68 68 69 64 65 65 69 67 67 66 68 69 69 70 71 71 71 72 72 72 72 73 74 75 75 75 71 73 71 72 72 73 76 77 77 77 76 77 76 75 76 77 77 78 79 78 78 79 79 78 77 76 75 74 70 68 58 58 58 58 57 56 56 55 63 62 52 51 50 48 49 48 47 48 47 49 49 49 48 47 45 45 43 43 44 43 46 47 48 53 55 58 58 60 62 63
67 68 65 65 65 66 67 67 66 68 68 68 69 70 70 71 71 72 71 72 73 74 71 74 75 75 75 75 76 76 76 77 75 77 77 74 74 74 77 75 75 76 76 77 78 76 76 77 74 76 76 73 69 73 73 67 61 58 62 59 60 58 56 59 55 52 55 50 49 50 46 48 50 47 47 48 47 48 46 45 44 43 43 41 41 43 45 48 49 53 53 57 58 60 61 63
66 66 66 66 67 70 67 67 67 67 67 68 69 69 70 71 71 71 71 72 73 74 73 73 75 75 75 73 72 72 76 77 77 77 76 74 74 74 77 77 76 76 76 76 76 76 75 74 74 73 73 64 60 71 73 66 60 61 60 64 65 59 57 55 53 51 50 49 51 51 49 49 49 49 49 49 47 47 47 45 45 45 43 42 42 44 46 48 48 52 54 58 59 60 62 63
67 67 65 66 66 66 67 66 67 68 69 69 69 70 70 70 71 71 73 73 72 74 74 74 75 75 75 75 74 76 77 77 74 75 75 74 75 76 75 78 77 77 76 77 75 74 71 71 73 70 73 60 62 59 67 72 61 61 65 64 62 58 57 56 53 52 52 51 50 50 48 49 49 51 50 50 49 47 48 47 45 45 44 43 43 44 48 48 49 53 54 57 59 61 63 63
65 66 68 66 68 67 67 68 69 69 70 70 70 70 71 71 71 73 73 73 73 73 74 75 76 76 77 76 77 77 77 74 76 73 73 74 75 75 76 76 77 77 77 77 73 65 72 70 66 62 65 60 58 66 70 62 70 70 63 61 57 57 57 54 56 55 51 49 52 52 51 51 49 50 49 49 49 48 49 48 47 46 44 45 46 48 50 49 52 54 57 58 59 61 63 63
68 68 70 68 67 67 68 69 70 70 70 70 70 71 72 70 71 70 72 73 74 74 74 76 77 77 77 77 76 76 75 72 75 73 73 74 75 74 75 76 75 75 75 75 75 72 73 67 64 61 61 60 60 59 69 66 59 69 60 63 57 57 56 56 55 56 54 51 53 51 50 50 49 48 49 51 51 49 49 50 50 48 48 49 49 49 51 54 55 57 59 60 62 62 62 64
69 68 68 69 69 70 70 71 72 72 71 70 70 71 70 71 71 71 71 72 74 74 76 76 77 76 76 76 73 74 74 72 75 74 74 74 74 74 73 74 74 74 75 73 75 74 73 68 63 60 62 61 60 59 59 58 59 69 58 57 56 57 57 57 56 57 53 53 53 51 52 52 51 51 51 50 49 52 50 50 51 51 50 50 50 51 54 56 57 58 59 61 63 63 63 64
69 67 69 70 71 72 71 73 71 71 71 71 70 70 70 72 74 71 71 72 75 75 74 75 75 74 71 75 73 71 71 75 74 74 74 73 73 72 72 72 74 73 71 72 72 70 70 71 69 62 62 62 61 58 59 57 59 58 66 59 59 58 60 58 56 55 54 53 52 52 51 51 51 50 50 53 50 51 51 52 50 50 50 51 51 54 55 56 59 59 61 63 63 63 65 64
67 68 70 70 71 71 70 72 70 70 72 71 71 71 70 70 70 75 75 75 72 72 72 73 73 70 72 75 70 71 72 74 74 74 73 72 70 68 67 71 70 70 70 71 71 67 68 65 60 59 60 62 60 59 58 59 59 58 60 62 57 58 62 58 55 55 52 55 54 52 50 51 50 50 51 52 53 52 52 52 51 51 52 54 55 55 56 59 61 61 62 62 63 65 65 65
67 68 69 71 71 71 73 75 74 76 74 74 70 74 70 72 74 75 71 71 75 71 71 72 67 69 72 72 74 72 73 74 74 74 74 73 71 70 70 70 71 70 70 70 69 71 64 61 66 62 61 62 61 58 59 60 60 59 58 60 65 59 58 53 54 54 54 52 53 52 52 51 51 51 51 51 52 51 53 52 52 52 54 55 56 56 57 58 59 61 62 65 64 65 65 64
67 72 68 74 74 71 71 71 71 70 71 70 73 72 72 75 70 71 70 71 72 72 72 69 68 69 69 71 70 71 72 74 72 73 72 72 68 69 68 66 67 67 67 68 60 67 70 69 59 61 59 59 60 61 61 58 58 56 57 55 59 62 57 57 54 54 52 52 54 53 53 51 51 50 51 51 51 53 52 52 53 54 54 55 57 56 57 59 60 61 62 62 64 64 69 65
66 68 75 72 70 70 71 70 71 70 75 70 69 69 69 69 70 70 71 71 71 73 72 72 72 69 68 68 69 71 72 73 72 72 72 70 69 68 69 66 64 63 59 63 63 60 70 63 61 60 59 58 59 62 61 61 56 55 53 55 57 57 57 55 55 55 53 52 54 52 53 51 53 53 52 53 52 53 52 53 54 54 55 56 56 57 58 60 60 61 62 63 63 68 67 66
75 74 69 71 69 69 70 70 70 70 71 69 68 70 71 70 70 73 71 72 72 72 71 67 69 70 70 69 69 71 72 71 72 71 72 67 64 60 62 61 64 62 62 58 62 66 69 61 61 58 61 58 59 62 60 61 58 56 55 57 58 58 57 56 56 56 55 54 55 52 53 51 53 52 51 52 52 52 53 56 56 56 56 58 60 58 60 60 60 62 62 65 65 68 71 72
76 69 68 69 69 70 69 70 70 71 74 68 68 69 70 70 71 73 72 72 72 72 69 68 67 67 67 69 69 69 71 71 70 68 69 68 66 62 61 59 58 58 58 58 58 59 68 61 61 60 59 59 61 60 61 61 58 59 59 57 58 59 58 58 58 57 55 54 54 54 53 53 54 52 53 54 54 54 55 56 57 55 55 56 58 64 67 61 62 68 69 71 69 68 69 74
69 70 70 69 69 69 69 69 69 70 74 72 69 69 70 70 71 71 72 72 70 69 70 68 69 67 67 68 68 70 71 71 70 69 67 63 59 61 60 57 57 59 57 59 58 59 58 64 62 60 60 62 62 61 61 61 61 60 59 60 59 58 56 56 56 54 53 54 54 54 55 54 54 54 53 53 53 54 55 55 55 56 59 61 65 66 68 65 69 66 66 67 69 66 69 71
70 75 74 70 71 70 69 69 70 71 69 74 69 70 70 70 71 71 72 69 67 68 68 67 66 68 67 67 69 68 69 69 66 66 68 65 63 54 56 56 57 59 60 59 59 57 60 60 62 62 60 59 60 60 59 57 60 60 59 61 58 55 57 56 56 54 54 55 54 55 58 56 54 54 55 54 55 55 55 55 57 56 58 61 66 59 63 65 66 63 64 67 67 68 70 73
