DE_airtemperature/2010/2010_03_air_temp_min.asc
NCOLS 654
NROWS 866
XLLCORNER 3280414.711633467
YLLCORNER 5237500.62890625
CELLSIZE 1000
NODATA_VALUE -999
[rows 440 to 494 of 866, columns 288 to 383 of 654]
-8 -10 -11 -14 -13 -8 -6 -6 -8 -12 -11 -12 -11 -10 -9 -8 -1 -6 -8 -6 2 0 1 -1 2 -2 -1 -3 -9 -10 -10 -9 -7 -7 -6 -6 -4 -3 -3 -3 -3 -2 -2 -3 -3 -1 -2 -2 -1 -1 0 0 0 -1 -1 -1 -2 -2 -2 -2 -2 -2 0 0 0 0 1 2 2 2 2 1 2 2 2 2 2 2 2 1 1 1 1 1 1 0 -1 -1 -1 -1 0 0 0 0 1 0
-5 -8 -16 -12 -13 -13 -11 -10 -7 -7 -8 -8 -8 -5 -9 -6 -1 -9 -5 -3 -4 1 -1 4 3 3 -3 -5 -6 -7 -8 -9 -9 -9 -8 -7 -6 -5 -4 -3 -4 -3 -3 -2 -3 -3 -4 -3 -1 -1 -2 0 -1 0 -1 -1 -1 -1 0 -1 -1 0 -1 0 0 0 2 3 3 3 3 2 1 2 3 2 2 2 2 2 1 1 1 1 0 0 -1 -1 -1 -1 0 0 0 2 1 1
-6 -8 -8 -11 -13 -11 -13 -12 -11 -8 -4 -6 -3 -5 -6 -8 -2 -7 -7 -6 -4 -1 4 5 5 4 3 -4 -2 -3 -8 -9 -11 -10 -9 -7 -6 -5 -5 -4 -4 -3 -2 -3 -3 -3 -2 -2 -1 -1 -1 0 -2 0 -2 -2 -2 -1 0 0 -1 -1 -1 0 0 1 1 3 2 3 3 3 3 3 3 3 3 3 3 2 2 2 2 1 1 0 0 0 -1 0 0 1 2 3 2 3
-7 -5 -11 -10 -13 -10 -12 -11 -12 -10 -8 -6 -2 -5 -5 -5 -5 -6 -5 -3 5 0 -1 3 3 4 3 2 -4 -5 -1 -7 -8 -8 -8 -8 -6 -6 -5 -5 -4 -4 -5 -4 -3 -4 -4 -3 -2 -2 -2 -2 -2 -5 -7 -8 -3 -1 -1 0 0 -1 -1 0 0 0 1 2 3 3 3 3 4 4 3 4 4 1 2 3 3 3 2 2 1 0 0 -1 0 0 0 2 2 3 4 4
-9 -6 -10 -9 -12 -9 -8 -11 -12 -12 -10 -8 -4 -3 1 0 -3 -1 -4 5 5 -2 2 1 2 2 4 3 3 2 -1 -8 -9 -8 -8 -8 -7 -5 -4 -4 -4 -5 -6 -6 -5 -4 -3 -4 -3 -4 -4 -3 -3 -6 -8 -9 -9 -3 -2 -1 -1 0 -1 0 0 1 2 3 3 3 4 4 4 4 4 4 3 2 2 3 3 3 3 2 1 -1 -1 -2 -2 -2 0 2 3 3 5 6
-8 -9 -6 -10 -7 -12 -11 -12 -12 -9 -8 -8 -8 -6 -4 2 3 3 5 1 -2 -3 -1 -1 -1 -1 3 4 3 -1 -5 -3 -4 -6 -8 -6 -5 -5 -3 -2 -2 -2 -5 -5 -6 -5 -5 -3 -4 -5 -4 -2 -4 -6 -8 -8 -9 -9 -3 -3 -2 -1 -1 0 0 0 2 3 3 4 4 4 4 3 4 4 3 2 2 2 2 3 4 2 1 -1 -3 -4 -4 -3 -1 1 3 4 5 6
-9 -9 -6 -6 -9 -13 -12 -8 -9 -4 -10 -8 -7 -5 -6 -4 2 5 4 4 3 -1 -2 1 -1 0 0 2 2 1 -1 -4 -6 -2 -3 -5 -6 -4 -1 -2 -2 -1 -2 -4 -5 -5 -5 -6 -4 -3 -2 -2 -3 -3 -5 -6 -8 -9 -9 -7 -4 -3 -3 -3 0 1 2 3 4 5 5 5 5 3 5 4 3 1 1 3 4 4 3 3 2 1 -3 -5 -5 -5 -2 -1 1 3 4 6
-10 -7 -7 -8 -8 -15 -6 -6 -2 -6 -7 -5 -6 -5 -3 -1 2 3 3 5 1 -1 0 0 1 2 3 4 3 2 -2 -3 -2 -1 0 -1 -1 -1 -1 -2 -1 -1 -1 -1 -3 -5 -5 -4 -2 -3 -4 -3 -3 -3 -3 -3 -5 -5 -6 -7 -7 -7 -7 -6 -3 -1 0 3 5 5 6 6 5 5 5 5 4 3 3 4 4 4 3 3 3 3 2 1 -4 -8 -8 -5 -2 0 3 5
-9 -8 -6 -7 -9 -9 -4 -2 -3 -1 -1 -3 -4 -7 -7 -2 1 3 4 3 5 2 4 4 2 2 2 4 5 6 4 1 -1 -2 0 0 0 1 0 -1 -2 -2 -2 0 0 0 -2 -3 -2 -2 -2 -2 -3 -2 -2 -3 -3 -4 -5 -5 -6 -5 -5 -4 -3 -2 -1 2 2 4 5 5 6 6 5 4 4 4 4 4 4 4 4 4 4 3 1 2 0 -4 -6 -4 -1 1 3 6
-7 -9 -8 -10 -12 -6 -6 -4 -3 -2 0 -1 0 -4 -5 -9 -5 1 0 2 4 4 3 5 3 2 3 4 4 5 5 4 1 0 -1 0 1 2 1 0 -2 -2 -2 -1 0 0 0 -1 -1 -1 -1 -2 -2 -2 -3 -3 -2 -3 -4 -4 -6 -5 -3 -2 -2 -1 -1 -1 0 3 5 5 6 6 5 4 4 3 4 4 4 4 4 4 4 3 3 2 0 1 0 1 3 4 6 9
-12 -9 -10 -10 -9 -6 -7 -5 -1 1 2 2 2 1 1 1 3 4 5 -1 2 2 1 5 5 4 3 3 4 5 5 5 2 1 0 0 0 1 1 1 1 -1 0 0 0 0 0 0 -1 -1 -1 -1 -2 -3 -3 -3 -2 -3 -4 -4 -4 -5 -3 -3 -1 -1 0 -1 0 2 5 5 5 5 5 5 5 3 3 4 3 2 3 2 2 2 1 1 0 1 0 3 5 6 7 7
-10 -10 -9 -6 -5 -4 -7 -3 0 -1 2 0 1 2 2 3 3 2 3 2 1 0 4 6 5 5 4 5 7 7 7 5 3 1 0 0 1 0 2 2 2 1 1 0 0 0 -2 0 0 0 -2 -2 -2 -2 -4 -3 -2 -3 -3 -3 -4 -4 -3 -2 -1 -1 0 1 1 1 3 3 5 5 5 5 5 4 2 3 2 2 1 1 1 1 1 0 1 1 1 2 4 6 7 6
-6 -9 -8 -8 -9 -4 -5 -2 0 -1 -4 -3 1 -2 -2 -1 -2 -2 -5 4 6 3 3 7 6 5 4 5 7 7 6 6 5 3 1 0 3 4 3 0 1 1 0 0 0 -2 -3 -2 0 0 -1 -2 -2 -3 -3 -3 -2 -2 -2 -3 -3 -3 -2 -1 -1 -1 0 1 1 1 0 3 4 5 5 5 5 4 2 3 2 1 1 1 0 0 0 -1 0 -1 0 1 4 4 6 6
-6 -4 -3 -9 -7 -4 -1 1 -3 -5 -3 0 0 -2 -2 -3 -1 -1 -2 1 3 4 6 6 7 7 6 7 5 6 5 6 6 5 5 4 1 1 -1 -3 -2 -1 0 -1 -1 -3 -5 -4 -1 -2 0 -2 -2 -2 -2 -3 -3 -3 -2 -2 -3 -2 -2 -1 -1 -1 0 1 1 1 1 1 3 4 4 4 4 4 1 1 1 0 0 0 -1 -1 -1 -2 -2 -2 -1 1 3 3 3 5
-7 -7 -5 -4 -7 -4 -2 0 1 -1 -3 0 -1 -2 -3 -3 -6 -3 -5 -2 4 1 4 1 5 4 7 4 4 2 1 0 1 3 3 3 1 0 -2 -4 -4 -4 -2 -2 -2 -4 -6 -7 -5 -4 -1 -2 -2 -2 -2 -2 -2 -4 -3 -3 -2 -2 -2 0 0 0 0 0 0 0 1 2 3 4 1 2 2 2 1 1 0 -1 -1 -2 -2 -3 -4 -4 -4 -3 -2 -1 0 0 1 2
-5 -4 -3 -4 -2 -2 0 1 1 -1 -4 -2 0 -5 1 -3 -3 -4 -4 -2 0 -2 0 1 1 2 1 5 5 5 3 2 -1 -2 -5 0 2 1 -2 -3 -3 -2 -2 -3 -3 -3 -6 -6 -6 -3 -2 -2 -2 -2 -2 -2 -1 -2 -2 -2 -2 -2 -2 -1 0 -1 -1 -1 -1 0 1 1 3 0 -1 -2 -3 -1 0 0 -2 0 -2 -3 -3 -4 -5 -5 -5 -5 -3 -3 -3 -1 -1 -1
-5 -4 -2 -2 -2 -1 1 1 1 -3 -4 -4 -4 -1 1 -2 -1 -7 -5 -4 -4 -2 -2 1 -3 -4 2 -1 4 5 3 4 3 2 2 0 3 2 0 -1 -1 0 -1 -1 -1 -2 -3 -5 -5 -3 -3 -3 -2 -1 -1 -1 -1 -1 -1 -2 -2 -2 -2 -2 -1 -1 -1 -1 -1 -1 1 3 0 0 -2 -3 -2 -2 -4 -2 -2 -3 -3 -4 -5 -4 -6 -6 -5 -4 -3 -2 -2 -3 -2 -1
-3 -2 -1 -1 -1 -1 1 1 0 -2 -1 -1 -2 -3 -3 -1 -2 -1 -2 -2 0 -2 -3 -3 -6 -2 -2 1 2 4 1 2 2 3 2 1 2 3 3 2 1 1 1 -1 -2 -3 -3 -4 -4 -2 -2 -2 -3 -3 -2 -1 -1 -1 -1 -1 -1 -2 -2 -1 -1 -1 -1 -1 0 0 1 3 -1 -2 -2 -3 -4 -4 -6 -4 -6 -6 -6 -6 2 -8 -8 -8 -8 -6 -4 -3 -1 -3 -2 -1
-1 -1 0 0 0 1 -1 -1 -2 -1 -1 -1 -1 -3 -5 -6 -2 -3 -1 -1 -1 -2 -3 -2 -6 -2 0 -2 -1 2 -1 -1 2 -1 -2 3 -1 1 2 2 2 1 1 0 0 -1 -1 -2 -3 -2 -2 -2 -2 -3 -3 -5 -5 -5 -1 -1 -1 -1 -1 -2 -2 -1 0 1 1 1 1 3 1 -1 -2 -2 -4 -5 -6 -7 -7 -6 -7 -7 -8 -8 -8 -7 -8 -6 -6 -6 -5 -1 -1 2
-1 -1 -1 1 1 0 -4 -1 0 -2 -1 -2 -1 0 -3 -4 -3 -5 -4 -6 -5 -3 -1 -3 -4 -5 -3 -5 -1 -2 0 -4 -3 -1 -2 1 -1 -1 0 1 1 1 0 0 0 0 -3 -2 -1 -1 -3 -3 -3 -3 -4 -4 -3 -4 -1 -1 -1 -1 -2 -2 -2 -1 0 1 0 1 2 1 0 -2 -3 -4 -5 -7 -7 -8 -8 -7 -6 -6 -9 -9 -9 -8 -8 -6 -3 -5 -1 -1 0 -3
-3 -3 -1 1 0 -1 -4 -2 -1 -2 -3 -2 -3 -3 -1 -1 -2 -3 -5 -7 -5 -3 -5 -3 -4 -2 -7 -8 -4 -1 -3 -1 -4 -4 -4 -2 -2 -3 0 1 1 1 0 0 0 0 -2 -3 -2 -2 -3 -4 -3 -3 -4 -3 -2 -2 -1 -1 -1 -1 -1 -1 0 0 1 -1 0 1 0 -1 -2 -2 -2 -2 -4 -5 -8 -9 -9 -8 -8 -7 -7 -9 -8 -10 -6 -4 -2 -1 -1 -7 -8 -8
-6 -5 -2 0 -3 -2 -6 -4 -1 -3 -6 -2 -5 -1 -2 -1 0 -1 -4 -10 -5 -5 -6 -3 -6 -13 -15 -13 -6 -6 -3 -12 -4 -3 0 1 -2 -2 -1 -1 1 1 1 0 0 0 0 -3 -3 -3 -3 -4 -3 -3 -3 -2 -2 -2 -1 -1 -1 0 0 0 0 0 -1 0 0 1 -1 -1 -1 -1 -2 -3 -4 -5 -6 -8 -10 -11 -10 -8 -7 -5 -5 -6 -5 -3 -4 -4 -1 -2 -4 -10
-8 -3 0 0 -4 -4 -3 -4 -4 -5 -7 -6 -5 -5 -5 -3 0 -1 -3 -5 -7 -7 -6 -5 -6 -13 -14 -7 -19 -15 -12 -6 -10 -4 0 -1 -3 -2 -3 -1 -1 1 -1 -1 -1 0 -1 -2 -3 -2 -3 -3 -3 -3 -3 -2 -3 -2 -2 -4 -2 -1 0 0 0 -1 -1 0 0 1 1 1 -2 -2 -2 -3 -4 -3 -5 -7 -9 -12 -6 -5 -5 -5 -4 -4 -5 -6 -6 -2 -5 -5 -5 -4
-1 1 0 -1 1 -2 -5 -6 -8 -5 -10 -10 -9 -6 -5 -3 -3 -2 -4 -6 -5 -5 -6 -6 -11 -15 -16 -11 -13 -12 -15 -12 -7 -5 -2 -3 -5 -4 -3 -6 -3 -3 -2 -2 -2 -1 -2 -2 -2 -3 -4 -4 -4 -3 -4 -3 -3 -2 -2 -2 -2 0 0 0 0 0 0 0 1 1 0 -1 0 -1 -1 -2 -3 -3 -5 -6 -7 -9 -6 -4 -5 -5 -6 -7 -5 -3 -3 -4 -5 -8 -8 -7
0 1 -2 -1 -5 -4 -5 -7 -7 -4 -6 -6 -4 -6 -5 -3 -3 -2 -3 -5 -5 -5 -9 -8 -14 -12 -18 -16 -18 -17 -16 -14 -12 -4 -9 -8 -7 -4 -3 -7 -8 -4 -4 -2 -1 -2 -2 -3 -2 -3 -4 -4 -4 -2 -7 -8 -4 -3 -2 -2 -1 0 0 0 0 -1 -1 0 0 1 0 -1 -1 -1 -3 -3 -3 -3 -4 -5 -8 -8 -9 -11 -8 -7 -4 -7 -7 -6 -6 -4 -4 -5 -8 -6
0 2 -4 -6 -9 -6 -6 -5 -3 -4 -5 -2 -3 -5 -4 -5 -4 -4 -3 -4 -5 -7 -7 -10 -17 -14 -18 -18 -16 -15 -17 -13 -12 -13 -9 -15 -10 -7 -8 -6 -4 -7 -6 -4 -3 -2 -2 -4 -2 -4 -4 -4 -4 -4 -7 -10 -7 -5 -4 -3 -2 -3 -1 -4 -1 0 -2 0 0 0 -1 -1 -2 -3 -4 -3 -4 -4 -5 -5 -6 -8 -9 -8 -7 -8 -4 -4 -3 -5 -6 -6 -6 -6 -6 -5
-2 2 -6 -9 -6 -3 -7 -6 -4 -5 -6 -4 -2 -5 -4 -4 -6 -5 -3 -4 -6 -5 -6 -6 -12 -13 -18 -16 -18 -20 -21 -10 -15 -11 -17 -14 -17 -7 -14 -14 -8 -6 -4 -5 -5 -5 -2 -3 -3 -5 -4 -3 -3 -3 -7 -9 -9 -8 -8 -6 -5 -4 -4 -3 -1 -1 -1 -1 -2 -1 -1 -2 -3 -3 -3 -4 -5 -5 -5 -6 -7 -8 -11 -11 -9 -6 -6 -8 -6 -8 -6 -5 -4 -5 -7 -7
-1 -3 -5 -7 -2 -1 -5 -4 -1 -3 -4 -1 -2 -5 -3 -8 -5 -4 -4 -3 -3 -5 -5 -4 -9 -7 -18 -12 -15 -16 -19 -17 -16 -16 -26 -19 -12 -14 -16 -18 -15 -12 -12 -9 -5 -4 -4 -5 -3 -3 -4 -4 -4 -4 -6 -8 -9 -8 -8 -9 -9 -8 -6 -4 -5 -2 -2 -2 -2 -1 -2 -2 -3 -4 -3 -3 -5 -6 -6 -8 -7 -8 -9 -7 -5 -6 -9 -8 -8 -9 -8 -6 -9 -7 -8 -10
1 -3 -3 -4 0 0 -2 -6 0 -2 -1 -2 -2 -1 -4 -7 -5 -4 -6 -4 -3 -3 -3 -5 -6 -5 -6 -9 -14 -15 -17 -18 -18 -20 -19 -16 -20 -13 -18 -19 -10 -12 -8 -4 -5 -4 -9 -6 -5 -3 -5 -4 -5 -4 -6 -5 -8 -9 -8 -9 -8 -7 -6 -5 -6 -8 -6 -3 -2 -2 -2 -2 -3 -4 -4 -5 -5 -6 -7 -7 -7 -8 -8 -6 -4 -9 -12 -11 -10 -10 -11 -8 -8 -11 -10 -7
-1 1 1 -3 1 1 -1 0 0 0 -1 -2 0 0 -2 -4 -3 -7 -4 -7 -3 -2 -2 -5 -4 -5 -6 -7 -13 -19 -19 -14 -15 -15 -16 -18 -15 -17 -17 -18 -14 -14 -9 -9 -9 -10 -7 -6 -4 -7 -5 -6 -5 -5 -7 -7 -9 -9 -11 -11 -10 -11 -9 -7 -5 -6 -8 -3 -3 -4 -3 -3 -3 -3 -5 -6 -6 -7 -8 -7 -7 -6 -7 -8 -7 -8 -10 -11 -11 -12 -12 -12 -11 -10 -12 -11
-1 1 -2 1 -1 -4 -5 -2 -6 -6 0 0 -1 -1 0 0 -4 -5 -4 -4 -6 -2 -1 -1 -4 -5 -7 -6 -9 -10 -21 -13 -13 -12 -14 -19 -23 -17 -15 -19 -15 -13 -11 -8 -8 -8 -6 -8 -7 -9 -8 -6 -5 -5 -8 -8 -8 -9 -10 -11 -11 -9 -10 -9 -5 -6 -6 -9 -4 -4 -5 -6 -4 -4 -6 -7 -9 -9 -10 -10 -9 -8 -6 -7 -6 -8 -10 -11 -11 -10 -10 -11 -10 -11 -12 -12
0 0 -2 -1 -4 -5 -6 -2 -6 -6 -1 -1 -1 -1 -1 -1 -1 -1 -1 -1 -3 -2 -3 -2 -2 -3 -3 -7 -8 -13 -18 -18 -13 -23 -22 -13 -15 -16 -11 -16 -16 -16 -12 -11 -12 -9 -8 -12 -8 -13 -10 -7 -6 -6 -6 -8 -8 -9 -9 -9 -8 -7 -10 -9 -8 -6 -7 -3 -11 -8 -5 -5 -5 -5 -6 -8 -10 -10 -11 -12 -12 -11 -11 -9 -6 -7 -9 -10 -10 -12 -13 -13 -12 -12 -12 -13
-1 -2 -2 -5 -5 -3 -5 -7 -2 -8 -5 -4 -3 -3 -3 -2 -3 -1 -2 -1 -1 -1 -1 -1 -2 -4 -5 -10 -6 -9 -12 -13 -9 -21 -19 -12 -14 -16 -12 -16 -19 -17 -12 -10 -9 -7 -11 -14 -17 -15 -15 -14 -10 -10 -8 -8 -8 -9 -9 -9 -10 -8 -10 -9 -9 -8 -4 -3 -4 -5 -9 -6 -4 -4 -7 -9 -9 -10 -11 -12 -9 -9 -8 -6 -8 -7 -9 -12 -12 -14 -14 -14 -13 -10 -8 -14
-2 -3 -3 -11 -10 -3 -5 -8 -1 -8 -9 -11 -10 -8 -5 -3 -3 -3 -3 -1 -2 -1 -1 -1 -1 -3 -4 -3 -5 -8 -9 -8 -7 -17 -19 -13 -14 -17 -17 -17 -19 -15 -12 -14 -12 -9 -10 -10 -15 -16 -19 -14 -12 -10 -10 -10 -10 -9 -9 -10 -9 -10 -9 -8 -10 -8 -5 -4 -10 -9 -11 -10 -5 -5 -6 -8 -9 -9 -8 -7 -7 -7 -7 -8 -10 -11 -12 -11 -12 -14 -16 -14 -15 -15 -10 -8
-4 -5 -3 -8 -12 -6 -6 -8 -5 -2 -2 -3 -7 -12 -4 -4 -5 -3 -4 -3 -3 -3 -1 -1 -2 -3 -2 -3 -6 -9 -4 -5 -11 -14 -16 -8 -14 -19 -13 -20 -22 -20 -19 -15 -12 -9 -10 -12 -15 -17 -16 -11 -14 -8 -20 -16 -16 -11 -10 -10 -10 -11 -11 -10 -9 -5 -4 -11 -11 -14 -14 -12 -9 -7 -7 -7 -9 -9 -8 -8 -12 -11 -13 -11 -14 -16 -16 -13 -10 -11 -12 -9 -17 -10 -9 -9
-2 -2 -4 -12 -16 -9 -3 -5 -8 -6 0 -1 -9 -10 -6 -6 -4 -5 -3 -5 -4 -5 -4 -1 -1 -1 -3 -4 -4 -9 -3 -8 -11 -14 -12 -8 -11 -10 -18 -24 -23 -21 -23 -18 -14 -13 -13 -11 -18 -21 -22 -19 -18 -15 -18 -19 -14 -12 -11 -11 -11 -10 -9 -8 -6 -3 -5 -8 -13 -10 -9 -11 -12 -7 -7 -10 -9 -8 -12 -13 -15 -16 -12 -10 -14 -12 -10 -10 -10 -9 -11 -8 -10 -8 -8 -10
-3 -3 -4 -9 -13 -8 -5 -9 -9 -8 -5 -2 -3 -4 -9 -5 -4 -7 -6 -7 -6 -5 -4 -1 -1 -2 -2 -4 -5 -2 -6 -9 -9 -12 -11 -10 -6 -16 -15 -20 -18 -19 -20 -20 -13 -16 -12 -17 -17 -21 -15 -10 -10 -15 -13 -20 -21 -14 -12 -10 -8 -9 -9 -8 -5 -4 -8 -10 -15 -9 -9 -8 -8 -7 -9 -10 -8 -9 -10 -14 -14 -13 -12 -13 -11 -10 -10 -10 -11 -8 -9 -7 -7 -6 -6 -10
-3 -4 -6 -8 -8 -7 -5 -8 -8 -10 -5 -7 -2 -3 -7 -9 -6 -13 -11 -12 -6 -7 -3 -3 -1 -1 -1 -3 -2 -7 -7 -8 -12 -14 -14 -9 -7 -9 -16 -11 -17 -27 -21 -20 -20 -19 -16 -17 -18 -22 -19 -17 -16 -18 -19 -19 -19 -13 -11 -11 -6 -10 -10 -8 -7 -6 -11 -13 -10 -9 -7 -8 -8 -10 -11 -8 -10 -12 -10 -12 -11 -11 -12 -12 -13 -14 -14 -11 -10 -12 -13 -13 -9 -11 -6 -4
-2 -1 -3 -4 -6 -6 -6 -7 -10 -11 -9 -7 -4 -3 -7 -7 -12 -8 -12 -14 -13 -5 -6 -5 -1 -2 -2 -3 -4 -6 -6 -8 -13 -9 -12 -6 -8 -8 -10 -20 -18 -23 -28 -23 -22 -23 -19 -24 -17 -22 -17 -14 -18 -13 -20 -19 -19 -14 -10 -7 -11 -12 -11 -6 -5 -6 -11 -14 -12 -9 -8 -9 -11 -9 -8 -9 -11 -11 -12 -12 -15 -13 -13 -13 -13 -15 -16 -13 -13 -14 -13 -15 -13 -12 -12 -4
-1 -3 -3 -2 -6 -5 -7 -8 -11 -21 -10 -8 -4 -2 -4 -5 -5 -10 -13 -17 -13 -13 -7 -7 -4 -2 -2 -2 -2 -4 -10 -11 -14 -8 -11 -6 -9 -13 -11 -14 -17 -22 -28 -27 -27 -27 -23 -22 -21 -23 -23 -21 -21 -16 -19 -17 -12 -17 -8 -6 -11 -8 -7 -10 -8 -6 -14 -12 -10 -9 -9 -10 -11 -10 -9 -10 -16 -12 -14 -17 -14 -15 -14 -16 -16 -16 -15 -14 -15 -16 -14 -12 -13 -8 -11 -7
-3 -6 -5 -8 -9 -7 -6 -12 -13 -10 -8 -6 -3 -5 -3 -4 -8 -11 -13 -13 -10 -8 -6 -6 -7 -5 -6 -2 -3 -4 -8 -13 -11 -10 -9 -8 -10 -12 -12 -10 -16 -16 -22 -28 -28 -26 -27 -25 -25 -21 -25 -23 -15 -22 -18 -17 -18 -19 -9 -13 -10 -10 -10 -11 -9 -11 -10 -9 -10 -9 -9 -10 -10 -9 -10 -11 -12 -12 -12 -12 -13 -12 -11 -15 -15 -16 -10 -14 -16 -15 -15 -12 -9 -8 -8 -8
-1 -3 -4 -7 -9 -10 -11 -9 -10 -6 -5 -4 -6 -6 -5 -8 -6 -13 -11 -8 -10 -10 -8 -9 -8 -4 -5 -2 -3 -7 -7 -6 -7 -7 -6 -7 -7 -13 -13 -11 -17 -23 -21 -24 -16 -18 -26 -25 -27 -27 -24 -21 -20 -23 -22 -19 -21 -16 -11 -14 -12 -9 -9 -9 -8 -9 -10 -11 -12 -9 -9 -10 -11 -10 -10 -11 -16 -13 -12 -12 -13 -14 -14 -10 -10 -11 -11 -10 -16 -16 -10 -11 -8 -7 -5 -3
-3 -3 -4 -8 -14 -18 -14 -15 -9 -7 -4 -3 -5 -5 -8 -11 -9 -9 -5 -5 -6 -5 -8 -7 -7 -9 -6 -2 -3 -3 -6 -6 -7 -11 -11 -6 -7 -12 -13 -18 -16 -18 -20 -13 -13 -12 -17 -24 -28 -29 -27 -23 -26 -24 -24 -21 -21 -11 -13 -13 -11 -9 -11 -11 -9 -13 -10 -11 -10 -10 -11 -13 -12 -10 -9 -11 -14 -14 -14 -12 -9 -14 -13 -15 -13 -11 -9 -9 -11 -12 -16 -16 -17 -12 -11 -5
-6 -6 -6 -10 -15 -19 -17 -19 -12 -7 -7 -3 -5 -6 -4 -5 -5 -7 -5 -4 -6 -8 -7 -9 -6 -8 -4 -2 -4 -8 -5 -6 -9 -11 -13 -7 -6 -7 -16 -16 -14 -16 -11 -18 -17 -20 -18 -29 -29 -29 -23 -28 -28 -24 -20 -23 -14 -11 -17 -11 -19 -14 -14 -12 -10 -13 -14 -14 -12 -11 -13 -12 -12 -11 -10 -11 -13 -13 -12 -12 -14 -11 -10 -10 -12 -12 -11 -7 -8 -8 -9 -13 -13 -9 -8 -5
-5 -4 -5 -11 -14 -11 -16 -18 -14 -11 -6 -3 -9 -6 -6 -6 -9 -6 -5 -6 -9 -7 -5 -4 -5 -5 -2 -2 -7 -10 -8 -11 -8 -12 -9 -10 -7 -7 -9 -12 -12 -10 -10 -12 -19 -22 -20 -23 -23 -23 -25 -28 -24 -26 -21 -21 -19 -17 -16 -20 -18 -22 -19 -19 -18 -13 -11 -12 -12 -12 -14 -11 -11 -9 -11 -13 -12 -12 -13 -14 -16 -14 -12 -13 -9 -10 -11 -13 -14 -10 -7 -9 -6 -6 -4 -4
-2 -4 -7 -10 -7 -11 -16 -14 -16 -16 -7 -4 -10 -6 -6 -7 -9 -7 -6 -5 -7 -9 -7 -6 -9 -9 -3 -1 -6 -6 -9 -10 -10 -12 -9 -11 -7 -8 -6 -7 -13 -9 -11 -14 -18 -20 -22 -19 -21 -27 -19 -17 -20 -25 -24 -23 -15 -13 -17 -21 -22 -23 -15 -13 -13 -12 -12 -11 -11 -11 -12 -12 -13 -10 -11 -12 -13 -13 -14 -14 -15 -12 -14 -12 -12 -14 -14 -17 -18 -18 -19 -9 -6 -8 -9 -5
-2 -5 -14 -18 -14 -10 -15 -9 -15 -11 -5 -4 -11 -10 -7 -13 -11 -12 -9 -4 -5 -7 -7 -9 -6 -7 -3 -2 -6 -6 -8 -12 -12 -13 -13 -12 -9 -10 -10 -9 -11 -7 -11 -14 -14 -16 -22 -23 -19 -23 -15 -24 -27 -26 -25 -22 -21 -23 -17 -15 -21 -19 -15 -19 -18 -19 -13 -12 -11 -11 -11 -12 -11 -11 -12 -13 -13 -13 -12 -10 -12 -10 -10 -10 -13 -15 -16 -17 -20 -11 -11 -14 -14 -9 -10 -7
0 -4 -10 -14 -15 -13 -14 -14 -9 -6 -4 -7 -13 -14 -14 -17 -12 -12 -6 -5 -4 -4 -6 -7 -3 -1 -3 -2 -6 -9 -9 -8 -9 -12 -15 -13 -12 -13 -13 -12 -8 -7 -10 -12 -15 -17 -19 -19 -16 -14 -12 -19 -24 -28 -27 -24 -27 -21 -16 -14 -19 -19 -11 -18 -26 -16 -20 -12 -15 -12 -12 -11 -12 -12 -13 -14 -14 -14 -11 -12 -14 -11 -13 -13 -15 -16 -21 -17 -15 -20 -21 -19 -17 -16 -12 -9
-6 -1 -5 -9 -11 -13 -14 -10 -9 -6 -5 -7 -6 -12 -15 -16 -16 -10 -6 -5 -5 -4 -3 -3 -2 -6 -6 -1 -1 -3 -9 -8 -10 -8 -12 -11 -10 -12 -12 -12 -10 -6 -8 -11 -9 -17 -14 -11 -10 -12 -13 -14 -16 -17 -24 -24 -27 -23 -23 -20 -18 -15 -15 -21 -22 -19 -14 -20 -18 -14 -17 -16 -13 -13 -14 -16 -16 -17 -13 -16 -15 -15 -17 -14 -16 -17 -17 -16 -22 -22 -24 -21 -20 -18 -19 -11
-2 -2 -1 -4 -8 -12 -14 -15 -13 -10 -6 -5 -6 -12 -13 -13 -16 -15 -11 -8 -6 -6 -3 -6 -5 -6 -4 0 -1 -2 -7 -4 -8 -10 -10 -13 -11 -8 -8 -10 -11 -6 -10 -11 -10 -9 -13 -16 -10 -10 -11 -11 -14 -16 -20 -18 -22 -22 -17 -20 -18 -14 -12 -22 -22 -14 -17 -21 -18 -18 -19 -17 -14 -13 -19 -21 -20 -16 -19 -19 -17 -20 -19 -16 -19 -14 -13 -21 -22 -25 -25 -25 -20 -25 -18 -12
-6 -7 -5 -2 -5 -14 -15 -14 -16 -13 -9 -10 -5 -15 -16 -12 -14 -14 -12 -8 -6 -7 -7 -7 -9 -3 0 -4 -1 -3 -3 -7 -7 -12 -10 -9 -9 -9 -9 -10 -7 -6 -12 -9 -8 -15 -17 -21 -18 -11 -13 -9 -10 -11 -12 -13 -22 -21 -25 -25 -16 -16 -18 -18 -16 -19 -23 -20 -20 -22 -20 -19 -16 -14 -22 -25 -21 -22 -20 -21 -23 -21 -20 -13 -13 -11 -13 -20 -24 -26 -24 -21 -19 -20 -18 -18
-11 -18 -10 -2 -6 -15 -17 -15 -14 -14 -13 -13 -7 -10 -15 -13 -14 -16 -13 -9 -5 -3 -4 -4 -6 -2 -2 -4 0 -2 -1 -4 -10 -11 -11 -16 -14 -12 -11 -5 -5 -7 -9 -6 -7 -9 -11 -13 -18 -17 -15 -11 -11 -11 -11 -13 -13 -20 -23 -22 -21 -19 -17 -19 -19 -16 -25 -19 -23 -20 -17 -18 -15 -17 -26 -21 -20 -17 -18 -22 -21 -20 -20 -14 -18 -20 -11 -18 -22 -19 -22 -22 -23 -22 -17 -18
-9 -7 -6 -2 -5 -11 -15 -14 -12 -13 -16 -13 -9 -6 -7 -8 -13 -15 -14 -8 -5 -3 -4 -4 -2 -2 -5 -3 2 -1 -2 -7 -10 -7 -13 -18 -16 -10 -11 -6 -9 -5 -6 -12 -13 -12 -12 -10 -15 -17 -17 -7 -11 -19 -16 -16 -24 -25 -23 -20 -21 -20 -20 -20 -23 -19 -22 -23 -19 -16 -21 -18 -15 -22 -21 -18 -14 -19 -16 -20 -13 -19 -19 -11 -12 -21 -18 -21 -16 -15 -14 -19 -19 -21 -21 -17
-8 -3 -2 -4 -3 -6 -11 -10 -14 -10 -12 -11 -8 -7 -9 -12 -12 -13 -8 -6 -4 -7 -6 -3 -3 -2 -2 -2 -2 2 1 -8 -7 -7 -11 -13 -10 -6 -9 -4 -8 -9 -11 -9 -9 -8 -8 -6 -9 -10 -7 -7 -9 -13 -21 -19 -24 -18 -20 -19 -20 -21 -22 -22 -22 -25 -24 -22 -22 -23 -23 -22 -17 -24 -20 -19 -19 -17 -12 -10 -13 -14 -10 -19 -20 -14 -24 -20 -13 -16 -19 -21 -20 -20 -20 -20
-7 -3 -6 -8 -5 -5 -5 -12 -14 -12 -10 -8 -7 -7 -9 -10 -9 -10 -8 -6 -6 -8 -6 -5 -3 -2 -2 -1 0 2 2 -4 -8 -6 -5 -7 -8 -6 -6 -4 -11 -11 -11 -6 -8 -11 -7 -8 -10 -9 -8 -10 -11 -17 -16 -23 -25 -17 -19 -19 -17 -21 -23 -23 -21 -24 -24 -20 -21 -24 -23 -23 -20 -22 -18 -20 -16 -19 -11 -17 -14 -20 -20 -17 -20 -17 -20 -18 -17 -17 -17 -21 -23 -21 -23 -21
