DE_airtemperature/2010/2010_06_air_temp_min.asc
NCOLS 654
NROWS 866
XLLCORNER 3280414.711633467
YLLCORNER 5237500.62890625
CELLSIZE 1000
NODATA_VALUE -999
[rows 782 to 827 of 866, columns 288 to 383 of 654]
99 99 99 101 101 99 100 99 101 100 99 101 101 101 101 102 102 102 101 100 101 98 101 102 102 103 103 103 103 103 103 103 102 102 101 101 102 104 103 103 101 103 103 103 103 103 101 102 101 104 105 105 105 105 105 105 106 106 106 106 105 105 105 105 106 107 105 105 106 107 107 108 108 105 105 105 105 104 106 105 106 106 108 107 107 108 109 112 112 112 112 112 111 111 112 107
98 99 99 98 98 98 99 100 101 99 99 99 101 101 101 101 101 100 102 101 101 102 101 102 102 102 102 102 103 102 103 102 102 102 102 102 102 102 103 103 102 103 103 103 103 103 102 101 102 103 104 104 104 104 105 105 104 104 105 105 105 105 105 105 105 105 105 105 106 106 107 108 108 105 105 106 106 105 106 105 105 106 106 106 105 106 108 110 111 111 111 111 111 111 109 106
98 99 98 97 97 97 99 99 99 98 98 99 101 101 100 101 101 100 100 101 101 101 101 102 102 102 101 101 103 103 102 102 102 102 102 101 101 101 102 102 100 103 103 103 103 103 102 101 100 102 103 103 103 103 105 105 104 104 104 105 105 105 105 105 105 105 105 105 105 106 107 107 105 105 105 106 105 106 106 106 106 106 105 105 105 105 107 110 111 111 111 111 111 110 108 104
98 98 98 97 99 100 100 98 98 100 97 100 101 101 100 100 100 100 100 101 101 101 101 101 102 102 101 102 102 99 101 102 102 102 102 101 100 100 101 102 101 101 102 103 102 100 102 100 101 102 102 103 103 103 103 103 104 104 104 104 105 104 104 105 105 105 104 104 106 106 107 107 105 105 105 106 105 105 106 106 106 106 105 105 105 105 107 109 111 111 111 111 111 108 103 105
98 98 100 98 97 100 98 97 98 100 98 98 101 100 100 99 99 98 100 100 101 101 101 100 100 101 101 101 101 99 102 101 102 102 102 101 101 100 101 98 99 99 99 102 100 98 102 99 100 101 101 101 103 103 103 101 103 104 104 103 103 104 104 104 104 105 104 105 106 106 107 107 105 105 105 105 105 104 105 104 105 105 105 105 105 105 106 109 111 110 111 111 108 107 104 104
98 99 99 97 97 99 97 98 98 100 97 98 100 101 100 99 99 100 100 101 101 101 101 100 100 100 101 101 99 97 100 101 101 101 101 101 100 100 100 98 99 100 101 100 98 98 101 100 100 100 100 101 102 102 103 101 103 103 104 103 103 103 104 104 104 104 105 106 107 107 107 108 106 106 106 106 105 104 105 105 105 105 104 104 104 105 106 107 110 110 110 110 107 106 105 104
98 99 98 97 98 98 98 97 97 98 98 98 100 101 100 98 98 99 99 100 101 101 101 100 100 100 100 100 100 97 99 100 101 101 101 101 99 101 99 97 98 99 101 99 98 98 100 100 100 100 100 100 102 102 102 102 102 102 103 103 103 103 104 104 104 104 105 106 106 106 107 107 105 104 105 105 105 105 104 104 104 105 104 104 104 104 107 107 109 110 110 110 107 104 103 103
98 99 99 98 99 99 96 96 97 97 98 98 101 100 100 98 98 98 100 99 100 100 100 99 99 99 100 99 100 98 98 98 100 101 100 100 100 99 98 97 97 99 100 99 97 97 99 100 99 100 100 100 102 102 101 102 102 100 101 103 103 102 103 103 104 103 103 106 106 106 107 109 105 105 105 104 103 105 105 105 104 105 105 105 104 106 107 107 109 110 110 110 108 105 101 103
98 99 98 98 99 96 96 97 97 97 97 97 101 101 100 99 99 99 99 99 99 100 100 99 98 99 99 98 98 100 97 97 98 100 100 101 99 99 96 96 96 100 100 99 97 97 102 100 99 98 100 99 101 101 101 100 101 101 101 101 102 102 102 103 103 103 102 106 107 107 107 109 106 106 105 105 104 105 104 105 105 105 105 105 104 106 106 107 109 110 110 109 108 107 104 101
100 99 98 97 96 98 95 97 97 98 98 98 102 102 100 100 99 100 100 100 100 100 100 100 99 99 97 100 100 100 97 98 98 98 97 101 96 97 96 96 98 99 100 98 96 99 99 97 97 98 98 100 99 99 100 101 101 100 101 101 101 101 102 102 101 104 105 105 108 108 108 108 111 105 105 106 106 105 106 106 106 105 104 105 106 108 108 108 110 110 110 109 108 107 103 101
100 100 96 97 96 97 95 96 96 97 98 99 101 102 101 99 99 99 99 100 98 100 100 100 99 97 96 98 100 100 96 96 96 98 97 99 98 96 96 96 99 98 99 96 98 98 97 96 95 97 98 100 99 99 100 101 100 99 100 101 101 101 101 100 102 104 103 106 108 107 107 108 109 109 107 108 108 107 105 106 106 106 105 106 106 109 108 109 110 110 109 108 108 106 104 101
98 98 96 97 96 96 95 95 96 97 97 97 101 101 102 100 99 99 98 100 97 100 101 100 100 96 96 96 99 100 99 97 97 96 97 96 100 95 95 95 96 96 97 95 98 97 97 96 95 98 99 100 99 98 99 100 99 99 99 100 100 100 101 100 100 103 104 104 106 106 108 108 108 109 110 107 107 107 106 107 106 105 105 107 107 109 108 109 110 109 109 108 107 106 105 103
97 96 96 97 96 96 96 95 96 97 97 101 101 101 99 101 100 100 100 100 97 100 100 100 100 101 96 96 99 99 99 98 96 98 95 95 99 94 94 96 94 94 95 98 97 98 95 94 95 96 98 99 99 97 99 99 98 98 98 99 99 100 100 99 100 101 103 104 105 107 106 107 108 108 110 111 108 109 108 107 107 105 105 105 108 109 109 108 110 109 108 107 106 105 105 102
98 95 97 96 95 95 95 95 95 96 100 100 101 101 99 100 100 99 98 99 97 100 100 101 100 100 97 95 99 99 98 95 95 96 96 94 95 98 93 96 94 93 95 96 96 97 94 93 95 93 96 96 98 98 98 99 97 98 98 98 96 99 99 99 100 102 102 105 106 105 106 107 107 108 108 110 108 108 109 109 108 106 105 105 108 108 107 108 110 109 107 106 104 104 104 104
97 100 96 95 94 95 95 94 95 96 98 99 101 100 99 99 101 101 100 97 98 97 99 100 100 100 98 95 95 98 98 98 94 94 95 92 94 98 94 93 93 94 96 94 95 97 94 93 92 92 94 96 97 98 98 99 97 97 98 98 96 97 100 101 101 100 101 104 106 105 106 107 107 109 110 108 108 108 108 109 107 106 105 107 109 110 109 108 110 109 107 105 104 103 103 104
101 100 98 96 95 95 95 95 95 100 101 101 101 98 100 100 99 102 100 98 96 99 100 100 99 100 99 97 94 97 98 94 94 94 92 93 93 96 93 93 93 95 94 94 96 96 94 94 92 91 92 95 97 98 97 97 96 98 98 96 96 98 97 98 100 100 102 103 106 105 105 105 106 108 110 111 108 110 110 108 108 107 108 109 111 110 110 109 109 109 108 106 105 103 102 102
101 100 96 96 94 94 94 96 98 100 97 100 100 98 100 99 99 99 101 100 98 99 99 99 99 99 98 97 93 94 94 97 93 93 93 92 96 94 92 92 93 94 93 94 95 96 95 95 91 93 92 94 96 97 98 97 95 98 97 95 96 98 97 97 98 99 101 103 102 104 104 104 106 107 109 109 109 110 110 110 109 109 108 106 111 112 111 110 110 110 108 107 106 105 104 102
101 101 96 94 94 96 95 96 100 100 97 97 97 98 99 99 98 98 98 100 100 98 96 96 98 99 97 93 95 94 92 95 97 92 92 90 96 93 91 90 91 92 92 93 94 94 95 92 83 90 90 94 95 97 97 96 95 96 98 97 96 96 99 97 99 98 99 102 104 103 105 105 106 106 107 109 113 111 110 111 112 110 108 106 106 111 112 111 110 110 109 108 108 108 106 106
101 101 96 94 94 100 100 100 100 95 95 97 98 98 98 98 98 98 99 99 99 96 96 95 97 99 97 97 92 94 92 94 97 95 94 91 93 97 93 92 92 91 92 93 94 93 95 92 91 89 93 94 94 94 97 95 96 95 98 97 96 96 98 96 97 98 99 101 104 102 103 106 107 109 110 111 112 113 111 113 112 112 110 109 108 111 114 112 110 111 111 109 109 108 107 106
100 101 98 99 99 101 99 100 100 98 97 95 97 98 98 98 98 98 98 98 100 94 97 96 97 99 98 97 95 92 93 93 96 92 90 93 93 96 96 93 90 90 93 93 95 94 95 94 91 90 93 94 94 95 97 96 96 97 97 96 96 98 97 96 97 97 100 101 104 102 106 106 107 109 109 109 110 111 115 115 115 115 115 112 110 114 116 112 112 112 112 111 110 109 109 107
100 100 100 100 100 99 99 99 97 97 95 97 98 98 96 97 97 98 98 98 100 95 95 96 98 99 99 98 98 93 91 93 95 93 91 92 92 95 97 93 91 90 91 92 95 94 94 94 92 90 94 95 95 94 98 97 98 98 98 97 98 99 95 96 97 97 100 104 105 106 107 106 107 110 110 109 114 112 114 115 116 118 117 115 117 117 118 115 114 113 113 113 112 109 110 109
101 101 99 99 98 99 99 98 98 96 99 97 97 97 96 96 97 97 97 98 97 102 99 98 98 98 99 99 100 98 96 94 94 94 94 92 94 96 96 93 91 91 92 93 94 95 95 95 90 92 95 96 97 97 98 98 98 98 96 97 98 98 95 96 97 97 101 105 106 107 107 108 108 109 109 109 114 113 115 117 119 120 118 118 117 117 119 117 116 115 114 113 112 110 110 109
100 101 98 96 96 99 99 98 99 98 98 98 97 97 97 96 96 97 96 98 96 96 99 99 101 98 100 100 99 100 97 93 95 94 94 91 93 96 94 95 94 94 95 94 95 95 96 95 93 95 96 96 97 98 99 99 97 98 96 98 98 98 95 95 97 97 102 105 106 106 107 108 109 110 111 114 114 115 115 118 118 119 120 114 116 120 120 118 117 116 113 113 112 111 109 108
100 101 99 98 97 98 97 98 98 97 96 98 98 97 97 97 96 96 96 97 96 96 97 102 101 99 101 101 101 100 100 97 96 94 93 91 96 96 94 94 91 93 95 95 94 96 96 96 95 95 97 96 97 99 98 99 97 97 97 98 98 97 94 94 97 100 103 105 106 106 107 108 108 110 112 110 114 115 116 119 119 119 118 113 113 118 121 116 116 115 115 114 113 112 110 110
100 100 99 97 96 97 97 98 97 96 96 97 95 97 95 96 95 95 96 96 98 99 99 98 99 104 103 102 101 101 100 98 98 94 93 92 97 96 94 93 94 93 95 95 96 97 97 96 96 96 97 97 98 99 98 100 98 96 98 98 97 98 96 93 95 99 103 105 104 105 106 106 107 110 111 108 112 114 116 116 116 119 115 120 119 122 120 119 117 116 116 112 112 112 111 110
98 99 100 96 96 97 95 97 97 97 96 97 94 95 95 94 95 94 95 96 95 96 99 101 100 103 103 103 101 101 100 100 99 93 93 91 98 96 94 93 95 95 95 96 96 97 98 98 97 98 96 99 99 98 98 100 100 98 98 97 96 96 96 96 94 99 102 104 104 106 105 106 107 109 108 110 111 113 114 115 116 118 117 120 118 120 119 117 116 116 116 115 112 112 110 110
99 99 99 97 98 96 94 96 97 96 97 96 96 96 95 93 91 93 94 94 96 92 97 98 100 102 102 103 103 102 101 100 99 99 94 94 99 96 94 91 93 94 95 96 96 97 96 97 97 97 98 98 99 97 97 100 100 98 98 94 93 96 97 96 93 98 102 104 106 106 106 107 107 105 108 110 110 112 115 114 117 118 118 119 117 115 116 113 116 116 116 113 114 111 110 110
99 101 99 97 98 96 96 95 96 96 98 96 95 95 93 92 91 92 93 94 93 95 96 98 98 100 101 103 103 103 102 101 100 99 96 95 99 99 95 92 93 95 95 96 97 97 98 96 97 97 98 98 99 97 98 101 99 99 97 94 93 96 96 96 94 100 103 103 106 109 108 108 104 104 107 107 110 111 112 113 118 119 119 113 112 111 112 114 113 113 115 113 112 111 111 110
101 100 100 99 98 96 95 95 98 97 97 97 96 95 93 91 89 91 91 92 93 93 93 97 97 99 98 101 103 102 102 102 101 100 99 100 100 98 95 92 94 94 94 96 97 96 97 97 98 98 99 98 99 99 98 100 100 100 96 95 95 96 98 97 98 100 102 105 105 106 106 106 104 105 107 107 102 108 105 108 111 111 111 112 113 111 111 111 113 113 115 112 111 113 111 110
102 100 99 99 100 97 96 97 97 98 97 97 95 95 95 91 90 87 90 92 92 90 94 94 96 97 99 101 103 102 102 102 101 100 99 100 99 98 96 95 95 94 93 95 96 96 97 98 98 99 98 98 99 97 99 99 100 100 97 95 94 94 93 97 99 101 100 105 105 107 106 105 105 106 104 104 101 108 110 110 110 110 111 111 111 110 111 112 112 112 114 112 111 111 110 110
102 102 100 99 99 98 98 97 98 98 97 97 95 95 93 95 91 93 89 89 90 91 91 93 95 97 97 100 102 102 102 102 100 100 100 100 98 96 94 92 94 94 94 96 95 96 99 97 97 98 98 97 97 98 98 100 100 100 99 94 92 91 91 97 99 101 102 105 107 105 105 105 105 104 102 101 104 107 110 109 108 108 109 103 109 110 109 110 111 112 111 111 111 110 110 109
104 102 102 100 98 99 98 96 95 97 97 97 95 92 93 94 91 91 90 93 91 88 91 92 94 96 95 99 101 102 103 101 100 100 101 100 95 95 92 92 94 94 95 96 96 97 96 96 97 97 99 97 98 97 97 98 98 99 99 94 90 88 90 95 97 101 102 105 106 106 105 105 104 104 102 105 104 105 106 110 105 104 102 100 103 107 107 107 109 110 110 111 110 110 109 109
101 102 102 101 102 99 96 94 94 98 97 97 94 88 90 94 91 89 86 86 91 85 85 88 93 96 95 97 102 103 103 102 101 101 101 99 96 95 91 91 93 95 95 96 96 95 95 96 97 97 96 97 98 97 97 98 100 101 100 99 96 95 97 97 101 102 103 104 105 105 104 103 105 104 104 101 101 103 104 110 103 103 102 103 99 102 106 107 107 108 108 109 109 109 108 107
102 101 101 101 99 99 95 99 99 99 96 98 97 94 90 94 85 85 80 85 86 90 88 88 92 96 93 96 102 102 103 102 102 101 100 96 97 93 91 93 92 94 95 95 96 95 95 96 96 96 97 97 98 99 97 99 100 100 100 99 98 97 98 100 100 100 103 104 105 105 104 104 104 99 97 96 102 101 101 107 102 103 103 103 104 103 105 106 103 104 106 108 108 108 108 107
102 102 101 101 99 101 100 95 100 100 99 98 97 87 85 92 84 84 81 89 81 84 89 91 94 97 95 100 101 101 102 102 100 101 99 95 95 93 91 90 92 93 95 95 96 95 95 96 95 95 97 98 98 97 97 99 99 100 99 101 98 98 99 100 100 101 104 105 104 104 104 104 101 97 98 99 99 100 101 105 103 103 103 102 102 104 104 103 104 106 107 107 107 107 107 106
100 101 102 103 102 100 102 100 100 99 99 99 97 85 86 89 91 84 83 87 82 85 88 90 93 96 97 100 99 101 102 102 101 100 97 95 94 93 91 91 92 94 94 95 96 95 97 94 95 96 97 98 97 98 97 98 99 100 98 99 100 99 98 100 100 102 104 102 104 104 103 101 101 99 100 101 99 98 101 102 102 101 102 100 101 101 102 103 103 104 105 106 107 107 107 107
105 103 105 103 102 102 102 101 101 101 100 100 98 93 89 82 88 87 85 84 84 86 89 91 92 91 98 99 99 100 102 102 101 98 97 97 95 92 91 91 93 93 94 95 95 94 96 95 95 96 96 96 97 98 98 96 99 100 97 98 98 98 100 100 99 101 104 103 103 102 101 101 101 99 99 98 97 99 99 101 98 100 101 99 98 98 99 100 102 103 105 105 106 106 106 106
108 105 103 103 103 102 102 102 101 101 100 101 101 97 87 84 87 83 85 88 85 89 90 89 91 91 95 99 98 99 101 101 101 97 97 96 95 92 89 92 93 92 94 95 94 94 95 95 96 95 96 97 96 98 98 98 97 98 99 98 99 98 99 99 99 102 104 102 100 100 99 99 98 98 98 97 95 95 97 98 98 97 97 96 96 95 95 97 99 101 102 104 103 104 105 103
106 105 103 104 103 102 102 100 100 99 100 100 100 98 93 90 89 93 93 93 92 88 90 92 93 90 94 99 100 100 101 101 100 98 96 95 94 92 92 91 91 89 93 93 91 92 94 95 95 95 95 96 97 97 98 98 97 98 98 98 98 98 98 100 99 102 100 100 100 99 99 99 98 97 97 96 97 96 96 96 97 94 93 95 93 95 97 98 99 102 103 105 106 107 108 108
105 105 104 104 102 100 102 98 95 99 99 99 97 98 97 93 93 90 93 89 86 88 89 91 91 95 97 100 100 100 102 100 99 98 97 93 90 94 91 90 89 90 93 92 92 93 93 95 95 95 96 96 96 97 98 99 97 96 96 96 98 98 98 101 100 102 101 100 100 98 99 97 98 94 90 94 93 94 95 97 99 96 95 93 88 87 89 91 96 102 99 104 106 107 107 108
109 105 106 104 103 102 99 95 97 97 99 99 96 97 98 97 92 89 81 88 91 88 89 92 91 95 99 100 100 100 102 99 99 98 92 90 93 92 92 94 88 93 93 92 92 91 93 95 95 96 96 96 97 98 97 95 94 95 91 97 98 98 98 99 98 99 97 97 97 99 99 98 96 95 92 91 91 92 95 96 98 96 94 94 85 71 76 70 91 98 98 105 106 107 107 107
108 109 108 107 107 103 104 101 97 96 99 98 95 94 91 89 86 89 92 93 90 91 88 90 92 94 98 99 101 100 101 101 99 94 91 93 95 93 92 88 90 92 93 93 95 91 92 93 95 95 93 95 97 98 98 93 97 89 91 97 98 99 99 99 97 98 97 99 99 98 98 90 85 81 80 82 82 84 92 95 95 96 96 95 86 74 75 73 82 86 97 105 105 105 107 107
106 105 107 105 106 105 105 101 103 99 99 92 90 96 94 95 96 96 95 95 94 91 91 89 98 96 100 101 99 101 101 100 96 92 94 94 93 90 85 87 87 91 92 89 94 92 91 93 94 94 95 97 98 97 97 96 96 93 93 95 96 99 99 99 98 97 97 98 98 95 94 73 73 72 66 75 66 69 83 93 79 84 96 95 95 92 85 80 73 82 78 91 102 105 106 107
105 105 108 103 105 102 102 102 96 99 91 86 90 97 95 94 92 92 93 93 91 89 86 88 98 100 100 100 101 101 100 97 93 94 95 92 90 81 88 90 91 91 94 91 94 92 92 94 93 94 95 97 98 97 96 98 97 95 95 97 95 98 99 99 89 97 98 98 98 93 80 69 78 77 73 66 77 81 80 88 79 74 83 95 95 94 87 80 74 73 74 75 93 105 105 106
107 106 105 104 105 102 102 100 93 96 96 91 96 94 90 90 90 88 86 81 80 86 91 95 98 99 98 98 101 101 98 96 96 94 92 90 86 81 85 91 93 92 91 91 94 93 91 93 91 93 93 95 97 98 98 99 98 96 92 97 97 98 99 99 98 98 99 99 95 75 70 83 79 73 81 81 81 90 88 93 88 79 87 91 95 95 95 93 86 70 68 73 94 105 105 105
104 105 104 103 103 102 101 97 96 99 98 96 96 93 95 91 87 76 81 78 84 88 88 93 96 99 100 98 99 101 94 90 93 94 89 83 85 89 91 92 93 91 89 87 88 89 92 94 93 92 90 93 97 98 98 98 98 98 99 98 99 100 99 99 98 99 99 97 87 91 91 89 85 78 78 81 83 88 85 85 80 78 82 91 79 93 95 95 93 86 82 79 95 103 105 105
