DE_airtemperature/2010/2010_09_air_temp_min.asc
NCOLS 654
NROWS 866
XLLCORNER 3280414.711633467
YLLCORNER 5237500.62890625
CELLSIZE 1000
NODATA_VALUE -999
[rows 636 to 688 of 866, columns 192 to 287 of 654]
97 97 97 97 97 96 93 89 91 91 90 91 92 91 89 86 88 88 86 85 85 85 85 84 84 85 84 84 84 84 84 83 81 82 85 85 85 82 80 80 80 79 80 80 80 81 79 79 78 79 79 79 80 81 79 81 79 79 81 79 78 78 78 79 82 81 81 80 80 77 78 77 77 77 78 80 79 78 77 77 79 77 76 75 75 79 74 73 73 73 72 71 71 71 70 69
96 96 96 96 96 95 90 91 91 90 90 89 90 91 88 88 87 87 87 85 85 85 84 84 85 85 85 85 84 84 83 83 80 81 84 86 84 81 82 79 80 80 81 79 81 81 78 78 78 80 78 79 81 81 80 81 78 79 80 78 78 78 81 82 81 78 79 78 78 77 77 78 77 77 78 77 77 78 77 77 77 76 76 75 75 75 78 75 73 72 72 71 72 70 69 68
95 95 95 95 95 93 91 90 91 89 90 89 89 89 89 86 87 87 87 87 85 84 84 84 85 85 84 83 84 84 83 84 80 82 84 86 86 84 82 80 80 80 81 80 81 80 80 79 79 79 80 79 80 82 83 81 84 81 80 79 79 80 82 82 79 79 79 79 79 77 78 80 80 78 77 77 76 77 77 77 76 75 75 74 75 75 75 72 72 71 71 70 70 69 69 68
94 94 94 94 93 92 90 90 90 90 89 89 88 88 89 88 86 86 86 86 84 84 84 85 85 84 85 85 83 84 84 83 80 80 83 84 83 86 83 82 80 80 80 80 80 82 80 81 80 83 81 81 81 82 80 84 83 84 82 83 82 84 81 81 80 79 79 79 80 80 79 78 79 78 78 79 77 79 79 76 76 76 75 75 74 74 74 72 73 71 71 71 69 69 69 67
94 94 94 93 92 92 91 90 91 90 88 88 88 89 89 87 85 86 84 85 87 85 85 86 85 84 84 85 85 84 83 82 81 80 81 82 85 85 85 81 81 80 82 81 82 82 80 80 81 82 82 83 84 84 82 80 79 80 80 83 84 84 81 80 81 82 81 79 80 79 80 79 83 83 83 79 78 79 79 75 75 76 74 75 73 74 76 75 71 71 74 70 70 69 67 67
94 93 93 93 92 91 90 91 90 90 89 88 87 87 88 85 85 84 83 84 84 85 84 84 85 85 83 83 83 84 82 81 81 81 81 82 84 86 85 82 82 81 82 82 81 83 83 82 82 83 84 84 82 82 80 80 80 79 81 81 82 81 81 80 81 84 84 82 82 83 81 80 83 81 81 80 82 77 76 77 75 76 74 74 73 73 72 72 75 71 69 69 70 68 68 67
93 93 92 92 91 91 90 90 90 89 89 89 87 87 86 85 85 84 84 84 84 84 85 84 85 84 84 83 83 83 83 83 82 81 82 82 82 86 86 84 81 81 81 82 82 82 83 83 84 81 81 82 81 80 80 80 79 80 81 81 82 84 81 81 84 80 80 80 82 79 79 78 78 79 77 77 76 80 78 75 76 75 74 74 73 72 71 71 73 71 70 69 68 67 67 66
92 92 92 91 90 90 89 88 89 89 87 88 87 86 85 87 85 84 84 84 84 84 83 83 83 84 84 84 82 83 81 81 82 81 81 83 83 82 84 84 83 82 82 82 84 83 83 83 81 82 81 81 81 81 81 82 81 81 81 82 84 81 83 84 82 81 80 80 80 83 78 78 78 78 78 76 76 81 79 81 81 76 77 73 73 72 71 71 73 69 68 68 67 68 67 66
92 92 91 91 90 90 90 88 88 87 87 87 88 87 86 87 85 84 85 84 84 83 84 83 82 83 83 84 82 82 81 81 81 81 82 82 82 82 85 84 83 83 82 84 83 84 82 82 82 82 82 82 82 81 82 82 82 82 81 82 84 82 81 80 82 82 81 81 80 80 80 79 79 79 77 76 77 77 77 76 76 80 78 77 75 73 72 69 74 71 68 67 67 67 67 66
92 91 91 90 89 87 90 87 88 89 86 86 86 86 86 85 87 86 85 84 86 84 85 82 82 82 82 84 82 84 82 82 81 82 82 82 83 82 84 84 83 82 83 84 82 82 83 85 84 83 83 82 82 81 82 82 82 82 82 82 83 82 81 81 80 80 83 80 81 80 80 80 78 79 78 77 77 76 76 76 76 77 77 74 73 72 70 70 74 72 68 67 68 67 67 66
91 91 91 89 88 88 89 89 88 88 87 87 85 84 86 85 86 86 86 86 86 84 85 83 82 83 83 82 82 83 82 82 82 82 83 83 83 83 83 84 83 83 84 83 83 83 85 83 83 84 83 83 82 82 84 83 83 83 85 84 83 82 82 81 81 81 80 81 80 81 80 80 79 80 79 78 77 77 77 77 76 75 75 79 77 72 70 70 73 73 68 67 69 68 68 67
91 91 91 90 90 90 89 87 86 88 87 86 85 85 86 86 84 85 85 86 86 84 84 84 83 83 82 82 82 82 82 83 82 83 83 83 82 83 83 84 84 85 84 84 84 84 84 83 83 83 84 84 84 84 84 84 85 84 83 84 83 84 82 82 82 81 82 82 81 81 81 81 80 80 78 79 78 78 77 77 76 76 74 78 72 72 70 69 68 72 68 68 68 69 71 69
91 91 90 90 90 89 88 88 87 88 87 87 86 85 86 83 84 85 86 86 85 86 86 85 84 82 82 83 83 83 82 82 82 83 82 82 83 83 82 84 85 85 84 84 84 83 83 83 82 83 82 83 84 83 83 84 83 83 83 83 83 84 82 83 82 82 82 83 81 81 82 80 80 80 78 78 78 79 77 77 76 76 74 76 72 71 70 69 68 71 73 70 69 71 68 67
91 91 90 91 90 90 88 87 87 86 85 86 86 84 85 83 85 85 85 84 83 86 84 83 83 83 84 83 82 83 82 83 79 83 83 82 82 83 82 82 82 83 85 85 84 83 83 83 82 83 83 83 83 83 83 84 84 83 84 83 82 84 83 84 83 84 83 83 82 82 82 81 80 79 79 78 78 78 77 77 76 75 77 78 76 72 70 69 68 69 68 71 69 70 68 67
91 91 90 90 89 89 87 86 86 84 86 86 86 87 85 84 85 83 82 85 85 85 85 84 84 83 83 83 83 83 83 83 83 84 84 83 82 82 82 82 83 83 84 84 84 83 83 82 82 83 83 82 82 83 84 84 83 84 84 84 83 84 85 85 85 85 85 84 83 83 82 81 81 80 79 78 78 78 78 77 75 75 75 73 75 70 72 70 69 69 68 68 67 68 70 69
91 91 90 89 88 88 88 85 85 84 84 85 84 86 85 85 85 83 84 83 85 85 86 85 84 84 84 83 83 84 84 83 83 83 83 82 83 82 82 82 83 83 84 85 84 83 83 82 82 80 80 79 82 80 80 84 83 83 85 84 84 85 84 86 87 87 86 86 84 84 84 82 81 80 80 78 78 78 77 77 75 75 73 72 77 75 70 69 70 69 68 68 66 67 66 66
91 91 89 88 87 87 86 85 85 85 85 85 85 85 84 85 84 85 84 85 85 85 85 85 84 83 84 83 83 83 83 82 82 83 82 82 82 83 83 83 83 84 84 85 84 82 82 82 79 80 82 80 80 82 79 80 82 83 83 85 84 84 84 86 87 87 87 86 85 84 83 82 80 79 77 78 78 78 77 75 75 75 73 72 72 77 70 71 70 69 68 67 67 68 67 66
91 89 89 88 87 87 86 86 87 86 85 86 85 85 85 85 85 85 85 85 85 85 86 84 83 84 85 84 83 84 83 83 83 83 82 82 82 83 83 83 84 84 85 84 84 84 83 83 81 82 83 81 82 80 80 82 82 83 82 84 84 84 84 86 87 86 85 85 85 83 83 81 76 76 76 75 77 78 77 76 75 74 73 71 72 76 73 70 70 68 68 68 68 66 66 65
90 89 89 89 88 88 87 86 87 87 86 85 86 86 85 85 86 86 85 85 85 85 86 84 84 84 84 84 82 83 83 83 83 82 82 83 83 82 82 83 84 84 85 85 84 83 82 82 82 82 83 82 83 82 80 81 82 83 83 84 84 81 85 84 86 85 86 84 84 82 78 76 76 75 76 74 77 78 77 76 74 74 73 74 77 71 70 70 70 69 69 67 67 66 66 64
89 88 87 87 85 85 86 86 85 86 86 87 86 85 86 85 86 86 87 86 85 85 85 85 84 84 83 82 82 82 83 82 82 82 82 83 83 83 82 83 83 84 85 84 81 82 83 83 82 83 81 79 79 78 81 82 82 82 83 84 83 82 82 84 82 84 85 84 83 82 81 80 75 75 76 75 73 77 76 76 76 74 74 73 75 76 72 70 69 69 68 68 67 67 66 65
88 88 87 86 86 87 85 85 85 86 85 85 86 86 85 85 86 86 86 86 85 85 85 85 85 84 83 82 83 83 83 82 82 82 82 82 82 83 83 83 84 83 84 84 81 81 82 81 83 82 81 82 81 80 80 80 81 82 83 82 83 82 79 81 80 81 83 82 81 79 77 76 75 75 76 74 75 77 77 76 79 79 79 76 76 72 72 74 69 68 68 68 68 68 67 65
88 89 88 87 86 87 86 85 85 85 85 85 85 85 84 85 86 86 85 86 85 85 85 85 85 84 83 83 82 83 83 82 83 82 83 83 83 83 83 83 83 83 84 83 83 81 81 82 82 82 82 82 81 80 80 80 81 82 82 82 82 83 82 81 79 79 82 84 82 80 80 78 75 75 76 75 73 78 77 77 77 77 75 73 75 72 71 71 72 69 68 70 68 68 67 65
87 86 87 87 87 86 85 85 85 84 86 84 86 86 85 85 86 86 85 86 85 85 85 85 84 83 83 83 83 82 82 83 83 83 83 83 83 84 84 83 83 83 84 83 83 82 82 80 81 82 82 82 82 82 81 82 82 82 81 83 82 82 82 80 81 78 78 80 81 82 78 76 75 75 74 74 74 77 77 77 78 76 75 74 73 72 71 70 69 73 68 68 68 68 67 67
85 85 85 86 87 87 85 85 86 85 85 85 85 83 84 83 84 85 85 85 85 85 84 83 83 83 83 82 83 83 83 83 82 82 82 82 82 83 83 82 82 83 84 83 82 81 81 79 81 81 82 82 81 82 82 83 81 80 80 81 79 82 80 78 80 76 77 78 80 82 77 76 75 75 74 74 73 73 77 77 79 80 75 73 74 73 71 70 69 69 72 68 68 68 69 67
85 84 85 85 86 86 87 87 86 85 86 84 84 84 84 84 84 84 85 85 85 84 83 81 82 83 82 82 82 82 81 81 81 80 79 82 82 82 81 82 84 84 83 82 82 80 81 79 79 80 81 81 81 81 82 82 82 81 80 79 79 80 78 77 76 81 78 76 78 80 79 76 76 75 75 76 73 75 76 77 77 79 75 74 74 73 72 72 70 70 69 68 68 70 68 66
86 86 85 85 85 86 86 86 87 85 84 83 84 83 84 85 84 84 84 85 85 83 81 80 82 82 82 82 80 78 78 79 80 82 82 82 82 82 82 83 83 82 82 82 80 79 78 77 79 78 79 79 81 80 82 82 82 80 79 79 77 77 78 75 77 78 78 77 76 76 77 80 75 75 76 78 76 73 76 76 76 79 76 74 74 73 72 71 70 70 71 69 69 68 68 66
86 87 86 84 85 84 84 84 85 84 84 83 84 84 84 83 84 83 83 83 83 82 81 79 80 81 81 80 78 78 79 79 78 80 81 81 82 83 83 83 82 82 82 81 82 79 79 78 80 78 78 79 77 78 80 81 81 79 77 75 77 77 74 75 75 79 80 79 76 76 76 77 80 75 75 77 78 77 77 77 77 78 77 75 75 73 71 71 71 70 71 71 70 67 67 66
85 87 85 85 83 83 83 84 83 84 83 83 82 84 82 82 82 83 82 82 82 79 79 80 80 80 79 77 79 79 80 80 80 81 81 81 81 81 82 81 81 80 81 82 81 81 79 80 78 78 79 81 80 78 79 79 77 78 76 74 75 75 75 76 76 77 77 79 78 77 77 77 77 77 75 77 79 77 77 78 78 78 76 75 74 70 71 71 71 71 71 72 71 67 65 66
85 87 84 83 83 83 84 82 83 84 83 83 82 82 82 82 82 81 81 78 78 79 78 78 79 78 76 78 78 79 80 81 80 80 80 81 81 81 80 81 81 81 79 81 81 79 79 80 80 80 79 80 80 79 77 79 76 75 76 77 73 75 76 76 77 76 77 78 78 77 78 77 77 77 76 78 79 79 78 78 78 78 77 74 73 71 72 69 70 71 70 70 71 69 69 65
85 86 85 84 84 83 83 82 83 81 82 82 82 81 81 81 82 81 77 77 77 77 77 78 77 76 76 78 79 80 79 79 81 80 80 80 81 80 82 82 81 80 79 79 79 79 79 81 80 80 80 80 79 78 77 77 76 76 76 75 73 75 75 76 76 77 77 78 77 77 78 77 77 77 78 79 79 79 79 79 77 79 79 75 73 72 71 71 69 69 70 69 70 70 69 65
84 84 85 84 84 82 82 81 81 82 80 81 81 80 79 79 79 77 76 78 76 77 78 78 76 76 78 78 78 78 79 79 80 80 80 81 80 81 81 81 80 80 79 79 78 79 80 80 80 81 81 79 77 77 79 77 76 75 78 75 77 75 76 76 77 78 77 78 78 78 78 78 78 78 80 79 79 80 80 79 78 78 79 75 74 72 71 71 71 70 71 71 70 71 68 66
84 84 84 83 81 80 81 81 80 79 80 79 79 79 78 75 75 75 77 75 77 77 77 76 78 78 78 78 78 77 79 78 79 79 80 79 79 81 81 80 81 78 79 79 79 79 81 81 80 79 79 79 78 78 78 75 78 75 77 77 78 75 75 75 77 78 79 78 79 79 79 79 80 81 78 78 81 81 80 80 79 78 77 74 73 71 71 69 71 72 71 71 71 71 69 68
84 84 84 82 81 81 81 80 80 80 79 77 79 78 77 75 74 74 72 74 75 75 75 75 75 76 75 77 77 77 77 77 77 77 78 79 79 78 79 79 81 79 80 79 79 80 81 81 80 79 80 80 80 78 77 79 76 77 76 79 80 76 76 78 76 77 79 79 79 80 80 79 80 82 79 78 78 79 78 79 80 81 78 75 74 72 71 70 70 71 70 70 71 70 69 66
84 83 83 83 83 82 80 80 80 79 77 77 77 74 73 73 72 69 70 70 72 72 73 73 71 72 73 74 75 76 75 74 76 77 78 78 79 80 80 81 80 79 78 79 78 79 80 80 80 79 81 81 80 78 80 78 77 76 77 79 79 77 76 80 78 77 77 79 79 80 80 81 79 82 79 79 78 77 79 77 76 80 75 77 76 73 70 71 71 71 72 70 70 70 69 68
84 82 83 83 83 82 82 80 79 79 78 77 75 73 72 72 71 69 70 69 69 69 68 70 70 71 70 68 73 73 71 74 76 77 77 78 79 79 80 79 79 78 78 78 78 79 79 80 80 81 81 81 81 81 79 78 75 75 77 76 80 80 79 79 79 78 78 78 78 80 81 81 81 82 83 82 79 77 77 76 78 79 79 78 75 72 70 70 72 71 72 71 70 69 69 67
83 83 83 81 82 82 81 81 80 79 77 76 75 73 71 70 69 68 68 67 67 69 68 69 69 69 70 69 70 71 72 73 75 75 76 76 76 77 78 78 78 77 77 77 79 78 80 80 80 81 81 82 80 79 80 79 77 78 77 78 82 78 79 81 79 79 80 79 80 81 81 80 81 82 80 83 78 78 78 75 80 79 80 78 78 72 71 71 70 70 71 71 71 69 70 69
82 82 81 81 81 82 80 79 79 78 77 74 74 71 69 69 68 68 68 68 67 67 68 70 70 72 73 73 73 70 72 73 73 75 76 76 76 76 79 78 77 76 78 78 79 79 80 82 82 81 82 79 80 79 78 77 76 76 76 80 80 82 81 79 82 79 82 81 80 82 81 83 81 81 82 81 82 81 77 76 76 80 79 78 76 73 72 70 71 71 69 70 68 70 70 66
84 82 81 82 80 82 79 80 78 77 76 72 71 70 69 68 68 69 68 68 68 68 68 66 67 67 68 72 74 71 71 73 74 74 75 76 76 76 78 80 78 77 77 78 79 79 81 81 82 82 81 81 77 78 80 79 79 78 79 80 78 82 82 84 83 82 83 81 82 84 82 84 82 83 83 79 81 81 78 79 76 77 78 79 78 75 72 71 70 68 69 68 70 69 70 68
81 81 81 81 82 80 81 78 78 76 76 74 72 70 67 67 66 67 67 68 66 68 69 68 70 70 66 70 74 75 74 75 75 74 74 74 77 78 79 79 80 80 81 78 80 80 80 81 82 82 80 77 79 79 80 81 80 82 81 81 81 80 84 84 82 84 85 82 85 84 85 85 81 80 82 78 78 81 78 79 77 80 78 79 79 77 73 73 71 70 69 69 68 69 70 67
82 81 81 80 80 78 80 78 77 77 75 72 70 68 67 66 66 67 66 66 67 68 69 70 71 71 70 72 73 75 74 75 75 74 74 74 74 77 79 76 80 80 81 80 80 81 81 81 82 80 80 80 79 80 82 81 83 83 81 81 83 84 82 80 77 81 84 85 85 82 86 85 80 82 79 82 80 78 80 80 80 80 79 77 79 77 73 71 72 69 69 69 69 69 71 68
82 82 81 80 79 80 78 78 78 77 72 71 70 68 68 66 66 66 65 67 67 66 67 66 68 71 73 74 74 73 75 76 75 75 74 75 76 77 79 77 76 77 79 81 81 81 81 81 82 82 81 80 80 79 81 82 83 83 83 83 84 84 82 80 77 79 79 80 85 85 85 83 82 83 83 82 80 78 77 79 80 77 79 78 78 78 77 72 74 73 70 68 69 69 69 70
81 82 81 79 79 79 78 77 76 76 75 73 71 70 67 65 66 66 66 67 68 67 68 70 69 71 72 74 73 74 74 75 75 75 74 74 74 75 78 77 77 79 82 81 81 82 82 82 82 80 81 81 80 80 81 83 83 82 83 83 83 84 82 80 78 78 79 79 81 81 81 81 84 83 82 80 77 77 76 78 79 77 76 75 75 77 73 75 72 73 70 69 68 68 69 68
84 83 82 81 80 79 77 78 77 77 75 73 73 69 68 67 66 64 64 67 68 68 69 70 71 71 72 74 74 75 75 75 75 75 74 76 77 78 78 79 80 82 82 82 83 83 82 84 84 81 81 82 81 81 82 82 83 83 83 83 82 84 83 82 82 80 78 78 78 77 79 80 80 82 81 82 78 76 77 77 77 76 76 76 77 74 75 72 72 73 72 71 68 67 68 68
81 84 83 80 81 78 78 78 78 76 74 72 71 70 68 67 66 64 65 66 68 68 69 70 71 72 72 73 75 74 74 73 73 73 74 76 78 78 79 80 81 82 82 82 83 82 82 82 82 84 82 82 82 81 82 82 83 83 83 83 84 84 82 82 83 81 78 78 78 77 79 80 78 78 80 78 78 77 78 76 76 76 75 76 75 74 73 72 71 72 72 70 70 69 69 69
82 82 83 82 79 79 78 77 77 76 74 71 70 69 70 67 65 65 66 67 69 66 69 71 71 71 72 72 73 74 74 73 73 75 77 78 77 78 78 80 81 82 83 84 83 83 84 84 83 83 83 84 83 82 82 82 83 83 84 83 83 83 83 83 82 81 81 77 76 77 77 78 77 78 77 76 76 75 74 74 74 75 74 74 73 72 72 71 71 71 73 70 70 69 68 66
83 81 80 79 79 80 79 78 76 75 74 72 73 72 69 68 68 66 69 69 69 70 71 72 71 70 71 73 73 75 75 75 76 76 76 77 78 78 79 80 81 82 83 83 83 84 84 83 83 83 82 83 83 85 84 85 84 83 82 82 82 83 84 83 83 82 81 78 76 76 77 75 75 76 74 75 75 75 75 75 75 75 74 74 73 70 70 71 71 74 73 73 70 69 69 68
81 80 80 79 80 80 79 78 77 76 73 72 75 70 69 70 68 69 68 70 71 70 70 71 73 74 74 75 76 76 75 75 74 76 75 77 78 78 79 81 82 83 82 85 86 84 85 85 85 84 84 83 83 85 84 84 83 84 83 83 82 82 82 82 82 82 82 81 76 76 76 75 75 74 74 74 75 75 74 74 71 71 74 72 74 72 69 71 70 70 70 70 71 71 70 69
80 79 79 80 78 79 79 78 77 77 78 76 73 70 68 69 68 68 68 68 69 70 71 71 75 75 75 75 75 75 75 76 78 78 76 78 79 81 81 82 83 83 85 86 85 84 84 85 85 84 84 84 84 85 84 84 85 83 82 83 81 82 82 82 80 81 80 76 76 76 77 75 75 74 74 73 74 73 74 74 71 71 73 73 72 71 69 68 68 70 69 72 72 72 71 70
78 78 78 78 80 79 78 77 79 77 76 74 73 71 70 69 69 69 69 70 70 70 70 71 72 72 74 75 74 74 76 77 77 77 79 79 80 80 82 84 84 83 85 87 88 87 88 86 86 87 86 86 85 85 85 84 83 83 82 80 81 82 81 80 79 79 75 77 76 78 76 73 76 73 74 72 74 74 73 73 71 72 71 72 71 71 70 70 68 68 68 68 69 71 69 69
78 79 78 78 79 79 79 79 78 76 74 73 73 72 71 69 69 69 70 70 69 72 70 71 72 72 73 73 74 75 77 77 79 78 79 80 81 81 82 83 83 83 85 85 85 87 88 87 88 87 86 87 86 85 86 84 85 83 82 80 77 81 77 76 77 77 74 80 79 80 78 74 76 73 74 72 74 73 72 72 70 72 71 70 69 71 71 68 68 68 68 68 68 67 68 67
79 78 79 80 80 80 81 77 76 75 74 72 73 71 71 70 70 70 70 70 73 71 71 71 73 73 73 74 74 76 77 78 79 79 79 81 82 83 83 83 85 86 86 86 86 87 89 89 87 87 88 87 86 86 85 85 85 84 82 81 78 76 77 78 77 80 80 81 78 77 75 74 74 73 73 72 71 70 72 72 71 71 72 69 70 71 70 68 68 69 69 69 68 68 68 67
78 79 81 78 78 80 77 76 74 74 73 73 73 73 70 70 70 69 70 70 71 71 71 72 73 74 72 73 74 76 77 79 82 80 80 81 82 82 83 86 86 87 87 87 87 87 88 89 87 87 87 88 87 86 86 85 85 83 82 81 77 78 78 76 74 78 80 79 76 74 72 74 73 72 73 71 71 69 71 72 72 71 72 69 68 70 70 68 68 68 70 68 68 68 68 67
78 80 77 77 79 76 77 73 73 73 72 71 72 71 70 71 70 71 71 74 72 73 72 73 74 73 73 74 76 76 78 80 82 80 81 81 81 82 85 86 87 88 88 88 88 89 90 89 88 87 87 87 87 87 85 84 85 83 83 77 79 79 79 76 79 80 80 77 76 75 73 71 73 72 71 70 71 69 72 73 71 72 72 69 69 69 72 69 70 68 68 68 68 68 68 67
