DE_airtemperature/2010/2010_07_air_temp_min.asc
NCOLS 654
NROWS 866
XLLCORNER 3280414.711633467
YLLCORNER 5237500.62890625
CELLSIZE 1000
NODATA_VALUE -999
[rows 779 to 819 of 866, columns 376 to 469 of 654]
134 134 134 132 131 132 132 134 133 131 130 129 130 129 129 130 130 130 130 130 131 129 128 129 128 128 127 127 127 126 130 126 126 125 127 128 128 129 131 132 132 132 133 133 133 133 134 134 134 135 135 136 136 135 136 135 137 136 139 138 139 140 140 139 140 142 143 140 139 139 139 141 140 141 140 140 140 140 140 141 141 140 139 137 137 136 136 134 133 133 133 133 131 129
134 134 134 132 131 132 134 134 131 130 130 129 129 129 129 129 129 129 129 130 132 131 128 128 128 128 126 125 126 129 127 125 125 125 126 127 127 129 130 132 132 132 133 133 133 133 134 134 134 134 135 136 135 135 136 136 137 138 139 139 137 140 141 139 139 140 142 142 140 140 141 140 140 140 140 140 141 141 141 141 140 139 138 137 137 137 136 134 134 133 133 132 130 129
134 134 134 133 132 132 134 131 129 129 129 129 128 128 129 128 128 128 128 132 132 131 129 129 127 127 126 125 126 126 126 125 125 124 126 127 127 128 130 130 132 132 132 133 133 132 132 133 133 134 135 135 135 135 136 136 137 138 138 138 137 140 140 140 139 140 139 142 140 140 141 139 140 140 140 140 141 141 142 141 138 138 137 137 137 137 135 134 134 134 132 130 130 131
134 134 134 134 133 134 134 129 129 129 127 128 127 128 129 128 128 128 130 132 131 130 128 128 126 125 126 126 125 128 126 126 124 125 126 127 128 128 129 130 131 131 132 132 132 132 133 133 133 134 134 134 134 134 136 136 136 138 138 136 137 139 140 140 138 139 140 141 141 141 141 140 140 140 140 140 139 141 141 138 139 137 137 139 137 136 135 135 135 134 132 130 130 130
134 134 134 133 133 133 132 129 129 130 127 127 128 128 128 129 130 132 132 132 131 131 127 127 127 125 127 126 130 128 125 125 125 125 126 126 127 128 129 130 131 131 131 132 132 132 132 133 133 133 134 134 134 134 136 135 137 139 138 138 138 139 139 139 138 141 139 141 141 141 141 140 140 140 140 139 140 141 141 139 139 138 138 138 137 137 135 135 135 132 132 130 131 132
134 134 133 133 133 132 130 128 128 128 128 127 127 129 130 130 131 131 133 132 130 129 128 127 126 126 127 126 130 126 126 126 126 126 126 126 127 127 129 130 131 131 132 132 132 132 133 133 133 133 134 134 133 133 135 136 137 137 139 139 138 139 140 138 138 139 140 140 141 141 140 139 139 139 140 139 141 141 141 140 140 139 139 137 137 137 136 135 135 132 136 131 131 132
134 133 133 133 133 131 126 128 128 129 128 128 129 129 130 131 130 130 133 133 129 130 128 128 126 126 128 129 131 127 126 126 126 127 127 126 127 128 129 130 130 130 132 132 132 131 132 132 133 133 134 132 133 134 135 135 138 137 138 139 137 138 140 140 138 138 141 141 141 141 140 139 140 139 139 140 140 141 141 140 139 140 138 138 137 136 135 136 134 133 134 132 132 133
133 133 133 133 131 130 127 127 127 127 128 128 130 131 130 130 131 133 133 132 131 131 129 130 127 127 130 130 132 128 129 128 126 126 127 127 127 128 128 130 130 131 131 131 131 132 132 132 132 132 134 133 132 134 135 135 137 137 138 138 135 137 138 139 139 139 139 140 140 140 140 139 139 139 139 140 141 141 141 140 139 138 138 138 137 136 135 136 135 133 134 134 134 135
132 132 132 132 129 129 127 128 126 127 126 129 131 130 128 131 134 134 134 132 131 132 130 129 129 131 133 133 129 128 129 128 128 127 127 127 128 128 129 129 130 131 131 132 132 132 132 132 132 132 133 133 132 132 133 133 135 136 138 139 138 137 138 138 140 138 139 140 140 139 140 138 138 139 139 141 141 141 141 140 139 138 137 137 137 137 137 137 136 134 134 134 136 136
131 132 132 132 130 127 127 127 126 127 127 129 130 130 130 132 134 134 134 130 131 131 131 131 130 135 134 133 129 129 130 129 129 127 125 126 127 127 129 130 130 130 130 131 131 131 131 131 132 132 133 134 132 133 132 135 134 134 136 136 138 138 138 138 139 140 139 140 140 139 139 139 139 139 140 140 140 141 142 138 139 138 138 137 136 136 137 136 135 134 135 136 136 136
131 132 132 132 130 127 125 126 126 126 126 129 130 130 130 133 134 135 132 132 131 132 132 131 131 134 134 132 130 130 131 129 129 127 126 127 127 128 128 129 130 130 131 131 131 131 131 131 131 132 133 133 132 132 133 134 134 134 134 135 137 138 139 139 140 140 140 140 140 140 138 139 139 140 140 140 141 141 141 138 138 137 137 136 137 138 137 137 135 136 136 134 136 137
131 132 132 132 131 130 128 125 125 126 127 129 129 130 131 135 135 135 134 133 133 133 133 131 132 135 134 132 130 130 132 130 130 129 128 127 127 128 129 129 129 131 131 131 131 132 132 132 132 133 133 135 132 134 134 135 133 133 133 135 134 136 139 138 139 139 140 139 138 139 138 139 139 140 140 141 141 141 140 139 137 138 138 138 137 136 136 136 137 137 136 134 136 137
132 133 132 132 131 130 126 125 127 126 127 128 129 128 134 135 136 136 134 134 134 134 133 132 136 135 135 132 132 130 133 132 131 130 129 128 128 127 128 130 130 130 130 132 132 131 132 132 132 132 132 135 132 134 134 136 135 135 134 135 137 137 138 138 138 139 139 139 139 139 139 139 140 140 140 141 141 141 140 138 139 139 138 138 137 138 137 138 139 138 137 136 137 137
132 132 132 131 131 129 127 125 125 124 128 129 129 130 135 136 136 136 135 135 134 134 132 133 136 136 135 133 132 132 133 131 131 131 129 128 126 126 127 128 129 130 131 131 131 132 132 132 132 132 132 135 131 131 136 136 137 136 135 137 137 138 139 138 139 139 139 139 138 139 139 139 140 140 140 141 141 141 139 139 139 138 138 137 137 137 139 140 140 140 139 138 136 136
132 131 131 131 131 129 128 126 127 125 126 128 130 134 135 135 136 137 136 135 134 134 134 135 136 136 136 134 132 132 134 131 131 130 129 128 129 128 129 129 128 130 130 131 131 131 131 132 132 132 132 135 132 136 136 137 137 137 130 135 137 138 139 139 139 139 139 139 139 139 139 140 140 140 140 141 141 141 139 138 138 138 139 138 138 138 141 140 139 138 132 134 134 137
132 131 131 130 130 128 128 126 127 128 128 128 132 135 135 135 136 137 136 135 135 136 135 137 137 136 135 134 133 134 134 134 133 131 130 128 128 128 129 129 128 129 130 131 132 130 131 131 132 131 132 134 132 132 136 135 136 137 137 137 136 138 139 139 139 139 139 139 139 139 139 140 140 140 140 141 141 141 139 139 139 139 139 139 139 141 139 136 139 131 132 135 135 138
132 131 131 129 128 127 127 128 127 128 130 131 133 135 135 135 136 137 136 137 136 136 134 138 137 136 134 134 134 134 134 134 131 130 129 128 129 129 129 129 129 130 130 130 131 130 131 131 132 131 132 132 131 132 135 136 136 137 137 137 138 138 139 139 139 139 139 139 139 139 140 140 140 140 140 141 141 141 139 139 139 139 139 139 140 139 137 136 136 134 136 136 135 137
132 131 130 129 127 126 126 127 128 128 130 131 133 134 135 135 136 137 135 136 135 134 134 137 137 136 134 134 134 134 134 132 130 129 129 130 129 129 129 129 129 130 129 130 130 130 131 131 131 131 131 133 132 132 132 132 135 132 133 136 138 138 138 139 139 139 139 140 139 139 140 140 140 140 140 140 141 141 141 140 140 139 139 139 140 140 138 137 138 136 138 135 136 136
132 131 130 129 128 126 126 126 127 127 130 131 133 133 135 135 136 137 135 136 134 134 133 138 137 136 134 134 134 134 134 133 130 129 130 129 130 129 128 129 129 130 129 129 130 130 130 131 130 131 130 131 132 132 131 132 132 132 134 134 132 134 136 137 139 139 140 139 140 140 139 140 140 140 140 140 141 141 141 141 140 140 140 140 140 138 137 136 136 136 135 135 135 135
132 132 131 130 129 128 127 126 127 128 129 131 132 132 134 135 136 137 135 135 134 133 133 135 137 135 135 134 134 134 134 134 133 129 129 129 129 130 129 130 129 131 129 129 130 130 130 130 130 130 129 128 128 134 131 130 132 131 132 134 133 133 133 135 137 140 140 140 141 141 141 141 141 140 140 140 141 141 141 141 142 140 141 139 139 138 139 134 134 135 134 134 135 135
132 132 132 131 131 130 129 129 128 128 131 131 130 132 131 134 135 136 137 136 134 134 133 134 137 135 133 134 135 135 134 132 133 130 130 132 132 131 130 129 128 131 128 128 128 129 129 129 129 128 126 130 131 130 134 131 131 130 131 136 132 131 132 133 137 139 139 141 142 141 141 141 141 141 141 141 142 142 142 142 142 141 140 140 139 138 135 133 133 134 134 134 134 133
133 133 133 132 131 130 129 130 128 128 129 131 130 131 132 134 135 135 136 136 133 132 134 136 137 136 135 135 135 135 134 132 134 133 130 133 130 131 129 126 128 130 128 128 128 129 129 129 128 123 123 123 128 130 134 131 130 129 131 131 132 131 130 132 137 138 139 141 142 142 142 141 141 141 141 141 141 141 142 142 142 141 140 138 140 139 135 134 135 135 131 133 134 134
134 134 135 133 132 131 132 130 129 129 130 131 131 131 133 134 135 135 136 135 134 134 132 133 135 136 135 135 135 135 134 132 133 133 131 130 131 130 128 126 129 129 128 128 128 128 129 128 126 129 128 130 129 130 134 131 130 129 130 134 132 134 134 134 134 139 141 141 142 142 142 142 141 141 141 141 141 141 142 142 142 141 140 140 139 137 134 135 135 134 133 134 132 134
136 137 136 135 134 132 133 132 131 130 130 130 131 131 133 133 134 135 135 135 133 131 131 134 136 135 135 135 134 134 132 132 133 132 133 132 130 131 128 129 130 130 129 127 128 128 128 128 128 128 128 129 130 131 132 131 131 131 132 134 133 134 134 134 134 139 142 141 142 142 142 142 142 142 142 142 142 142 143 142 142 141 140 138 137 137 134 133 135 134 134 133 134 133
139 139 136 137 135 134 133 132 131 130 130 130 131 131 132 133 134 134 135 134 134 132 133 134 135 135 134 134 134 132 132 133 132 132 133 133 130 130 130 130 129 129 129 129 128 128 128 128 127 127 128 129 130 133 131 133 131 131 132 133 134 132 135 135 135 139 141 142 143 143 143 143 143 142 142 142 142 142 143 143 143 142 140 140 137 137 136 134 132 130 129 131 133 132
140 139 137 137 136 134 132 132 132 132 130 130 130 130 133 133 134 134 135 134 133 134 134 135 135 135 134 134 134 132 132 133 132 132 132 132 130 129 130 130 129 129 129 129 128 128 127 127 127 127 128 129 129 130 129 132 131 130 128 132 134 135 133 134 135 138 141 142 142 143 143 143 142 143 142 142 142 142 143 143 141 140 135 132 130 133 132 131 127 124 115 125 132 130
139 139 138 137 136 135 134 134 133 133 131 129 130 129 132 133 133 133 133 134 134 134 133 134 134 134 135 134 132 131 133 133 133 132 133 129 130 129 130 130 129 129 129 129 127 127 127 127 126 127 128 129 130 129 130 132 130 129 132 134 133 132 130 129 129 132 133 139 142 142 142 142 143 143 143 143 142 142 143 142 138 136 127 127 133 132 130 125 119 118 119 125 132 130
140 139 138 135 136 136 135 134 134 131 131 130 129 130 130 132 134 133 133 132 133 134 134 135 134 133 135 134 131 131 132 132 132 131 132 132 130 130 130 130 129 129 129 128 128 127 127 127 128 128 129 130 128 127 129 131 130 126 129 129 133 132 129 130 129 126 129 130 141 141 143 143 142 142 143 143 143 143 143 142 138 128 130 133 132 130 126 121 117 107 117 118 132 129
139 139 138 137 134 134 134 134 134 131 131 129 128 129 129 132 132 132 133 133 133 132 134 135 134 134 134 133 131 132 131 130 128 129 132 132 129 130 129 129 129 129 129 128 128 127 126 128 128 127 129 128 128 126 130 130 126 123 129 129 129 133 132 132 130 127 127 134 136 140 141 143 140 143 144 144 144 143 143 141 138 135 132 135 131 126 117 113 99 107 109 121 129 111
138 139 138 136 136 135 133 133 133 132 131 130 129 130 130 132 132 132 133 133 133 133 133 135 135 134 133 132 132 132 131 129 127 129 131 131 130 130 129 129 129 129 128 127 126 126 126 127 128 128 129 127 125 125 129 131 125 128 124 128 129 130 129 131 130 125 125 127 126 136 136 136 132 130 139 144 144 144 143 142 139 131 137 133 129 119 108 94 107 94 116 130 124 103
136 136 137 135 134 134 133 133 132 130 130 129 129 130 130 131 132 131 131 133 133 133 133 134 135 133 133 133 131 130 129 125 125 129 129 132 130 129 129 130 130 129 128 127 125 125 126 124 128 128 126 127 124 127 129 129 130 130 125 122 121 124 134 132 130 124 124 113 120 132 128 118 124 127 136 143 143 144 143 142 141 136 126 126 123 111 -999 112 95 107 116 130 113 107
136 136 137 134 133 135 133 133 132 130 130 129 129 130 131 130 132 132 131 132 133 133 133 134 134 133 132 130 129 129 128 127 125 129 128 130 130 130 131 130 129 128 125 126 126 123 126 128 130 128 126 122 121 122 123 124 124 129 126 118 112 123 130 132 130 130 129 121 118 130 113 114 127 121 134 141 143 144 143 143 141 131 114 117 121 105 -999 105 94 113 120 129 112 108
134 135 136 134 133 132 132 132 131 131 130 129 129 130 130 130 131 132 131 131 132 131 132 132 132 133 132 130 125 116 116 116 122 129 128 129 131 128 130 122 118 119 121 116 117 121 124 128 132 127 117 110 112 114 109 116 126 129 131 126 119 121 130 132 131 128 122 121 119 129 126 118 113 121 135 142 143 143 143 142 142 136 115 117 -999 -999 -999 103 107 118 129 117 94 84
134 134 134 132 133 133 132 131 131 131 129 129 129 130 129 130 129 129 130 130 132 132 132 132 132 131 131 120 116 107 109 114 123 128 128 130 130 130 121 112 108 119 121 113 108 109 122 126 132 130 120 117 117 109 117 123 119 123 131 120 122 115 126 133 132 128 117 103 111 124 117 107 125 124 138 132 119 131 128 142 142 137 132 -999 -999 -999 -999 97 112 126 117 114 102 83
132 133 132 133 132 131 130 131 130 130 129 128 129 130 130 130 131 131 132 132 132 132 132 132 131 131 122 121 110 118 112 118 124 128 128 130 129 129 115 114 105 108 115 110 108 116 117 127 130 131 128 124 121 118 108 120 116 120 131 119 114 116 124 133 132 130 126 107 118 107 111 109 110 115 135 127 109 115 129 136 142 135 109 -999 -999 -999 -999 -999 113 128 105 95 94 88
129 131 130 131 131 130 129 130 129 129 129 128 125 124 128 126 128 130 132 132 132 132 132 132 131 131 124 124 121 116 112 117 125 128 129 130 128 128 127 126 127 113 111 104 115 115 122 125 128 131 130 123 116 112 106 110 117 114 127 128 130 131 131 132 132 130 129 115 105 89 103 102 114 118 121 135 114 115 129 136 142 135 -999 -999 -999 -999 -999 -999 -999 -999 115 111 97 101
125 126 128 129 130 130 130 129 129 129 130 128 126 126 128 126 123 127 131 131 131 131 132 131 130 130 119 115 117 117 112 112 123 128 129 130 129 129 121 117 116 118 117 105 103 119 119 126 128 130 130 130 122 122 117 113 116 115 111 127 130 117 123 118 127 133 132 127 115 109 103 110 119 119 126 127 112 118 117 119 141 141 -999 -999 -999 -999 -999 -999 -999 -999 -999 -999 -999 -999
126 127 128 129 129 129 129 129 129 129 129 128 126 126 126 124 125 129 131 131 131 131 131 132 130 125 121 113 106 115 115 120 124 126 128 129 130 128 116 117 111 115 114 111 108 111 123 115 113 126 130 130 129 129 130 115 106 113 107 119 115 100 121 101 118 131 129 133 125 125 114 119 120 122 124 123 117 120 115 118 140 141 -999 -999 -999 -999 -999 -999 -999 -999 -999 -999 -999 -999
125 126 127 128 129 129 129 129 128 128 129 128 127 126 123 126 128 131 131 131 131 131 131 131 127 120 121 119 118 108 111 118 120 119 128 129 130 128 122 107 103 103 94 111 115 121 108 104 111 121 129 129 122 118 129 115 102 108 99 111 108 98 106 106 118 126 129 129 133 132 125 117 114 126 125 131 133 128 124 131 127 141 -999 -999 -999 -999 -999 -999 -999 -999 -999 -999 -999 -999
123 124 126 127 127 128 128 129 127 128 129 127 125 125 127 130 129 131 131 131 131 131 131 129 120 112 116 114 112 111 105 115 111 106 125 127 130 128 121 112 110 107 105 108 116 116 94 113 120 128 129 118 118 92 115 110 98 106 111 116 111 99 99 105 112 122 124 103 109 127 126 107 112 117 111 116 125 132 131 135 136 139 140 -999 -999 -999 -999 -999 -999 -999 -999 -999 -999 -999
120 122 123 124 124 125 126 125 127 126 127 127 128 130 126 129 130 130 131 131 131 131 131 124 119 111 114 108 108 103 109 106 105 101 110 124 128 128 127 124 119 113 104 99 116 103 96 106 117 128 121 107 101 101 108 121 115 104 104 115 110 107 93 95 87 104 126 121 108 125 117 104 99 105 103 102 109 125 131 126 134 139 140 140 140 -999 -999 -999 -999 -999 -999 -999 -999 -999
