DE_airtemperature/2010/2010_05_air_temp_min.asc
NCOLS 654
NROWS 866
XLLCORNER 3280414.711633467
YLLCORNER 5237500.62890625
CELLSIZE 1000
NODATA_VALUE -999
[rows 371 to 423 of 866, columns 96 to 191 of 654]
54 57 57 57 56 57 57 57 57 57 57 57 57 57 57 56 56 55 55 55 54 55 54 55 55 55 55 55 55 55 55 55 54 55 54 56 57 57 57 57 56 56 56 57 57 57 57 58 58 58 59 59 58 58 58 59 59 58 60 60 61 60 59 59 59 58 57 58 58 58 58 58 58 58 57 57 57 57 57 56 56 56 56 56 56 56 56 56 56 56 56 56 56 56 56 57
55 56 56 56 56 57 57 57 57 57 56 56 57 57 57 56 56 55 55 55 54 55 56 56 56 55 55 55 55 55 56 56 55 55 55 55 56 56 57 57 56 56 56 58 58 58 58 59 59 59 60 59 59 59 59 59 59 59 59 60 60 61 60 59 59 59 58 58 58 58 58 58 58 58 57 57 57 57 56 56 56 56 56 56 56 56 56 56 56 56 56 56 56 56 56 57
54 55 56 55 55 56 57 57 57 57 56 56 57 56 57 55 55 55 55 55 55 55 55 56 55 55 56 55 55 55 56 56 56 55 55 56 56 57 57 57 57 57 57 58 58 58 58 59 59 59 60 60 60 59 59 60 60 60 60 61 60 60 60 59 59 59 58 58 58 58 58 58 58 58 57 57 57 57 56 56 56 56 56 56 56 56 56 56 56 56 56 56 56 56 57 57
55 54 55 56 56 56 57 57 57 57 57 56 56 56 56 55 55 55 55 53 55 55 55 56 56 56 55 55 55 56 56 56 56 55 57 57 57 57 57 57 57 57 57 57 58 58 58 59 59 59 60 60 60 60 60 59 59 60 60 60 60 60 60 59 59 59 58 58 58 58 58 58 58 58 57 57 57 56 56 56 56 56 56 56 56 56 56 56 56 56 56 56 56 57 57 57
55 54 53 55 55 56 56 57 57 57 57 57 56 56 56 55 55 55 55 54 54 54 54 55 55 55 55 55 55 56 55 55 55 55 57 57 57 57 57 57 57 57 57 57 57 58 58 59 59 59 60 60 60 60 60 60 60 60 61 60 60 59 59 59 59 59 58 58 58 58 58 58 58 58 57 57 56 56 56 56 56 56 56 56 56 56 56 56 56 56 56 57 57 57 57 57
56 54 54 54 54 56 56 56 56 57 57 57 57 57 55 55 55 55 55 56 55 55 54 54 54 55 55 56 56 56 56 56 56 56 57 57 57 57 57 57 57 57 57 57 57 57 58 59 59 58 58 59 60 60 60 60 60 60 59 59 59 59 59 60 59 59 58 58 58 58 58 58 58 58 58 56 56 56 56 56 56 56 56 56 56 56 56 56 56 56 56 57 56 57 57 57
56 56 56 55 55 56 55 56 56 56 56 57 57 57 56 56 56 55 56 55 55 54 54 55 55 55 56 56 56 56 56 56 56 56 57 57 57 57 57 57 57 57 57 57 57 57 58 58 59 59 59 58 59 59 60 60 60 60 60 60 59 60 60 60 60 60 58 58 59 58 58 58 58 58 58 56 56 56 56 56 56 56 56 56 56 56 56 56 56 56 56 57 57 56 56 57
56 56 56 56 56 56 56 56 56 55 55 56 56 56 56 56 56 55 55 55 55 54 55 56 56 55 56 56 56 56 56 56 57 57 57 57 57 57 57 57 57 57 56 57 57 57 58 58 58 58 59 58 58 58 58 58 59 60 60 60 59 59 60 59 59 59 59 59 59 59 59 59 58 57 57 56 56 56 55 55 55 55 55 55 54 56 55 56 55 56 57 57 57 56 56 56
56 56 55 55 56 56 56 55 55 55 55 55 55 56 56 55 56 56 56 56 56 54 55 55 56 56 56 56 56 56 56 57 57 57 57 57 57 57 57 57 57 56 56 56 57 57 57 57 57 58 58 58 58 59 59 59 58 58 58 58 58 58 58 58 58 58 58 58 58 58 58 57 57 57 57 56 56 56 55 55 54 54 55 54 54 54 56 56 55 55 56 56 56 56 56 56
55 55 55 56 55 55 55 55 55 55 55 54 54 54 54 55 55 56 55 56 56 56 56 56 56 56 56 56 56 56 57 57 57 57 57 57 57 57 57 57 57 57 56 56 56 56 56 57 57 57 58 58 58 58 57 58 58 59 59 59 58 58 58 58 58 58 58 58 58 58 57 57 57 57 57 56 56 56 55 54 54 54 53 54 54 54 55 55 55 55 55 56 56 56 55 55
54 55 54 55 56 56 55 55 55 55 53 53 54 54 54 54 56 56 56 57 57 56 56 56 56 56 56 56 55 55 56 57 57 57 57 57 57 57 57 56 57 57 56 56 55 55 55 56 57 57 57 57 58 58 58 58 59 58 57 59 58 58 58 58 58 58 58 58 58 58 57 57 57 57 56 56 56 56 55 54 54 54 53 54 54 54 55 55 55 54 54 55 54 55 55 54
56 55 56 56 56 56 55 55 55 54 54 54 53 54 54 53 55 56 56 57 57 56 56 56 56 56 57 56 56 57 57 56 56 56 57 56 56 56 57 57 57 55 55 54 54 54 55 55 57 57 57 57 56 56 57 57 57 57 57 57 57 57 57 57 57 57 58 57 57 57 57 57 57 57 56 56 56 54 55 54 54 53 54 54 53 53 54 54 54 53 54 54 54 54 54 54
56 55 56 56 56 56 55 55 54 54 54 53 52 52 53 53 53 55 55 57 56 56 56 57 57 57 57 57 57 57 56 56 56 57 57 57 56 57 56 55 54 54 54 54 55 55 55 56 55 55 56 55 55 56 56 56 56 56 57 56 56 57 57 57 57 57 57 57 57 57 57 57 57 57 55 55 55 55 54 54 54 53 53 53 54 54 53 54 53 52 54 53 53 52 53 53
56 56 56 56 56 56 55 54 54 54 54 53 53 52 53 53 53 54 54 56 56 56 57 57 57 57 57 57 57 56 57 57 57 57 57 57 57 57 56 54 54 54 55 55 55 55 55 55 55 55 55 54 54 55 56 56 56 56 56 56 56 56 57 57 57 57 57 57 57 57 56 57 56 56 55 55 55 55 54 53 53 52 53 53 53 53 52 53 52 51 53 52 52 51 52 52
56 56 56 56 56 56 55 55 54 54 54 54 53 54 53 53 53 54 54 56 56 56 57 57 57 57 57 57 57 57 57 57 57 57 57 57 57 57 56 55 55 56 56 55 55 55 55 55 55 55 55 55 55 54 55 55 56 56 56 55 55 56 55 57 57 56 57 57 56 56 56 56 56 56 55 55 54 54 54 52 52 52 52 52 53 51 51 52 51 50 52 51 51 50 51 51
57 56 56 56 56 56 56 55 55 55 55 54 54 54 53 53 54 54 56 56 56 57 57 57 57 58 58 58 57 57 57 57 57 57 57 57 57 57 57 57 57 56 55 55 55 55 55 55 55 55 55 55 55 54 55 55 55 55 55 55 55 55 55 55 55 56 56 56 56 56 55 56 55 55 55 54 54 53 53 52 52 52 52 52 51 52 52 52 51 50 51 50 49 50 51 53
57 57 56 56 56 56 56 56 55 54 55 55 55 55 55 54 54 54 55 55 56 56 57 57 57 57 58 58 58 58 57 57 56 57 57 56 56 56 56 56 57 56 55 55 55 54 55 55 55 55 55 54 54 53 53 54 54 55 54 55 55 55 55 55 55 55 56 55 55 55 55 55 54 54 54 53 53 52 52 51 51 52 51 52 51 50 50 51 50 50 50 50 49 53 53 52
57 57 56 56 56 56 55 55 54 55 55 54 55 55 55 54 53 53 54 56 56 56 57 57 58 58 58 58 58 58 57 57 57 57 57 57 56 56 56 56 56 56 55 54 55 55 55 55 55 55 54 54 54 53 53 54 54 54 55 54 54 54 54 55 54 54 55 55 54 54 54 54 53 53 53 52 52 51 51 50 52 51 51 50 50 49 50 50 49 48 49 48 49 52 51 50
57 57 55 55 55 56 55 54 53 54 55 54 55 54 55 55 53 54 54 56 56 57 58 58 58 58 58 58 58 58 58 57 57 57 57 57 56 56 56 56 56 56 55 55 54 55 55 55 55 54 54 54 54 54 53 53 53 54 53 54 54 54 53 54 54 54 54 54 54 53 53 53 53 54 53 51 51 50 50 51 50 50 50 49 49 49 48 48 47 47 48 47 52 52 52 49
57 56 55 54 53 54 53 53 53 53 55 56 56 56 56 55 55 55 56 56 56 58 58 58 58 58 58 58 58 58 58 57 56 56 56 56 55 56 56 56 55 55 54 54 54 53 53 53 53 53 53 53 53 53 53 52 52 52 52 52 52 52 52 52 53 53 53 53 53 52 53 52 51 52 51 50 50 50 50 49 49 50 49 49 48 49 47 47 47 47 47 50 53 52 48 47
56 55 55 52 52 52 53 54 54 55 55 55 55 55 56 55 55 55 56 56 58 58 58 58 58 58 58 58 57 57 56 56 56 56 54 54 54 54 54 54 54 54 53 53 52 52 52 52 51 51 51 51 51 52 52 52 50 50 51 51 50 50 51 51 51 52 51 52 52 53 51 51 51 51 50 50 49 49 50 50 49 48 49 47 47 47 46 46 49 50 51 51 51 53 50 51
53 53 52 52 52 52 52 53 54 54 54 55 56 55 56 55 55 55 56 57 57 57 57 57 57 57 57 56 55 56 55 55 55 55 53 54 54 52 52 53 52 52 52 51 51 51 49 50 50 49 49 49 49 50 50 50 49 49 49 49 49 50 50 50 49 49 50 51 51 50 50 50 50 51 49 49 49 49 49 49 48 47 46 46 46 45 45 47 46 48 50 49 48 49 49 53
54 52 52 52 52 53 52 53 54 54 55 55 55 55 56 55 55 56 56 57 57 56 56 56 55 55 55 55 55 56 55 54 55 53 54 52 53 51 51 51 51 49 50 50 49 49 48 48 48 47 47 47 49 48 47 49 48 48 47 48 48 48 48 48 48 47 48 50 49 49 49 49 48 48 49 49 47 48 48 47 47 46 46 45 45 44 46 45 47 48 49 52 49 48 48 49
55 53 52 51 52 52 53 52 54 54 55 55 54 54 56 55 55 55 55 55 55 55 55 55 54 54 54 55 55 55 55 53 54 52 52 52 52 50 49 49 49 49 49 48 49 46 47 47 45 46 45 45 45 47 46 46 45 46 45 45 45 46 46 47 47 47 48 47 47 48 48 47 48 49 48 47 47 46 46 45 45 45 44 44 45 44 45 45 46 47 48 51 49 48 48 47
54 52 51 51 52 52 52 53 54 55 55 56 55 55 55 56 55 54 54 55 55 55 56 55 55 55 55 56 55 55 53 53 52 51 51 51 52 51 50 50 51 51 49 50 47 49 49 49 47 46 47 45 45 44 44 43 42 44 44 44 43 45 45 45 45 45 46 46 46 47 48 48 46 46 46 48 47 47 47 47 48 46 46 46 46 45 45 46 45 46 49 49 52 48 48 47
53 53 51 52 52 52 53 53 54 55 55 55 54 54 55 56 56 56 56 56 56 56 54 56 55 54 55 54 54 53 53 53 52 52 54 52 51 50 49 48 50 52 50 51 50 51 49 46 48 45 44 43 42 45 45 46 44 46 45 45 45 46 46 47 48 47 47 46 48 47 47 47 47 47 49 48 49 48 47 47 46 46 46 45 45 46 48 46 44 46 45 48 48 51 48 50
54 53 52 51 53 54 55 54 54 55 54 53 53 54 57 55 55 57 56 56 55 55 55 54 53 53 53 53 53 54 55 55 54 53 53 53 51 51 52 50 53 53 52 51 50 49 45 44 48 45 42 41 41 42 43 44 45 43 46 47 47 47 48 49 48 49 48 48 47 48 47 47 50 49 50 50 50 51 51 49 50 47 47 47 46 49 49 46 45 45 45 45 47 49 46 51
54 54 53 53 53 53 54 54 54 55 54 54 55 55 56 56 56 56 56 56 55 55 54 52 52 53 54 55 55 56 56 56 56 55 55 55 54 53 53 54 53 52 52 51 49 48 48 45 47 44 40 39 41 43 43 40 41 44 45 45 45 46 44 44 46 46 50 50 49 50 49 48 45 49 46 47 47 49 48 48 49 49 49 49 47 48 46 48 47 46 47 45 45 47 49 49
55 54 53 54 55 53 55 54 54 53 55 57 57 57 56 56 56 55 54 55 55 53 52 54 56 56 56 56 57 57 57 55 55 56 55 55 55 55 54 52 52 52 50 48 48 46 46 45 46 44 45 40 43 42 43 41 42 42 45 45 46 46 47 47 44 45 46 47 49 48 48 49 47 46 47 46 47 49 49 47 48 48 44 45 47 45 48 44 46 48 45 45 45 48 47 48
54 53 52 53 56 54 56 56 57 55 57 57 57 57 54 54 54 53 53 53 54 56 56 56 57 57 57 58 58 57 56 55 55 54 53 54 54 54 54 51 49 48 45 46 47 46 46 44 43 44 45 43 43 41 41 42 42 42 44 44 45 44 44 46 47 43 44 45 45 44 46 46 45 44 46 46 48 48 49 47 46 47 48 49 47 44 46 46 44 43 48 45 46 46 47 47
54 56 55 57 57 56 58 57 57 57 56 54 55 55 53 54 53 52 52 55 56 57 56 57 58 58 58 57 56 56 55 55 55 54 53 53 53 54 53 52 50 45 46 46 47 45 44 44 43 43 45 43 41 40 41 42 39 40 44 45 42 45 41 42 45 47 47 48 48 47 48 48 44 43 44 47 47 47 46 46 44 44 47 46 47 47 48 44 45 43 46 48 42 46 43 48
54 54 58 58 58 58 57 58 56 55 54 53 52 53 52 52 51 53 55 53 54 58 58 58 59 56 56 55 55 55 55 55 54 55 55 53 53 53 53 52 49 51 49 46 46 44 43 43 41 41 45 45 45 45 44 41 40 41 44 43 41 42 44 45 46 45 46 46 45 46 45 47 45 46 45 44 47 46 47 47 44 47 43 45 48 44 45 47 48 44 43 45 47 45 47 45
58 58 58 57 58 56 54 59 58 57 56 52 52 51 55 55 52 52 53 56 55 58 58 59 59 57 54 53 53 55 56 55 54 54 53 53 52 53 50 51 54 51 48 47 49 47 46 43 42 42 45 44 45 47 46 45 46 45 46 45 43 44 42 43 42 46 43 43 43 42 44 44 46 43 45 42 46 45 46 45 46 46 46 44 46 48 46 44 42 42 44 43 45 46 44 43
60 58 57 53 55 55 55 58 60 53 54 52 53 56 56 50 58 58 59 59 59 59 59 59 58 57 57 56 53 54 54 54 55 54 52 52 51 49 51 53 52 54 51 49 49 47 47 43 43 44 44 46 46 47 47 47 48 47 42 44 41 41 40 43 43 44 45 46 44 42 43 43 44 44 44 43 45 44 49 42 43 43 46 43 44 47 43 44 43 43 44 42 41 44 45 45
58 57 56 55 53 56 57 57 60 54 53 56 53 53 57 59 57 58 59 58 58 59 58 58 57 55 53 55 54 54 54 53 53 51 51 50 49 49 52 53 50 52 52 49 47 46 44 42 42 41 44 42 45 47 44 46 47 48 47 43 43 39 40 39 42 41 42 42 43 41 41 42 43 42 43 43 43 45 43 44 40 40 44 42 43 42 42 42 42 42 41 40 42 45 46 46
54 58 58 55 54 54 57 60 60 58 56 56 60 60 58 60 58 58 59 59 57 57 54 54 55 55 54 54 52 54 52 51 53 54 51 50 50 50 49 52 48 51 52 50 47 45 42 41 43 41 40 39 42 47 44 42 41 47 47 47 46 40 41 45 46 46 45 42 42 38 39 40 43 40 39 41 41 40 41 38 41 42 41 42 42 41 42 42 42 42 42 43 45 45 46 46
55 57 59 55 55 59 55 57 58 60 61 58 61 58 60 60 59 58 59 60 60 57 56 56 55 54 53 52 51 53 52 52 53 53 49 47 48 52 49 47 46 46 48 47 46 42 46 43 41 42 38 41 38 43 44 42 42 44 48 47 48 48 44 50 49 50 47 45 43 46 42 41 39 38 39 39 41 37 38 42 41 40 38 42 42 43 39 40 42 41 44 45 42 43 45 46
57 57 55 56 55 57 56 57 55 58 57 61 61 60 59 60 59 58 56 58 60 60 58 55 53 52 54 52 52 49 52 52 52 52 52 48 50 51 50 48 47 49 50 49 48 46 46 45 40 42 40 42 43 46 43 41 42 44 46 47 45 47 47 49 48 49 49 50 43 40 37 39 40 38 37 39 42 41 38 39 41 44 47 47 48 43 41 42 41 43 44 44 43 42 43 44
56 57 56 58 54 55 55 56 58 55 58 61 60 57 56 57 59 58 56 57 58 59 59 57 55 53 54 55 56 54 53 54 53 53 51 51 49 50 50 48 45 42 47 48 48 48 46 41 41 40 42 42 45 42 43 41 40 41 46 47 44 44 45 43 46 50 47 42 40 43 40 43 39 42 42 44 45 42 42 46 45 43 44 49 44 46 44 43 42 42 42 43 41 39 39 43
58 55 55 57 55 56 55 54 57 55 56 57 57 56 55 59 60 60 59 57 56 55 59 59 57 54 58 58 59 54 55 52 47 49 47 47 47 47 44 46 46 41 44 44 48 47 47 43 43 42 42 43 48 43 42 38 39 45 44 45 41 41 41 42 45 49 48 44 44 41 46 46 46 43 45 48 45 47 47 50 42 45 49 49 49 45 49 41 41 40 38 39 39 42 42 45
56 56 55 57 54 55 55 55 56 57 54 57 56 59 58 60 59 60 56 56 56 56 57 59 58 54 58 53 58 54 50 53 49 49 44 48 48 41 44 40 44 38 38 41 45 48 47 44 41 41 45 45 47 46 40 39 40 43 42 41 40 39 39 41 42 49 49 49 48 44 50 49 49 49 50 46 44 48 46 46 50 51 49 48 49 49 46 48 48 47 43 39 40 38 44 43
54 55 54 55 55 56 57 56 57 58 57 58 59 60 59 54 54 54 60 60 56 56 55 56 59 59 54 48 58 51 49 53 51 48 43 42 45 43 44 47 41 38 43 45 44 49 45 42 42 39 43 45 44 48 43 44 39 37 38 39 39 40 43 47 46 47 49 49 49 49 50 51 50 50 48 50 50 51 50 47 45 45 48 44 46 48 49 50 49 48 41 40 42 42 42 40
54 54 53 54 54 54 56 58 59 59 60 59 57 55 53 52 53 58 56 56 59 52 52 50 53 53 46 53 58 56 44 47 47 44 43 46 43 44 45 45 40 45 43 46 48 49 47 47 44 45 46 43 40 48 43 41 40 42 40 37 40 45 42 39 46 48 48 45 49 49 49 46 48 48 49 45 45 46 45 42 42 44 50 49 49 44 47 45 43 38 45 45 42 39 39 36
55 52 52 54 54 54 57 56 59 59 55 52 51 56 54 53 52 51 50 54 58 51 49 52 51 48 49 49 54 58 46 51 47 46 45 47 42 43 44 42 45 49 49 50 49 51 45 46 45 47 46 40 40 45 47 44 46 43 44 43 43 45 47 47 48 48 45 48 48 46 44 44 52 45 50 45 38 43 42 47 45 48 49 47 45 42 42 42 39 34 44 46 45 36 42 36
53 50 51 53 54 54 54 57 58 52 52 50 54 52 51 52 49 53 52 54 57 49 48 54 57 51 48 46 54 56 45 45 44 45 43 45 41 42 41 41 46 47 51 48 50 49 45 46 44 46 45 45 47 47 47 45 48 47 42 43 45 42 44 48 45 45 43 46 45 47 47 41 45 43 49 47 49 50 43 44 42 44 47 47 46 44 32 48 47 37 45 41 38 40 40 32
52 53 54 54 52 54 53 54 57 50 50 53 54 54 48 49 48 48 52 53 58 53 52 53 55 47 44 45 54 57 58 50 48 44 43 47 42 44 41 45 47 50 50 49 49 51 48 45 43 46 46 45 48 45 48 45 43 43 46 46 45 43 40 39 43 42 41 41 35 44 45 42 48 44 47 41 46 49 44 44 44 47 45 40 43 43 38 46 48 43 43 37 34 34 36 35
56 55 55 55 55 55 54 55 58 55 55 50 54 51 47 48 46 46 49 49 54 54 53 48 51 50 46 42 45 57 54 54 52 51 50 50 47 42 44 41 46 50 51 47 50 50 48 47 47 48 47 46 46 45 44 48 47 39 39 41 44 36 42 39 43 43 35 34 40 44 40 45 43 44 45 46 46 45 44 42 36 46 48 35 39 45 37 48 45 43 42 42 32 38 35 29
55 57 58 55 55 53 52 54 52 51 54 53 52 48 50 48 47 48 48 48 57 52 48 45 47 50 46 45 46 53 51 56 50 47 50 50 47 41 47 49 50 51 49 49 48 46 47 45 46 47 49 46 47 43 43 43 46 45 41 43 43 38 42 41 45 49 46 38 39 40 41 46 45 46 46 45 46 38 41 40 31 46 44 36 38 40 41 47 45 45 41 42 42 31 32 37
58 57 55 53 50 51 49 55 55 50 51 56 50 52 48 47 49 53 51 56 57 55 53 53 48 50 48 49 44 50 51 54 54 54 51 47 44 45 47 50 50 52 46 47 45 47 43 47 43 46 49 46 44 44 43 45 44 43 36 41 41 37 40 38 39 46 47 45 43 40 41 45 45 45 43 40 45 37 34 36 41 48 46 35 43 38 38 48 45 44 36 39 39 32 32 37
58 56 50 55 52 53 50 52 51 51 50 53 54 49 49 47 50 53 51 52 58 54 51 50 52 46 47 44 43 45 50 51 57 56 55 46 46 47 46 46 47 47 50 48 46 46 42 41 45 46 45 41 43 40 40 40 45 44 42 39 39 39 35 38 43 44 45 47 45 41 40 44 46 38 35 37 45 45 37 36 36 46 44 39 41 36 40 48 42 45 38 33 32 32 31 27
58 53 55 57 53 53 51 50 50 51 50 48 50 51 51 48 48 49 53 51 57 52 51 49 48 48 46 46 47 50 51 52 52 54 56 56 52 48 51 46 44 46 47 45 44 44 42 44 44 43 46 40 41 38 36 39 44 40 39 38 37 36 34 35 36 45 47 47 43 41 43 44 44 39 37 44 40 44 43 40 45 42 43 35 43 42 43 44 34 38 38 30 31 34 29 28
53 53 53 53 55 55 53 52 48 49 49 49 51 52 51 49 47 50 51 51 52 49 48 49 46 47 50 53 52 52 53 48 50 51 53 50 57 55 53 55 55 44 45 44 44 44 41 42 44 42 44 43 39 37 35 41 42 37 39 38 33 38 39 41 44 46 45 45 41 46 46 41 42 46 42 39 38 43 43 41 43 40 44 35 41 41 47 45 36 38 44 40 32 30 31 32
56 52 56 54 56 56 53 52 49 50 49 49 53 48 47 48 47 49 50 52 56 51 51 49 47 48 47 49 48 53 52 47 47 49 49 52 53 56 48 50 55 54 50 45 42 45 44 42 43 41 41 42 40 33 36 40 38 34 38 40 42 44 44 43 42 45 42 47 47 46 43 40 44 38 46 44 41 42 40 45 44 42 44 41 43 43 46 43 36 37 41 41 30 29 29 35
