DE_airtemperature/2010/2010_07_air_temp_min.asc
NCOLS 654
NROWS 866
XLLCORNER 3280414.711633467
YLLCORNER 5237500.62890625
CELLSIZE 1000
NODATA_VALUE -999
[rows 492 to 532 of 866, columns 0 to 93 of 654]
-999 -999 -999 -999 -999 -999 -999 -999 -999 -999 -999 -999 -999 -999 -999 -999 -999 -999 -999 -999 -999 -999 -999 -999 -999 131 131 131 131 130 130 129 131 133 140 140 138 136 133 132 131 132 134 135 133 134 134 136 136 138 137 134 135 137 139 135 136 137 137 137 137 137 137 137 136 136 136 137 136 136 135 136 137 136 138 138 138 139 140 140 140 139 139 140 140 139 138 138 140 141 140 141 144 148
-999 -999 -999 -999 -999 -999 -999 -999 -999 -999 -999 -999 -999 -999 -999 -999 -999 -999 -999 -999 -999 -999 -999 128 131 130 130 130 130 131 130 130 131 135 140 140 134 136 139 136 133 130 130 131 132 133 136 136 138 138 136 137 136 136 136 135 137 136 136 137 137 138 139 139 136 134 136 135 136 136 134 134 134 136 136 138 137 139 139 139 140 140 140 139 140 139 137 138 139 140 139 142 144 148
-999 -999 -999 -999 -999 -999 -999 -999 -999 -999 -999 -999 -999 -999 -999 -999 -999 -999 -999 -999 -999 -999 -999 127 131 131 130 130 128 129 130 133 138 136 140 132 131 131 134 134 131 130 129 125 131 132 134 136 136 138 136 136 137 135 135 137 135 135 136 137 138 138 138 138 138 136 133 135 134 135 135 133 132 135 135 134 135 138 138 138 139 139 138 138 139 138 137 137 138 139 141 145 145 148
-999 -999 -999 -999 -999 -999 -999 -999 -999 -999 -999 -999 -999 -999 -999 -999 -999 -999 -999 -999 -999 125 129 131 129 129 130 129 129 130 130 137 136 140 132 131 129 132 133 134 133 134 131 132 130 133 134 136 136 137 137 136 136 137 136 137 133 134 135 135 136 137 139 138 137 136 136 134 132 132 134 133 132 134 133 133 135 136 137 138 137 137 138 137 136 137 139 139 138 139 141 139 142 147
-999 -999 -999 -999 -999 -999 -999 -999 -999 -999 -999 -999 -999 -999 -999 -999 -999 -999 -999 -999 127 127 129 131 131 129 133 131 129 130 138 130 133 136 132 132 130 130 130 132 133 133 134 134 131 131 133 134 136 136 131 134 134 136 137 134 133 131 133 135 136 137 135 133 134 136 132 130 131 132 132 131 132 130 131 134 135 136 136 136 137 137 137 136 135 135 137 139 141 140 140 142 141 143
-999 -999 -999 -999 -999 -999 -999 -999 -999 -999 -999 -999 -999 -999 -999 -999 -999 -999 -999 126 129 129 130 132 135 135 132 137 137 138 134 134 131 137 129 130 129 129 129 129 131 133 133 129 135 133 133 134 135 133 129 132 132 135 135 132 131 131 132 135 138 136 132 132 132 134 134 132 130 130 131 130 131 130 132 132 135 135 135 135 136 136 135 135 137 137 137 139 142 137 138 140 144 142
-999 -999 -999 -999 -999 -999 -999 -999 -999 -999 -999 -999 -999 -999 -999 -999 -999 -999 -999 129 130 130 130 132 129 132 132 129 133 132 129 133 128 131 128 128 129 127 128 128 133 136 129 128 133 133 133 133 133 131 133 130 132 134 135 134 134 136 131 133 136 135 134 132 131 130 131 132 132 131 131 131 130 131 133 131 132 132 133 132 134 134 133 134 135 138 139 140 142 141 141 140 141 141
-999 -999 -999 -999 -999 -999 -999 -999 -999 -999 -999 -999 -999 -999 -999 -999 -999 -999 -999 -999 129 129 129 132 129 129 129 132 130 131 129 128 128 128 128 126 127 128 129 133 130 133 131 129 131 133 133 132 130 129 129 132 135 134 132 134 135 136 134 131 136 131 131 132 129 131 130 131 132 132 133 130 130 130 134 132 131 133 132 132 132 131 131 132 136 137 136 138 139 141 143 144 145 146
-999 -999 -999 -999 -999 -999 -999 -999 -999 -999 -999 -999 -999 -999 -999 -999 -999 -999 -999 -999 129 129 129 129 131 128 128 128 127 127 128 128 128 128 126 127 129 129 129 129 133 133 129 128 131 132 130 128 129 131 130 133 132 134 131 133 135 134 130 132 133 131 128 127 128 127 130 130 130 131 132 132 129 130 131 134 131 130 132 132 132 131 132 131 136 139 140 141 142 142 143 144 144 142
-999 -999 -999 -999 -999 -999 -999 -999 -999 -999 -999 -999 -999 -999 -999 -999 -999 -999 -999 -999 -999 129 128 128 129 129 128 127 126 127 126 129 126 126 126 130 129 131 132 132 130 128 128 129 132 131 132 130 130 129 128 128 130 131 129 133 133 132 132 134 134 132 131 130 126 128 128 130 132 130 135 130 129 131 134 135 131 131 132 131 133 132 130 137 138 137 138 141 140 140 142 138 143 143
-999 -999 -999 -999 -999 -999 -999 -999 -999 -999 -999 -999 -999 -999 -999 -999 -999 -999 -999 -999 -999 -999 127 128 128 128 129 128 126 125 128 128 126 125 125 126 129 128 133 133 130 127 128 128 128 129 131 129 128 130 130 128 129 129 130 133 131 132 132 132 134 132 134 130 128 127 130 130 132 131 133 131 128 131 133 134 135 130 131 131 138 132 133 136 134 134 132 131 139 136 138 140 141 142
-999 -999 -999 -999 -999 -999 -999 -999 -999 -999 -999 -999 -999 -999 -999 -999 -999 -999 -999 -999 -999 -999 126 128 -999 -999 126 127 126 125 126 124 124 125 127 128 128 128 131 133 129 128 128 127 129 128 129 130 128 129 129 128 128 129 130 131 129 130 131 128 130 132 134 131 128 126 131 131 130 132 135 134 134 134 138 137 135 132 136 131 136 127 129 129 130 130 130 129 133 134 137 137 140 139
-999 -999 -999 -999 -999 -999 -999 -999 -999 -999 -999 -999 -999 -999 -999 -999 -999 -999 -999 -999 -999 -999 -999 -999 -999 -999 -999 126 126 125 125 125 124 129 129 129 129 129 131 130 128 128 126 128 127 128 127 129 129 128 129 128 127 126 129 129 128 128 128 129 134 133 134 132 129 129 129 127 130 133 130 133 135 133 131 134 139 139 139 135 132 123 129 125 128 131 129 132 130 133 135 137 141 140
-999 -999 -999 -999 -999 -999 -999 -999 -999 -999 -999 -999 -999 -999 -999 -999 -999 -999 -999 -999 -999 -999 -999 -999 -999 -999 -999 -999 -999 -999 126 128 130 127 126 127 129 133 132 130 127 127 126 126 126 126 127 127 127 127 128 128 127 128 127 127 127 130 131 132 131 129 130 130 128 130 129 130 126 130 131 130 129 130 132 130 133 129 123 126 131 123 121 127 124 130 126 128 130 134 135 137 137 138
-999 -999 -999 -999 -999 -999 -999 -999 -999 -999 -999 -999 -999 -999 -999 -999 -999 -999 -999 -999 -999 -999 -999 -999 -999 -999 -999 -999 -999 -999 -999 125 124 124 124 125 130 130 129 130 127 127 124 124 124 126 128 127 126 128 129 129 129 128 128 128 129 127 130 132 130 130 129 130 128 131 132 130 129 131 134 132 130 132 135 140 139 133 123 125 124 128 126 124 126 126 129 132 133 135 136 136 137 139
-999 -999 -999 -999 -999 -999 -999 -999 -999 -999 -999 -999 -999 -999 -999 -999 -999 -999 -999 -999 -999 -999 -999 -999 -999 -999 -999 -999 -999 -999 -999 125 124 125 129 128 133 127 128 128 130 127 125 124 124 124 126 126 126 127 129 129 129 129 129 127 127 129 130 128 129 129 130 131 131 133 132 134 133 133 135 138 131 133 139 134 133 132 132 129 128 131 124 130 127 128 128 131 132 133 136 137 139 141
-999 -999 -999 -999 -999 -999 -999 -999 -999 -999 -999 -999 -999 -999 -999 -999 -999 -999 -999 -999 -999 -999 -999 -999 -999 -999 -999 -999 -999 -999 -999 125 124 127 127 125 131 125 127 128 130 129 127 126 126 124 125 125 125 128 127 128 127 128 128 127 126 128 127 128 129 131 133 132 134 133 132 135 133 132 135 136 133 136 138 131 139 130 128 131 133 130 128 127 130 127 128 126 129 132 133 135 136 138
-999 -999 -999 -999 -999 -999 -999 -999 -999 -999 -999 -999 -999 -999 -999 -999 -999 -999 -999 -999 -999 -999 -999 -999 -999 -999 -999 -999 -999 -999 -999 -999 124 124 125 125 130 125 127 129 127 127 126 127 126 125 124 125 126 128 129 127 126 127 128 127 127 130 130 131 131 131 132 133 133 133 135 136 136 131 133 133 137 138 130 131 138 129 133 130 124 128 126 127 124 125 123 125 128 133 133 134 135 135
-999 -999 -999 -999 -999 -999 -999 -999 -999 -999 -999 -999 -999 -999 -999 -999 -999 -999 -999 -999 -999 -999 -999 -999 -999 -999 -999 -999 -999 -999 -999 -999 -999 123 124 127 124 125 125 127 125 126 125 125 125 125 125 127 127 127 128 128 127 126 127 129 128 130 131 131 131 131 130 133 134 133 135 136 134 140 134 134 132 140 135 131 133 130 130 126 124 130 128 129 121 121 123 126 132 134 136 137 138 139
-999 -999 -999 -999 -999 -999 -999 -999 -999 -999 -999 -999 -999 -999 -999 -999 -999 -999 -999 -999 -999 -999 -999 -999 -999 -999 -999 -999 -999 -999 -999 -999 -999 122 124 127 125 123 124 125 128 125 124 124 125 125 126 126 127 126 127 127 127 127 127 129 128 127 129 128 131 131 132 132 133 134 132 135 141 135 138 139 139 136 132 134 127 131 131 133 124 124 125 123 121 122 125 126 128 129 135 134 136 137
-999 -999 -999 -999 -999 -999 -999 -999 -999 -999 -999 -999 -999 -999 -999 -999 -999 -999 -999 -999 -999 -999 -999 -999 -999 -999 -999 -999 -999 -999 -999 -999 -999 122 125 126 124 125 126 124 124 127 125 124 125 125 126 126 126 125 127 127 128 128 129 129 128 128 128 129 130 133 131 134 135 138 138 141 133 134 138 134 138 132 130 132 133 126 127 132 128 128 126 123 121 126 125 129 128 133 135 132 135 134
-999 -999 -999 -999 -999 -999 -999 -999 -999 -999 -999 -999 -999 -999 -999 -999 -999 -999 -999 -999 -999 -999 -999 -999 -999 -999 -999 -999 -999 -999 -999 -999 -999 122 123 123 125 123 123 122 122 125 124 125 126 126 126 125 126 127 129 126 130 130 132 129 129 130 129 129 128 129 129 133 133 134 137 134 132 130 132 137 139 136 132 130 124 127 131 134 130 123 120 123 122 126 128 126 125 130 129 128 135 135
-999 -999 -999 -999 -999 -999 -999 -999 -999 -999 -999 -999 -999 -999 -999 -999 -999 -999 -999 -999 -999 -999 -999 -999 -999 -999 -999 -999 -999 -999 -999 -999 -999 122 126 124 124 124 125 125 124 125 125 125 125 125 125 125 128 128 129 130 129 128 132 133 130 132 132 131 129 129 128 131 127 137 135 131 134 130 133 132 140 134 132 124 128 131 128 128 123 121 125 126 124 127 129 125 127 127 127 131 135 135
-999 -999 -999 -999 -999 -999 -999 -999 -999 -999 -999 -999 -999 -999 -999 -999 -999 -999 -999 -999 -999 -999 -999 -999 -999 -999 -999 -999 -999 -999 -999 -999 121 125 125 124 125 125 124 127 125 127 126 126 126 127 127 126 129 130 130 128 130 131 132 135 134 133 134 133 132 132 131 133 135 141 135 134 131 129 131 135 141 136 133 132 126 125 133 130 126 127 127 129 124 127 128 129 129 127 127 127 129 132
-999 -999 -999 -999 -999 -999 -999 -999 -999 -999 -999 -999 -999 -999 -999 -999 -999 -999 -999 -999 -999 -999 -999 -999 -999 -999 -999 -999 -999 -999 -999 -999 123 125 126 125 125 124 126 126 125 125 128 127 128 128 127 126 127 129 131 129 130 132 131 132 134 134 134 134 134 131 133 136 139 139 138 132 133 134 138 137 133 136 130 131 130 129 132 126 127 128 130 131 125 126 127 131 130 126 128 125 129 131
-999 -999 -999 -999 -999 -999 -999 -999 -999 -999 -999 -999 -999 -999 -999 -999 -999 -999 -999 -999 -999 -999 -999 -999 -999 -999 -999 -999 -999 -999 -999 121 125 126 126 126 125 127 126 127 125 127 128 128 127 129 125 125 127 127 129 131 132 130 129 133 133 134 137 135 134 134 136 138 137 142 139 136 135 135 139 138 134 133 133 130 128 126 127 130 124 125 128 128 131 129 132 132 127 131 132 129 126 132
-999 -999 -999 -999 -999 -999 -999 -999 -999 -999 -999 -999 -999 -999 -999 -999 -999 -999 -999 -999 -999 -999 -999 -999 -999 -999 -999 -999 -999 -999 -999 -999 125 125 126 127 129 128 129 125 125 128 130 126 128 130 129 127 125 127 128 129 130 130 132 134 134 135 135 137 134 139 136 141 138 139 140 137 139 137 138 138 138 138 136 133 133 128 122 125 126 123 125 125 127 132 127 132 132 132 131 128 129 134
-999 -999 -999 -999 -999 -999 -999 -999 -999 -999 -999 -999 -999 -999 -999 -999 -999 -999 -999 -999 -999 -999 -999 -999 -999 -999 -999 -999 -999 -999 -999 -999 126 127 125 128 126 127 129 128 126 128 129 127 127 129 128 128 128 126 129 128 131 131 132 132 133 134 133 133 135 136 140 138 136 139 142 141 139 135 134 137 136 134 137 135 130 124 126 127 130 128 129 128 129 128 132 133 130 136 130 129 131 133
-999 -999 -999 -999 -999 -999 -999 -999 -999 -999 -999 -999 -999 -999 -999 -999 -999 -999 -999 -999 -999 -999 -999 -999 -999 -999 -999 -999 -999 -999 -999 -999 126 127 127 126 129 126 125 128 128 128 131 130 130 131 130 127 127 128 129 131 131 131 131 131 131 131 135 134 136 136 136 137 138 141 142 138 136 137 136 135 133 134 134 132 130 131 128 126 127 126 131 129 128 127 128 129 129 130 136 138 134 131
-999 -999 -999 -999 -999 -999 -999 -999 -999 -999 -999 -999 -999 -999 -999 -999 -999 -999 -999 -999 -999 -999 -999 -999 -999 -999 -999 -999 -999 -999 -999 -999 -999 -999 126 126 127 126 125 125 127 129 127 131 126 128 131 131 128 129 129 131 130 130 131 130 131 133 133 134 135 135 135 140 138 138 137 137 136 133 132 131 134 130 131 131 132 130 131 127 128 130 133 125 133 134 135 129 135 134 129 130 133 136
-999 -999 -999 -999 -999 -999 -999 -999 -999 -999 -999 -999 -999 -999 -999 -999 -999 -999 -999 -999 -999 -999 -999 -999 -999 -999 -999 -999 -999 -999 -999 -999 -999 -999 126 125 128 129 127 126 127 126 125 128 127 127 126 131 131 129 131 129 131 130 130 130 132 131 133 135 135 134 136 135 137 141 137 136 133 136 131 130 128 128 127 129 131 132 133 130 131 131 135 132 129 129 134 135 138 139 132 132 134 133
-999 -999 -999 -999 -999 -999 -999 -999 -999 -999 -999 -999 -999 -999 -999 -999 -999 -999 -999 -999 -999 -999 -999 -999 -999 -999 -999 -999 -999 -999 -999 -999 -999 -999 125 125 126 126 126 123 127 125 125 127 127 125 129 129 132 131 128 131 132 131 130 130 129 130 134 135 135 134 135 133 132 137 135 133 133 132 130 129 128 128 129 131 130 133 132 132 132 132 134 128 127 132 130 132 128 133 136 138 136 138
-999 -999 -999 -999 -999 -999 -999 -999 -999 -999 -999 -999 -999 -999 -999 -999 -999 -999 -999 -999 -999 -999 -999 -999 -999 -999 -999 129 128 -999 -999 -999 -999 127 125 127 126 124 125 122 125 125 127 125 129 125 129 130 131 133 131 132 132 132 130 129 129 132 133 134 135 134 133 131 132 134 138 137 135 135 135 131 129 129 130 131 132 133 135 131 134 132 129 129 130 132 130 131 131 132 134 136 139 139
-999 -999 -999 -999 -999 -999 -999 -999 -999 -999 -999 -999 -999 -999 -999 -999 -999 -999 -999 -999 -999 -999 -999 -999 -999 -999 -999 132 132 130 131 128 127 126 126 126 124 126 125 123 124 125 126 127 125 125 127 130 131 133 132 133 133 132 130 129 131 133 134 132 135 133 135 133 133 133 134 133 136 136 133 132 128 129 131 131 132 133 130 131 130 131 132 130 132 133 133 131 134 128 136 138 140 141
-999 -999 -999 -999 -999 -999 -999 -999 -999 -999 -999 -999 -999 -999 -999 -999 -999 -999 -999 -999 -999 -999 -999 -999 -999 -999 -999 130 130 127 129 128 127 126 125 124 126 125 126 126 125 125 126 125 126 126 128 129 131 131 133 131 130 130 130 130 130 135 131 133 133 135 132 132 132 132 133 132 134 134 133 132 128 129 130 132 131 129 132 132 131 131 132 133 132 133 134 134 135 133 133 137 138 140
-999 -999 -999 -999 -999 -999 -999 -999 -999 -999 -999 -999 -999 -999 -999 -999 -999 -999 -999 -999 -999 -999 -999 -999 -999 -999 129 128 129 127 128 129 126 126 123 123 126 129 127 126 127 126 124 126 126 129 129 129 131 131 133 132 129 131 130 130 133 132 130 131 131 133 132 131 131 130 130 129 129 130 133 132 131 128 128 130 129 131 131 131 132 134 132 132 133 132 134 136 134 134 135 136 138 140
-999 -999 -999 -999 -999 -999 -999 -999 -999 -999 -999 -999 -999 -999 -999 -999 -999 -999 -999 -999 -999 -999 -999 -999 -999 -999 128 126 127 126 127 127 125 123 123 126 128 128 129 126 125 124 124 126 126 127 130 130 130 130 134 133 131 131 130 132 132 129 132 131 130 133 130 131 130 131 131 130 128 130 131 132 131 128 128 129 129 131 131 131 132 133 135 132 133 134 136 136 136 137 135 135 136 138
-999 -999 -999 -999 -999 -999 -999 -999 -999 -999 -999 -999 -999 -999 -999 -999 -999 -999 -999 -999 -999 -999 -999 -999 -999 129 127 128 128 126 126 125 122 123 127 128 126 129 127 126 126 126 124 126 127 129 131 129 130 130 132 133 132 131 128 130 131 130 130 129 133 130 126 128 128 128 128 128 128 127 130 130 128 128 129 129 132 133 132 133 134 133 134 136 136 133 137 131 133 138 136 135 135 136
-999 -999 -999 -999 -999 -999 -999 -999 -999 -999 -999 -999 -999 -999 -999 -999 -999 -999 -999 -999 -999 129 129 126 129 128 126 127 126 126 126 123 122 126 127 129 127 129 127 129 125 124 124 125 129 128 130 130 131 130 131 133 133 131 129 127 129 127 127 127 130 128 129 128 125 126 126 129 129 129 128 127 126 124 129 130 128 131 132 132 134 135 135 126 130 133 134 131 133 136 138 136 136 136
-999 -999 -999 -999 -999 -999 -999 -999 -999 -999 -999 -999 -999 -999 -999 -999 -999 -999 -999 -999 133 131 130 130 130 128 128 127 128 126 123 121 125 126 127 128 126 127 129 124 123 123 124 125 128 128 131 128 131 129 129 131 133 132 130 129 126 126 126 125 129 129 129 126 124 128 128 129 130 127 127 128 130 129 129 129 129 130 129 132 135 134 130 129 132 134 129 129 131 132 140 137 138 136
-999 -999 -999 -999 -999 -999 -999 -999 -999 -999 -999 -999 -999 -999 -999 -999 -999 -999 -999 -999 129 129 128 130 130 130 129 129 128 125 123 127 126 127 127 128 126 126 129 129 127 124 124 124 125 129 131 130 129 127 128 128 132 132 130 131 130 129 126 125 124 128 127 127 125 125 129 129 128 128 127 128 130 128 130 129 129 131 133 132 134 132 132 131 129 133 133 129 131 131 135 137 138 140
