DE_airtemperature/2010/2010_05_air_temp_min.asc
NCOLS 654
NROWS 866
XLLCORNER 3280414.711633467
YLLCORNER 5237500.62890625
CELLSIZE 1000
NODATA_VALUE -999
[rows 265 to 317 of 866, columns 480 to 575 of 654]
70 70 70 70 70 70 70 71 71 71 72 72 72 72 72 72 72 72 73 73 73 73 74 74 74 74 74 73 73 74 73 73 73 73 73 74 74 74 75 74 74 75 75 74 74 75 76 76 76 76 75 75 74 74 74 73 72 72 73 72 72 71 71 70 70 70 70 70 69 69 68 68 68 68 68 68 68 68 68 67 68 68 70 69 68 68 68 68 68 68 68 68 68 68 68 69
70 70 70 69 70 70 71 71 71 71 72 72 72 73 73 73 73 73 73 73 73 73 74 74 74 74 74 74 74 74 74 73 73 73 73 74 74 75 75 75 75 76 76 76 76 76 77 77 77 77 77 76 75 75 74 73 73 72 72 72 72 72 72 72 71 70 71 69 69 69 69 68 68 68 68 68 68 68 68 68 67 68 70 69 69 68 69 69 68 68 68 68 68 68 68 69
69 70 70 70 70 70 70 71 71 71 72 72 73 73 73 73 73 73 73 73 73 73 74 74 74 74 74 74 74 74 74 73 73 73 73 74 75 75 75 76 76 77 77 77 77 77 78 78 78 79 78 78 78 76 74 73 73 72 72 72 72 72 71 72 72 70 70 70 70 69 69 68 68 68 68 68 68 68 68 68 68 69 68 69 68 68 69 68 68 68 68 68 68 68 68 69
69 70 70 70 70 70 70 70 71 71 72 73 73 73 73 73 73 73 73 73 73 73 74 74 74 74 74 74 74 74 74 73 73 73 74 75 75 76 76 77 77 77 78 78 78 78 78 79 79 79 79 78 78 77 75 73 73 72 73 72 71 72 72 72 72 72 71 69 69 69 68 68 68 68 68 68 68 68 68 68 68 69 68 68 68 68 67 68 67 68 68 68 68 68 68 69
70 70 70 70 69 69 70 71 71 72 72 73 73 73 73 73 73 73 73 73 73 73 74 74 74 74 74 74 74 74 74 74 74 73 74 75 76 76 78 78 78 78 79 78 78 78 78 79 79 80 79 78 78 77 76 74 74 73 73 72 72 72 72 72 72 71 70 70 69 69 69 68 69 69 69 69 68 68 68 68 68 69 68 68 68 68 68 68 67 68 67 67 68 68 68 69
69 69 69 69 70 70 70 71 71 72 72 73 73 73 73 73 73 73 73 73 73 73 74 74 74 74 74 74 74 74 74 74 74 74 75 77 78 79 80 80 80 80 80 79 78 78 78 79 79 79 79 78 77 77 75 74 73 73 72 72 72 72 72 71 71 70 70 70 69 69 69 69 69 69 69 68 68 68 68 68 69 69 68 67 68 68 68 67 67 67 67 67 68 67 67 69
69 69 69 69 69 70 71 71 71 72 72 73 73 73 73 73 73 73 73 73 73 73 74 74 74 74 74 74 74 74 74 74 75 74 75 78 79 80 81 83 83 82 81 79 79 78 78 78 78 78 78 78 77 76 75 73 73 72 72 72 72 72 71 71 70 70 70 69 68 68 68 68 68 68 69 68 68 68 69 69 69 68 67 67 68 68 67 67 67 67 67 67 67 67 67 69
69 69 69 69 70 70 71 71 71 71 72 73 73 73 73 73 73 73 73 73 73 73 74 74 74 74 74 74 74 74 74 75 75 75 76 78 79 80 82 84 84 83 81 80 79 79 78 78 78 78 78 77 77 76 74 73 72 72 72 72 72 72 71 70 70 70 69 68 68 68 68 68 68 68 69 69 69 68 69 69 69 68 69 68 68 67 67 68 68 67 67 67 67 66 67 68
69 69 69 69 69 70 71 72 72 72 71 72 72 72 72 73 72 73 73 73 73 73 74 74 74 74 74 74 74 74 74 75 75 76 76 79 80 82 85 86 85 84 82 80 79 79 78 78 78 78 77 77 76 76 74 72 72 71 71 71 71 71 70 70 70 69 69 69 68 68 68 68 68 68 68 69 69 69 69 69 68 69 69 68 67 67 67 68 67 68 67 67 66 66 67 67
69 70 69 70 71 70 70 72 72 72 73 72 73 72 72 72 72 72 72 72 72 73 74 74 74 74 73 72 73 73 73 75 76 76 78 80 81 84 87 89 87 85 83 82 80 79 79 79 78 77 77 76 75 74 73 72 71 70 70 70 70 70 69 69 68 69 69 67 67 67 67 67 68 68 68 68 68 69 69 69 69 69 69 68 68 67 67 67 67 67 67 67 68 68 68 68
70 70 70 71 70 70 70 71 72 72 72 73 72 72 72 73 72 73 72 72 72 72 73 73 74 73 73 73 73 73 73 75 75 76 78 80 81 83 85 86 85 84 83 81 80 80 79 79 77 77 76 75 74 74 72 71 70 69 69 69 68 68 68 67 67 67 67 67 66 67 67 67 67 67 68 68 68 68 69 69 69 69 69 69 68 68 68 68 68 68 68 68 68 68 68 68
70 69 71 70 70 70 71 72 72 72 71 73 72 72 72 73 73 72 72 72 72 72 73 73 74 73 73 73 72 73 73 73 74 74 77 80 81 82 83 84 84 84 82 81 80 80 79 78 78 77 76 74 74 73 71 70 69 69 68 68 68 68 67 66 67 67 67 65 66 66 67 67 67 67 68 68 68 68 69 69 69 69 69 68 68 68 68 68 68 68 68 68 68 68 68 68
70 70 71 71 70 71 71 72 72 72 72 73 73 72 73 73 72 72 72 73 72 72 74 74 74 72 73 73 73 72 72 73 74 74 77 79 81 81 82 83 83 83 82 81 80 79 78 78 78 77 76 74 73 72 71 69 69 68 67 67 67 66 65 65 66 66 64 64 66 66 66 67 67 67 68 68 68 68 68 69 69 69 69 68 68 68 68 68 68 68 68 68 68 68 68 68
71 71 70 70 71 72 72 72 72 72 73 73 73 72 72 72 72 72 72 72 72 73 73 74 74 73 73 72 72 71 71 71 72 73 76 77 79 79 80 80 80 80 80 79 78 78 78 77 76 76 75 74 73 71 70 69 68 66 66 66 65 65 64 64 64 64 64 64 65 66 66 66 67 67 68 68 68 68 69 69 69 69 69 68 68 68 68 68 68 68 69 68 68 68 69 68
71 71 71 72 72 72 72 72 72 72 72 73 73 73 73 73 73 73 72 73 72 72 73 73 74 73 72 71 71 71 70 70 71 72 75 76 77 79 79 79 79 80 80 79 78 78 77 76 75 75 74 73 72 71 69 67 66 65 65 64 63 63 63 63 61 61 62 64 64 65 66 67 67 67 68 68 68 68 69 69 69 69 68 68 68 68 68 69 69 69 70 70 70 69 70 70
71 70 71 72 72 71 72 72 72 71 73 73 73 73 74 73 73 73 73 73 72 72 73 73 74 73 72 71 71 71 70 69 70 71 75 77 77 78 79 78 78 78 78 77 78 78 76 75 75 75 74 73 72 71 69 67 66 65 64 62 62 62 62 61 60 61 63 64 64 64 66 67 68 67 68 68 68 68 69 69 68 69 69 68 68 68 69 69 69 70 70 70 70 69 70 70
71 71 71 72 72 72 72 72 72 72 73 73 73 73 74 74 72 73 74 73 72 72 74 74 74 73 72 72 71 71 70 70 70 71 74 76 77 77 78 78 78 77 78 77 77 77 76 75 75 74 73 72 72 70 68 67 66 63 62 61 61 60 60 60 61 61 62 63 64 65 65 66 67 68 68 68 68 68 69 69 69 69 69 68 68 68 69 70 70 70 70 70 70 70 70 70
71 71 71 72 72 72 72 72 73 73 73 73 73 74 73 73 73 73 73 74 73 73 74 74 73 73 72 72 71 71 71 71 71 72 73 75 76 77 77 77 77 76 77 76 76 75 75 75 74 74 73 72 71 69 68 66 64 61 61 61 60 60 60 60 61 60 61 62 64 64 65 66 67 68 68 68 68 69 69 69 69 69 69 69 70 69 70 70 70 71 71 71 69 70 70 70
71 71 71 72 72 72 71 73 73 73 73 74 74 74 73 73 73 74 74 73 73 74 73 74 73 73 72 72 72 72 71 71 72 72 73 74 75 76 76 76 76 76 75 74 75 74 74 73 74 74 73 72 70 69 66 64 63 61 60 59 59 59 59 59 60 60 61 62 62 63 65 67 68 68 68 69 69 69 69 69 69 69 69 70 69 69 70 71 71 71 71 71 71 71 70 70
71 71 71 72 72 71 71 72 73 73 73 74 74 74 74 74 73 73 73 74 74 73 73 74 74 73 72 72 72 72 72 72 72 72 73 74 75 75 76 76 76 76 75 74 73 74 73 73 73 73 72 71 71 69 65 64 62 61 60 59 58 58 59 58 58 59 60 62 63 64 65 68 69 69 69 69 69 69 69 69 69 69 70 69 69 70 70 71 71 71 71 71 71 71 71 70
71 71 71 72 72 72 71 73 73 73 74 74 73 73 73 73 74 74 74 74 73 72 73 74 73 73 73 72 72 72 72 72 72 73 73 74 75 75 75 75 75 75 74 73 73 73 73 73 73 72 72 71 70 69 67 64 62 61 59 58 58 58 58 58 58 59 60 61 62 63 65 67 68 68 69 69 69 69 69 69 69 70 70 69 70 70 71 71 71 71 71 71 71 71 71 71
71 71 70 71 72 72 73 73 73 72 73 73 73 73 73 73 74 74 73 72 72 73 73 74 73 73 73 73 72 72 72 72 73 73 73 74 74 75 75 75 75 74 74 73 73 73 73 73 72 72 71 70 70 68 67 65 63 60 60 59 59 58 59 59 59 59 61 61 63 64 65 66 67 68 69 69 69 69 69 70 70 70 70 70 71 71 71 71 71 71 71 71 71 71 71 71
70 71 71 72 72 72 72 73 73 73 73 74 73 73 73 74 75 75 73 73 73 74 73 73 73 73 73 73 73 73 72 73 73 73 73 74 74 74 74 74 74 74 74 73 73 73 73 72 72 72 71 70 70 69 66 64 63 62 60 60 58 58 57 58 59 60 62 62 63 64 65 66 67 68 68 69 69 69 70 70 71 71 71 71 71 71 71 71 71 71 71 72 72 72 72 72
71 71 71 72 72 72 72 73 73 73 74 74 74 74 74 75 75 75 73 73 73 73 73 73 73 73 73 73 73 74 73 73 73 73 73 74 74 74 74 74 74 74 73 73 73 73 73 72 72 72 71 70 70 69 67 64 63 62 61 60 60 59 59 59 59 60 62 63 63 64 65 67 67 67 68 69 69 69 70 71 71 71 71 71 71 71 71 71 71 71 72 72 72 72 72 72
71 71 71 72 72 71 72 73 73 73 74 74 74 74 75 75 75 75 75 74 73 73 73 73 73 73 73 73 73 73 73 73 73 73 73 73 74 74 73 74 74 73 73 73 73 73 72 72 72 71 70 71 70 69 67 65 64 63 62 61 60 60 59 59 60 60 63 63 63 65 66 66 67 68 68 69 69 70 70 71 71 71 72 72 71 72 72 72 71 72 72 72 72 72 73 72
70 70 72 72 72 72 71 73 73 73 73 73 74 74 75 74 73 75 75 74 74 74 74 73 74 73 73 73 73 72 73 73 73 73 73 73 73 73 73 73 73 73 73 73 72 72 72 72 71 71 71 70 69 68 67 66 65 64 63 63 62 62 61 61 60 61 62 64 65 66 67 66 67 68 69 69 70 71 71 71 72 72 72 71 72 72 73 73 73 73 73 73 73 73 73 73
70 70 71 72 72 72 71 73 73 73 73 74 74 74 74 74 73 74 75 74 74 74 74 73 73 73 73 72 72 72 72 72 72 72 72 72 72 72 73 72 72 72 72 72 72 72 72 71 71 71 71 69 69 68 68 66 66 65 64 64 64 63 63 62 63 63 64 65 65 65 66 66 67 68 69 70 71 71 71 72 73 73 72 72 73 73 73 73 74 74 74 74 74 74 74 74
70 70 69 71 71 72 72 73 73 73 72 73 74 74 73 74 72 74 75 74 74 74 74 73 73 73 73 72 72 72 72 72 72 72 72 72 72 72 72 72 72 72 72 72 72 72 71 71 71 71 70 69 69 68 67 67 66 66 65 64 64 64 64 63 63 63 65 66 65 65 66 67 67 68 69 70 71 71 72 73 73 72 72 71 72 74 74 74 74 74 74 75 75 75 74 74
70 69 69 70 71 71 72 73 72 73 73 74 74 72 73 74 73 75 74 74 74 74 74 73 73 73 72 72 72 72 72 72 72 73 72 72 72 72 72 72 72 72 72 72 72 72 71 71 71 70 70 69 69 68 67 67 66 65 65 64 65 65 65 64 64 64 65 66 66 67 67 67 67 68 69 70 71 72 72 73 73 72 71 72 74 74 75 72 71 74 75 75 75 75 75 75
70 70 71 70 70 71 72 73 73 73 73 73 73 73 73 73 73 74 74 74 74 74 74 73 73 72 72 72 72 72 72 72 72 73 73 73 72 72 72 72 72 72 72 72 71 71 71 71 70 70 70 69 68 67 67 68 66 66 66 65 65 65 66 65 65 66 66 66 67 68 67 67 68 69 70 71 71 72 73 73 73 72 72 73 74 75 75 74 74 75 74 75 76 76 76 75
70 70 70 70 71 71 71 72 73 73 71 73 72 72 73 73 73 73 74 74 74 74 74 73 73 72 72 72 72 72 72 72 72 73 73 73 72 72 72 72 72 72 72 71 71 71 71 70 70 70 69 69 68 68 67 67 68 66 66 66 67 66 65 66 67 67 67 67 68 67 67 68 69 69 70 71 72 72 73 73 74 73 72 75 75 75 74 75 76 74 74 75 76 76 76 76
70 70 69 71 70 70 72 73 73 73 72 72 72 72 73 73 73 73 72 74 74 74 74 73 73 73 72 72 72 72 72 72 72 72 73 73 73 72 72 72 72 72 71 71 71 71 71 70 70 70 69 68 68 68 68 67 68 67 67 67 68 68 67 67 67 67 67 67 67 67 68 69 70 71 71 73 72 72 73 74 74 73 74 75 75 75 75 76 76 75 75 75 75 76 76 76
70 69 69 70 71 71 70 73 73 73 72 72 72 72 72 73 73 73 73 74 74 74 73 73 73 73 73 72 72 72 72 72 72 72 72 73 73 72 72 72 71 72 71 71 71 71 70 70 70 70 69 69 68 68 69 68 68 68 68 68 68 68 68 68 67 68 68 68 68 68 70 70 70 71 72 73 72 72 72 74 73 73 75 75 75 76 75 76 75 75 75 75 75 76 76 75
70 70 70 70 70 71 71 72 71 72 72 72 72 72 72 72 72 72 72 72 71 73 73 73 73 73 73 73 72 72 72 72 72 72 72 73 73 72 73 72 72 71 71 72 71 71 71 70 70 70 70 70 70 69 69 69 69 69 68 68 69 69 69 68 68 67 69 69 69 70 70 71 71 71 72 73 72 72 73 73 73 73 75 75 76 76 77 77 76 77 77 76 75 75 75 75
70 70 70 70 70 70 70 70 69 69 72 71 72 72 72 72 72 72 72 72 72 73 73 73 73 73 73 72 72 72 72 72 72 72 72 72 72 72 72 72 72 72 72 71 71 71 71 70 71 71 70 70 70 70 69 68 69 68 68 68 69 68 68 69 69 69 69 68 69 70 70 71 72 72 73 73 73 72 73 73 74 73 74 74 76 76 77 76 77 76 76 76 76 76 76 75
70 70 70 70 70 69 70 70 70 71 71 71 72 72 72 72 72 72 71 71 72 73 73 73 73 73 72 72 72 72 72 72 72 72 72 72 71 71 72 72 72 72 71 72 71 71 71 70 71 71 70 69 69 69 69 68 69 68 68 69 69 69 69 69 69 69 70 69 70 70 71 71 72 72 73 73 73 73 74 74 73 73 73 75 76 76 76 76 77 76 76 76 76 76 76 76
70 70 70 70 69 69 69 70 70 70 71 72 72 72 72 72 72 72 72 72 72 73 73 73 73 72 73 72 72 72 72 72 72 73 72 71 71 71 71 71 72 72 72 72 72 72 71 71 71 71 69 69 69 69 70 68 69 69 69 70 70 70 69 69 69 69 70 70 70 71 70 71 72 72 73 73 73 72 74 75 73 74 74 76 76 77 77 76 76 76 76 76 76 77 76 75
70 70 69 69 69 69 70 70 71 71 72 72 72 72 72 72 72 71 72 72 72 73 73 73 73 73 73 72 72 72 72 73 73 71 71 71 71 71 71 71 71 72 72 72 72 72 71 70 71 71 71 70 69 69 69 69 70 70 70 69 69 70 70 69 70 70 71 71 71 71 72 71 72 73 73 73 73 74 73 75 75 75 75 76 77 77 77 78 77 77 77 76 76 77 76 76
69 69 69 69 69 69 70 70 71 71 71 72 72 72 72 72 72 72 72 72 73 73 73 72 73 73 73 73 72 72 72 71 71 71 71 70 70 70 70 70 70 70 71 71 71 70 70 71 71 71 70 69 69 69 69 70 70 70 70 70 70 70 70 71 71 71 71 71 70 72 71 71 71 72 73 73 74 74 74 74 76 75 76 76 77 77 77 78 79 78 77 77 76 77 76 75
70 69 69 69 69 69 69 71 71 71 71 72 72 72 72 72 72 72 72 72 73 73 73 72 71 72 73 72 72 72 72 72 71 71 70 70 70 70 70 70 70 71 71 70 71 71 71 70 70 71 70 70 69 69 70 70 70 70 70 70 70 70 70 71 71 71 70 72 71 71 71 71 71 72 73 74 74 73 74 75 75 75 76 77 77 76 77 78 78 78 77 76 77 77 76 75
70 69 69 69 69 69 69 71 71 71 71 72 72 72 72 72 72 72 72 72 73 73 72 73 73 72 73 73 73 72 72 72 72 70 70 70 70 70 70 70 70 71 70 70 71 70 70 69 70 69 69 70 70 70 69 69 70 70 70 69 69 69 69 71 71 71 71 71 71 71 71 71 72 72 73 74 73 73 74 74 75 75 76 76 77 76 77 77 78 77 77 76 77 76 76 76
70 70 70 70 70 70 70 70 71 71 71 71 71 71 72 72 71 71 73 73 72 72 73 72 71 71 72 72 71 72 72 70 71 70 70 70 69 69 69 69 69 70 70 70 70 70 69 69 68 68 69 69 69 68 68 69 69 69 69 69 69 69 70 71 71 71 72 71 71 71 71 71 72 73 73 73 74 73 74 73 74 75 75 76 76 75 76 76 76 75 75 76 76 75 75 75
70 70 70 70 70 70 69 70 70 70 71 71 71 72 72 71 71 71 72 72 72 72 71 71 71 70 71 71 70 70 71 71 70 70 69 69 69 69 69 69 68 69 69 68 67 67 68 67 66 67 67 67 68 68 67 69 69 68 69 69 69 70 68 70 70 71 72 71 71 71 71 71 71 71 73 73 74 73 74 74 74 74 75 74 74 75 75 74 74 74 75 75 74 75 75 76
70 70 70 70 70 70 70 70 70 70 71 71 71 71 72 71 71 71 72 72 72 72 72 71 70 70 71 70 70 70 70 69 69 69 69 69 69 70 69 68 69 69 69 68 68 67 66 66 65 65 66 66 67 66 67 68 69 69 69 70 69 70 69 70 70 70 70 71 70 70 70 70 71 71 72 73 73 73 74 73 73 74 74 74 74 75 74 73 73 73 73 74 74 74 75 76
70 70 70 70 70 70 70 70 70 70 70 71 71 71 71 72 72 72 72 72 71 71 71 71 71 71 70 70 70 70 69 69 69 69 69 69 69 69 68 69 69 68 68 68 67 67 65 65 66 65 66 66 67 67 67 68 68 69 69 69 70 69 69 70 70 70 70 71 71 70 70 70 70 71 71 72 73 73 73 74 74 73 73 75 75 74 73 73 73 72 72 73 75 75 75 76
70 70 70 70 70 70 70 70 70 70 70 70 70 71 71 71 71 72 72 72 70 71 71 71 70 70 70 70 70 69 69 69 69 69 69 69 68 68 68 67 67 67 67 66 66 66 65 65 65 64 65 65 67 67 67 68 68 69 70 69 70 69 70 70 70 70 71 71 71 71 69 70 71 71 71 72 73 73 73 74 74 73 73 74 74 74 74 74 73 72 73 73 73 74 75 75
70 70 70 70 70 70 70 70 70 70 70 70 70 70 70 70 71 70 71 71 71 71 71 70 70 70 70 69 69 69 69 69 69 69 69 68 68 68 67 67 66 66 66 66 65 65 65 64 64 65 65 66 66 67 67 68 68 69 70 70 69 69 69 70 70 70 71 71 71 71 70 72 72 72 71 73 72 73 73 74 73 74 73 73 74 74 74 73 73 74 73 73 73 74 75 75
70 70 70 70 70 70 70 70 70 70 70 70 70 70 70 70 70 70 70 71 70 70 70 70 70 70 70 69 69 69 69 69 69 69 69 68 68 68 67 66 66 67 67 65 65 65 65 64 64 64 66 66 66 66 67 68 69 69 69 70 69 69 69 70 70 70 70 71 71 71 71 72 71 72 72 73 73 73 73 74 74 74 73 74 74 74 74 73 74 74 74 74 74 74 75 75
70 70 70 70 70 70 70 70 70 70 70 70 70 70 70 70 70 70 70 70 70 70 70 70 70 70 69 69 69 69 69 69 69 69 68 68 68 67 67 66 66 67 65 65 66 65 65 65 65 65 65 66 66 65 67 68 69 68 68 69 69 69 69 70 70 70 70 71 71 71 71 71 71 72 72 72 73 73 73 72 73 73 74 74 74 74 74 74 74 74 74 74 74 74 74 75
70 70 70 70 70 70 70 70 70 70 70 70 70 70 70 70 70 70 70 70 70 70 70 70 69 69 69 69 69 69 69 69 69 69 68 68 67 67 67 66 66 65 65 65 65 65 65 65 65 65 65 65 65 66 68 68 68 68 68 69 69 69 69 69 70 70 70 71 71 71 72 72 72 72 72 72 72 73 73 73 72 73 74 74 74 74 74 74 74 74 74 74 74 74 74 74
70 70 70 70 70 70 70 70 70 70 70 70 70 70 70 70 70 70 70 70 70 70 70 68 69 69 69 69 69 69 69 69 69 69 68 68 67 67 66 66 65 65 65 65 65 65 65 65 64 64 65 65 65 67 67 67 67 68 68 69 69 69 69 69 69 70 70 71 71 71 71 72 72 72 72 72 72 72 73 73 73 73 74 74 74 74 74 74 74 74 74 74 74 74 74 74
70 70 70 70 70 70 70 70 70 70 70 70 70 70 70 70 70 70 70 70 70 70 68 69 69 69 69 69 69 69 69 69 69 69 68 67 67 67 66 64 65 65 65 65 65 65 65 64 64 64 63 65 65 65 66 67 67 67 68 69 69 69 69 69 69 69 70 71 71 71 71 72 72 72 72 72 72 72 73 73 73 73 73 74 74 74 74 74 74 74 74 74 74 74 74 74
70 70 70 70 70 70 70 70 70 70 70 70 70 70 70 70 70 69 70 70 70 70 68 69 69 69 69 69 69 69 69 69 69 68 68 67 67 66 66 65 65 65 65 65 65 64 64 64 64 64 63 64 65 65 66 66 67 67 68 69 69 69 69 69 69 69 70 71 71 71 71 72 72 72 72 72 72 72 72 73 73 73 73 74 74 74 74 74 74 74 74 74 74 74 74 74
