DE_airtemperature/2010/2010_05_air_temp_min.asc
NCOLS 654
NROWS 866
XLLCORNER 3280414.711633467
YLLCORNER 5237500.62890625
CELLSIZE 1000
NODATA_VALUE -999
[rows 424 to 476 of 866, columns 192 to 287 of 654]
32 34 42 38 45 47 44 47 46 48 45 48 49 47 46 45 51 51 51 50 52 50 52 53 53 54 52 52 51 52 54 54 53 53 52 52 54 54 56 56 57 54 55 56 58 58 57 56 57 57 54 51 58 61 63 64 64 64 64 64 66 65 66 60 58 59 61 59 57 57 55 52 53 51 53 57 56 56 50 47 44 50 51 50 55 56 49 52 49 54 58 60 58 57 56 59
32 34 40 42 40 44 45 46 44 45 48 50 48 46 47 48 51 52 52 52 52 50 52 52 52 55 52 53 54 53 54 55 53 54 54 50 53 53 54 56 58 56 57 53 57 59 54 57 59 57 55 54 58 61 62 64 63 64 64 64 66 64 63 59 57 58 59 60 59 56 53 52 53 55 59 52 50 50 52 50 50 52 53 53 56 53 49 45 52 54 58 60 60 57 56 56
40 39 42 45 43 43 42 44 47 47 47 48 44 47 47 48 51 52 50 52 50 50 51 52 53 54 54 54 55 53 53 52 54 55 54 52 51 52 53 56 58 58 57 57 56 59 59 59 60 59 58 58 55 62 63 63 63 63 65 65 65 64 64 62 56 56 56 56 58 54 52 52 55 57 58 52 52 53 53 50 48 53 54 56 55 52 44 40 47 55 58 62 59 61 59 62
37 40 43 39 45 47 48 47 46 49 49 51 47 47 48 48 51 51 50 52 53 50 52 54 54 52 54 54 56 57 51 52 54 55 55 52 50 51 54 55 58 58 58 57 58 60 61 60 60 59 60 59 60 61 64 64 64 64 64 66 65 63 63 62 58 58 56 53 55 54 52 54 55 56 56 57 55 53 53 52 53 54 53 56 51 48 42 41 43 53 56 59 60 61 60 61
33 40 45 45 46 48 48 48 49 48 50 51 47 48 49 49 50 50 51 51 53 51 52 54 53 52 52 56 56 53 54 54 54 54 56 53 52 51 52 55 56 59 59 58 55 59 60 60 60 60 60 61 60 62 62 64 64 64 65 66 66 65 62 63 60 56 56 55 57 56 53 56 55 55 54 57 57 56 55 55 55 55 54 54 53 50 43 42 47 55 58 58 60 60 60 61
38 39 42 48 49 47 49 50 50 50 50 49 47 49 49 49 50 49 52 54 50 51 53 56 55 55 52 56 52 54 55 57 54 57 54 53 56 53 54 52 55 55 60 56 56 59 60 62 62 61 61 61 57 61 62 63 63 64 64 66 65 65 61 61 61 59 56 58 57 58 59 56 57 56 56 56 56 55 55 55 55 57 57 53 55 50 46 42 55 56 58 59 59 60 61 62
42 43 46 47 50 49 49 50 51 51 50 51 48 49 52 49 50 52 51 55 52 56 53 54 55 52 53 55 58 58 58 58 55 56 55 55 57 54 54 54 55 58 59 57 53 59 60 61 62 60 60 60 59 61 59 62 63 64 65 63 63 64 64 59 61 57 59 60 61 59 55 53 57 54 54 54 52 54 55 54 54 55 57 55 55 55 53 48 55 56 55 60 59 60 61 62
45 50 44 45 49 50 50 51 52 52 51 48 50 50 52 52 49 49 50 55 57 54 57 55 58 52 58 59 58 58 56 59 53 59 58 57 58 56 57 55 56 58 58 59 57 58 60 60 61 60 60 60 60 61 62 62 63 62 64 65 62 65 64 61 60 59 60 56 57 55 55 53 52 52 52 52 50 53 56 55 56 57 56 57 59 55 57 56 56 57 56 59 60 58 60 62
43 43 48 48 49 50 49 51 52 52 53 50 50 50 52 50 48 49 49 57 55 53 53 58 57 56 54 58 59 53 57 59 55 58 59 59 59 58 57 55 55 56 58 60 58 58 60 60 61 61 62 61 61 61 61 61 62 63 63 64 62 63 63 63 60 61 58 55 55 53 55 55 52 55 54 53 51 54 54 54 54 55 55 56 56 59 57 58 58 57 55 54 60 60 59 61
34 42 45 45 50 47 48 50 51 52 52 51 50 51 51 53 52 50 50 54 58 50 50 50 50 55 56 55 54 48 55 59 60 60 60 60 60 60 57 54 57 54 58 60 58 59 61 60 62 62 61 62 62 63 62 62 62 63 65 61 60 59 56 62 63 61 61 60 57 54 59 54 54 57 51 51 53 57 53 53 55 54 50 54 57 56 60 60 57 61 60 56 57 60 60 63
39 45 45 46 46 50 49 49 51 54 53 54 51 52 53 56 56 52 52 53 56 54 52 49 50 55 53 52 48 48 51 53 57 54 56 57 59 60 60 56 58 56 58 60 55 59 60 61 61 62 62 62 63 63 63 62 61 64 64 61 58 58 60 59 56 63 63 57 54 55 60 55 58 53 51 56 57 55 53 55 52 51 51 55 54 56 55 57 61 60 61 60 60 55 55 57
40 45 47 49 50 50 50 52 53 52 53 52 54 51 55 50 56 54 53 57 55 55 48 49 54 50 50 48 47 45 49 56 56 59 59 58 58 60 60 60 60 55 57 61 60 57 59 60 60 60 60 60 61 61 62 63 62 64 64 63 61 59 58 58 58 59 63 60 55 59 60 60 56 51 54 59 53 54 56 54 54 52 52 53 54 53 56 59 63 60 57 60 62 62 62 61
46 45 45 45 47 49 52 53 52 54 52 49 52 51 52 52 56 54 50 57 53 52 48 48 48 55 45 50 53 55 51 57 57 55 55 56 57 58 60 60 60 60 58 59 62 60 60 60 60 60 60 60 60 60 61 62 63 64 63 60 58 59 58 57 60 63 61 59 61 57 56 55 53 57 60 56 51 59 56 56 55 57 54 57 57 56 57 60 60 55 56 57 63 62 63 63
49 46 46 49 50 49 52 53 51 51 52 53 52 51 52 52 53 55 57 51 50 55 53 49 48 43 44 52 55 52 52 56 52 54 53 55 56 57 59 60 60 61 61 62 62 62 62 62 62 61 61 61 60 60 61 62 63 63 62 59 57 59 56 58 61 63 61 61 58 55 54 56 55 60 60 54 53 59 53 55 57 56 56 57 56 57 59 60 60 57 59 61 61 58 61 63
50 48 48 47 50 49 50 53 54 53 52 53 54 54 52 54 55 55 56 55 51 54 52 47 46 46 52 50 49 55 52 53 54 50 52 56 59 59 59 57 57 58 59 57 60 62 62 62 62 62 62 62 62 62 63 63 63 63 61 61 59 57 56 57 61 58 58 57 56 58 59 57 59 62 59 57 57 56 57 58 57 57 54 56 59 59 58 59 58 57 60 60 58 56 58 62
51 51 50 51 50 52 52 52 51 52 50 55 54 55 52 55 53 57 53 54 51 52 51 50 44 49 51 47 51 54 50 53 53 53 55 57 56 57 56 55 55 58 56 58 58 60 62 62 62 62 62 62 62 62 63 63 62 58 59 60 58 57 54 59 58 63 63 62 61 62 63 62 62 59 59 60 60 60 59 58 57 56 55 57 59 58 57 57 55 56 56 59 58 59 59 57
46 50 52 50 53 48 50 50 48 49 51 52 55 54 54 56 56 54 49 50 51 51 50 49 46 50 48 48 51 54 49 50 50 50 54 55 55 57 57 53 54 54 53 56 58 59 61 62 62 62 62 62 62 62 63 61 59 59 58 59 59 57 55 56 60 62 60 59 59 54 59 55 59 57 56 55 58 59 56 57 56 53 54 56 58 57 56 57 58 57 56 55 58 60 62 62
47 50 49 52 50 49 49 48 49 52 52 54 54 55 54 55 56 52 50 50 50 51 50 48 47 48 46 46 49 49 49 51 50 51 52 54 54 56 55 51 52 52 54 55 57 59 60 60 61 62 62 62 62 62 61 56 57 58 58 59 59 59 58 59 62 63 63 56 51 52 52 57 58 55 53 54 57 57 58 55 56 54 53 55 56 55 56 55 57 58 55 53 58 60 56 58
51 48 49 51 49 50 49 52 50 51 51 52 54 57 56 56 53 53 52 51 53 52 47 48 47 49 43 45 47 46 49 48 50 50 51 52 53 53 54 52 56 52 56 54 55 58 59 60 60 60 61 62 62 62 60 57 58 56 58 59 59 59 59 59 60 61 63 56 56 57 56 60 59 56 52 56 56 57 56 57 56 54 53 52 54 56 57 58 56 57 56 58 58 61 57 57
47 48 51 49 48 48 49 52 50 50 54 54 52 53 56 56 55 54 52 52 52 52 49 46 45 48 49 45 43 45 48 46 46 48 49 52 53 52 52 55 57 56 57 57 59 60 61 60 60 60 61 62 62 62 62 60 58 58 56 56 58 58 55 56 62 58 62 62 62 60 60 61 54 54 55 56 57 58 55 54 53 55 55 55 55 56 57 58 59 57 58 59 59 59 55 53
47 50 48 51 49 49 51 50 53 51 54 54 54 56 55 54 52 52 52 51 52 51 51 46 49 47 46 45 44 42 46 45 46 45 49 52 50 52 53 56 58 58 60 60 61 60 62 62 62 62 62 62 61 62 62 59 55 54 55 56 56 57 57 58 59 54 59 60 63 63 63 62 62 60 59 57 57 59 55 53 54 56 55 55 56 58 57 57 58 59 57 59 59 59 57 54
49 48 52 49 51 51 51 51 52 55 54 54 56 56 54 54 54 53 52 51 51 52 50 51 47 49 47 47 47 43 46 48 49 44 47 52 53 53 56 57 58 59 56 59 60 60 62 62 62 62 62 61 59 60 63 61 58 56 54 56 56 59 59 60 54 54 57 55 59 61 61 64 62 63 61 60 61 57 59 54 57 58 57 54 57 57 59 59 59 59 58 60 56 58 56 55
54 50 52 49 52 54 52 53 54 56 55 56 54 55 55 55 53 53 51 50 51 51 50 53 51 49 49 48 49 46 48 49 51 49 53 53 54 51 55 57 59 56 54 56 59 59 62 61 61 61 61 61 59 60 62 62 60 55 55 56 54 57 56 59 57 56 54 56 59 57 60 63 64 64 63 62 59 60 57 55 58 60 58 54 56 58 58 58 60 60 57 60 61 59 56 57
53 54 53 54 53 54 54 55 55 56 55 54 54 54 55 54 52 50 50 50 52 52 51 51 52 52 49 48 45 44 47 48 47 51 50 48 47 52 56 57 58 59 53 58 59 61 62 59 60 61 60 61 59 61 62 61 58 56 59 55 53 57 57 58 60 57 54 55 59 54 58 61 61 63 64 62 61 60 55 56 58 61 60 55 55 55 55 56 58 57 60 58 57 60 58 55
55 55 52 55 55 55 56 56 56 55 53 51 53 53 55 52 53 52 50 52 54 54 54 54 53 51 50 48 45 45 47 44 50 49 43 43 47 52 55 56 57 59 56 58 60 60 61 60 58 60 60 60 60 61 60 61 61 61 58 55 55 57 57 58 59 57 55 56 55 53 58 59 62 59 64 64 62 58 58 55 56 60 59 56 57 58 57 57 56 57 57 55 58 59 56 57
53 52 55 56 56 56 56 55 55 54 52 52 52 54 53 53 51 51 50 51 52 54 54 55 53 53 49 45 41 46 49 47 46 41 43 48 50 53 54 57 57 59 57 59 60 60 61 60 60 58 59 60 59 61 61 60 59 60 59 55 55 56 54 55 59 56 51 54 57 54 55 61 61 58 63 64 63 60 55 54 58 60 60 57 57 60 56 56 54 56 56 56 58 57 55 54
49 52 52 53 54 55 53 54 53 53 53 51 52 53 51 52 51 51 51 51 51 53 54 54 53 54 52 50 43 47 50 49 46 41 46 51 52 55 56 58 58 59 60 59 60 60 61 61 61 59 59 58 60 61 60 57 57 56 57 59 59 58 53 53 55 56 53 54 54 52 55 60 59 59 61 64 62 60 61 57 57 62 59 57 59 58 56 56 56 56 54 55 58 58 55 55
46 50 53 54 54 53 53 56 54 56 53 53 53 52 51 53 51 52 52 53 53 51 53 54 53 55 53 47 46 48 50 50 44 48 51 53 55 55 56 56 56 58 56 59 60 60 61 61 58 59 60 60 61 60 59 54 57 55 54 54 59 57 54 53 56 57 55 53 53 53 56 54 58 57 55 60 62 63 63 62 61 63 60 58 61 59 57 57 57 55 56 54 56 54 53 53
50 52 55 54 53 54 55 55 56 56 56 55 53 53 51 52 51 53 53 52 54 55 51 52 55 54 54 51 51 45 45 51 51 53 54 55 54 56 55 55 56 58 58 58 60 60 61 60 60 59 60 60 60 60 58 59 58 56 55 55 59 56 52 50 55 52 54 55 53 50 50 56 56 56 57 59 57 58 61 63 63 63 61 58 61 58 61 58 57 58 58 55 54 56 56 58
51 51 55 56 55 55 56 55 57 58 56 55 54 54 51 52 52 54 53 53 52 54 56 52 52 55 55 53 50 44 45 51 53 51 53 53 55 54 53 54 55 56 58 59 60 59 60 60 58 58 60 52 59 58 56 52 54 57 54 53 59 52 51 52 54 54 50 53 53 52 53 53 51 53 57 58 60 59 62 62 63 63 63 61 59 62 59 57 59 60 58 57 55 53 55 56
50 51 55 57 56 57 58 56 58 57 53 55 54 54 53 54 53 55 56 54 54 53 54 54 55 55 54 51 51 49 49 51 51 49 51 54 54 55 54 54 56 58 59 58 58 58 58 58 59 59 60 58 56 57 54 53 51 56 55 51 56 52 54 52 53 52 50 52 53 52 56 57 54 52 51 56 58 60 58 60 58 63 63 63 61 60 60 61 57 58 57 56 55 55 57 55
51 55 55 56 57 56 57 58 56 54 52 55 54 52 54 54 54 54 55 55 54 53 52 52 54 55 54 52 49 50 50 50 50 49 52 55 54 54 53 54 56 59 56 58 59 57 57 58 58 59 58 56 54 55 55 52 52 53 54 51 52 54 55 55 54 51 49 51 52 53 54 57 56 54 55 53 55 56 55 58 58 60 63 63 62 58 62 61 59 55 58 56 54 53 57 56
53 55 56 57 55 57 56 58 56 55 53 55 53 54 52 52 53 54 55 55 57 56 54 53 53 56 55 51 51 49 50 50 50 50 52 54 53 53 54 56 57 57 58 59 59 58 57 57 58 58 58 56 55 55 54 51 50 52 54 51 53 56 52 54 54 52 50 51 52 52 53 54 59 57 57 56 56 55 59 58 59 62 63 63 62 60 59 61 57 59 60 55 53 56 59 57
51 54 56 57 56 56 57 58 57 53 54 52 54 55 56 53 53 53 54 55 55 57 54 56 56 56 54 54 53 51 50 50 50 49 52 53 52 55 56 55 56 58 60 59 59 58 58 58 58 56 56 57 56 54 51 51 49 50 50 52 53 57 56 52 52 53 53 52 51 53 55 55 58 60 57 59 58 53 56 55 57 61 63 61 61 60 61 61 61 59 61 56 57 57 57 59
53 53 57 57 57 58 59 58 55 56 52 52 54 54 55 54 57 55 54 53 55 56 57 57 57 55 52 54 51 51 49 50 50 49 50 50 51 53 55 57 58 59 57 58 59 58 60 59 57 56 55 55 55 56 53 51 49 48 50 51 55 56 53 53 52 52 54 54 53 55 56 56 57 58 61 60 58 57 54 54 57 62 64 61 60 59 61 60 59 60 60 58 58 58 61 61
53 54 56 58 59 59 60 56 57 58 54 54 54 54 55 53 57 56 56 55 55 54 56 57 56 55 55 54 52 50 50 50 50 52 53 53 54 55 57 58 58 59 57 58 58 57 59 59 58 56 55 54 54 52 51 51 47 48 48 51 49 54 50 53 54 54 55 58 55 53 56 56 56 54 55 60 61 58 58 58 58 62 64 61 59 57 61 60 58 57 58 58 56 56 58 61
55 57 58 57 58 60 60 58 58 58 58 57 57 54 56 54 58 57 55 56 55 54 56 58 54 55 54 51 53 53 53 52 53 52 53 54 55 56 55 58 58 58 58 59 58 58 60 59 57 56 55 54 54 52 50 47 46 46 48 47 50 53 52 53 55 56 57 58 56 57 53 54 55 57 59 61 62 62 60 60 64 64 64 62 61 60 59 57 55 57 55 54 54 53 56 59
53 56 58 59 58 60 60 60 59 59 58 57 58 55 55 55 58 57 57 57 57 56 57 58 57 57 56 55 55 54 54 52 53 54 54 54 55 57 57 57 58 58 59 59 59 59 59 58 57 56 56 56 55 54 51 50 46 46 49 50 50 52 52 54 56 53 56 58 60 60 57 54 56 58 57 56 61 63 60 62 64 63 61 62 60 59 57 58 55 53 55 56 55 55 58 54
54 56 58 58 59 58 60 60 60 59 58 59 55 56 58 57 58 55 58 57 56 57 58 59 56 56 55 54 55 56 55 54 54 55 55 55 56 58 59 58 57 58 59 59 59 60 60 59 57 56 56 54 54 53 52 49 46 47 48 48 51 51 53 54 52 48 54 55 56 60 59 59 56 55 58 59 58 60 63 62 64 62 59 59 59 58 53 55 57 54 55 57 56 55 57 57
52 56 57 58 57 55 58 58 60 61 60 61 58 58 59 60 57 58 57 56 56 57 55 58 59 58 57 55 55 53 54 55 56 56 57 56 57 57 58 58 56 57 58 59 60 60 60 60 59 57 55 56 54 53 51 47 48 47 47 48 49 48 51 49 48 52 54 52 56 56 59 60 61 60 59 60 59 58 59 64 61 60 59 59 59 57 56 54 56 56 56 59 58 57 58 61
54 55 59 56 55 52 55 58 59 59 60 60 56 58 60 60 60 58 58 56 56 58 58 59 59 58 55 56 55 54 53 54 55 56 58 58 57 58 57 56 56 57 58 59 60 60 60 59 59 58 57 55 55 53 54 49 49 47 46 52 51 50 48 46 49 50 49 51 54 54 56 58 60 60 63 60 60 60 64 63 60 60 61 60 60 56 54 56 56 57 58 56 59 59 57 57
53 57 58 53 51 53 57 58 60 59 61 60 58 61 59 60 58 58 57 56 57 59 59 58 55 55 55 56 57 55 57 56 56 57 57 58 58 58 56 56 57 57 59 59 60 60 60 60 60 60 59 56 57 55 50 51 49 47 49 52 55 53 50 53 54 54 53 54 56 55 55 57 57 58 58 60 63 62 64 61 63 64 61 60 55 55 58 56 51 56 58 57 57 58 61 62
59 59 57 54 53 57 59 60 61 61 61 61 61 59 60 60 58 59 57 56 55 60 60 55 53 57 56 57 58 57 57 56 56 57 57 57 58 58 56 56 57 58 60 60 60 60 60 60 58 57 58 58 58 53 53 52 51 49 53 56 56 53 56 56 54 56 55 57 58 57 56 55 57 59 59 60 62 64 64 63 62 62 62 61 58 61 58 56 52 56 58 60 60 61 58 62
59 56 60 57 58 59 61 61 59 59 59 58 61 61 61 59 60 60 59 56 55 57 59 58 56 58 57 57 58 57 55 55 54 55 56 58 57 55 56 56 56 57 59 60 58 58 60 60 59 58 57 56 58 57 55 55 50 51 53 55 57 55 57 58 58 56 59 57 59 59 56 56 59 56 58 62 64 64 64 62 59 59 58 59 62 59 57 58 58 58 59 58 58 58 62 61
53 57 54 61 60 60 60 59 57 58 61 61 61 58 61 61 59 61 60 58 59 58 60 57 56 59 58 56 57 57 55 54 56 56 57 58 58 57 56 55 57 58 60 59 57 56 57 59 59 58 58 56 58 56 55 55 53 52 52 56 56 56 56 56 56 58 59 61 59 56 58 58 58 62 61 63 62 61 64 61 58 55 58 57 57 59 60 58 58 56 53 59 60 62 62 63
51 50 58 58 57 59 59 59 57 57 61 61 59 56 61 61 60 61 61 61 60 60 60 57 58 59 58 57 57 56 55 55 57 57 57 58 58 55 55 56 57 57 58 59 57 57 57 60 59 58 57 56 58 57 54 53 54 52 54 56 55 53 54 54 55 56 57 59 59 56 57 60 60 61 62 64 61 61 63 61 60 56 56 56 56 57 60 58 57 53 52 59 59 61 58 60
55 54 53 56 55 57 58 58 55 57 59 61 59 56 59 59 58 62 62 62 62 62 61 60 58 60 59 59 59 58 56 57 58 59 57 56 58 55 57 59 58 57 56 57 55 57 59 60 57 56 56 56 56 57 55 54 56 51 50 54 52 54 55 55 56 58 61 60 61 57 57 57 60 63 64 63 58 61 64 61 56 56 56 57 57 57 58 58 57 54 56 59 60 59 58 59
54 57 55 58 56 58 59 56 56 57 56 62 56 55 55 59 61 61 62 62 62 62 62 61 61 62 62 60 60 58 58 57 57 58 55 54 55 55 56 58 57 56 56 56 55 57 60 58 59 58 57 56 55 55 56 55 56 54 54 52 55 57 57 56 56 59 57 60 59 57 57 59 59 64 64 60 58 58 62 62 57 56 58 59 58 59 59 59 58 57 58 59 59 58 58 58
57 56 56 57 60 60 58 58 55 57 58 62 58 55 56 60 60 62 62 62 62 62 62 62 62 62 61 61 61 60 58 57 57 58 56 55 55 54 54 58 56 56 56 55 58 56 60 57 58 57 57 56 55 55 55 54 55 54 55 54 54 54 56 56 58 56 58 59 61 59 59 63 64 64 62 62 58 57 60 63 58 60 58 58 58 59 59 59 58 58 55 57 58 58 59 58
57 57 59 58 56 60 58 59 55 58 61 62 61 57 57 61 61 62 61 62 62 62 61 61 62 61 62 61 61 61 60 59 59 58 58 56 55 53 54 58 59 57 55 55 56 59 59 58 58 57 55 56 55 54 55 54 55 55 54 53 50 54 55 55 58 58 59 59 59 62 61 64 63 62 61 61 60 61 62 62 63 57 57 58 57 56 59 57 57 55 54 58 58 58 57 62
59 57 56 56 59 61 61 60 59 60 63 62 60 58 58 61 61 61 61 61 62 59 59 62 61 61 61 62 61 60 60 60 59 58 58 57 57 54 54 56 58 57 56 56 58 56 59 58 59 58 57 57 54 53 55 54 54 54 53 50 48 50 53 55 55 56 59 59 59 61 64 63 61 57 58 60 60 62 62 58 60 58 56 58 58 56 58 57 56 53 53 53 58 58 60 63
59 60 55 60 61 62 60 60 60 59 63 62 60 56 60 61 62 61 61 61 62 61 61 62 61 62 61 60 61 61 59 60 59 57 58 57 56 56 54 54 58 58 57 56 56 57 58 59 57 58 58 55 53 52 53 54 53 53 53 55 53 55 57 57 59 58 56 59 60 63 63 60 58 54 58 59 60 64 61 56 57 62 58 58 59 58 57 57 58 52 54 58 61 60 61 59
56 60 60 59 62 61 62 62 58 61 63 62 60 57 59 61 61 62 61 61 62 62 62 62 62 62 61 60 60 59 60 61 59 61 58 57 58 56 55 55 54 57 58 55 58 59 58 59 58 57 57 56 55 51 54 55 54 53 54 56 57 58 59 60 59 58 61 62 62 63 59 56 56 56 60 62 63 61 56 58 56 58 58 60 56 59 58 58 59 58 59 58 60 62 63 60
