DE_airtemperature/2010/2010_05_air_temp_min.asc
NCOLS 654
NROWS 866
XLLCORNER 3280414.711633467
YLLCORNER 5237500.62890625
CELLSIZE 1000
NODATA_VALUE -999
[rows 424 to 476 of 866, columns 288 to 383 of 654]
63 62 59 59 55 57 49 55 56 57 60 58 62 58 56 59 53 56 52 51 51 51 52 54 56 57 58 59 59 60 60 61 61 62 61 61 60 61 61 60 60 61 62 62 62 62 62 60 62 61 58 57 58 58 58 59 60 60 60 61 61 61 62 63 64 64 65 67 67 66 66 66 65 67 67 67 67 67 67 67 67 66 65 65 66 66 66 66 64 64 63 61 62 58 59 59
63 63 60 60 58 55 54 59 59 55 60 60 63 61 56 61 53 53 52 53 51 51 51 53 55 56 57 58 58 59 61 61 62 62 61 61 61 62 62 63 63 63 62 62 62 62 61 61 60 58 59 59 59 59 58 58 58 59 59 59 60 61 63 63 64 64 66 67 67 67 67 67 67 67 67 67 67 68 68 66 67 66 66 65 65 65 65 65 64 64 63 63 63 63 62 61
65 62 63 60 58 55 54 58 58 59 60 63 57 57 62 59 58 53 56 52 52 52 51 52 53 54 56 57 58 59 61 61 62 62 62 62 62 62 63 62 63 62 62 61 60 61 61 59 59 59 59 59 59 60 60 59 58 59 61 61 62 62 63 63 64 64 66 66 66 66 67 67 67 66 67 67 67 67 67 66 67 67 67 66 66 66 66 66 65 65 63 62 62 62 61 62
64 64 64 64 61 60 59 58 60 58 64 59 58 58 58 59 59 60 53 56 54 51 51 52 52 53 55 56 58 59 61 61 62 62 63 63 63 63 63 62 62 62 61 62 61 60 59 59 58 60 59 60 60 61 61 61 60 60 61 62 62 63 64 65 65 66 66 66 66 66 65 65 66 67 67 67 67 67 67 66 67 67 67 67 67 66 66 65 65 65 64 63 62 63 62 62
62 64 65 65 65 64 64 63 63 60 64 57 60 59 53 55 57 53 59 53 53 52 51 52 53 53 55 56 58 59 61 62 61 62 62 62 62 62 63 63 63 61 61 62 62 62 61 60 60 61 61 61 60 60 62 64 61 60 61 63 63 64 65 66 66 66 66 66 66 66 66 67 67 67 67 67 67 67 67 67 67 67 66 66 66 66 66 65 65 65 63 61 61 60 59 60
61 64 64 64 64 64 64 64 64 62 64 64 64 60 57 53 55 54 53 57 57 53 52 52 51 53 55 56 58 60 61 62 62 62 63 63 63 62 63 63 63 63 63 62 62 62 61 62 61 62 62 62 61 61 61 62 64 62 62 62 63 63 65 65 65 67 67 67 68 68 68 66 66 67 66 66 66 66 66 67 67 66 67 66 66 66 65 65 65 65 64 62 61 60 59 58
63 64 62 62 64 64 64 64 64 64 64 64 64 63 60 58 53 57 55 53 53 52 52 53 54 55 56 57 58 60 61 61 62 62 62 62 63 63 63 63 62 62 64 63 62 62 63 63 62 63 63 63 63 63 62 63 63 64 65 63 64 64 65 66 66 66 66 67 67 68 67 67 68 66 68 66 65 67 67 67 67 66 66 66 66 66 66 65 65 64 63 62 62 60 59 58
64 64 63 62 62 64 63 62 64 64 64 60 60 64 62 60 59 53 54 55 57 56 53 54 54 54 57 57 60 61 61 61 62 62 62 62 62 63 63 64 64 65 65 64 64 63 63 63 64 61 62 63 63 64 65 65 66 66 66 66 65 65 65 65 66 66 67 68 68 68 68 67 66 67 67 68 68 67 68 67 66 66 66 66 66 66 66 65 65 65 64 63 62 61 60 59
63 63 62 62 62 62 62 64 63 60 57 60 63 63 59 53 53 54 56 57 55 54 55 55 54 55 56 56 59 61 62 62 63 62 62 62 63 63 64 64 65 65 65 64 64 64 64 62 61 61 62 63 64 65 65 66 66 66 66 67 67 66 66 67 68 68 67 67 67 68 68 68 66 68 68 68 68 68 67 66 66 66 66 66 66 66 66 65 65 65 64 63 62 62 60 61
61 64 61 62 60 61 62 62 60 58 60 59 63 64 59 57 56 54 55 55 56 53 56 55 56 53 54 55 59 61 62 63 62 63 63 63 63 62 64 64 64 65 65 65 65 65 64 63 61 61 62 63 63 64 65 66 66 66 66 66 66 67 67 68 68 68 68 68 68 68 68 68 68 68 68 68 68 68 67 67 66 66 65 65 64 65 66 66 65 65 64 63 62 62 62 62
63 63 61 61 60 56 58 60 61 60 60 59 61 64 64 59 60 60 59 55 54 54 55 58 59 58 53 58 59 61 62 63 63 64 64 63 63 64 63 64 64 65 65 65 65 65 65 63 63 64 62 62 63 65 65 65 66 65 65 66 67 68 68 68 68 68 68 68 68 68 68 68 67 67 68 68 68 67 65 67 66 66 64 63 63 64 65 65 65 64 63 63 62 61 63 63
63 61 62 62 59 55 54 56 60 59 59 60 60 63 64 64 61 62 60 57 61 57 56 55 60 58 54 56 58 60 62 62 64 64 63 64 64 65 64 63 64 65 65 65 65 65 65 65 64 64 64 64 63 64 65 66 66 67 67 67 68 68 68 69 69 69 68 68 67 67 68 68 68 68 67 67 67 66 65 66 66 66 64 63 63 63 63 64 65 65 64 65 64 63 63 63
61 57 60 60 58 57 57 58 57 59 60 61 60 64 64 64 65 65 65 62 62 61 57 56 57 60 55 55 56 59 62 63 63 63 64 64 65 64 63 64 64 64 64 65 64 64 65 66 66 65 65 64 64 64 64 65 66 67 68 68 68 68 69 69 69 68 69 67 68 68 68 68 68 68 68 68 68 67 67 67 66 65 65 63 63 62 63 64 63 63 63 64 64 64 64 64
60 60 55 57 58 55 56 55 57 59 60 59 58 58 62 65 63 61 66 64 63 60 59 60 58 61 56 54 56 58 60 61 62 63 63 63 64 64 64 63 63 64 64 64 64 64 65 66 66 66 66 66 65 67 66 67 67 68 67 67 67 68 68 68 68 68 69 68 68 68 68 68 68 68 68 68 68 68 67 67 66 66 65 64 63 62 62 63 62 62 63 64 63 65 64 64
63 61 61 59 60 59 52 54 50 51 52 59 60 58 59 61 61 64 60 66 66 65 65 59 59 61 57 55 55 57 59 61 61 62 63 63 63 64 64 64 64 63 63 64 65 65 65 65 66 66 67 67 67 65 65 65 66 65 65 65 68 68 69 69 69 69 69 69 68 67 67 68 68 68 68 68 68 68 67 66 67 66 66 65 64 63 63 64 63 62 62 63 65 66 64 64
59 57 54 59 58 60 58 55 53 52 52 60 58 53 54 60 63 63 57 60 61 62 63 60 62 59 57 59 56 57 58 59 60 60 61 62 63 63 63 63 63 64 64 63 63 65 65 65 66 65 66 67 67 67 65 65 64 64 64 66 66 67 68 69 69 69 69 69 69 68 68 68 68 68 68 68 68 68 68 67 66 66 66 66 66 65 64 64 64 64 64 65 66 67 66 65
58 56 55 53 53 57 59 59 57 54 54 53 54 55 56 57 62 58 57 58 65 63 64 63 66 63 64 62 57 56 56 57 58 59 60 60 61 62 61 62 62 63 63 64 64 65 64 64 65 65 67 67 67 65 66 66 65 65 65 66 66 67 68 68 69 69 69 69 69 69 69 67 67 67 68 68 67 68 68 66 67 66 66 67 67 67 66 65 65 65 66 66 66 66 67 66
61 58 51 54 53 53 55 55 58 57 57 57 57 59 55 58 62 56 60 61 60 64 63 66 66 66 62 61 58 59 58 56 57 57 57 58 60 60 61 61 61 62 63 63 63 63 63 63 65 65 65 66 66 66 66 66 65 66 67 67 68 68 68 68 68 69 69 69 69 69 69 68 66 67 67 67 67 68 68 67 67 66 67 67 67 66 66 66 66 66 66 67 67 67 68 68
59 58 57 55 53 55 53 54 54 56 60 58 60 58 58 57 62 57 58 59 60 63 66 67 67 67 66 60 62 61 57 56 56 56 57 58 59 60 60 60 62 61 62 63 62 62 63 63 64 65 65 66 65 65 64 64 65 65 67 68 68 67 68 68 68 68 69 69 69 69 69 69 69 68 68 68 67 68 68 67 67 67 67 66 66 66 66 67 66 66 66 67 68 68 68 69
58 59 56 55 53 55 54 54 53 55 55 58 60 58 59 58 58 58 59 60 67 63 63 65 66 67 66 65 61 60 63 58 58 56 56 57 59 59 59 60 60 61 60 61 61 62 62 63 64 64 64 64 64 62 60 59 63 65 67 68 68 68 68 68 67 67 69 69 69 69 69 69 69 68 68 68 68 67 66 67 67 67 67 68 67 66 66 65 66 66 66 68 67 68 69 68
56 59 55 57 54 57 56 54 53 53 55 56 59 60 63 63 60 62 60 67 67 62 65 64 64 64 66 66 66 65 63 57 57 57 57 57 57 59 59 60 60 60 59 59 60 61 61 62 63 63 63 63 63 60 59 58 58 63 65 66 67 67 67 67 68 68 69 69 69 69 69 68 68 68 68 68 68 66 66 67 67 67 68 68 66 65 64 65 64 65 66 68 68 68 68 69
57 56 59 56 58 54 54 53 53 55 56 56 56 57 59 64 65 65 66 64 62 60 62 62 62 63 66 66 66 63 60 60 60 58 57 58 59 59 61 61 62 61 60 59 59 60 61 62 63 61 63 64 63 61 59 59 58 58 63 65 66 66 66 67 68 66 68 68 68 68 68 68 68 67 68 68 68 67 67 65 67 67 68 68 66 65 63 63 63 64 64 66 67 68 68 69
57 57 59 59 57 53 53 57 56 60 55 56 56 58 58 60 64 66 66 67 65 62 62 64 62 63 64 64 66 65 63 60 59 61 61 59 58 60 62 62 62 63 62 61 60 60 60 60 61 63 63 63 63 62 61 60 59 58 58 60 62 64 64 64 66 66 66 68 68 68 68 68 68 66 68 68 66 66 66 67 68 68 67 68 68 66 63 62 62 62 63 64 66 66 67 68
55 58 58 57 57 52 58 59 62 58 58 58 57 58 60 62 64 66 65 67 63 62 64 63 64 64 66 67 67 65 62 60 61 63 63 63 62 62 63 62 62 63 63 63 61 60 60 61 62 62 62 63 62 63 62 62 61 60 59 59 59 59 60 60 62 64 64 66 67 68 68 68 68 67 68 68 67 66 66 67 68 68 69 67 68 69 68 67 63 59 60 60 63 64 65 67
57 57 59 58 56 56 59 61 61 63 61 60 59 57 56 61 63 65 66 66 67 64 67 66 65 65 65 67 68 68 66 64 62 61 62 63 64 65 64 62 62 61 62 63 63 63 62 62 62 62 63 63 63 63 63 63 62 62 60 60 60 60 61 61 62 63 63 65 64 66 67 68 68 68 68 68 67 67 67 67 67 67 68 69 69 69 67 68 66 63 60 62 64 64 66 68
58 56 57 55 54 58 58 60 61 61 63 62 62 59 58 55 58 63 64 64 66 66 65 67 65 65 66 66 67 68 67 66 64 62 62 63 64 64 64 63 62 62 62 62 63 63 63 63 63 63 63 63 63 63 62 63 63 62 61 61 60 61 62 62 63 63 63 62 63 66 67 67 68 68 68 68 67 66 67 67 67 68 68 69 69 69 69 67 66 66 66 65 67 67 69 70
54 56 56 55 56 58 58 59 62 64 64 64 64 63 63 64 65 66 67 62 65 64 64 67 67 67 66 66 67 67 67 67 65 63 62 63 64 64 64 64 63 62 63 63 64 63 63 63 63 63 63 63 63 63 62 62 63 62 62 61 61 60 62 62 63 63 63 62 63 64 66 67 67 68 67 67 67 66 67 67 68 67 68 68 68 68 67 66 66 66 66 68 69 70 70 70
56 55 56 58 59 60 57 61 63 62 64 63 63 64 64 65 65 64 66 64 64 63 66 68 68 67 66 68 69 69 68 67 65 63 62 63 63 63 64 64 64 64 64 64 63 63 62 63 63 63 62 63 62 62 62 62 63 62 62 62 61 61 62 63 63 63 63 63 62 63 64 66 67 67 67 67 67 66 66 68 67 66 66 67 67 67 67 66 66 66 67 67 69 70 71 70
59 56 57 56 56 60 59 62 63 62 59 60 63 61 61 62 61 61 59 65 68 65 65 69 68 67 66 68 69 69 68 67 66 64 63 62 64 65 65 63 63 63 63 63 63 62 61 61 63 63 63 63 62 62 62 62 63 63 63 62 62 62 63 63 63 63 63 63 63 62 63 65 66 67 67 67 67 66 66 67 66 66 66 67 66 66 66 65 66 65 66 67 69 69 70 71
59 60 60 56 57 59 62 63 61 59 60 63 62 61 61 60 62 61 61 63 66 66 67 68 69 69 68 69 67 67 67 67 67 66 66 65 62 62 61 60 61 61 62 62 62 61 59 60 62 62 63 63 62 62 62 62 62 62 63 63 62 62 63 63 63 63 63 63 63 63 63 64 66 67 67 66 66 66 65 66 66 65 65 66 65 65 65 64 64 65 65 66 68 68 68 71
57 57 59 60 57 60 60 62 63 63 60 62 62 61 60 60 58 60 58 60 66 64 66 63 67 66 69 67 67 64 63 63 63 64 64 64 63 62 60 59 59 60 61 61 61 60 58 57 59 60 62 62 62 62 62 62 62 62 62 62 62 63 63 63 63 63 63 63 63 63 64 65 65 67 64 65 65 65 66 66 65 64 65 64 64 63 63 62 64 64 64 65 66 67 67 68
58 60 60 60 62 61 62 62 62 61 59 61 62 58 63 60 60 59 59 60 62 61 63 64 64 65 64 67 67 67 65 65 62 62 59 62 63 63 60 59 59 60 60 60 60 60 58 58 58 61 62 62 62 62 62 62 63 62 62 63 63 63 63 63 63 63 63 63 63 64 64 64 67 64 63 62 61 63 64 65 63 65 64 64 64 62 62 63 63 63 63 64 64 65 66 66
58 60 61 61 61 62 62 62 62 59 59 59 59 61 63 61 62 57 57 59 58 60 61 63 60 60 65 62 66 67 64 66 65 64 63 62 64 64 62 61 61 61 61 62 61 61 60 59 59 60 61 62 62 63 63 63 63 63 64 63 63 63 63 63 63 63 63 63 63 63 64 67 64 63 62 61 62 62 61 64 63 62 62 63 62 62 61 62 62 64 64 65 64 64 66 66
60 61 62 62 62 62 62 62 62 61 60 61 61 60 60 62 61 62 60 60 62 60 59 60 58 61 61 64 64 65 64 65 64 64 64 63 64 64 63 63 62 62 62 61 60 60 60 60 60 61 62 62 62 61 62 63 63 63 64 64 64 63 63 63 63 63 63 63 64 64 64 66 63 62 62 61 60 60 59 61 60 60 60 61 68 59 59 60 60 62 64 65 66 64 66 67
61 62 62 62 62 62 61 61 60 62 60 60 61 60 58 57 59 60 61 61 61 60 59 60 56 61 61 60 61 64 61 61 63 61 60 64 60 61 62 62 62 62 62 62 61 62 61 61 61 61 62 61 61 61 61 59 60 60 64 64 64 64 64 63 63 63 64 65 65 64 65 66 65 63 62 62 61 60 60 59 60 60 60 60 60 59 60 61 61 63 62 62 63 67 67 69
62 62 61 62 62 62 58 61 62 61 60 60 60 61 60 59 59 58 58 56 58 59 60 59 58 58 59 57 61 61 62 57 59 60 60 62 60 60 61 61 62 61 62 62 62 61 60 61 61 61 61 61 61 61 61 62 62 62 64 64 64 64 63 63 63 64 65 65 64 65 66 66 65 63 62 61 60 59 59 59 59 60 62 62 59 59 59 61 61 63 66 64 67 67 68 65
61 60 61 62 62 61 58 60 61 61 60 59 59 59 60 62 61 60 57 56 57 58 57 59 58 60 56 55 59 61 59 60 58 58 58 60 59 58 60 61 61 62 62 62 62 61 61 60 61 60 60 60 61 61 62 62 63 63 64 64 64 64 64 64 65 65 65 64 65 66 64 64 63 63 63 63 61 60 58 58 58 59 59 61 61 60 60 60 63 65 66 67 67 62 61 61
58 58 60 62 60 60 57 58 61 59 57 59 57 60 60 61 62 61 57 54 57 57 56 58 57 50 49 51 57 57 59 52 58 59 61 62 59 59 60 60 61 61 61 61 62 61 61 60 60 60 61 60 60 60 63 63 63 63 64 64 64 64 65 65 65 65 64 65 65 65 64 63 64 64 63 62 62 60 60 59 57 57 57 60 61 64 64 64 64 66 66 65 67 66 65 61
55 60 63 62 58 58 59 58 58 57 56 57 58 57 58 60 61 60 58 57 55 55 56 57 56 51 50 56 46 49 51 56 52 57 60 60 58 59 58 60 60 61 61 61 61 61 61 61 60 60 60 60 61 62 62 63 63 63 63 61 63 64 64 65 65 64 64 64 65 65 66 65 64 64 64 63 62 62 61 60 59 57 63 64 63 64 64 65 64 63 63 66 64 64 64 64
61 63 62 61 62 60 57 57 55 58 54 54 54 57 58 59 59 59 58 56 57 57 56 56 53 49 49 53 51 51 49 51 55 56 58 57 56 57 58 56 59 59 60 60 60 61 60 61 60 60 60 61 60 61 61 62 62 63 63 63 63 65 65 65 65 64 64 65 65 65 65 64 65 65 64 64 63 63 61 61 60 59 63 64 64 65 63 63 64 66 65 64 63 61 62 63
62 63 61 61 58 59 57 56 56 58 57 56 58 57 57 59 58 59 58 57 57 57 54 55 50 52 47 48 46 47 48 49 50 57 52 53 54 57 57 55 55 58 58 60 60 60 60 60 60 60 59 61 60 62 59 58 61 62 63 63 64 64 65 65 65 64 64 65 65 65 65 65 65 64 63 63 63 63 63 62 60 60 59 59 62 63 65 63 63 63 64 64 64 63 62 63
61 63 59 57 55 57 57 58 60 59 58 60 59 58 59 57 58 56 57 57 57 56 55 53 47 50 46 46 48 48 46 50 51 49 52 47 51 54 53 56 58 56 56 58 59 60 60 59 60 59 60 60 61 61 59 57 59 60 62 62 63 62 64 62 64 65 63 64 64 65 65 64 64 63 62 63 62 62 63 63 62 60 60 62 62 62 65 65 66 65 64 63 62 62 64 65
60 63 57 54 57 59 56 57 59 58 57 59 61 58 58 58 56 57 58 57 56 56 56 56 51 50 46 48 46 45 43 51 47 49 45 46 45 54 48 49 55 56 58 57 57 57 60 60 60 58 60 61 61 61 59 57 57 58 58 59 61 61 61 62 64 64 64 64 64 65 65 64 63 62 63 63 62 63 62 62 62 61 59 59 61 63 64 61 63 62 64 64 66 65 64 64
61 59 58 56 60 61 58 58 61 59 58 61 60 58 59 56 57 58 56 57 57 57 57 57 54 55 46 51 49 48 44 46 46 46 36 42 48 46 46 45 48 51 52 54 57 58 58 58 59 59 61 60 61 60 60 58 57 58 58 57 57 58 59 61 61 63 63 64 64 64 64 64 63 63 63 64 63 62 61 61 61 61 61 63 64 63 61 62 62 61 62 64 63 64 62 62
63 60 60 58 62 62 60 57 62 60 61 60 60 61 57 55 56 57 56 56 57 58 58 57 56 57 56 54 49 49 46 45 44 43 43 45 41 47 45 45 52 50 55 58 57 58 54 57 58 59 60 60 60 60 59 60 58 57 58 57 58 59 60 61 60 58 60 63 64 64 63 64 63 63 62 62 62 62 61 62 61 61 61 63 65 61 59 59 60 60 60 63 63 61 62 65
61 63 63 59 63 63 61 62 62 62 61 60 62 62 59 58 58 55 57 54 57 59 59 57 57 57 57 55 50 45 45 48 47 47 46 44 46 45 46 46 49 49 54 54 53 54 56 57 59 56 59 59 60 60 59 59 57 57 56 55 56 55 57 59 61 60 59 63 63 63 63 63 63 63 62 62 61 61 61 61 62 62 62 61 63 61 60 59 59 59 59 60 61 62 60 61
61 63 60 63 61 58 58 60 57 57 62 62 61 61 61 61 58 57 57 57 55 58 60 60 59 57 56 57 53 53 44 50 49 49 48 44 41 47 48 45 48 50 52 55 55 56 57 56 57 55 57 59 59 60 57 58 58 57 56 56 55 57 57 57 60 60 60 58 63 62 63 61 63 63 62 61 60 60 59 59 60 61 64 63 64 63 61 60 60 61 62 61 62 61 60 61
62 62 60 61 58 58 56 60 57 57 61 61 61 61 60 60 60 60 59 60 58 59 59 60 60 59 58 56 56 51 46 47 51 42 43 49 49 47 51 48 48 48 51 53 53 55 56 52 56 52 56 58 59 59 59 58 58 57 57 58 59 60 58 58 59 61 60 64 58 60 63 63 63 63 62 61 59 59 58 58 58 59 60 62 64 63 62 61 61 60 59 60 61 61 61 61
61 60 60 58 58 59 58 56 60 55 57 58 59 59 60 59 59 60 59 60 60 60 61 61 60 59 58 54 57 54 53 51 55 45 47 51 50 48 51 47 45 47 52 55 55 57 54 51 49 50 51 52 56 56 58 58 58 57 57 58 58 59 57 58 59 60 63 64 63 62 59 62 63 63 62 60 60 59 59 58 60 61 62 64 63 63 63 60 60 58 58 59 60 63 65 60
60 60 60 53 54 59 58 55 61 55 54 53 53 55 58 59 58 59 59 60 59 61 61 61 61 61 60 60 58 55 56 56 56 48 47 51 50 47 47 47 45 49 53 51 52 55 55 54 50 49 48 52 53 56 56 56 57 57 58 58 58 57 59 60 58 60 62 63 58 59 57 58 62 62 62 61 60 60 62 63 62 62 62 63 61 61 60 61 60 58 58 59 59 59 62 66
58 58 59 56 52 57 57 55 58 60 60 58 56 52 58 59 58 59 59 59 59 59 62 62 61 60 61 60 59 56 59 59 54 51 51 56 51 45 52 45 45 46 47 50 53 55 55 53 51 49 50 54 52 57 47 51 51 57 57 58 57 57 57 58 58 62 63 57 57 55 55 57 60 62 62 62 61 61 62 62 58 60 59 61 59 57 56 60 62 61 62 64 58 64 64 64
61 61 58 51 48 54 59 58 55 57 61 61 54 54 58 58 60 59 59 59 59 59 60 62 63 63 61 60 61 56 61 58 55 52 54 58 55 55 48 43 44 46 44 49 52 53 52 55 49 46 45 48 49 51 49 50 54 56 57 57 57 58 59 60 61 63 62 60 56 58 59 58 57 61 62 60 61 62 58 58 56 56 60 61 59 61 62 62 63 64 62 66 64 65 65 64
60 60 58 54 51 55 58 54 54 55 58 60 60 58 55 58 59 57 58 57 58 58 59 63 63 62 62 60 59 62 59 58 58 55 56 56 59 51 51 47 49 47 46 47 53 50 53 49 49 46 51 55 56 51 54 49 48 54 56 58 59 59 59 59 61 63 59 58 54 59 59 60 61 61 60 60 61 60 60 57 57 58 60 60 62 62 62 64 63 65 64 67 67 68 67 63
