DE_airtemperature/2010/2010_10_air_temp_min.asc
NCOLS 654
NROWS 866
XLLCORNER 3280414.711633467
YLLCORNER 5237500.62890625
CELLSIZE 1000
NODATA_VALUE -999
[rows 477 to 529 of 866, columns 288 to 383 of 654]
35 34 33 33 32 34 34 32 33 32 35 33 36 36 33 33 35 30 31 31 35 34 35 35 37 37 37 35 36 33 33 32 30 28 27 31 33 32 27 31 27 21 25 25 25 26 28 28 27 25 27 28 29 28 26 26 26 30 31 32 34 32 31 32 33 33 30 30 31 32 33 32 32 31 31 32 31 30 30 30 30 30 29 29 29 28 28 29 30 29 28 29 32 30 33 35
36 37 35 34 34 34 34 33 31 31 32 33 35 36 33 33 31 33 31 29 29 34 34 34 36 36 36 35 34 33 32 31 29 30 29 33 32 32 31 25 26 23 20 23 24 24 26 23 28 25 28 30 28 30 26 27 27 30 32 34 31 30 30 33 34 33 30 29 30 32 33 32 31 32 32 31 30 30 29 30 28 28 29 28 29 27 27 28 28 28 28 27 29 30 30 35
36 35 35 36 33 34 34 33 31 24 31 33 35 36 35 34 34 32 30 26 29 29 33 33 34 36 36 36 35 34 30 29 28 30 29 33 31 29 30 28 27 23 20 20 21 21 24 25 25 24 25 26 26 29 26 28 30 28 33 34 31 33 33 31 32 34 29 31 32 33 32 31 31 31 32 31 27 30 29 27 28 28 28 27 27 27 27 27 27 27 28 29 28 32 31 34
35 33 34 32 32 33 33 31 30 32 32 34 36 34 36 35 33 31 29 30 31 32 34 33 33 34 33 36 35 34 31 28 28 29 31 31 31 29 30 31 27 27 24 20 20 22 22 23 23 25 23 24 29 25 27 28 27 27 32 30 32 32 31 31 32 31 31 32 32 32 32 31 31 32 31 31 30 30 30 29 28 29 29 27 27 27 30 28 27 27 27 29 30 32 33 34
37 35 34 32 31 31 30 32 32 34 35 35 34 34 35 33 34 29 30 32 31 31 31 31 32 34 34 36 35 32 32 32 31 31 32 31 32 28 29 31 27 23 24 23 28 27 22 23 22 22 24 26 26 24 25 26 25 28 32 29 31 33 33 32 33 32 31 31 31 33 31 31 31 31 31 31 28 29 30 29 29 27 28 30 30 29 30 30 27 27 29 30 32 32 33 35
35 35 34 32 28 26 29 28 32 33 35 36 35 34 33 30 31 31 34 33 33 33 31 32 32 31 33 36 34 34 33 32 31 29 29 32 32 29 29 25 26 27 26 30 30 30 28 24 21 21 22 24 23 24 24 26 26 32 30 30 32 33 31 32 32 29 31 31 32 32 30 30 31 30 32 30 29 28 28 29 30 28 28 27 28 29 30 30 29 28 26 27 26 30 30 34
33 33 33 30 28 25 27 26 30 33 33 36 35 34 35 33 33 32 34 33 32 31 32 31 33 31 35 34 33 31 32 31 29 29 27 32 32 31 27 27 28 27 31 26 27 25 27 21 22 22 24 22 22 24 26 25 30 32 28 32 27 29 30 31 32 30 29 29 31 31 29 31 29 30 31 29 29 29 29 28 27 28 30 30 28 28 28 30 30 30 29 28 28 30 32 33
33 34 34 30 28 30 28 27 29 30 34 35 32 34 34 33 31 33 34 32 31 32 33 34 33 33 35 34 31 30 31 28 30 27 29 30 32 32 31 30 29 31 32 29 26 24 26 25 25 25 23 22 25 23 26 26 28 29 29 27 28 25 27 27 27 30 31 30 31 31 29 30 30 31 31 29 30 29 29 28 26 27 28 28 30 29 28 27 26 29 31 30 32 32 33 34
35 35 33 31 32 30 27 29 28 27 33 35 31 34 34 32 31 32 33 33 32 31 32 32 31 31 34 35 32 32 30 29 29 27 30 29 32 31 33 32 29 31 30 29 26 25 25 28 26 22 28 29 27 25 25 26 31 32 30 26 26 25 30 31 30 31 31 31 31 31 31 29 29 31 29 29 29 28 27 28 26 29 26 28 28 27 26 24 24 24 24 29 31 30 31 34
35 34 28 26 28 30 28 31 27 30 33 35 30 31 32 29 29 29 31 33 32 32 32 31 31 31 33 34 32 32 31 29 29 27 28 29 30 29 30 31 30 32 30 29 29 28 25 24 27 26 30 25 24 24 25 28 28 27 30 30 27 28 30 27 28 27 31 30 32 31 31 31 30 30 29 29 28 29 28 30 28 29 29 28 27 25 25 23 23 28 27 26 27 30 30 32
36 34 30 28 27 28 28 28 31 33 34 33 29 29 29 26 29 28 32 32 33 33 32 30 33 34 33 34 31 29 30 30 29 28 27 27 28 27 28 29 31 32 31 29 28 27 26 27 29 30 32 28 26 24 25 28 25 29 31 32 29 29 32 28 23 29 26 31 29 31 30 30 30 30 29 28 27 28 29 28 27 29 28 27 25 25 21 23 25 22 23 24 25 26 29 30
33 35 33 31 29 28 28 30 31 33 34 33 33 30 28 27 27 30 32 32 32 33 33 32 33 31 31 34 34 33 30 30 29 30 28 28 29 28 28 29 30 32 32 30 32 27 30 32 32 31 30 31 31 30 26 27 26 27 27 28 30 31 30 26 25 28 30 26 28 30 28 28 29 30 28 26 26 26 28 26 27 27 26 25 24 24 24 24 20 21 20 23 23 26 25 30
35 35 35 34 31 28 27 28 29 31 33 34 34 30 29 29 27 28 29 30 31 32 33 31 31 31 32 34 34 33 30 32 30 29 29 27 28 30 31 30 30 32 31 31 31 31 30 29 32 33 32 33 32 32 30 32 29 29 32 29 30 32 32 27 26 31 28 26 28 27 27 27 29 29 26 24 24 27 25 24 26 24 24 25 23 26 26 21 21 19 20 21 24 21 26 29
32 32 33 35 33 27 27 28 27 29 32 31 34 28 27 30 29 28 29 31 31 31 30 30 28 32 34 32 34 32 32 30 30 27 28 29 29 30 30 30 32 32 30 31 32 29 27 24 27 33 31 34 34 35 34 34 29 29 26 27 31 31 28 29 30 28 25 26 26 25 26 25 28 28 23 21 25 23 24 24 22 23 23 27 27 28 26 22 20 19 20 23 24 24 26 26
30 26 30 35 32 27 26 28 29 29 29 29 33 31 28 29 29 28 28 30 32 32 32 31 30 32 33 31 33 32 33 31 28 28 28 25 26 27 29 33 32 32 30 33 32 32 31 31 28 28 30 33 33 34 34 34 34 30 27 27 27 29 29 28 28 29 24 27 24 25 27 27 27 27 22 24 25 26 25 22 23 24 23 27 24 23 28 24 22 23 22 22 22 22 26 26
32 33 32 35 33 29 27 29 30 30 27 29 31 33 33 32 29 28 28 30 32 32 31 31 32 32 31 31 34 33 32 29 28 30 26 24 25 28 29 32 30 33 32 30 29 30 31 33 30 28 29 36 33 29 31 31 26 25 27 28 29 29 28 27 26 27 25 24 26 28 24 26 28 24 25 26 28 25 26 24 28 24 23 28 28 23 25 23 26 26 27 24 24 23 24 27
32 35 35 33 34 33 31 32 29 31 30 30 32 33 31 30 30 28 31 31 32 30 31 31 32 32 32 32 32 34 33 29 30 30 27 27 28 30 30 33 31 31 30 32 32 32 32 34 33 33 35 35 35 32 27 29 26 29 29 30 29 28 27 26 26 24 24 24 25 24 23 24 27 23 25 25 25 26 29 30 27 27 29 23 23 27 21 24 27 26 24 23 23 25 24 25
33 35 33 31 33 34 34 30 29 30 31 32 32 33 32 31 31 30 31 31 31 30 31 30 31 32 31 32 33 34 34 30 29 30 31 29 29 30 32 34 30 30 30 32 32 31 33 33 32 33 34 33 33 29 29 26 24 29 29 29 30 28 26 26 26 23 24 25 25 23 24 24 25 24 26 24 27 25 29 26 28 23 24 25 24 26 24 25 26 26 26 24 23 23 23 25
33 35 30 29 33 30 33 30 29 31 31 30 31 33 31 27 29 33 30 28 29 26 29 30 31 31 31 32 34 32 33 33 29 29 30 30 30 30 32 32 32 32 33 33 33 32 32 32 33 34 32 34 31 31 29 29 25 28 30 29 30 27 26 26 25 26 22 24 23 22 22 23 24 25 26 25 24 25 27 27 27 26 21 24 22 27 25 25 26 26 24 24 22 23 23 23
33 34 28 28 32 30 32 31 28 30 30 29 31 32 30 31 30 27 26 27 26 22 25 29 30 32 33 33 31 29 31 33 31 33 29 30 30 31 33 32 34 32 30 30 29 29 30 30 29 30 29 31 30 31 29 29 30 29 29 30 33 28 26 29 25 25 24 22 22 24 24 24 25 25 25 23 26 25 27 25 23 23 22 22 20 22 26 26 23 22 21 22 21 22 25 26
32 35 32 30 31 31 33 30 26 26 28 31 32 28 30 31 31 28 29 26 25 22 25 27 30 32 33 30 29 30 29 33 32 28 30 30 30 31 33 32 34 31 31 30 30 30 28 28 28 28 29 29 29 32 33 34 31 30 30 29 30 32 29 24 29 25 26 25 24 22 22 25 24 25 24 23 23 27 28 24 24 25 23 21 22 24 22 23 23 23 21 20 21 25 28 28
35 33 34 32 27 29 31 28 25 27 28 31 30 29 31 32 30 31 29 29 26 22 26 30 27 32 31 28 28 30 29 33 32 30 28 29 32 33 33 33 33 33 32 31 31 28 29 29 26 27 30 28 30 30 32 31 30 33 31 31 27 26 28 24 24 28 22 26 23 23 25 25 26 24 26 24 26 27 26 24 25 22 22 22 22 26 23 22 23 22 21 21 24 23 24 28
34 33 36 33 30 27 28 26 26 28 27 29 29 29 31 30 30 31 31 30 29 27 29 30 30 31 31 29 29 29 33 29 28 28 27 32 32 30 29 29 30 31 32 32 31 29 27 25 26 25 28 27 27 28 32 32 33 33 31 30 26 29 29 25 24 25 27 27 22 23 25 24 25 26 27 27 27 29 26 24 23 23 22 22 25 26 22 21 22 23 23 22 22 23 26 24
34 33 36 36 33 29 27 25 26 29 30 30 27 30 29 30 30 30 30 28 29 30 30 30 29 26 27 28 29 29 29 33 30 28 29 30 32 29 31 30 30 30 32 32 32 31 29 28 28 29 29 31 26 28 31 32 33 31 32 30 26 30 25 23 23 25 26 23 25 22 22 23 22 23 25 28 24 25 28 24 25 25 25 25 24 24 26 22 21 21 24 23 24 24 24 24
33 33 37 36 32 28 28 27 27 26 26 28 30 27 28 30 30 28 28 26 28 28 28 28 27 27 27 27 31 29 30 33 29 28 28 32 32 30 31 30 30 31 30 30 31 30 29 29 29 30 30 29 27 28 28 32 32 30 30 29 27 28 24 21 24 24 21 24 24 21 24 25 26 25 26 25 24 25 25 28 26 24 26 23 24 23 23 24 21 23 22 27 25 28 28 26
35 37 35 37 33 29 29 29 31 31 29 30 30 26 29 28 28 27 28 25 25 27 27 25 27 25 27 29 30 31 29 32 31 31 31 33 30 31 32 32 32 31 31 31 30 30 29 29 27 30 29 29 26 28 30 29 31 30 28 28 29 24 25 22 25 25 28 24 24 23 23 24 24 24 26 24 22 22 27 24 25 25 24 23 23 24 24 25 26 24 23 26 26 28 28 29
36 34 35 37 33 30 30 28 29 31 29 30 31 28 28 27 27 26 27 26 25 26 28 27 26 27 27 29 31 27 30 32 32 32 33 33 32 31 32 33 33 32 31 30 29 31 31 27 29 29 27 28 28 27 28 28 29 28 29 28 25 25 24 25 26 27 26 21 24 19 19 19 24 24 26 21 23 25 25 25 26 25 23 23 24 23 25 21 22 25 22 23 27 28 28 26
35 31 31 36 34 32 30 27 28 29 30 31 31 30 27 27 27 26 27 26 26 27 28 28 28 28 29 31 30 28 30 31 31 30 27 28 29 29 29 30 30 31 32 31 32 32 30 28 30 27 28 27 28 27 27 28 28 28 27 27 24 25 24 27 23 21 23 20 21 22 21 19 23 26 24 23 22 24 24 26 25 22 22 22 23 25 25 22 23 23 24 24 25 28 27 26
34 30 32 35 33 29 28 27 26 27 29 29 30 29 28 24 26 27 26 25 27 26 26 28 29 28 28 29 29 28 28 31 29 32 30 30 29 28 28 29 29 31 31 31 31 32 31 30 29 28 28 27 28 28 27 28 27 26 25 23 24 26 26 23 23 20 19 21 22 22 22 19 20 22 22 23 23 23 23 23 23 22 24 22 23 24 22 23 22 21 21 21 23 26 25 23
32 32 35 35 32 27 26 26 25 27 27 29 29 29 28 25 24 24 26 27 24 23 25 26 26 27 27 27 26 27 29 29 29 31 31 31 31 29 29 29 27 28 28 28 29 28 31 29 28 28 28 26 28 27 27 26 25 25 25 24 25 23 22 22 23 19 21 24 24 23 20 21 20 23 27 22 23 25 25 25 23 22 25 25 23 24 24 21 23 25 24 22 23 22 22 27
32 34 35 34 28 25 24 24 26 26 26 27 28 27 28 25 22 23 23 26 24 23 24 26 24 26 27 27 26 27 28 28 29 30 29 28 29 30 30 29 28 27 28 28 27 29 27 30 29 29 26 26 25 24 24 22 21 22 22 24 23 22 22 20 25 23 24 25 22 19 20 23 21 22 22 21 21 22 24 22 23 25 25 24 24 25 25 22 24 27 25 24 24 22 23 23
31 32 34 30 27 25 23 22 22 25 25 26 27 27 26 25 23 20 20 23 26 24 23 24 24 26 25 25 27 26 25 28 28 29 28 29 27 30 31 30 28 28 28 28 28 28 26 29 27 28 25 23 22 22 21 19 19 21 22 22 21 21 22 20 21 19 21 22 20 20 20 24 20 20 20 20 20 22 24 23 21 24 23 24 24 24 24 22 25 26 23 24 23 24 21 22
30 29 31 27 26 26 24 23 25 24 25 26 26 26 26 25 23 21 21 21 25 23 25 24 26 25 25 26 26 25 26 26 28 29 29 28 29 30 30 30 29 30 29 28 28 27 27 27 29 26 25 24 23 20 21 20 20 21 21 21 20 19 20 23 23 21 21 21 20 19 21 23 20 22 21 20 20 21 23 21 23 23 27 23 28 23 24 25 25 28 23 23 24 23 22 21
29 29 29 28 26 26 26 26 23 25 26 26 26 26 23 21 22 20 20 22 24 24 24 26 26 27 27 28 27 26 27 27 27 27 29 28 27 27 29 28 30 28 29 28 26 26 27 28 28 26 26 25 23 22 20 20 21 19 20 20 19 18 22 22 24 25 20 23 22 23 22 25 25 24 24 22 22 21 26 21 22 23 24 27 25 23 24 28 26 24 25 22 25 22 23 22
30 29 26 25 24 25 24 23 26 27 26 27 27 26 23 19 17 19 20 22 22 23 26 26 27 28 29 29 28 28 29 28 27 28 27 28 27 27 27 29 30 30 28 27 27 26 26 26 27 27 26 24 23 21 21 20 18 18 19 19 18 19 20 22 21 22 23 24 25 26 26 27 23 20 19 24 21 24 24 22 21 21 21 23 27 27 25 28 25 28 22 23 24 23 23 21
30 29 27 26 26 27 27 24 24 27 27 25 26 25 23 18 16 16 19 22 20 21 25 27 27 28 29 29 29 29 27 27 28 27 28 29 28 27 26 29 30 30 27 26 26 27 25 24 25 24 23 24 23 23 22 20 20 20 18 19 18 19 20 22 21 21 22 25 26 25 25 25 25 22 20 25 24 22 22 21 23 23 21 25 28 27 27 27 25 26 23 21 25 24 24 22
30 32 27 27 26 27 31 30 26 26 28 27 26 24 22 19 17 18 18 20 21 21 25 28 28 27 28 27 27 27 27 28 27 27 27 28 29 30 29 28 28 29 28 25 26 25 26 25 26 24 23 21 22 23 22 21 21 20 19 19 19 19 20 21 21 22 23 25 24 23 24 26 26 26 25 28 27 26 24 21 21 24 23 23 28 29 26 27 30 26 23 23 26 26 25 25
32 33 31 32 28 27 28 31 30 31 29 28 27 24 24 21 19 16 19 20 22 22 24 27 28 28 27 27 26 26 26 26 26 26 27 27 27 29 29 29 29 29 26 25 25 26 26 26 24 24 22 22 22 23 22 22 21 20 18 17 18 18 19 18 20 22 24 25 25 26 26 25 27 27 27 28 29 27 24 22 22 27 26 25 25 27 26 28 26 24 26 24 27 24 24 24
30 34 35 35 32 31 30 30 33 32 30 30 29 28 24 24 22 20 19 21 23 24 25 27 26 26 25 25 25 27 27 25 25 26 26 26 26 27 27 28 28 29 27 26 24 24 25 25 23 24 23 22 21 21 20 22 20 20 19 18 17 17 19 21 21 22 24 25 25 24 25 27 27 27 26 28 30 28 29 27 26 27 26 25 27 27 28 26 24 24 24 24 26 24 24 24
35 38 37 38 36 36 36 35 34 33 31 29 28 28 26 26 24 23 23 22 22 23 25 27 27 26 25 25 26 26 25 26 26 26 26 26 27 27 28 28 29 28 28 26 20 22 25 24 24 23 23 22 22 22 21 20 19 19 18 17 16 17 18 19 20 22 24 25 25 24 24 27 28 28 27 28 30 28 28 28 29 27 27 24 27 28 25 27 27 24 25 27 25 25 24 23
37 38 40 40 39 39 38 36 35 35 32 30 30 29 28 25 26 25 25 24 23 25 26 27 26 25 25 26 26 26 26 25 25 26 25 25 27 26 27 27 29 28 27 27 26 26 26 26 25 24 24 23 23 22 21 21 20 19 18 17 18 17 18 19 20 21 24 24 26 27 25 26 27 30 29 29 29 30 29 29 30 29 29 27 27 26 24 27 24 25 22 27 25 24 25 23
35 39 41 41 41 39 39 38 37 35 33 31 31 30 30 29 27 27 26 25 26 26 27 26 26 25 25 26 24 25 24 25 25 25 26 26 27 26 27 28 28 27 27 23 21 25 26 27 26 24 25 25 24 24 22 22 20 19 18 19 19 19 20 22 22 23 23 25 25 27 26 27 28 29 30 30 28 31 31 31 29 28 29 26 26 27 24 29 23 24 23 26 24 24 24 24
37 40 41 43 42 39 40 38 38 38 35 34 32 32 32 31 30 28 29 26 27 27 25 25 26 26 26 25 24 24 24 24 24 25 25 26 26 27 26 27 27 27 27 22 19 24 26 26 25 25 25 25 25 26 25 24 23 22 20 21 20 21 21 21 23 24 24 25 27 27 29 27 28 30 31 31 32 30 29 30 30 28 27 30 29 27 27 26 23 22 24 24 25 23 26 25
38 35 38 38 39 39 41 39 37 39 37 33 33 34 33 30 31 30 29 28 28 28 26 25 25 25 25 26 25 24 24 24 25 25 25 26 26 26 27 27 27 27 26 24 24 26 26 26 26 26 25 25 25 25 26 25 23 23 22 23 22 22 22 23 23 25 26 26 28 27 29 28 28 30 31 31 32 31 28 29 31 31 31 30 30 29 27 24 27 25 23 25 26 25 24 26
36 33 39 41 40 42 43 41 38 37 37 36 33 33 32 32 32 32 31 29 30 26 27 26 25 25 25 25 25 24 25 26 26 25 25 26 26 26 26 27 26 26 27 27 26 27 27 26 26 26 25 26 26 25 25 25 26 25 25 24 25 25 25 24 24 24 25 26 27 30 28 28 28 29 31 32 33 31 30 31 29 31 31 30 30 29 29 28 28 28 25 25 23 26 26 23
37 39 44 46 44 41 40 38 36 37 37 38 37 34 34 34 33 32 31 29 30 28 27 27 27 27 27 27 25 24 25 24 25 25 24 24 25 26 26 25 26 26 26 27 27 27 27 26 26 25 26 26 26 26 27 27 27 27 26 26 26 26 26 27 27 27 27 27 27 29 29 32 30 29 30 32 33 32 30 28 31 31 31 30 29 29 28 28 28 28 27 25 23 25 26 24
43 45 48 47 45 46 40 39 39 37 37 38 36 37 36 35 34 34 30 29 29 30 30 29 29 28 28 27 25 25 26 24 24 24 24 23 23 24 25 25 27 26 26 27 27 27 26 26 24 24 25 27 27 26 26 27 28 28 27 27 28 28 28 28 29 28 29 29 29 28 30 30 33 30 31 32 34 31 30 28 31 31 30 29 28 28 28 28 27 27 26 26 23 23 26 25
45 47 48 46 48 47 42 37 36 36 35 36 36 36 36 36 36 35 33 30 31 29 28 26 27 27 27 27 26 25 26 23 23 23 23 23 24 24 24 25 26 24 26 26 26 26 24 24 25 24 25 26 27 27 26 28 27 28 28 28 28 28 29 30 29 29 30 31 30 29 30 32 32 30 31 32 34 31 30 29 31 31 30 29 24 28 28 28 27 28 26 25 25 23 25 24
42 45 49 48 46 46 44 38 37 37 35 35 36 37 36 37 37 35 34 33 30 28 27 26 26 28 28 28 27 26 24 22 22 22 23 23 24 24 25 26 26 24 25 27 26 25 25 25 25 26 26 26 27 26 26 26 26 27 28 28 28 29 29 29 30 31 32 32 32 31 31 31 32 30 33 30 33 30 30 32 32 31 30 29 28 28 28 28 27 27 26 26 25 23 25 25
43 44 46 48 45 43 44 40 40 35 36 36 36 37 36 36 36 36 35 32 29 29 28 27 27 27 27 28 27 26 24 22 21 22 21 22 22 23 23 23 25 26 26 26 26 23 23 25 25 26 27 26 26 27 28 26 27 26 27 28 29 29 30 30 31 31 32 33 33 33 33 33 33 32 32 32 33 31 33 32 31 31 30 29 28 28 28 28 28 27 27 26 25 22 24 24
42 44 46 44 44 41 41 42 38 35 37 36 36 35 36 36 38 37 35 32 30 28 27 27 27 27 26 26 26 25 24 22 21 20 20 20 21 21 23 25 25 26 26 25 25 24 24 25 25 26 27 27 26 27 27 27 28 27 27 29 29 29 29 29 31 31 32 33 34 34 35 34 35 34 33 33 33 33 31 29 31 31 30 29 29 28 28 28 27 27 27 25 24 23 23 22
43 44 44 44 45 43 40 38 40 36 37 37 35 35 36 38 38 37 34 32 31 29 27 25 25 25 26 25 25 25 23 21 21 20 20 21 21 22 23 25 24 24 26 26 25 25 25 26 26 25 27 27 27 27 28 28 28 27 27 29 29 28 29 29 30 31 32 34 34 34 34 34 35 35 33 32 33 33 32 30 29 29 30 28 29 29 27 27 27 28 26 24 24 25 22 22
40 43 42 43 43 41 41 40 39 38 40 39 39 38 38 38 38 37 33 31 30 28 26 26 25 25 24 24 24 24 23 22 21 19 18 19 21 21 23 25 24 24 26 26 26 25 26 26 26 26 27 27 27 28 28 28 28 27 29 29 29 30 30 30 29 31 32 32 33 34 34 35 35 34 34 32 32 32 31 29 29 28 26 27 27 29 28 27 28 27 26 24 24 23 23 22
