DE_airtemperature/2010/2010_01_air_temp_min.asc
NCOLS 654
NROWS 866
XLLCORNER 3280414.711633467
YLLCORNER 5237500.62890625
CELLSIZE 1000
NODATA_VALUE -999
[rows 451 to 491 of 866, columns 470 to 563 of 654]
-79 -78 -78 -78 -77 -77 -77 -77 -78 -78 -77 -77 -77 -76 -76 -76 -76 -76 -75 -74 -74 -75 -75 -76 -77 -77 -78 -78 -77 -75 -76 -75 -77 -78 -78 -77 -79 -79 -80 -80 -81 -81 -81 -83 -81 -80 -78 -80 -80 -82 -82 -82 -82 -82 -81 -81 -82 -80 -81 -82 -82 -81 -81 -82 -82 -84 -84 -85 -81 -84 -84 -82 -82 -85 -84 -84 -84 -85 -87 -89 -89 -89 -87 -86 -84 -85 -85 -82 -78 -83 -82 -78 -79 -78
-79 -77 -78 -78 -78 -77 -78 -78 -77 -77 -76 -78 -77 -74 -76 -78 -76 -76 -75 -75 -75 -75 -76 -77 -78 -78 -78 -78 -77 -77 -76 -76 -75 -76 -77 -77 -77 -80 -79 -80 -81 -83 -82 -83 -82 -80 -79 -79 -79 -81 -82 -82 -82 -82 -81 -82 -82 -81 -81 -82 -82 -81 -82 -83 -82 -84 -83 -85 -82 -84 -85 -84 -83 -83 -85 -83 -85 -85 -87 -87 -88 -89 -88 -87 -85 -85 -85 -83 -84 -81 -83 -79 -80 -79
-78 -78 -78 -78 -78 -78 -78 -77 -78 -76 -77 -75 -75 -77 -78 -76 -77 -76 -76 -76 -75 -76 -76 -77 -76 -78 -78 -78 -77 -77 -76 -76 -74 -76 -76 -77 -78 -80 -81 -81 -82 -83 -84 -83 -82 -80 -80 -80 -81 -82 -81 -82 -83 -83 -82 -82 -82 -81 -82 -82 -83 -81 -82 -82 -83 -84 -85 -85 -84 -82 -85 -85 -84 -84 -84 -85 -86 -86 -88 -89 -89 -90 -89 -86 -86 -85 -85 -80 -85 -85 -83 -82 -82 -80
-78 -79 -78 -79 -79 -78 -78 -78 -77 -76 -77 -77 -77 -76 -76 -77 -76 -77 -77 -76 -77 -76 -75 -76 -77 -77 -77 -77 -77 -77 -76 -74 -74 -74 -77 -78 -79 -80 -81 -82 -81 -82 -83 -83 -83 -79 -81 -82 -80 -81 -83 -83 -83 -84 -83 -83 -82 -82 -80 -83 -83 -82 -82 -83 -84 -85 -85 -85 -85 -84 -85 -86 -86 -85 -86 -85 -86 -88 -86 -88 -90 -89 -88 -85 -87 -87 -85 -83 -84 -86 -83 -84 -82 -83
-79 -78 -79 -79 -79 -77 -78 -77 -75 -77 -76 -76 -77 -77 -76 -76 -76 -75 -76 -76 -76 -75 -75 -74 -75 -75 -76 -76 -75 -76 -74 -73 -75 -76 -76 -76 -77 -79 -81 -83 -81 -83 -82 -81 -80 -83 -82 -83 -81 -82 -82 -84 -84 -84 -84 -83 -83 -82 -82 -83 -84 -82 -82 -83 -86 -85 -85 -85 -86 -86 -85 -87 -87 -88 -87 -84 -86 -87 -86 -88 -91 -89 -89 -88 -87 -87 -84 -84 -81 -85 -84 -83 -83 -82
-78 -79 -79 -79 -77 -77 -77 -76 -75 -75 -75 -76 -77 -76 -77 -77 -76 -75 -76 -76 -76 -76 -75 -74 -75 -76 -76 -76 -75 -75 -75 -75 -73 -77 -77 -78 -77 -80 -81 -83 -82 -83 -83 -82 -82 -84 -84 -83 -82 -84 -82 -84 -84 -84 -84 -84 -83 -82 -81 -82 -84 -84 -83 -84 -84 -86 -86 -86 -85 -87 -87 -84 -88 -89 -86 -88 -87 -86 -89 -91 -90 -89 -90 -89 -88 -88 -87 -83 -80 -85 -83 -85 -84 -83
-79 -78 -79 -78 -77 -76 -77 -77 -76 -77 -77 -76 -77 -77 -76 -77 -75 -76 -77 -77 -75 -75 -75 -73 -74 -74 -76 -75 -74 -75 -75 -75 -75 -77 -78 -79 -79 -81 -81 -82 -83 -83 -81 -81 -83 -84 -84 -84 -83 -85 -83 -82 -83 -84 -85 -84 -84 -83 -81 -82 -84 -84 -84 -83 -85 -85 -86 -86 -86 -88 -88 -87 -88 -88 -87 -89 -88 -87 -87 -92 -91 -90 -88 -87 -87 -82 -81 -85 -82 -84 -84 -85 -85 -85
-79 -79 -79 -78 -76 -78 -77 -76 -78 -78 -78 -77 -77 -77 -76 -76 -77 -76 -76 -76 -75 -75 -74 -72 -73 -74 -74 -75 -76 -75 -74 -73 -74 -73 -75 -77 -78 -80 -81 -79 -81 -81 -80 -80 -82 -83 -84 -85 -83 -85 -83 -84 -84 -84 -85 -84 -84 -84 -81 -84 -85 -84 -84 -83 -84 -85 -85 -85 -86 -86 -88 -89 -89 -87 -89 -89 -89 -89 -87 -87 -91 -91 -89 -85 -83 -82 -85 -83 -85 -83 -86 -85 -84 -85
-79 -79 -78 -78 -76 -79 -77 -77 -76 -77 -77 -78 -77 -75 -76 -76 -76 -76 -74 -74 -74 -73 -72 -73 -72 -72 -73 -74 -73 -73 -73 -74 -73 -74 -73 -75 -76 -77 -77 -75 -80 -80 -79 -81 -81 -84 -85 -84 -86 -85 -84 -84 -85 -85 -85 -85 -86 -85 -82 -82 -84 -85 -85 -84 -84 -85 -85 -85 -85 -87 -88 -87 -87 -85 -88 -89 -90 -87 -87 -85 -90 -92 -91 -88 -87 -84 -86 -86 -85 -84 -85 -86 -86 -86
-79 -77 -76 -76 -78 -79 -78 -78 -78 -76 -77 -77 -77 -76 -76 -77 -76 -75 -75 -74 -74 -73 -73 -72 -72 -71 -72 -73 -75 -75 -73 -73 -75 -76 -76 -75 -75 -75 -75 -75 -76 -78 -79 -81 -83 -82 -83 -83 -84 -85 -84 -84 -85 -86 -86 -85 -84 -83 -82 -81 -82 -85 -86 -85 -86 -86 -86 -86 -88 -86 -86 -87 -88 -87 -90 -90 -91 -90 -87 -89 -86 -89 -91 -90 -88 -84 -85 -87 -86 -86 -87 -87 -86 -87
-77 -76 -76 -77 -79 -79 -78 -76 -78 -77 -77 -78 -78 -77 -77 -77 -77 -76 -75 -74 -72 -74 -73 -72 -72 -71 -72 -72 -73 -77 -75 -74 -77 -76 -77 -76 -74 -75 -78 -79 -77 -80 -80 -82 -83 -83 -82 -83 -83 -86 -86 -85 -86 -86 -87 -85 -84 -84 -84 -81 -84 -83 -84 -87 -87 -87 -87 -88 -89 -87 -87 -89 -90 -87 -89 -90 -91 -89 -88 -90 -90 -89 -90 -91 -90 -86 -82 -86 -86 -86 -85 -88 -88 -87
-77 -78 -77 -77 -79 -79 -78 -78 -77 -77 -77 -77 -78 -77 -77 -77 -78 -76 -76 -73 -73 -72 -72 -71 -71 -71 -72 -73 -73 -74 -75 -75 -76 -77 -77 -76 -74 -79 -80 -79 -76 -78 -79 -82 -83 -82 -83 -83 -85 -87 -86 -87 -87 -87 -86 -84 -85 -86 -85 -83 -83 -84 -84 -85 -88 -89 -88 -90 -89 -88 -89 -89 -89 -87 -90 -91 -91 -91 -88 -88 -94 -89 -91 -91 -88 -86 -84 -83 -85 -85 -87 -87 -89 -87
-78 -78 -78 -78 -78 -78 -78 -78 -78 -76 -77 -79 -79 -77 -78 -78 -78 -77 -73 -73 -73 -71 -71 -71 -71 -71 -71 -71 -73 -73 -74 -77 -77 -79 -78 -78 -75 -77 -79 -78 -77 -78 -80 -78 -79 -82 -84 -84 -85 -85 -86 -88 -88 -88 -85 -85 -86 -85 -84 -82 -85 -87 -83 -87 -85 -87 -88 -90 -92 -90 -88 -88 -90 -90 -88 -89 -92 -91 -87 -89 -95 -93 -91 -90 -88 -84 -82 -83 -83 -87 -87 -87 -89 -89
-78 -78 -79 -79 -79 -79 -79 -80 -78 -77 -78 -79 -80 -79 -79 -80 -76 -73 -73 -73 -71 -71 -71 -71 -71 -71 -71 -72 -73 -73 -76 -76 -79 -79 -77 -76 -74 -78 -80 -79 -77 -79 -82 -80 -81 -81 -82 -82 -83 -85 -87 -86 -88 -85 -85 -85 -84 -85 -85 -85 -83 -86 -86 -84 -88 -88 -88 -87 -89 -92 -91 -89 -90 -92 -89 -91 -92 -89 -89 -92 -90 -91 -92 -91 -90 -88 -88 -87 -87 -85 -87 -89 -89 -88
-76 -77 -79 -79 -79 -80 -80 -80 -78 -79 -79 -81 -81 -79 -80 -76 -74 -74 -73 -73 -72 -72 -72 -72 -71 -71 -72 -72 -74 -75 -76 -77 -79 -77 -75 -74 -75 -79 -81 -80 -78 -77 -79 -80 -81 -83 -82 -82 -83 -84 -84 -85 -86 -86 -85 -86 -85 -85 -86 -84 -87 -86 -86 -87 -88 -90 -90 -90 -88 -90 -90 -90 -91 -91 -90 -89 -90 -91 -90 -94 -95 -91 -94 -89 -90 -88 -90 -84 -84 -86 -88 -90 -90 -90
-79 -76 -77 -78 -80 -80 -79 -80 -79 -79 -80 -82 -80 -80 -76 -76 -75 -74 -73 -72 -72 -72 -72 -71 -71 -72 -72 -73 -75 -76 -76 -79 -76 -74 -78 -74 -75 -78 -81 -80 -80 -78 -77 -80 -81 -82 -84 -84 -82 -82 -81 -84 -84 -85 -85 -86 -86 -86 -86 -84 -84 -86 -89 -89 -85 -85 -89 -89 -92 -91 -90 -90 -93 -92 -91 -91 -88 -89 -88 -91 -93 -92 -94 -93 -91 -91 -91 -86 -89 -88 -89 -87 -91 -91
-78 -76 -77 -78 -78 -78 -78 -79 -77 -78 -79 -78 -77 -77 -76 -76 -75 -74 -74 -72 -73 -73 -73 -73 -72 -71 -71 -71 -73 -75 -76 -77 -77 -77 -78 -76 -79 -76 -76 -78 -82 -80 -79 -78 -80 -80 -81 -83 -84 -83 -84 -84 -86 -88 -87 -87 -87 -87 -87 -86 -84 -87 -87 -88 -89 -88 -86 -88 -89 -92 -91 -90 -91 -92 -93 -94 -91 -91 -88 -91 -93 -93 -92 -93 -92 -90 -88 -89 -91 -88 -91 -87 -90 -91
-78 -77 -78 -78 -75 -77 -78 -78 -76 -76 -77 -76 -76 -75 -75 -76 -75 -75 -75 -75 -74 -72 -72 -73 -73 -72 -73 -74 -75 -74 -75 -78 -79 -79 -79 -77 -78 -77 -77 -81 -83 -82 -79 -79 -79 -80 -82 -82 -83 -84 -85 -86 -87 -86 -86 -86 -87 -87 -86 -88 -87 -87 -86 -88 -90 -89 -88 -89 -91 -93 -93 -93 -94 -94 -91 -94 -92 -89 -92 -89 -93 -92 -94 -95 -95 -92 -91 -87 -91 -90 -92 -89 -88 -91
-78 -78 -79 -78 -77 -76 -76 -76 -76 -75 -76 -75 -75 -75 -75 -75 -75 -76 -74 -75 -74 -73 -72 -71 -72 -73 -72 -73 -76 -76 -74 -76 -79 -81 -78 -78 -80 -78 -76 -81 -81 -83 -82 -81 -80 -80 -82 -82 -84 -85 -84 -85 -85 -85 -86 -87 -88 -88 -88 -90 -91 -90 -89 -88 -89 -91 -88 -87 -91 -91 -93 -94 -94 -95 -93 -94 -92 -90 -91 -92 -89 -92 -95 -97 -94 -93 -93 -92 -89 -92 -92 -93 -91 -999
-79 -79 -79 -79 -78 -79 -76 -77 -76 -76 -77 -75 -76 -75 -76 -76 -76 -76 -74 -74 -74 -73 -72 -72 -72 -72 -75 -75 -75 -75 -74 -78 -81 -81 -79 -79 -80 -80 -75 -76 -80 -83 -83 -80 -80 -79 -81 -82 -83 -83 -84 -85 -85 -85 -86 -88 -91 -91 -91 -90 -88 -88 -88 -88 -89 -91 -90 -89 -90 -91 -92 -94 -93 -96 -95 -95 -96 -93 -93 -93 -92 -89 -92 -91 -93 -94 -93 -93 -91 -93 -92 -91 -90 -999
-77 -79 -79 -79 -78 -78 -77 -78 -76 -78 -76 -75 -76 -76 -77 -77 -77 -76 -76 -74 -74 -74 -73 -74 -74 -75 -78 -79 -78 -79 -77 -78 -78 -80 -79 -79 -79 -79 -75 -78 -79 -82 -82 -82 -82 -79 -80 -83 -83 -82 -82 -82 -86 -86 -87 -88 -90 -92 -93 -92 -92 -91 -91 -90 -90 -94 -93 -91 -93 -91 -91 -92 -90 -90 -92 -91 -95 -94 -94 -93 -93 -92 -90 -999 -999 -999 -999 -999 -999 -999 -93 -999 -999 -999
-78 -77 -79 -80 -79 -78 -78 -79 -76 -77 -77 -75 -76 -76 -76 -77 -76 -75 -75 -75 -75 -74 -75 -75 -76 -79 -79 -77 -79 -78 -77 -76 -79 -80 -79 -78 -76 -76 -76 -79 -82 -83 -84 -82 -80 -80 -81 -82 -80 -81 -82 -84 -85 -86 -86 -86 -89 -91 -92 -93 -93 -92 -92 -92 -89 -95 -94 -94 -94 -95 -95 -94 -94 -95 -95 -92 -92 -999 -999 -999 -999 -999 -999 -999 -999 -999 -999 -999 -999 -999 -999 -999 -999 -999
-80 -78 -79 -79 -79 -79 -77 -80 -78 -79 -76 -76 -76 -77 -77 -77 -76 -75 -75 -76 -76 -77 -76 -78 -80 -78 -75 -78 -76 -77 -76 -79 -79 -79 -78 -79 -76 -80 -81 -81 -84 -84 -82 -82 -79 -81 -79 -79 -82 -81 -82 -83 -85 -86 -86 -88 -88 -92 -92 -93 -93 -93 -94 -92 -92 -96 -95 -94 -93 -95 -93 -92 -95 -95 -96 -95 -93 -999 -999 -999 -999 -999 -999 -999 -999 -999 -999 -999 -999 -999 -999 -999 -999 -999
-80 -80 -80 -80 -82 -80 -78 -79 -79 -78 -78 -77 -77 -77 -77 -77 -77 -78 -78 -77 -78 -79 -80 -80 -78 -77 -76 -77 -78 -80 -82 -81 -80 -80 -78 -75 -76 -79 -82 -84 -83 -83 -85 -84 -83 -82 -82 -82 -81 -85 -85 -85 -87 -87 -88 -89 -90 -90 -91 -91 -91 -92 -94 -93 -93 -93 -92 -93 -93 -91 -999 -999 -999 -999 -999 -999 -999 -999 -999 -999 -999 -999 -999 -999 -999 -999 -999 -999 -999 -999 -999 -999 -999 -999
-80 -80 -79 -81 -80 -80 -81 -79 -78 -79 -79 -78 -77 -78 -78 -78 -78 -78 -79 -80 -80 -82 -82 -79 -77 -80 -80 -81 -82 -82 -81 -78 -78 -78 -79 -80 -75 -82 -82 -83 -84 -85 -83 -85 -85 -83 -80 -80 -80 -84 -86 -86 -86 -87 -88 -89 -89 -90 -90 -91 -90 -92 -93 -94 -96 -94 -93 -93 -92 -93 -999 -999 -999 -999 -999 -999 -999 -999 -999 -999 -999 -999 -999 -999 -999 -999 -999 -999 -999 -999 -999 -999 -999 -999
-81 -80 -79 -80 -78 -79 -79 -81 -79 -80 -79 -78 -79 -78 -78 -79 -78 -79 -78 -81 -81 -81 -79 -78 -79 -82 -82 -80 -84 -80 -79 -79 -80 -78 -80 -77 -78 -81 -83 -85 -84 -85 -83 -85 -85 -84 -80 -81 -79 -80 -85 -85 -85 -87 -90 -89 -88 -88 -89 -88 -92 -94 -92 -93 -94 -91 -91 -93 -98 -99 -95 -999 -999 -999 -999 -999 -999 -999 -999 -999 -999 -999 -999 -999 -999 -999 -999 -999 -999 -999 -999 -999 -999 -999
-80 -80 -81 -80 -78 -81 -81 -80 -82 -79 -80 -80 -80 -79 -79 -80 -79 -81 -80 -82 -81 -79 -80 -81 -81 -84 -83 -83 -81 -82 -80 -79 -80 -79 -78 -79 -75 -80 -81 -84 -84 -84 -83 -86 -86 -84 -84 -79 -83 -80 -81 -82 -85 -87 -87 -87 -86 -90 -89 -90 -92 -92 -93 -93 -93 -90 -93 -95 -98 -98 -98 -999 -999 -999 -999 -999 -999 -999 -999 -999 -999 -999 -999 -999 -999 -999 -999 -999 -999 -999 -999 -999 -999 -999
-81 -81 -82 -82 -81 -80 -80 -81 -81 -81 -81 -81 -80 -80 -80 -80 -80 -82 -83 -83 -82 -80 -82 -82 -84 -83 -86 -86 -84 -83 -81 -79 -81 -81 -79 -80 -76 -81 -80 -82 -83 -84 -84 -87 -86 -84 -83 -84 -85 -83 -82 -84 -82 -85 -86 -87 -87 -90 -92 -92 -92 -91 -89 -93 -93 -92 -93 -99 -100 -101 -999 -999 -999 -999 -999 -999 -999 -999 -999 -999 -999 -999 -999 -999 -999 -999 -999 -999 -999 -999 -999 -999 -999 -999
-79 -79 -81 -82 -80 -80 -81 -80 -81 -81 -82 -81 -80 -81 -83 -81 -82 -82 -83 -82 -83 -82 -84 -84 -86 -84 -84 -85 -84 -84 -83 -82 -82 -79 -80 -78 -78 -78 -78 -81 -82 -85 -85 -85 -85 -85 -84 -83 -85 -88 -87 -85 -84 -83 -84 -87 -88 -89 -90 -92 -91 -90 -92 -93 -91 -98 -95 -98 -99 -999 -999 -999 -999 -999 -999 -999 -999 -999 -999 -999 -999 -999 -999 -999 -999 -999 -999 -999 -999 -999 -999 -999 -999 -999
-79 -80 -80 -81 -80 -81 -81 -82 -80 -82 -80 -81 -81 -82 -81 -81 -82 -83 -84 -84 -83 -81 -82 -84 -84 -85 -86 -86 -83 -83 -80 -81 -82 -79 -82 -80 -77 -80 -82 -82 -84 -86 -85 -84 -85 -85 -84 -81 -85 -88 -89 -89 -87 -85 -84 -84 -86 -88 -90 -92 -89 -89 -90 -90 -94 -97 -98 -100 -99 -999 -999 -999 -999 -999 -999 -999 -999 -999 -999 -999 -999 -999 -999 -999 -999 -999 -999 -999 -999 -999 -999 -999 -999 -999
-79 -80 -81 -80 -78 -80 -81 -80 -80 -80 -81 -81 -81 -83 -83 -82 -85 -84 -84 -83 -81 -82 -84 -84 -85 -86 -85 -83 -82 -82 -82 -83 -82 -82 -80 -80 -76 -79 -80 -82 -85 -87 -85 -85 -83 -85 -84 -83 -87 -87 -88 -91 -88 -89 -88 -85 -84 -86 -87 -91 -89 -93 -93 -94 -95 -97 -98 -98 -100 -999 -999 -999 -999 -999 -999 -999 -999 -999 -999 -999 -999 -999 -999 -999 -999 -999 -999 -999 -999 -999 -999 -999 -999 -999
-79 -80 -79 -80 -79 -79 -80 -79 -79 -79 -80 -81 -82 -83 -83 -83 -86 -84 -84 -82 -82 -82 -85 -87 -87 -87 -86 -86 -86 -83 -83 -84 -83 -84 -84 -81 -77 -81 -80 -83 -85 -86 -86 -84 -84 -86 -85 -85 -84 -89 -89 -91 -90 -90 -87 -86 -89 -88 -86 -89 -90 -93 -95 -98 -97 -100 -99 -98 -999 -999 -999 -999 -999 -999 -999 -999 -999 -999 -999 -999 -999 -999 -999 -999 -999 -999 -999 -999 -999 -999 -999 -999 -999 -999
-78 -78 -79 -80 -80 -80 -80 -81 -80 -77 -81 -82 -83 -83 -84 -86 -85 -85 -84 -83 -82 -85 -87 -89 -87 -86 -87 -89 -87 -85 -83 -85 -85 -83 -84 -82 -79 -78 -83 -83 -85 -86 -86 -85 -87 -86 -86 -85 -90 -87 -91 -91 -91 -93 -91 -90 -92 -94 -89 -999 -999 -93 -93 -97 -99 -102 -99 -999 -999 -999 -999 -999 -999 -999 -999 -999 -999 -999 -999 -999 -999 -999 -999 -999 -999 -999 -999 -999 -999 -999 -999 -999 -999 -999
-79 -78 -77 -79 -78 -77 -79 -77 -77 -78 -82 -83 -84 -83 -85 -84 -86 -86 -84 -82 -84 -87 -90 -89 -89 -87 -87 -85 -85 -84 -86 -87 -87 -86 -84 -83 -80 -79 -82 -82 -84 -85 -88 -88 -88 -88 -87 -85 -90 -90 -94 -93 -94 -95 -94 -94 -94 -95 -90 -999 -999 -90 -95 -95 -98 -100 -999 -999 -999 -999 -999 -999 -999 -999 -999 -999 -999 -999 -999 -999 -999 -999 -999 -999 -999 -999 -999 -999 -999 -999 -999 -999 -999 -999
-81 -80 -80 -79 -78 -79 -78 -79 -79 -80 -83 -83 -84 -83 -85 -85 -84 -85 -84 -84 -85 -88 -90 -91 -90 -88 -86 -88 -84 -84 -86 -87 -86 -84 -83 -83 -78 -81 -81 -82 -83 -86 -88 -89 -88 -87 -87 -92 -90 -90 -93 -93 -94 -94 -93 -92 -93 -93 -999 -999 -999 -999 -94 -97 -99 -98 -999 -999 -999 -999 -999 -999 -999 -999 -999 -999 -999 -999 -999 -999 -999 -999 -999 -999 -999 -999 -999 -999 -999 -999 -999 -999 -999 -999
-83 -81 -80 -80 -80 -81 -81 -82 -81 -79 -82 -84 -84 -82 -82 -86 -86 -85 -84 -86 -84 -87 -90 -90 -90 -89 -88 -86 -85 -83 -85 -83 -84 -83 -80 -79 -79 -83 -79 -81 -84 -84 -87 -88 -89 -87 -89 -92 -91 -91 -92 -94 -94 -93 -94 -91 -999 -999 -999 -999 -999 -999 -999 -999 -97 -999 -999 -999 -999 -999 -999 -999 -999 -999 -999 -999 -999 -999 -999 -999 -999 -999 -999 -999 -999 -999 -999 -999 -999 -999 -999 -999 -999 -999
-82 -84 -81 -81 -83 -85 -84 -84 -81 -78 -82 -82 -83 -81 -82 -83 -85 -86 -86 -88 -86 -87 -89 -89 -90 -90 -88 -85 -84 -83 -84 -83 -80 -81 -82 -84 -80 -82 -83 -84 -82 -86 -86 -88 -90 -90 -90 -92 -91 -91 -91 -92 -94 -93 -91 -999 -999 -999 -999 -999 -999 -999 -999 -999 -999 -999 -999 -999 -999 -999 -999 -999 -999 -999 -999 -999 -999 -999 -999 -999 -999 -999 -999 -999 -999 -999 -999 -999 -999 -999 -999 -999 -999 -999
-80 -84 -84 -84 -85 -85 -84 -81 -83 -79 -78 -81 -81 -81 -83 -84 -87 -89 -88 -89 -89 -88 -88 -89 -88 -89 -87 -85 -84 -85 -84 -83 -86 -83 -84 -84 -81 -82 -84 -87 -80 -82 -84 -87 -89 -90 -92 -92 -92 -92 -999 -999 -93 -93 -94 -999 -999 -999 -999 -999 -999 -999 -999 -999 -999 -999 -999 -999 -999 -999 -999 -999 -999 -999 -999 -999 -999 -999 -999 -999 -999 -999 -999 -999 -999 -999 -999 -999 -999 -999 -999 -999 -999 -999
-81 -82 -85 -86 -86 -84 -84 -82 -81 -80 -79 -81 -80 -86 -85 -87 -89 -89 -89 -90 -90 -91 -88 -88 -87 -88 -90 -86 -85 -87 -86 -85 -84 -84 -82 -82 -84 -83 -85 -84 -87 -86 -82 -88 -89 -90 -92 -92 -92 -999 -999 -999 -999 -94 -93 -999 -999 -999 -999 -999 -999 -999 -999 -999 -999 -999 -999 -999 -999 -999 -999 -999 -999 -999 -999 -999 -999 -999 -999 -999 -999 -999 -999 -999 -999 -999 -999 -999 -999 -999 -999 -999 -999 -999
-81 -83 -87 -85 -85 -84 -82 -81 -81 -83 -79 -79 -84 -82 -85 -88 -91 -90 -89 -89 -88 -91 -89 -88 -89 -89 -88 -87 -85 -87 -88 -87 -83 -87 -87 -84 -85 -86 -88 -85 -86 -87 -84 -87 -85 -88 -92 -93 -92 -999 -999 -999 -999 -999 -999 -999 -999 -999 -999 -999 -999 -999 -999 -999 -999 -999 -999 -999 -999 -999 -999 -999 -999 -999 -999 -999 -999 -999 -999 -999 -999 -999 -999 -999 -999 -999 -999 -999 -999 -999 -999 -999 -999 -999
-81 -86 -86 -84 -83 -83 -81 -84 -84 -82 -83 -79 -79 -81 -85 -89 -88 -91 -89 -88 -86 -89 -89 -86 -87 -87 -87 -87 -86 -88 -89 -89 -84 -88 -93 -86 -84 -88 -90 -88 -88 -89 -88 -85 -89 -90 -91 -90 -93 -999 -999 -999 -999 -999 -999 -999 -999 -999 -999 -999 -999 -999 -999 -999 -999 -999 -999 -999 -999 -999 -999 -999 -999 -999 -999 -999 -999 -999 -999 -999 -999 -999 -999 -999 -999 -999 -999 -999 -999 -999 -999 -999 -999 -999
