DE_airtemperature/2010/2010_07_air_temp_min.asc
NCOLS 654
NROWS 866
XLLCORNER 3280414.711633467
YLLCORNER 5237500.62890625
CELLSIZE 1000
NODATA_VALUE -999
[rows 451 to 491 of 866, columns 0 to 93 of 654]
-999 -999 -999 -999 -999 -999 -999 -999 -999 146 145 145 144 143 143 142 143 144 143 143 145 145 145 145 146 146 147 146 147 147 146 145 146 146 146 147 147 147 147 147 147 147 147 147 147 147 147 147 148 148 148 149 148 148 149 149 149 149 149 149 150 150 151 152 153 154 156 158 160 161 162 164 165 165 166 166 166 167 166 166 165 164 160 158 157 155 153 151 148 146 145 144 142 143
-999 -999 -999 -999 -999 -999 -999 -999 146 146 145 144 144 144 143 142 143 142 143 144 144 145 145 146 146 146 146 147 147 147 147 146 145 146 147 147 147 147 147 147 147 147 147 147 147 147 148 148 148 148 149 149 148 148 148 149 149 148 149 149 149 150 152 153 153 154 156 158 159 160 162 164 165 165 165 166 166 166 166 165 165 164 161 158 157 156 154 151 150 149 145 143 143 142
-999 -999 -999 -999 -999 -999 -999 -999 -999 146 146 145 144 144 143 143 144 143 144 144 144 145 145 146 145 146 146 146 146 147 147 146 145 146 147 147 147 147 147 147 147 147 147 147 147 147 147 148 148 148 149 149 149 148 148 148 148 147 149 149 149 150 151 153 153 155 156 158 159 159 162 163 164 165 165 165 166 166 165 165 164 163 161 158 157 156 153 151 150 149 148 144 144 145
-999 -999 -999 -999 -999 -999 -999 -999 -999 146 146 145 144 144 144 145 144 143 143 145 145 145 146 146 146 146 147 147 147 148 148 148 147 146 146 147 147 147 148 147 147 147 147 147 147 147 147 147 148 149 149 149 149 148 149 148 148 147 145 149 146 151 151 153 154 155 157 158 159 159 161 162 163 164 164 165 165 165 164 164 163 162 160 159 157 155 154 152 151 149 147 144 144 143
-999 -999 -999 -999 -999 -999 -999 -999 -999 -999 -999 145 146 145 145 146 145 144 144 144 146 146 146 146 147 147 147 147 147 147 148 148 149 148 147 147 147 147 148 148 148 148 147 147 147 147 147 148 148 148 149 149 149 149 149 149 149 147 146 146 148 151 151 152 154 155 157 157 157 158 160 161 161 162 163 164 163 164 163 162 161 161 160 158 156 155 154 153 152 150 148 146 145 146
-999 -999 -999 -999 -999 -999 -999 -999 -999 -999 -999 -999 145 146 147 146 146 146 146 145 146 146 147 147 147 148 147 147 147 147 148 149 149 148 147 147 147 147 147 148 148 148 147 147 147 147 147 148 148 148 149 149 149 149 149 150 150 149 146 148 148 148 151 152 154 154 155 156 157 157 158 160 161 161 162 162 163 162 162 161 161 160 159 157 157 155 154 153 152 151 148 143 143 148
-999 -999 -999 -999 -999 -999 -999 -999 -999 -999 -999 -999 -999 -999 148 147 147 146 147 146 146 146 147 148 147 148 148 147 148 148 148 148 148 148 148 148 148 148 147 147 148 147 148 147 147 147 148 148 148 148 148 149 149 149 149 150 150 150 146 146 148 148 150 152 153 154 155 156 157 157 157 160 160 160 160 161 162 161 160 160 160 159 158 157 157 155 154 152 152 149 148 146 148 141
-999 -999 -999 -999 -999 -999 -999 -999 -999 -999 -999 -999 -999 -999 151 149 150 148 148 148 148 148 148 148 148 149 149 148 149 148 148 149 149 149 149 149 148 148 148 147 147 147 147 148 148 148 148 148 148 148 148 148 149 149 149 149 149 150 148 148 148 149 149 150 152 154 154 155 155 156 157 158 158 159 159 159 159 159 159 159 158 158 157 156 156 155 153 153 151 149 146 145 148 144
-999 -999 -999 -999 -999 -999 -999 -999 -999 -999 -999 -999 -999 -999 151 151 152 150 149 149 149 150 149 149 149 150 149 149 149 149 149 149 149 149 149 149 149 149 148 148 147 147 147 147 147 148 148 148 148 148 148 148 148 148 148 149 149 149 148 148 147 147 149 150 150 153 154 154 154 156 157 157 157 157 158 157 157 157 158 157 157 156 156 155 154 154 153 152 150 149 148 146 147 145
-999 -999 -999 -999 -999 -999 -999 -999 -999 -999 -999 -999 -999 -999 152 153 152 151 150 150 150 150 150 150 150 150 149 149 150 150 149 149 149 150 149 149 149 149 148 148 148 147 147 147 147 147 148 148 148 148 148 148 148 148 148 148 148 149 149 148 146 146 149 150 150 151 153 154 154 154 155 156 156 156 156 156 156 156 156 156 156 156 155 154 154 154 152 151 151 150 147 146 147 144
-999 -999 -999 -999 -999 -999 -999 -999 -999 -999 -999 -999 -999 -999 -999 154 152 152 152 151 150 150 150 151 150 150 150 149 150 150 149 149 149 149 150 149 149 149 149 148 148 147 147 147 147 147 147 148 148 148 148 148 148 148 148 148 148 148 149 148 147 147 148 149 150 151 151 153 154 154 155 154 155 155 154 155 155 155 155 155 155 155 154 154 154 153 151 151 150 149 148 147 147 144
-999 -999 -999 -999 -999 -999 -999 -999 -999 -999 -999 -999 -999 -999 -999 155 154 154 153 151 152 150 151 150 150 149 150 149 149 149 149 150 148 149 150 149 149 149 149 148 147 147 147 147 147 147 147 147 148 148 148 148 148 148 148 148 148 147 148 147 148 147 147 147 149 151 151 151 153 153 153 153 154 154 153 153 153 153 154 154 154 154 154 153 153 152 150 150 149 148 147 147 146 143
-999 -999 -999 -999 -999 -999 -999 -999 -999 -999 -999 -999 -999 -999 156 155 155 155 153 153 153 151 150 150 150 149 149 148 149 149 149 149 149 150 150 148 149 149 149 148 147 147 147 146 147 147 147 147 147 148 148 148 148 148 148 147 147 147 147 147 147 148 148 147 148 150 150 151 151 151 151 152 152 152 152 152 152 152 153 153 153 153 153 153 152 152 150 149 148 147 147 146 147 145
-999 -999 -999 -999 -999 -999 -999 -999 -999 -999 -999 154 155 155 156 155 155 155 154 152 152 152 150 149 150 150 149 148 149 149 149 149 149 150 150 148 148 149 149 147 147 147 147 147 146 146 147 147 147 147 147 147 147 148 147 147 147 147 147 147 147 147 148 148 148 148 149 150 151 151 149 151 151 151 151 151 151 151 152 153 153 153 153 152 152 152 150 148 148 147 146 145 146 146
-999 -999 -999 -999 -999 -999 -999 -999 -999 -999 154 154 154 155 155 157 154 154 154 153 152 152 151 150 149 150 149 149 148 148 148 149 150 150 149 149 148 148 148 147 147 147 147 147 146 146 146 146 147 147 147 147 148 147 147 147 147 147 147 147 147 147 146 147 147 148 149 149 149 148 148 149 151 150 151 151 151 151 151 152 153 152 152 152 152 151 149 148 148 146 146 145 146 146
-999 -999 -999 -999 -999 -999 -999 -999 -999 -999 153 153 155 155 154 156 154 154 154 153 153 152 151 151 149 149 149 149 149 148 148 149 150 150 149 149 149 148 148 148 148 147 147 147 147 146 146 146 147 147 147 146 147 146 147 147 147 147 147 147 147 147 147 146 147 148 148 148 147 148 148 149 150 150 151 151 151 151 151 152 152 152 152 151 151 150 149 148 148 146 146 146 145 145
-999 -999 -999 -999 -999 -999 -999 -999 -999 -999 153 154 156 155 154 157 157 154 154 154 154 153 151 150 150 150 150 149 149 149 150 150 150 150 149 148 148 149 148 148 148 148 146 147 147 146 146 146 146 147 146 146 145 145 145 146 146 146 146 146 146 146 147 147 146 147 147 146 146 146 147 149 149 149 149 150 150 151 151 151 151 151 151 151 150 150 150 148 148 147 147 147 147 148
-999 -999 -999 -999 -999 -999 -999 -999 -999 -999 154 155 155 155 154 155 155 155 154 154 154 153 151 150 150 151 150 149 150 150 150 149 149 149 149 148 148 148 148 148 148 148 147 146 146 146 146 146 146 146 146 145 145 145 145 145 145 146 146 146 146 146 146 146 146 145 145 146 145 146 147 148 148 148 149 149 150 150 151 151 151 151 151 150 150 150 150 148 147 147 146 146 146 148
-999 -999 -999 -999 -999 -999 -999 153 152 153 152 154 154 156 156 157 156 154 154 155 154 154 152 150 150 152 149 150 150 150 150 149 147 149 149 148 148 148 149 147 148 148 147 146 146 146 146 146 146 146 145 144 145 145 145 145 145 145 145 146 146 146 145 146 146 145 144 146 145 145 145 147 148 148 148 149 149 150 150 151 151 151 151 150 150 150 150 149 148 147 147 148 148 148
-999 -999 -999 -999 -999 -999 154 152 153 152 153 156 157 157 158 158 158 155 155 154 154 154 152 153 152 150 150 151 150 149 148 149 146 146 146 149 148 148 148 148 147 147 147 147 147 146 146 146 146 145 145 144 144 144 143 144 144 144 144 144 145 145 145 145 145 145 144 144 144 144 145 146 147 147 148 148 148 150 150 150 150 151 151 151 150 150 150 150 150 149 149 149 150 149
-999 -999 -999 -999 -999 -999 -999 154 151 151 154 155 157 156 158 159 159 157 156 154 155 154 153 151 150 149 148 151 150 148 148 146 147 144 147 148 148 149 148 148 148 148 146 146 147 147 146 146 146 145 145 144 144 144 143 144 143 143 144 143 143 144 144 144 144 143 142 142 143 143 145 146 146 147 147 148 148 149 150 150 150 150 151 151 151 151 151 151 151 151 150 151 150 149
-999 -999 -999 -999 -999 -999 -999 -999 -999 152 154 154 156 156 159 159 158 157 156 154 153 154 152 152 147 149 148 149 149 148 147 146 146 144 147 147 148 149 148 148 148 148 147 146 146 147 146 146 146 146 145 143 144 143 143 142 142 143 143 143 143 143 142 142 143 142 141 141 142 141 143 144 146 146 147 148 149 149 149 150 150 150 151 151 151 151 151 151 151 151 151 151 150 150
-999 -999 -999 -999 -999 -999 -999 -999 -999 153 153 155 156 156 157 158 158 156 155 154 153 154 151 150 150 147 146 147 149 148 149 144 144 144 146 147 148 148 147 148 148 148 148 146 146 146 146 145 145 145 144 144 144 143 142 142 142 142 142 142 143 142 142 142 142 142 141 141 141 141 141 143 145 146 147 147 149 149 149 150 150 150 151 151 150 151 151 151 151 151 152 151 151 150
-999 -999 -999 -999 -999 -999 -999 -999 -999 151 152 154 155 156 156 156 156 154 154 152 151 152 150 150 150 147 147 147 147 147 149 145 143 142 146 146 147 148 148 147 147 147 148 146 146 146 146 145 145 144 145 144 143 142 142 142 141 141 142 142 141 141 141 141 141 141 141 141 141 140 141 141 143 145 146 147 147 148 149 149 150 150 151 151 150 152 152 152 152 152 152 151 151 151
-999 -999 -999 -999 -999 -999 -999 -999 -999 148 150 153 153 155 154 154 153 153 152 152 152 153 150 149 149 150 147 147 145 144 147 144 143 141 140 143 146 146 146 146 147 148 147 145 145 146 146 145 145 144 145 144 143 143 142 141 140 140 140 141 140 140 140 140 140 140 141 141 139 140 140 141 142 144 145 146 147 148 149 150 150 150 151 151 152 152 152 152 153 153 151 152 152 151
-999 -999 -999 -999 -999 -999 -999 -999 -999 -999 149 149 151 153 150 152 152 152 152 151 151 151 149 147 148 147 145 145 144 145 144 144 145 143 139 139 142 145 145 146 147 147 146 145 145 145 146 145 145 145 144 143 143 143 142 140 140 140 140 139 139 140 140 139 139 139 140 141 140 139 140 141 141 141 144 144 146 147 148 150 149 150 151 152 152 152 152 152 152 152 152 152 151 151
-999 -999 -999 -999 -999 -999 -999 -999 -999 -999 152 150 148 149 149 150 152 151 151 150 152 149 148 147 147 145 148 146 143 143 144 144 143 141 140 140 141 144 144 144 145 146 146 145 144 145 145 145 145 144 144 144 143 142 141 140 140 140 139 139 139 139 138 138 139 139 139 140 141 140 140 141 141 141 142 142 144 144 148 148 150 149 150 151 152 152 153 153 152 152 153 150 149 151
-999 -999 -999 -999 -999 -999 -999 -999 -999 -999 151 150 150 149 149 149 150 150 149 150 150 148 148 147 146 147 144 145 142 141 144 143 143 142 140 137 138 139 143 144 143 145 144 145 144 144 144 144 145 144 144 143 143 142 141 140 140 139 139 139 138 139 138 137 137 138 139 140 140 141 140 140 141 141 142 142 142 143 146 148 148 149 150 150 152 152 153 153 152 153 152 150 150 152
-999 -999 -999 -999 -999 -999 -999 -999 -999 -999 -999 -999 -999 -999 -999 -999 148 149 149 149 150 149 147 146 144 145 142 145 141 141 141 141 143 140 139 138 140 144 145 147 146 145 144 143 144 143 144 143 144 143 144 143 142 142 141 139 138 138 138 138 138 138 137 137 137 138 138 138 139 140 141 141 141 141 142 142 142 143 146 148 149 149 150 150 151 151 153 153 153 151 150 151 149 151
-999 -999 -999 -999 -999 -999 -999 -999 -999 -999 -999 -999 -999 -999 -999 -999 -999 149 150 147 148 147 146 143 146 143 143 141 140 140 138 142 140 140 140 137 139 142 147 144 143 142 142 143 143 143 143 143 144 144 143 142 142 142 141 139 138 138 138 137 138 138 137 136 136 136 137 139 139 139 140 142 142 141 142 142 142 142 144 147 148 148 149 151 151 151 153 154 153 152 150 149 150 151
-999 -999 -999 -999 -999 -999 -999 -999 -999 -999 -999 -999 -999 -999 -999 -999 -999 150 149 147 148 146 144 143 144 141 142 141 139 138 138 142 138 140 139 139 138 143 147 139 138 141 142 140 142 142 143 142 144 143 142 142 142 142 141 139 138 138 138 138 137 136 136 136 136 136 137 138 139 140 140 141 142 141 142 142 142 142 143 144 147 149 148 149 151 152 153 153 153 153 148 148 149 149
-999 -999 -999 -999 -999 -999 -999 -999 -999 -999 -999 -999 -999 -999 -999 -999 -999 -999 148 147 145 144 146 142 142 142 142 140 138 135 136 140 138 138 141 140 141 140 139 146 144 139 141 141 140 142 142 144 145 144 143 142 143 141 140 139 139 138 139 138 137 136 136 135 136 136 137 138 139 140 140 141 142 142 141 142 142 142 143 145 146 148 148 148 148 150 152 152 153 154 154 152 148 148
-999 -999 -999 -999 -999 -999 -999 -999 -999 -999 -999 -999 -999 -999 -999 -999 -999 -999 147 145 144 144 142 142 140 141 140 138 138 135 135 139 137 138 139 141 146 141 140 142 145 143 140 139 140 141 143 144 144 144 142 141 141 141 140 139 139 138 138 137 137 137 136 136 137 136 137 137 139 139 140 141 141 142 142 143 142 142 144 146 144 144 145 147 147 147 151 152 152 152 154 152 150 149
-999 -999 -999 -999 -999 -999 -999 -999 -999 -999 -999 -999 -999 -999 -999 -999 -999 -999 -999 144 143 144 139 138 140 138 135 136 135 134 136 137 138 141 138 141 141 145 144 142 147 143 141 138 140 141 142 143 143 141 141 140 140 141 140 139 139 139 138 137 137 137 137 136 137 136 137 138 138 138 140 141 141 141 142 143 142 142 143 145 144 144 145 148 146 146 147 151 151 152 153 153 146 148
-999 -999 -999 -999 -999 -999 -999 -999 -999 -999 -999 -999 -999 -999 -999 -999 -999 -999 -999 142 141 140 139 140 138 135 133 133 132 134 135 135 139 143 140 138 138 140 139 140 142 145 143 138 140 142 141 141 142 141 141 140 140 140 140 140 139 138 138 138 137 137 137 137 136 137 137 138 138 138 140 141 141 141 142 142 142 142 142 143 144 144 144 145 146 145 146 147 151 152 153 153 150 145
-999 -999 -999 -999 -999 -999 -999 -999 -999 -999 -999 -999 -999 -999 -999 -999 -999 -999 -999 -999 138 140 140 137 137 135 132 130 132 134 137 137 140 134 137 135 135 137 138 138 143 145 144 139 140 139 140 140 141 142 141 140 141 140 141 140 139 138 138 138 137 137 138 137 137 137 138 138 138 139 139 139 140 141 141 142 141 142 142 142 143 144 144 143 144 144 145 146 149 151 151 152 149 145
-999 -999 -999 -999 -999 -999 -999 -999 -999 -999 -999 -999 -999 -999 -999 -999 -999 -999 -999 -999 138 137 138 135 134 133 132 130 132 133 137 134 133 135 135 136 138 137 137 137 140 145 145 140 138 140 140 139 139 141 141 140 141 140 140 139 138 139 138 138 138 137 138 138 138 138 138 139 139 139 139 139 139 140 141 141 140 141 142 142 142 143 144 144 144 144 144 146 145 146 150 150 151 149
-999 -999 -999 -999 -999 -999 -999 -999 -999 -999 -999 -999 -999 -999 -999 -999 -999 -999 -999 -999 137 136 135 134 132 140 130 132 134 137 133 132 133 136 137 140 142 143 141 139 143 142 138 138 137 139 138 137 138 138 139 140 141 141 139 138 138 139 138 137 138 138 138 137 137 138 137 138 138 138 139 139 139 139 140 140 140 140 141 142 141 141 142 143 143 143 147 146 144 147 146 149 151 150
-999 -999 -999 -999 -999 -999 -999 -999 -999 -999 -999 -999 -999 -999 -999 -999 -999 -999 -999 -999 135 -999 -999 -999 -999 -999 130 132 134 134 133 132 133 135 136 141 142 140 139 143 141 142 139 138 138 137 138 136 138 140 139 138 140 141 138 139 138 138 138 138 138 138 138 138 137 137 138 138 138 138 138 139 139 139 140 140 140 140 141 142 142 141 142 142 143 144 144 143 144 144 147 146 149 151
-999 -999 -999 -999 -999 -999 -999 -999 -999 -999 -999 -999 -999 -999 -999 -999 -999 -999 -999 -999 -999 -999 -999 -999 -999 -999 131 133 133 132 131 130 131 136 140 141 141 135 134 134 138 136 138 138 135 136 138 135 137 137 138 139 140 139 138 137 139 137 139 136 137 137 138 137 138 138 137 138 138 137 138 138 138 140 140 140 140 140 141 141 141 141 141 142 143 143 142 142 143 144 146 143 148 150
-999 -999 -999 -999 -999 -999 -999 -999 -999 -999 -999 -999 -999 -999 -999 -999 -999 -999 -999 -999 -999 -999 -999 -999 -999 -999 132 131 132 130 130 132 137 137 139 140 135 130 131 132 132 134 138 133 134 136 136 135 137 138 138 136 137 138 137 137 138 138 138 135 135 134 136 138 138 137 136 137 137 137 136 138 138 139 139 139 139 140 141 141 140 140 140 141 141 140 140 140 141 143 143 141 144 148
