DE_airtemperature/2010/2010_01_air_temp_min.asc
NCOLS 654
NROWS 866
XLLCORNER 3280414.711633467
YLLCORNER 5237500.62890625
CELLSIZE 1000
NODATA_VALUE -999
[rows 574 to 614 of 866, columns 188 to 281 of 654]
-42 -43 -43 -43 -44 -45 -45 -45 -46 -47 -47 -48 -47 -47 -48 -46 -45 -45 -45 -44 -45 -45 -44 -44 -45 -45 -45 -46 -48 -49 -49 -50 -48 -48 -47 -45 -45 -48 -47 -47 -44 -43 -43 -46 -48 -48 -48 -50 -49 -48 -54 -55 -53 -50 -55 -58 -58 -58 -59 -59 -61 -65 -60 -64 -63 -62 -57 -59 -60 -60 -55 -49 -55 -52 -51 -52 -52 -54 -55 -53 -53 -54 -54 -56 -55 -55 -55 -56 -53 -53 -53 -53 -59 -62
-43 -43 -43 -44 -44 -45 -46 -46 -48 -48 -48 -49 -48 -48 -48 -46 -45 -45 -45 -45 -45 -45 -45 -45 -45 -45 -45 -47 -48 -50 -50 -48 -47 -46 -46 -46 -47 -47 -48 -47 -47 -43 -43 -44 -47 -49 -48 -50 -50 -51 -52 -54 -52 -54 -55 -56 -56 -52 -55 -58 -63 -59 -59 -62 -62 -62 -61 -59 -56 -57 -56 -55 -48 -52 -48 -49 -52 -52 -54 -54 -54 -55 -54 -56 -55 -54 -56 -54 -52 -52 -52 -51 -53 -59
-43 -43 -43 -44 -44 -45 -46 -46 -49 -49 -48 -48 -48 -49 -47 -45 -45 -45 -45 -45 -45 -45 -45 -45 -45 -45 -45 -47 -48 -51 -52 -47 -47 -47 -48 -49 -49 -47 -47 -49 -48 -47 -43 -43 -49 -48 -48 -50 -52 -52 -54 -54 -49 -52 -55 -55 -54 -55 -55 -58 -63 -58 -57 -60 -61 -59 -58 -59 -57 -54 -54 -53 -53 -47 -50 -50 -50 -51 -53 -54 -54 -54 -54 -54 -54 -54 -55 -57 -53 -52 -52 -53 -52 -54
-43 -43 -43 -44 -45 -45 -46 -46 -49 -49 -49 -48 -49 -48 -48 -45 -45 -45 -45 -45 -45 -45 -45 -45 -45 -45 -45 -47 -47 -49 -53 -52 -49 -49 -51 -49 -49 -46 -48 -51 -49 -49 -47 -43 -44 -49 -47 -47 -52 -53 -55 -49 -49 -52 -53 -56 -49 -56 -56 -59 -64 -58 -54 -58 -59 -59 -58 -57 -56 -56 -53 -51 -53 -48 -47 -49 -50 -51 -51 -53 -52 -53 -53 -54 -55 -55 -56 -56 -57 -54 -57 -53 -51 -55
-42 -43 -43 -43 -45 -45 -45 -47 -48 -48 -50 -49 -50 -49 -47 -46 -46 -47 -46 -45 -44 -45 -44 -44 -45 -45 -44 -46 -46 -51 -53 -52 -50 -50 -47 -49 -47 -46 -45 -48 -50 -47 -45 -42 -43 -44 -46 -51 -54 -53 -54 -51 -47 -46 -47 -47 -54 -55 -59 -60 -62 -60 -60 -52 -57 -55 -57 -56 -55 -53 -52 -53 -52 -50 -47 -49 -49 -52 -52 -50 -50 -51 -52 -54 -54 -57 -57 -54 -56 -53 -54 -54 -49 -53
-41 -42 -43 -43 -44 -44 -45 -47 -49 -48 -48 -48 -49 -48 -47 -48 -47 -46 -46 -45 -44 -45 -45 -45 -43 -46 -44 -47 -48 -50 -51 -51 -50 -50 -48 -45 -46 -48 -43 -49 -48 -48 -47 -42 -44 -49 -48 -48 -53 -53 -53 -46 -54 -55 -53 -50 -51 -55 -55 -55 -57 -58 -60 -56 -54 -56 -52 -55 -55 -53 -54 -52 -51 -49 -47 -47 -50 -52 -50 -51 -53 -54 -52 -53 -55 -55 -57 -56 -54 -52 -53 -56 -50 -48
-42 -42 -42 -43 -43 -44 -46 -49 -50 -48 -48 -48 -50 -50 -49 -47 -46 -46 -45 -44 -44 -45 -44 -44 -44 -45 -45 -45 -46 -48 -52 -50 -50 -51 -50 -48 -44 -43 -47 -44 -47 -47 -47 -43 -43 -46 -50 -52 -51 -48 -54 -45 -52 -54 -60 -53 -58 -54 -55 -55 -56 -58 -55 -56 -55 -50 -50 -55 -55 -54 -55 -53 -53 -51 -47 -47 -52 -50 -51 -51 -54 -54 -55 -54 -55 -55 -55 -57 -54 -53 -55 -53 -54 -49
-41 -42 -42 -42 -43 -44 -45 -46 -48 -47 -49 -50 -48 -49 -48 -48 -46 -45 -45 -45 -44 -44 -44 -43 -45 -47 -46 -46 -47 -48 -46 -50 -51 -52 -50 -45 -44 -51 -47 -48 -43 -43 -45 -43 -45 -43 -45 -47 -49 -47 -46 -47 -48 -53 -59 -57 -59 -57 -54 -54 -52 -51 -57 -52 -55 -54 -47 -53 -55 -54 -53 -53 -50 -46 -50 -48 -51 -52 -52 -53 -54 -54 -53 -54 -54 -54 -55 -55 -55 -57 -56 -56 -55 -50
-40 -42 -42 -42 -42 -43 -43 -44 -48 -45 -46 -48 -47 -47 -48 -46 -47 -46 -44 -43 -43 -44 -45 -44 -47 -48 -48 -45 -46 -52 -48 -51 -48 -45 -47 -46 -45 -49 -49 -47 -46 -44 -42 -44 -47 -46 -46 -46 -47 -46 -45 -51 -51 -57 -59 -54 -58 -54 -54 -50 -48 -50 -53 -54 -55 -53 -52 -46 -52 -53 -51 -50 -51 -47 -50 -50 -49 -52 -51 -54 -52 -53 -53 -53 -54 -52 -54 -53 -55 -54 -55 -54 -52 -51
-40 -41 -41 -41 -41 -41 -42 -43 -45 -44 -46 -47 -49 -47 -49 -46 -45 -45 -44 -43 -44 -44 -45 -43 -47 -49 -50 -48 -50 -50 -47 -48 -46 -43 -43 -43 -43 -47 -50 -48 -45 -46 -42 -44 -45 -46 -50 -47 -44 -45 -46 -51 -52 -53 -53 -52 -52 -56 -52 -54 -51 -54 -48 -49 -50 -49 -46 -51 -53 -52 -52 -50 -49 -46 -47 -50 -51 -49 -51 -52 -54 -52 -52 -53 -54 -52 -52 -54 -54 -52 -53 -54 -52 -50
-40 -41 -41 -41 -41 -41 -42 -45 -45 -47 -45 -50 -47 -46 -46 -45 -45 -47 -44 -42 -45 -45 -46 -44 -45 -47 -49 -47 -50 -50 -45 -46 -46 -45 -48 -48 -45 -47 -50 -49 -47 -45 -42 -44 -46 -46 -51 -49 -47 -47 -47 -48 -55 -54 -51 -55 -51 -53 -50 -51 -49 -53 -55 -46 -48 -54 -52 -45 -52 -51 -51 -49 -51 -48 -48 -46 -50 -53 -54 -52 -53 -52 -54 -52 -52 -51 -54 -55 -52 -54 -53 -53 -53 -52
-40 -41 -41 -41 -41 -41 -43 -45 -47 -50 -50 -50 -47 -47 -46 -46 -45 -44 -43 -43 -44 -46 -44 -46 -48 -46 -49 -51 -47 -46 -46 -43 -47 -50 -50 -46 -48 -50 -48 -49 -47 -45 -42 -43 -46 -47 -49 -51 -51 -49 -46 -46 -50 -58 -54 -56 -49 -53 -49 -48 -47 -49 -44 -45 -45 -53 -50 -46 -51 -50 -49 -49 -49 -47 -48 -46 -51 -52 -52 -53 -51 -53 -52 -51 -51 -53 -51 -51 -52 -54 -52 -52 -54 -52
-39 -40 -41 -41 -41 -42 -44 -45 -48 -50 -49 -49 -49 -47 -48 -47 -46 -44 -43 -44 -43 -44 -43 -47 -49 -51 -50 -50 -45 -44 -44 -43 -47 -51 -50 -47 -47 -50 -51 -49 -44 -45 -43 -43 -45 -46 -49 -51 -51 -50 -47 -49 -52 -57 -50 -54 -51 -49 -45 -47 -46 -45 -42 -43 -44 -50 -43 -43 -48 -50 -48 -48 -48 -45 -46 -45 -50 -52 -51 -53 -51 -53 -50 -52 -52 -52 -52 -54 -52 -51 -52 -52 -53 -53
-39 -39 -39 -40 -40 -41 -43 -45 -47 -49 -50 -50 -46 -45 -47 -43 -43 -43 -43 -46 -44 -42 -43 -43 -47 -48 -50 -48 -45 -45 -45 -44 -49 -49 -49 -46 -47 -50 -49 -45 -47 -48 -44 -44 -43 -42 -48 -51 -51 -49 -47 -48 -55 -58 -53 -45 -49 -49 -42 -43 -41 -42 -45 -42 -47 -42 -45 -45 -43 -46 -45 -46 -44 -47 -49 -51 -51 -52 -50 -51 -51 -52 -54 -54 -54 -54 -54 -50 -51 -50 -51 -52 -53 -52
-39 -39 -39 -40 -40 -41 -42 -45 -47 -50 -49 -48 -46 -47 -47 -45 -45 -46 -43 -48 -46 -44 -42 -43 -44 -50 -49 -48 -45 -45 -43 -46 -49 -48 -49 -47 -49 -50 -48 -46 -53 -48 -45 -44 -43 -42 -48 -49 -48 -47 -47 -49 -56 -57 -51 -42 -42 -42 -49 -41 -41 -49 -53 -48 -42 -43 -52 -51 -43 -45 -44 -47 -44 -44 -45 -48 -48 -48 -50 -53 -55 -56 -57 -54 -54 -54 -53 -50 -52 -53 -51 -52 -53 -53
-39 -39 -38 -40 -40 -40 -43 -46 -49 -51 -51 -48 -47 -48 -45 -43 -50 -42 -44 -48 -46 -43 -42 -43 -46 -49 -51 -45 -45 -48 -45 -45 -47 -46 -50 -51 -50 -50 -47 -48 -51 -48 -48 -45 -43 -42 -43 -44 -49 -49 -48 -49 -57 -48 -51 -42 -54 -54 -52 -49 -42 -48 -52 -50 -52 -47 -52 -51 -44 -43 -47 -46 -46 -49 -49 -48 -51 -52 -51 -52 -53 -53 -53 -54 -53 -54 -53 -51 -52 -53 -53 -52 -54 -53
-38 -38 -38 -39 -39 -40 -43 -45 -47 -50 -50 -46 -48 -46 -45 -48 -47 -51 -49 -47 -45 -43 -41 -42 -48 -50 -50 -47 -45 -43 -44 -43 -44 -46 -50 -53 -53 -52 -50 -52 -53 -53 -48 -47 -44 -42 -48 -48 -49 -49 -47 -53 -51 -46 -53 -41 -48 -55 -54 -52 -45 -51 -52 -52 -51 -50 -52 -51 -46 -47 -50 -43 -43 -46 -50 -51 -53 -50 -54 -55 -55 -55 -54 -53 -54 -53 -54 -53 -51 -52 -51 -53 -55 -54
-37 -37 -39 -38 -38 -45 -44 -45 -47 -49 -46 -48 -46 -49 -49 -44 -46 -47 -46 -43 -42 -42 -41 -44 -47 -51 -50 -49 -44 -48 -46 -43 -45 -46 -47 -50 -52 -55 -56 -54 -53 -48 -46 -44 -43 -42 -50 -51 -49 -45 -47 -56 -50 -43 -43 -41 -55 -55 -53 -50 -45 -52 -50 -50 -50 -51 -50 -48 -44 -44 -49 -49 -46 -49 -48 -47 -49 -52 -52 -55 -53 -53 -56 -54 -54 -54 -53 -53 -54 -53 -52 -54 -54 -54
-37 -37 -37 -38 -41 -44 -46 -46 -49 -50 -46 -46 -45 -47 -50 -54 -51 -52 -48 -46 -43 -42 -42 -44 -47 -51 -52 -48 -48 -48 -48 -43 -49 -48 -46 -49 -51 -56 -55 -54 -54 -50 -48 -48 -45 -44 -43 -52 -46 -44 -48 -55 -43 -44 -49 -54 -56 -55 -52 -51 -50 -50 -50 -50 -50 -51 -51 -50 -48 -47 -48 -51 -51 -51 -53 -52 -53 -52 -52 -52 -52 -55 -53 -53 -52 -54 -53 -53 -53 -52 -53 -54 -54 -55
-37 -37 -37 -37 -46 -54 -46 -47 -51 -46 -45 -45 -47 -49 -53 -56 -54 -47 -46 -43 -42 -42 -43 -47 -47 -51 -48 -48 -46 -45 -45 -45 -49 -51 -51 -50 -53 -57 -56 -54 -54 -48 -54 -55 -50 -51 -45 -42 -42 -48 -52 -47 -44 -45 -55 -50 -50 -52 -51 -52 -51 -50 -50 -50 -51 -51 -51 -51 -50 -47 -46 -50 -51 -51 -51 -53 -52 -53 -52 -52 -54 -53 -54 -53 -51 -52 -52 -52 -54 -54 -54 -54 -53 -54
-37 -37 -37 -36 -41 -48 -42 -44 -43 -41 -45 -46 -46 -47 -51 -51 -50 -47 -44 -41 -44 -41 -43 -46 -47 -49 -48 -48 -48 -48 -45 -46 -45 -47 -49 -51 -54 -56 -56 -56 -51 -52 -51 -49 -51 -53 -54 -43 -42 -43 -45 -42 -45 -54 -49 -48 -53 -53 -52 -51 -51 -51 -51 -50 -53 -53 -52 -51 -49 -45 -45 -47 -48 -51 -52 -53 -54 -53 -53 -52 -54 -52 -53 -52 -50 -53 -53 -53 -55 -55 -54 -53 -53 -53
-37 -37 -36 -37 -38 -42 -40 -41 -40 -42 -41 -47 -47 -46 -48 -49 -47 -42 -41 -40 -41 -40 -46 -49 -55 -53 -49 -47 -48 -48 -48 -48 -49 -49 -52 -50 -55 -57 -56 -52 -48 -54 -56 -47 -48 -45 -46 -45 -43 -42 -43 -42 -43 -45 -44 -44 -54 -54 -52 -52 -51 -51 -51 -52 -53 -53 -52 -51 -47 -50 -49 -44 -50 -50 -48 -50 -47 -54 -50 -52 -52 -52 -49 -49 -52 -53 -53 -54 -53 -55 -54 -53 -53 -54
-37 -37 -36 -36 -36 -41 -40 -42 -46 -45 -48 -52 -47 -43 -46 -50 -44 -42 -39 -44 -45 -42 -46 -49 -53 -51 -51 -50 -47 -46 -47 -43 -49 -52 -49 -51 -52 -56 -54 -51 -47 -50 -55 -54 -53 -54 -55 -53 -43 -46 -42 -45 -45 -51 -54 -48 -50 -53 -53 -51 -51 -50 -51 -54 -54 -53 -52 -48 -51 -51 -49 -44 -48 -44 -45 -48 -46 -49 -50 -52 -52 -48 -50 -52 -52 -52 -54 -52 -54 -53 -53 -52 -52 -54
-37 -36 -36 -36 -37 -39 -42 -41 -40 -41 -48 -51 -47 -45 -41 -43 -43 -39 -41 -43 -46 -42 -46 -48 -51 -50 -51 -52 -50 -49 -45 -43 -44 -51 -52 -52 -53 -57 -56 -56 -55 -47 -50 -53 -56 -55 -52 -43 -51 -53 -54 -55 -55 -57 -51 -54 -45 -51 -52 -51 -50 -50 -54 -54 -54 -54 -52 -52 -53 -54 -47 -50 -52 -49 -45 -52 -50 -52 -48 -53 -49 -50 -51 -53 -52 -53 -54 -52 -54 -54 -53 -52 -54 -52
-36 -36 -36 -35 -36 -39 -40 -39 -41 -46 -52 -53 -52 -43 -38 -42 -41 -41 -42 -44 -44 -43 -45 -46 -53 -49 -50 -51 -47 -47 -45 -43 -45 -48 -52 -56 -58 -57 -56 -55 -55 -50 -47 -47 -54 -50 -56 -43 -55 -56 -57 -58 -57 -57 -52 -53 -54 -45 -51 -52 -50 -51 -53 -55 -54 -54 -53 -53 -52 -50 -52 -53 -52 -51 -50 -51 -47 -47 -51 -52 -47 -51 -51 -54 -55 -54 -53 -51 -53 -52 -53 -51 -53 -52
-36 -36 -36 -35 -36 -39 -39 -41 -47 -50 -50 -47 -48 -41 -38 -39 -38 -39 -44 -49 -45 -46 -47 -50 -51 -51 -50 -52 -49 -48 -46 -43 -45 -48 -53 -57 -58 -57 -58 -51 -51 -53 -52 -49 -45 -43 -49 -44 -56 -56 -57 -55 -58 -57 -52 -54 -53 -53 -46 -45 -51 -55 -54 -56 -55 -54 -54 -53 -52 -52 -53 -52 -51 -51 -49 -50 -48 -45 -47 -46 -51 -51 -53 -53 -53 -53 -53 -52 -53 -52 -54 -51 -52 -52
-36 -36 -36 -36 -36 -36 -41 -45 -45 -49 -45 -47 -41 -40 -38 -39 -38 -39 -46 -48 -46 -47 -51 -52 -51 -50 -49 -52 -49 -50 -46 -44 -46 -51 -53 -51 -57 -58 -56 -57 -56 -49 -50 -48 -53 -55 -44 -47 -48 -48 -54 -56 -58 -57 -54 -53 -52 -51 -49 -53 -51 -46 -49 -55 -55 -55 -54 -54 -53 -52 -53 -54 -51 -53 -52 -52 -52 -45 -46 -47 -50 -52 -54 -52 -52 -52 -52 -52 -52 -52 -54 -54 -50 -51
-37 -37 -35 -35 -35 -37 -40 -44 -45 -47 -44 -41 -40 -39 -38 -38 -37 -41 -49 -49 -51 -54 -50 -48 -51 -49 -47 -52 -51 -49 -45 -45 -47 -46 -53 -54 -59 -58 -56 -56 -57 -56 -55 -56 -56 -49 -43 -49 -55 -56 -56 -56 -57 -57 -55 -54 -52 -47 -51 -55 -55 -55 -48 -53 -53 -54 -54 -54 -55 -54 -55 -56 -53 -52 -53 -53 -50 -45 -45 -48 -53 -52 -53 -52 -52 -51 -52 -51 -51 -53 -54 -52 -51 -51
-37 -36 -36 -35 -35 -36 -39 -38 -40 -41 -44 -40 -38 -38 -38 -38 -39 -43 -48 -49 -52 -51 -52 -47 -52 -48 -47 -50 -51 -50 -46 -46 -48 -52 -52 -53 -59 -57 -51 -48 -57 -57 -55 -49 -55 -47 -48 -44 -46 -53 -53 -55 -57 -55 -54 -52 -49 -53 -55 -54 -55 -55 -51 -53 -55 -54 -54 -55 -55 -55 -54 -54 -53 -53 -51 -52 -51 -50 -45 -47 -50 -52 -53 -52 -52 -51 -50 -51 -52 -53 -54 -51 -51 -51
-36 -36 -36 -35 -36 -36 -38 -42 -44 -42 -46 -41 -44 -39 -38 -39 -41 -51 -52 -51 -52 -52 -51 -50 -48 -50 -48 -50 -51 -50 -48 -44 -49 -52 -53 -58 -58 -58 -53 -54 -49 -55 -56 -50 -47 -49 -49 -46 -48 -46 -49 -52 -57 -56 -54 -54 -53 -56 -56 -54 -56 -57 -55 -48 -55 -54 -53 -55 -53 -54 -55 -51 -52 -51 -53 -50 -52 -51 -46 -45 -48 -51 -50 -51 -51 -49 -51 -53 -51 -51 -52 -50 -51 -48
-37 -36 -36 -35 -36 -36 -41 -42 -48 -47 -47 -44 -40 -39 -39 -40 -43 -53 -53 -50 -51 -48 -52 -51 -48 -48 -50 -48 -53 -49 -48 -46 -48 -50 -57 -58 -58 -58 -58 -58 -52 -48 -49 -57 -50 -55 -45 -56 -56 -46 -56 -51 -50 -55 -54 -55 -57 -56 -57 -55 -56 -57 -56 -52 -54 -53 -54 -53 -53 -54 -54 -52 -53 -52 -49 -50 -49 -51 -48 -45 -48 -50 -52 -51 -51 -51 -51 -52 -50 -52 -51 -50 -50 -49
-36 -37 -36 -35 -35 -35 -37 -43 -43 -48 -43 -42 -41 -38 -39 -40 -46 -51 -53 -49 -51 -50 -56 -52 -51 -47 -48 -48 -49 -52 -48 -47 -52 -55 -59 -57 -54 -58 -58 -59 -52 -51 -52 -49 -45 -44 -47 -57 -54 -49 -57 -57 -48 -52 -52 -57 -57 -57 -56 -57 -57 -57 -55 -54 -52 -52 -50 -51 -51 -52 -53 -52 -49 -51 -47 -50 -46 -51 -48 -45 -47 -48 -50 -51 -51 -50 -52 -52 -51 -51 -50 -50 -49 -50
-36 -37 -37 -36 -36 -36 -36 -40 -43 -45 -43 -41 -41 -38 -40 -40 -45 -53 -53 -48 -50 -49 -57 -53 -51 -48 -50 -54 -50 -46 -49 -51 -50 -60 -59 -58 -52 -57 -59 -54 -53 -50 -45 -47 -50 -50 -50 -58 -57 -46 -58 -59 -49 -55 -54 -52 -57 -58 -57 -58 -57 -56 -55 -53 -52 -49 -50 -54 -55 -54 -54 -51 -53 -51 -51 -51 -47 -47 -45 -48 -44 -47 -49 -50 -46 -45 -46 -50 -48 -50 -48 -49 -49 -48
-37 -37 -37 -36 -36 -36 -36 -44 -46 -45 -41 -39 -38 -39 -41 -42 -46 -56 -51 -50 -49 -49 -52 -52 -53 -52 -54 -55 -52 -51 -50 -48 -51 -57 -57 -58 -51 -58 -57 -58 -53 -54 -48 -50 -58 -49 -51 -58 -58 -47 -56 -58 -55 -52 -56 -58 -53 -57 -58 -57 -56 -55 -54 -52 -54 -51 -52 -53 -53 -53 -55 -54 -50 -51 -51 -51 -50 -50 -48 -50 -48 -43 -47 -48 -44 -50 -47 -45 -46 -46 -48 -51 -51 -49
-37 -37 -37 -36 -37 -36 -37 -38 -42 -41 -41 -39 -41 -39 -41 -45 -45 -54 -53 -50 -49 -49 -54 -53 -52 -52 -54 -52 -54 -53 -50 -51 -51 -53 -55 -53 -55 -57 -52 -56 -57 -51 -49 -52 -58 -55 -49 -59 -59 -49 -58 -57 -56 -51 -58 -58 -57 -57 -58 -56 -57 -57 -57 -56 -55 -54 -50 -51 -53 -55 -52 -50 -49 -51 -50 -51 -51 -46 -49 -49 -48 -44 -44 -49 -48 -49 -51 -49 -49 -50 -49 -50 -50 -51
-37 -37 -38 -36 -37 -37 -37 -41 -44 -40 -40 -38 -39 -42 -44 -46 -49 -52 -50 -49 -48 -55 -55 -52 -52 -52 -52 -50 -53 -52 -51 -52 -57 -56 -57 -52 -53 -57 -57 -57 -50 -48 -51 -59 -59 -56 -50 -58 -59 -52 -49 -54 -57 -58 -54 -57 -59 -58 -57 -56 -56 -57 -57 -56 -53 -52 -50 -54 -53 -53 -52 -53 -50 -51 -52 -51 -49 -50 -49 -50 -49 -45 -43 -44 -44 -51 -49 -50 -50 -50 -50 -50 -51 -51
-37 -38 -37 -36 -36 -37 -37 -42 -45 -40 -40 -42 -40 -44 -46 -45 -46 -51 -49 -47 -49 -53 -52 -51 -50 -52 -51 -49 -54 -53 -53 -53 -57 -56 -55 -55 -56 -56 -59 -55 -56 -50 -53 -55 -59 -59 -59 -57 -59 -58 -56 -54 -57 -57 -57 -56 -58 -58 -57 -57 -56 -57 -56 -56 -53 -52 -51 -54 -54 -54 -54 -51 -52 -53 -53 -51 -49 -51 -49 -47 -50 -49 -44 -46 -51 -49 -51 -51 -51 -50 -50 -50 -52 -50
-37 -38 -38 -37 -37 -37 -37 -37 -46 -42 -38 -41 -43 -46 -46 -50 -50 -49 -51 -49 -47 -55 -51 -51 -48 -51 -50 -50 -56 -54 -53 -59 -57 -54 -53 -54 -50 -56 -54 -53 -52 -52 -58 -59 -60 -59 -59 -57 -60 -59 -58 -50 -56 -58 -60 -59 -58 -58 -58 -57 -57 -56 -56 -53 -55 -53 -53 -52 -53 -53 -51 -52 -53 -54 -53 -51 -50 -50 -49 -48 -48 -47 -43 -43 -47 -50 -51 -51 -50 -50 -51 -51 -50 -50
-38 -38 -38 -37 -37 -37 -37 -38 -40 -42 -39 -46 -48 -48 -50 -52 -53 -54 -51 -52 -47 -53 -50 -50 -49 -51 -48 -53 -56 -54 -55 -59 -53 -55 -58 -53 -57 -47 -54 -57 -55 -59 -57 -60 -60 -58 -57 -60 -59 -60 -60 -54 -55 -60 -60 -59 -59 -58 -58 -58 -57 -58 -56 -54 -55 -53 -51 -50 -54 -54 -54 -54 -54 -54 -52 -50 -51 -49 -52 -50 -50 -50 -49 -43 -44 -47 -50 -48 -51 -51 -51 -48 -51 -51
-38 -38 -38 -37 -37 -37 -37 -39 -42 -44 -46 -46 -48 -49 -50 -55 -54 -55 -54 -56 -50 -49 -49 -51 -45 -50 -48 -54 -53 -51 -56 -60 -53 -51 -54 -52 -57 -53 -52 -53 -53 -60 -59 -60 -60 -59 -59 -60 -59 -53 -60 -57 -52 -58 -58 -57 -58 -59 -59 -59 -58 -59 -57 -55 -55 -55 -52 -51 -53 -54 -54 -53 -54 -54 -52 -51 -51 -52 -51 -50 -51 -50 -46 -46 -42 -45 -50 -46 -49 -49 -47 -50 -51 -51
-38 -38 -38 -37 -37 -37 -37 -40 -41 -42 -43 -42 -44 -47 -52 -55 -54 -59 -50 -58 -52 -44 -51 -54 -47 -47 -50 -53 -53 -51 -55 -58 -52 -55 -49 -50 -52 -48 -52 -53 -60 -59 -59 -61 -60 -59 -58 -59 -58 -59 -61 -57 -58 -53 -57 -56 -58 -58 -59 -58 -59 -57 -56 -53 -54 -54 -54 -53 -52 -53 -54 -53 -52 -52 -52 -52 -50 -49 -49 -48 -49 -50 -45 -43 -43 -44 -49 -45 -48 -48 -50 -50 -51 -51
