DE_airtemperature/2010/2010_08_air_temp_min.asc
NCOLS 654
NROWS 866
XLLCORNER 3280414.711633467
YLLCORNER 5237500.62890625
CELLSIZE 1000
NODATA_VALUE -999
[rows 697 to 737 of 866, columns 188 to 281 of 654]
123 112 112 113 112 114 115 114 114 115 115 124 114 117 116 117 118 118 117 120 117 116 117 117 117 116 117 118 119 120 123 123 125 122 123 126 124 126 127 130 131 133 133 136 138 140 143 144 142 142 140 137 130 129 132 133 133 132 131 127 131 130 125 121 123 125 126 124 126 125 125 122 119 124 126 127 126 124 126 126 123 122 121 122 124 126 124 125 124 121 121 123 121 120
123 112 113 113 112 112 112 113 112 113 114 116 118 115 116 116 114 114 117 119 120 118 117 118 117 115 117 118 116 118 121 122 124 123 123 123 124 124 125 127 130 133 133 134 138 140 142 144 143 142 140 135 132 129 126 131 132 127 132 125 124 129 125 125 121 121 124 122 120 118 118 120 116 117 118 123 126 126 126 122 119 121 120 123 126 123 122 124 122 123 121 121 121 120
120 118 116 112 113 110 110 112 113 114 115 121 115 114 115 115 114 114 117 118 120 119 117 118 117 117 117 117 117 117 118 118 121 123 124 124 123 125 125 127 129 131 133 134 139 139 141 138 139 143 141 134 134 129 128 128 131 126 126 128 124 128 126 125 121 119 118 120 116 119 120 117 117 119 118 119 118 118 119 120 122 121 121 123 121 124 123 122 123 121 120 121 121 117
112 120 111 111 111 112 111 111 112 113 114 120 114 114 114 113 114 112 114 115 118 119 117 118 115 117 117 117 117 118 119 120 120 122 124 125 124 124 125 126 127 128 130 132 138 136 133 135 139 137 140 137 131 130 131 125 126 127 123 126 123 123 127 124 119 119 120 116 117 115 121 119 120 118 121 117 120 118 121 121 120 121 120 122 121 121 121 120 120 119 119 121 121 118
118 113 117 115 110 110 111 111 114 114 114 113 114 114 114 114 113 114 115 114 115 118 118 117 115 115 114 117 115 115 116 118 119 120 121 122 125 126 126 127 128 132 134 136 132 131 133 138 140 138 138 138 130 131 129 130 124 125 126 123 125 126 123 121 120 121 118 117 116 119 121 122 117 117 118 120 120 120 120 120 120 122 121 121 120 119 119 116 118 116 117 118 119 118
119 111 117 110 111 111 111 112 113 112 113 118 117 114 113 113 115 116 116 116 118 118 118 114 114 113 114 114 116 117 118 119 120 121 121 122 123 124 124 125 128 130 130 129 130 131 131 132 131 133 133 136 132 129 131 131 127 126 123 123 122 124 120 118 118 121 119 120 117 116 118 121 120 119 118 120 120 121 121 123 124 121 120 118 115 121 123 122 119 117 117 112 114 119
118 110 111 111 110 111 112 112 113 116 120 120 117 113 114 114 113 111 112 112 114 115 119 115 113 114 113 115 115 117 117 119 118 119 119 122 122 122 123 124 126 126 128 129 129 130 130 129 129 128 130 133 134 133 133 132 130 128 126 124 121 121 122 118 118 120 119 119 119 118 117 120 122 117 119 119 120 121 123 123 121 121 122 121 119 121 123 123 120 120 120 118 115 115
112 109 109 112 111 110 111 111 112 113 114 117 116 114 115 114 114 113 114 115 116 115 118 117 115 115 113 113 114 116 117 119 120 119 120 120 120 121 122 123 125 126 127 129 130 130 131 128 128 128 128 127 129 129 128 132 132 130 127 128 126 122 120 122 118 120 120 119 119 119 118 119 122 121 119 121 121 121 123 123 123 123 122 122 122 123 122 123 119 122 120 120 116 117
110 113 110 109 111 109 109 111 113 113 113 116 120 114 115 114 114 112 112 112 113 114 117 116 115 115 113 114 115 116 118 118 120 119 119 121 121 120 120 124 125 125 127 128 128 129 128 129 128 129 128 128 128 127 128 128 132 131 130 129 129 128 120 118 122 121 119 120 122 121 123 124 124 122 122 121 122 122 123 123 122 122 122 121 123 123 122 122 118 122 121 121 120 114
108 109 108 109 110 110 111 111 112 114 113 115 121 118 115 111 112 113 113 113 113 114 114 117 115 115 115 115 116 117 118 119 119 119 121 122 121 120 122 122 125 126 126 128 129 129 129 130 130 130 130 129 128 128 128 127 127 128 128 126 127 125 125 121 122 123 124 124 123 122 122 122 121 123 123 123 124 124 123 123 123 124 122 123 122 124 123 120 117 122 124 120 122 118
108 107 108 108 110 110 111 112 111 111 114 114 120 117 112 114 114 112 113 113 113 113 114 116 116 117 116 116 117 117 119 120 120 122 121 122 121 122 123 124 124 124 126 127 128 128 129 129 128 129 129 129 130 130 127 127 128 127 126 123 122 124 124 124 121 121 120 120 120 119 119 119 118 121 121 121 121 122 122 124 124 124 124 124 124 123 123 120 121 122 124 123 125 124
108 110 108 109 111 111 113 111 117 111 112 119 115 115 116 112 113 113 114 113 114 114 113 114 116 115 116 117 118 118 119 121 120 119 120 121 121 121 123 124 124 124 126 126 127 127 128 128 128 128 129 129 129 129 128 129 126 126 125 125 126 125 122 120 119 120 120 121 120 120 118 118 119 121 120 120 121 122 122 121 123 124 123 123 124 124 124 123 124 125 125 125 119 116
111 108 108 109 110 109 110 115 111 113 112 120 114 110 114 111 112 112 114 114 114 116 114 116 117 115 116 117 118 119 120 119 120 119 119 120 121 123 122 123 125 124 125 127 127 128 128 128 128 128 128 129 129 127 129 126 126 125 126 126 125 122 121 120 118 118 120 119 119 118 118 118 119 119 119 120 120 121 122 120 122 122 123 122 122 122 124 126 125 125 125 125 124 118
108 108 109 109 109 109 115 110 109 115 112 119 118 114 111 111 111 111 112 114 115 114 117 114 115 115 115 117 118 118 119 119 120 120 120 119 122 122 123 122 124 125 125 126 128 128 129 128 128 128 128 127 126 126 125 125 127 126 126 125 123 125 120 120 117 118 116 118 118 118 119 118 118 118 120 118 120 121 120 120 122 122 123 123 122 122 123 124 125 125 122 122 124 120
107 109 109 109 109 108 113 109 109 108 110 118 113 111 111 112 110 111 112 112 112 114 116 114 115 118 116 117 118 116 117 118 119 118 119 122 122 122 124 125 124 124 127 125 125 128 128 128 128 128 126 125 124 125 125 124 125 126 126 124 123 122 120 118 117 116 116 117 117 117 117 119 117 119 118 118 118 120 119 120 120 120 121 121 120 121 122 123 125 125 122 119 120 121
108 109 109 109 110 112 108 107 109 110 113 119 112 111 112 111 110 110 112 112 113 114 115 116 116 117 118 118 118 117 117 117 118 119 122 122 123 123 123 125 124 124 125 126 125 125 127 128 127 126 124 125 125 124 123 124 125 125 126 122 120 122 121 120 119 117 117 117 115 115 116 118 117 117 119 118 117 118 118 120 120 119 118 120 120 115 119 121 121 125 122 118 119 120
108 109 110 109 110 108 109 109 108 109 110 114 112 112 115 115 113 110 111 112 112 113 115 116 117 118 118 117 116 118 119 118 118 119 121 123 125 123 124 125 125 125 123 128 125 125 126 128 125 126 125 125 125 124 122 124 124 126 125 123 120 119 120 119 118 118 117 117 116 118 117 119 117 117 116 116 117 117 118 118 119 117 116 119 115 117 114 117 121 122 124 116 119 121
108 108 108 107 109 108 108 108 108 108 110 112 112 116 113 109 111 111 111 112 113 114 115 116 117 117 119 118 118 118 117 118 118 120 121 121 122 122 123 125 127 126 127 126 126 125 124 129 125 125 126 126 123 123 126 126 126 126 124 121 121 119 119 118 118 118 118 118 118 117 117 117 117 114 116 116 116 114 116 116 114 111 111 112 108 107 111 116 115 114 124 125 118 124
113 108 109 108 108 109 108 110 111 110 110 111 114 112 114 110 110 110 112 114 115 115 116 118 118 118 117 117 116 116 118 118 118 118 119 122 121 122 123 124 125 124 125 126 124 127 127 125 125 127 126 125 126 123 123 124 125 123 121 120 121 120 119 119 119 119 119 119 118 118 118 118 117 115 112 111 110 110 110 110 105 105 109 111 113 111 114 116 110 117 121 124 124 125
111 108 109 108 110 109 109 107 108 112 111 112 116 112 111 111 110 111 112 114 115 115 117 118 118 118 116 115 116 116 117 117 117 118 119 120 122 120 121 121 121 121 122 121 122 124 126 127 128 128 125 125 126 126 124 124 129 123 123 121 121 119 119 119 118 119 117 117 117 116 119 118 115 115 108 109 110 108 102 106 105 109 107 105 106 115 112 117 106 107 118 123 121 123
109 111 110 110 110 110 109 110 110 111 111 112 113 108 109 113 110 110 113 114 115 117 118 115 116 117 115 115 116 116 116 117 117 118 118 119 122 123 123 121 121 120 122 122 124 125 126 124 124 124 126 127 127 127 125 123 125 125 123 123 121 115 115 116 119 119 119 118 116 117 117 117 117 114 110 99 104 106 107 105 103 109 104 111 104 115 116 115 115 108 119 119 114 120
111 111 110 116 113 112 112 110 109 112 112 117 115 106 108 109 110 111 112 115 117 118 119 116 115 115 116 116 117 117 116 114 117 118 119 119 120 120 123 123 122 124 125 125 125 125 122 124 125 126 128 127 127 124 124 123 123 124 123 122 122 120 116 116 119 117 114 117 116 116 115 115 116 112 109 99 101 103 109 103 102 107 108 111 111 115 110 114 110 119 119 111 110 119
113 112 113 112 114 113 113 113 112 109 109 115 110 106 107 110 112 111 113 115 119 120 120 119 114 114 115 115 117 118 116 115 115 118 120 121 120 121 119 119 119 119 120 122 123 123 123 124 126 127 126 125 126 127 123 123 124 124 123 119 120 119 120 117 119 113 107 116 115 113 111 113 113 110 107 100 103 106 108 111 106 107 112 112 111 106 102 104 112 109 116 108 109 111
117 113 116 113 109 111 109 115 111 110 109 115 111 107 108 110 110 111 115 117 119 120 120 120 120 118 116 117 117 118 120 121 121 116 122 121 122 120 121 119 120 122 124 123 123 124 124 124 129 129 126 125 125 126 125 123 124 124 123 120 118 119 117 117 118 113 103 113 101 100 108 110 113 111 110 100 101 100 100 107 111 108 112 109 110 102 101 102 103 104 106 109 110 112
115 112 111 111 109 109 109 109 114 108 113 111 108 106 108 110 111 113 114 116 118 120 121 121 121 120 120 119 121 116 117 117 116 119 120 122 123 121 122 120 121 122 125 123 124 123 125 125 129 124 128 127 125 124 124 124 123 123 121 122 120 116 114 115 115 116 113 107 108 99 105 98 103 113 106 101 99 103 102 109 107 110 101 104 101 101 100 101 103 104 105 107 107 109
114 111 111 112 109 108 107 109 114 113 112 112 109 108 109 111 112 113 115 117 118 120 121 121 122 121 121 122 121 120 118 117 120 120 119 122 123 122 123 121 121 123 123 126 125 123 125 127 128 126 126 127 126 125 123 123 122 122 121 121 119 116 115 105 110 117 114 103 100 99 99 104 111 107 100 104 101 100 101 100 100 109 105 98 100 100 99 99 101 102 103 105 106 107
113 112 113 111 112 113 108 109 108 113 110 116 109 110 110 112 113 114 115 117 118 119 120 122 122 122 122 121 123 122 119 121 122 121 124 125 125 122 122 122 122 123 124 126 125 126 127 129 128 127 128 129 127 125 122 122 120 120 120 119 109 107 105 105 109 116 113 102 99 99 99 96 100 99 99 101 99 97 97 100 104 99 100 98 97 98 98 98 98 99 101 103 103 105
112 112 110 110 111 113 114 109 108 109 117 117 112 110 110 113 114 115 117 117 118 119 120 121 121 121 121 121 122 122 119 119 119 119 120 119 122 122 121 122 124 123 126 126 128 127 128 130 127 127 127 128 128 125 122 120 114 118 118 120 120 106 106 105 105 113 114 104 100 99 98 99 100 100 100 98 99 98 97 100 96 97 99 96 97 96 97 96 98 98 100 102 101 103
110 111 111 112 114 111 114 113 114 115 112 115 111 110 112 113 114 115 117 117 118 119 120 121 121 123 122 122 123 122 120 122 121 121 121 120 123 123 122 124 126 124 128 126 125 127 126 127 127 126 125 128 127 125 121 124 120 118 113 116 116 111 105 105 105 105 107 113 102 100 100 96 98 96 98 97 95 97 97 98 97 98 98 97 96 95 95 95 97 97 98 100 101 103
112 111 112 114 112 113 114 108 109 110 113 112 113 112 113 114 115 116 117 118 118 120 120 120 120 122 123 123 124 124 119 122 120 121 121 122 125 125 127 127 125 127 125 124 125 126 126 127 128 128 127 128 127 127 125 125 124 122 119 116 106 106 106 105 105 104 103 102 111 110 99 99 97 96 97 95 95 95 96 99 98 98 98 97 95 95 94 94 95 95 98 98 99 102
112 117 114 111 111 113 109 110 111 112 113 112 112 113 113 115 115 116 117 118 119 120 119 120 121 122 119 123 124 125 125 125 125 125 125 125 123 125 125 123 123 123 126 124 124 125 125 126 127 125 125 126 123 125 124 121 117 122 121 115 108 106 109 106 107 105 104 106 102 99 103 97 96 97 94 95 97 95 96 96 96 97 96 97 95 94 94 94 93 95 97 99 99 102
114 112 111 111 110 110 110 111 112 116 112 113 112 113 114 115 116 116 117 118 118 119 119 120 121 122 122 122 124 124 124 122 121 121 125 125 125 125 124 123 123 123 126 126 125 125 125 125 125 125 124 123 123 122 122 110 106 119 121 113 106 107 106 111 113 105 103 101 100 97 98 96 98 98 96 95 96 96 97 97 96 96 96 96 96 96 95 94 94 95 98 99 99 103
114 112 110 108 111 111 110 111 112 112 113 112 113 114 115 115 116 116 117 118 118 119 121 121 120 122 122 123 124 124 125 124 123 125 125 125 122 123 123 123 124 125 124 127 126 126 125 126 124 122 120 120 122 117 121 106 108 105 114 120 108 108 112 111 108 105 103 101 100 98 98 97 97 97 95 96 95 99 98 98 98 97 98 97 97 97 96 95 94 95 99 98 100 104
114 113 112 111 110 110 112 112 114 113 112 113 114 115 116 117 117 117 118 118 118 121 121 121 121 121 122 123 125 125 125 125 125 125 125 122 124 121 121 122 124 124 125 125 125 127 127 127 121 113 120 119 114 108 112 106 104 113 118 109 118 117 109 107 103 102 102 101 102 100 96 95 98 99 96 98 96 98 97 97 97 97 98 98 97 96 96 96 96 99 101 100 102 104
113 109 112 112 113 113 115 113 112 113 114 115 116 116 117 117 117 118 119 118 119 118 120 121 122 122 122 125 125 125 125 125 125 125 123 120 123 121 121 122 123 122 124 125 124 124 123 123 123 119 121 114 110 107 108 106 106 105 117 113 106 117 107 110 102 102 101 101 100 102 100 96 98 97 96 96 96 96 97 99 99 98 98 99 99 99 98 100 99 99 102 105 105 107
114 111 113 113 114 113 113 114 115 116 117 118 119 119 118 117 117 117 117 118 119 119 119 120 122 122 124 125 125 124 124 124 121 122 122 120 123 122 122 122 122 122 122 123 123 123 123 120 123 122 121 115 110 106 108 107 106 105 104 104 106 117 104 103 101 102 103 102 101 103 98 98 98 97 98 99 99 99 98 98 97 100 99 99 100 100 99 100 100 102 104 106 106 107
113 110 112 113 114 112 114 115 117 117 117 120 117 117 118 117 117 116 117 119 122 118 118 120 123 123 122 123 123 122 119 123 121 118 119 123 122 122 122 121 121 120 120 121 123 122 119 119 119 118 117 119 116 108 109 108 108 105 106 104 106 104 112 105 104 104 106 103 101 100 99 98 97 97 96 98 99 98 98 100 99 100 100 100 99 99 99 101 102 104 104 106 108 108
110 112 113 115 112 113 116 115 117 117 116 118 117 117 119 118 119 118 118 118 118 123 123 123 120 120 120 121 121 117 120 123 117 118 119 122 122 122 121 120 118 116 115 119 118 118 119 119 118 114 116 112 106 105 106 108 106 104 103 106 105 103 105 106 103 104 108 103 101 100 97 99 99 97 96 97 96 97 99 101 101 100 101 100 101 101 101 103 104 105 106 108 110 110
112 112 112 113 112 113 114 117 116 117 119 121 120 122 121 122 118 122 118 120 122 123 119 118 123 119 118 121 116 118 120 121 123 121 121 122 122 122 122 121 118 118 117 118 119 119 119 117 116 119 111 108 113 109 108 108 106 104 105 106 105 104 103 105 110 105 103 98 99 100 100 96 97 97 97 97 97 98 98 100 100 100 101 101 100 101 103 103 105 105 106 107 108 109
114 113 111 112 112 117 113 120 120 117 117 117 117 116 118 117 121 119 120 123 117 118 117 119 120 120 119 118 116 117 117 119 118 120 120 122 120 121 120 120 116 117 116 114 115 115 114 115 107 114 118 117 105 108 105 104 106 107 107 104 104 102 101 99 103 107 103 102 100 100 96 96 98 98 98 97 96 96 98 99 100 101 101 101 101 102 102 104 105 105 106 108 107 108
115 114 112 115 111 113 121 118 115 115 117 115 116 116 122 117 117 117 117 116 117 118 119 119 119 120 121 121 121 117 116 116 118 119 121 121 120 120 120 117 117 115 117 114 112 110 105 109 110 106 118 109 107 106 104 103 105 107 106 107 101 100 97 99 101 101 102 100 101 101 97 96 98 97 96 96 99 99 99 100 101 101 101 102 102 103 103 105 104 105 107 108 107 109
