DE_airtemperature/2010/2010_10_air_temp_min.asc
NCOLS 654
NROWS 866
XLLCORNER 3280414.711633467
YLLCORNER 5237500.62890625
CELLSIZE 1000
NODATA_VALUE -999
[rows 424 to 476 of 866, columns 192 to 287 of 654]
30 31 36 35 40 42 39 40 38 40 38 39 40 39 36 35 40 41 40 39 41 38 40 41 41 42 38 38 38 38 40 41 40 40 38 38 39 40 41 41 42 40 39 42 43 43 42 41 42 42 40 36 42 45 46 47 47 48 47 47 49 49 48 43 41 42 44 42 41 40 38 36 37 35 36 39 38 38 33 29 27 32 33 32 36 37 30 33 30 34 38 39 38 37 36 37
30 32 36 38 36 39 39 38 37 38 39 41 39 38 37 38 41 42 40 41 40 39 41 40 40 43 38 39 40 39 40 41 40 40 39 37 39 39 39 41 43 41 41 39 42 44 40 41 44 42 40 39 42 44 46 46 47 48 46 47 49 47 45 42 40 40 42 43 42 39 36 36 37 38 41 35 33 33 34 32 32 34 34 35 37 34 30 27 33 34 38 39 40 37 35 35
36 35 37 39 37 36 35 37 39 38 38 39 36 37 38 38 40 40 39 40 39 37 39 39 39 40 40 40 41 39 39 38 40 40 40 38 37 37 39 40 42 43 41 41 40 44 44 43 44 43 42 42 39 45 46 46 46 46 47 47 48 47 46 43 39 39 39 40 40 37 35 36 37 39 40 34 34 35 33 31 31 34 34 36 35 32 25 22 28 35 37 39 38 38 37 39
34 36 37 34 38 39 39 39 37 39 40 40 38 37 38 37 40 40 39 39 40 37 39 40 40 39 40 39 41 41 36 37 39 40 39 37 35 36 38 39 41 42 42 41 42 43 44 43 43 43 44 43 44 45 46 46 46 46 47 48 47 45 45 44 40 40 38 35 38 37 35 36 37 38 39 38 36 35 34 33 32 33 33 35 31 29 23 22 23 32 35 37 38 38 38 39
30 35 39 38 38 40 40 39 39 38 41 41 37 38 38 38 39 39 38 38 39 38 38 40 39 39 38 41 40 38 39 39 39 39 40 38 37 36 36 39 40 42 42 42 39 42 44 43 43 43 44 44 44 46 45 46 46 46 47 48 48 47 44 44 42 39 39 38 39 38 35 38 37 37 36 38 38 37 35 34 34 34 34 33 33 30 24 22 26 33 36 36 38 38 38 38
33 34 36 40 41 38 41 40 40 41 39 39 37 39 38 38 39 37 39 40 37 38 39 42 41 41 38 41 37 39 40 42 39 42 39 38 40 38 38 37 39 39 43 40 40 43 44 45 45 44 44 43 41 44 45 45 45 46 46 48 47 46 43 42 42 41 38 40 39 40 41 38 39 38 37 37 37 36 36 34 34 36 36 32 34 30 26 23 33 34 36 37 37 38 38 39
36 36 39 39 42 40 40 40 41 40 39 40 36 38 40 37 37 38 38 40 38 41 39 40 40 38 38 40 42 41 41 41 38 39 38 38 40 38 38 37 39 41 42 41 38 41 44 44 45 44 44 43 43 43 42 44 45 46 46 45 45 46 46 41 42 39 41 42 42 41 37 35 39 35 35 36 33 35 35 34 34 35 36 34 34 34 33 27 33 34 34 38 37 37 39 38
38 42 36 38 40 41 40 41 41 41 40 36 38 38 39 38 35 35 36 40 41 39 42 40 42 38 42 42 41 41 39 42 36 42 42 41 41 40 40 38 39 40 42 43 41 41 43 44 44 43 43 43 43 44 44 45 45 44 46 46 43 46 45 43 42 41 42 38 39 38 38 35 34 34 34 33 31 34 36 35 35 36 35 36 38 34 35 34 34 35 34 36 37 35 37 38
36 36 41 39 40 41 39 40 41 40 40 39 38 38 38 36 34 35 35 41 39 37 37 43 42 41 38 42 42 37 41 41 38 41 42 42 42 42 40 38 38 39 41 43 42 42 43 44 44 45 44 44 43 44 43 44 44 45 44 45 43 44 44 44 42 43 40 37 38 36 37 37 34 36 34 34 32 34 34 33 34 35 35 35 35 38 35 36 36 35 33 32 37 36 36 37
29 34 37 37 40 38 39 39 40 39 40 39 38 38 37 38 37 35 36 38 41 35 35 35 36 39 40 40 38 32 38 42 42 42 42 43 43 43 41 37 40 38 41 42 42 43 43 44 45 45 45 45 45 45 44 44 44 44 46 43 42 41 38 43 44 42 43 41 39 35 40 35 35 38 32 32 34 37 33 32 34 33 30 33 36 35 37 38 35 38 36 33 34 36 37 39
32 37 37 37 37 40 38 38 39 41 40 41 38 37 39 41 40 37 37 37 40 38 37 33 34 39 36 36 32 32 35 36 39 37 39 40 41 43 43 39 40 38 40 42 38 42 42 43 44 44 44 44 45 45 45 45 44 45 45 44 40 40 41 40 38 44 44 38 36 36 40 36 38 34 32 36 36 34 32 35 32 31 31 34 32 34 33 35 38 37 38 37 37 33 32 34
33 37 37 39 40 40 39 40 39 39 39 38 39 36 39 35 40 38 38 41 38 38 32 33 36 34 34 32 31 30 33 39 39 41 41 41 41 43 43 43 41 38 39 42 41 40 42 43 43 43 43 43 43 43 43 44 44 45 45 44 43 40 40 39 40 40 44 41 36 40 40 40 36 32 34 38 33 34 36 34 33 32 32 32 32 32 34 36 39 36 34 36 38 38 38 38
38 37 36 36 38 39 41 41 39 40 37 34 37 36 37 37 40 38 35 40 36 35 32 32 31 38 29 33 35 38 34 40 40 38 39 39 40 41 42 42 42 42 39 41 43 42 42 43 43 43 43 43 43 43 43 43 44 45 44 42 40 41 40 38 41 44 42 39 41 38 36 36 33 37 39 35 32 38 35 36 35 36 33 35 35 34 35 36 37 33 33 34 39 38 39 39
40 38 37 39 39 39 40 40 38 37 36 37 37 36 35 37 37 38 40 35 34 38 35 32 31 26 28 34 38 35 35 39 36 37 36 37 39 38 40 41 41 42 42 42 43 43 43 44 44 44 43 43 43 43 43 43 45 44 43 41 39 40 38 39 42 44 41 41 39 36 36 36 36 40 39 34 33 38 33 35 36 35 34 35 34 35 37 37 36 34 36 37 37 35 38 39
40 38 39 38 39 37 39 39 39 37 37 37 37 37 36 37 39 37 38 37 34 35 33 30 30 29 34 33 32 36 34 35 36 33 35 38 41 40 40 37 38 39 41 39 41 43 43 43 43 44 44 44 44 44 44 45 45 44 42 42 41 39 38 39 42 38 38 37 37 39 39 37 38 40 38 36 36 36 37 37 37 35 32 35 37 37 36 36 35 34 37 36 35 33 35 38
41 40 40 40 38 40 39 37 36 36 35 37 36 36 35 37 36 39 35 37 33 34 34 32 27 31 33 30 33 36 34 35 35 36 36 38 36 38 38 35 35 39 37 39 39 41 43 43 43 44 45 45 44 44 45 44 43 39 41 42 40 39 37 39 39 43 43 42 41 42 42 40 40 38 38 38 39 39 38 36 36 35 34 35 37 36 34 34 33 33 33 37 35 37 35 34
37 40 41 38 40 35 36 35 33 34 34 35 37 36 35 37 37 35 32 32 33 32 32 30 28 31 29 30 32 34 31 33 32 32 35 36 35 37 37 34 35 35 35 37 39 40 42 43 43 43 44 45 45 45 44 42 40 40 40 41 41 39 37 37 40 42 40 39 39 35 39 35 38 36 36 35 37 38 35 35 34 32 33 34 36 35 33 34 35 34 34 33 36 37 39 38
38 40 39 40 38 36 36 34 34 36 34 36 36 35 34 36 37 32 32 32 32 32 31 30 29 29 27 27 31 29 30 32 32 32 33 34 33 35 34 31 33 33 35 36 38 40 40 41 42 43 43 44 45 45 41 37 38 39 39 41 41 40 39 40 42 43 43 37 33 33 34 36 37 35 33 34 37 36 36 34 34 33 32 34 34 33 34 33 34 35 33 31 35 37 34 35
40 37 38 38 35 36 35 35 34 34 34 33 35 36 36 36 32 33 32 32 33 32 28 28 28 30 25 27 28 27 29 28 30 30 31 32 33 32 34 33 35 32 37 35 37 39 40 41 41 42 42 44 44 44 41 39 39 38 39 39 40 40 39 39 41 41 43 37 37 38 36 39 38 35 32 36 36 36 36 35 35 33 32 31 32 34 35 35 33 34 34 35 35 38 34 34
37 37 38 35 34 34 34 35 33 32 35 34 33 33 35 35 33 32 31 31 31 32 29 26 25 28 28 26 23 26 28 26 26 28 29 31 32 31 32 35 36 36 36 37 39 41 41 41 41 41 42 44 44 43 43 41 39 39 37 38 39 39 36 38 43 39 42 43 42 41 40 40 34 34 34 35 36 37 34 33 32 34 34 33 34 34 34 36 36 35 36 36 36 36 33 31
37 38 35 37 34 35 35 33 35 33 34 34 34 35 33 32 31 31 32 30 30 30 30 26 29 27 26 25 24 22 26 25 25 25 28 30 29 30 32 35 37 37 39 40 40 40 41 42 43 43 44 43 42 43 42 40 37 36 37 37 37 38 38 39 39 36 40 41 43 43 42 40 40 39 38 36 36 38 34 32 33 35 33 34 34 36 34 35 36 36 35 36 36 36 34 32
38 36 38 34 36 35 34 33 34 35 34 34 35 34 33 32 33 32 30 29 30 31 29 30 27 27 26 26 26 22 25 27 28 24 26 29 31 31 34 35 37 38 36 39 39 40 41 42 42 42 42 43 41 42 43 41 39 38 36 38 38 40 40 40 36 36 38 36 39 42 42 42 41 42 40 39 40 36 37 33 36 36 36 33 35 35 37 36 36 36 35 37 34 35 34 33
41 37 37 35 36 38 34 34 36 36 35 34 33 33 32 32 31 31 30 29 30 30 29 31 29 29 27 27 28 25 26 27 28 27 30 31 32 29 33 35 37 35 34 36 39 40 41 41 42 42 42 43 41 42 43 43 41 37 37 37 36 39 38 40 39 37 36 38 40 39 40 42 42 42 42 41 37 38 35 34 37 38 36 33 35 36 36 35 37 37 34 36 37 36 33 34
39 39 38 38 37 38 36 36 35 36 35 33 32 32 33 32 31 28 28 29 31 31 29 30 30 30 28 26 23 22 25 26 25 28 27 26 25 29 34 36 36 38 35 37 39 41 41 40 41 42 41 43 41 43 43 42 40 38 40 37 35 38 39 40 41 39 36 37 40 36 39 40 40 41 42 40 39 38 34 35 36 39 37 34 33 34 33 34 35 34 36 35 34 37 35 32
40 39 38 39 39 38 38 37 36 35 32 30 31 31 32 30 31 30 29 30 32 33 31 31 31 29 28 25 23 23 25 21 26 25 21 21 24 29 32 34 35 37 36 38 40 40 41 41 39 41 41 42 42 43 42 42 42 42 39 37 37 39 39 39 40 38 37 37 37 35 38 38 41 39 42 41 40 36 37 34 35 38 37 35 36 36 35 35 33 34 34 33 35 36 33 34
39 36 39 39 39 38 38 36 35 34 32 30 31 32 30 31 30 30 29 30 31 31 32 32 31 30 27 23 20 23 26 24 23 20 21 25 28 31 32 35 35 37 36 38 40 41 41 41 41 40 41 42 42 43 42 41 40 41 41 37 37 38 37 37 40 38 34 36 39 37 37 40 40 38 41 41 40 38 34 33 37 38 38 35 36 38 34 33 32 33 33 33 35 34 32 32
35 36 37 37 38 38 36 36 34 33 32 31 31 31 30 30 30 30 29 30 29 31 32 31 30 31 28 27 21 24 27 26 23 20 23 27 29 31 33 35 35 37 38 38 40 41 41 42 42 41 40 41 42 43 42 40 39 38 39 41 40 39 35 36 37 38 36 37 37 35 36 40 39 38 39 41 40 38 39 35 36 39 37 36 36 35 34 34 34 34 32 33 35 35 33 33
32 35 37 38 37 36 35 37 35 35 32 32 32 31 30 32 29 31 31 31 30 30 30 31 30 31 29 25 23 25 26 27 22 25 27 29 30 31 33 33 34 37 36 38 40 41 41 42 40 41 41 42 43 42 42 39 41 39 37 37 41 39 36 36 38 39 38 36 36 36 37 35 38 37 35 39 40 41 41 40 39 40 38 35 38 36 35 34 34 33 33 32 33 32 31 31
35 37 39 38 36 37 36 36 37 37 34 33 32 32 30 31 31 32 32 30 32 32 29 30 32 31 30 27 27 23 23 27 27 28 28 30 30 32 32 32 34 36 37 38 40 40 41 41 41 40 42 42 42 42 42 42 41 41 39 38 41 38 36 34 38 36 37 37 36 34 33 36 36 36 36 38 36 37 39 41 41 41 39 35 38 36 38 36 34 36 35 33 32 33 33 35
36 36 38 39 38 37 38 36 37 37 36 35 32 32 31 31 31 33 31 31 30 31 32 30 29 31 30 28 27 21 22 26 28 26 28 28 30 31 31 31 33 35 37 38 40 40 40 41 40 40 42 36 42 42 40 37 39 41 39 37 40 36 35 35 37 37 34 36 36 35 35 34 33 35 37 37 38 37 40 40 41 41 40 38 36 39 36 34 36 37 36 34 33 31 32 34
36 36 38 39 38 39 38 37 37 36 33 34 33 32 32 33 32 34 33 32 32 30 31 31 31 31 29 27 26 24 25 25 25 25 26 29 30 31 31 32 34 36 37 38 39 40 39 40 40 41 42 41 41 41 39 38 37 40 39 36 40 37 37 36 36 36 34 35 36 35 37 37 35 33 32 36 37 38 37 38 38 40 40 40 38 37 37 38 34 35 34 34 33 33 35 33
36 38 38 38 38 37 38 37 36 34 33 34 33 32 33 33 33 33 33 33 31 31 30 30 30 30 28 27 24 25 24 24 25 25 27 29 29 30 31 32 34 37 36 38 39 39 38 40 41 42 42 40 40 41 41 39 39 39 39 37 38 39 39 38 38 35 33 35 35 36 35 37 36 34 35 33 35 36 35 36 36 38 40 40 39 36 39 38 37 33 35 34 32 32 35 34
37 38 38 38 37 38 37 37 36 35 33 34 32 33 32 32 32 33 33 32 33 33 30 29 30 32 30 26 25 24 24 25 25 26 27 30 29 30 31 34 35 36 38 39 39 39 39 40 41 41 42 42 41 41 40 38 37 39 40 37 39 41 37 37 37 36 34 35 36 36 34 34 38 36 37 36 36 35 37 36 37 39 40 40 39 37 36 38 35 37 37 33 32 34 36 35
35 38 38 38 37 37 37 38 37 34 35 32 33 34 35 33 32 32 32 33 32 34 31 33 32 32 29 28 28 25 25 25 26 24 27 28 28 31 33 34 34 36 38 39 40 40 40 41 41 41 41 42 42 40 39 38 36 37 37 38 39 42 40 37 36 36 36 36 35 36 36 35 37 39 36 38 37 34 35 34 36 38 40 38 38 38 38 38 38 36 38 34 35 34 35 36
37 36 39 39 38 38 39 37 35 36 33 32 34 34 34 33 34 33 32 31 32 33 34 33 32 31 28 28 27 26 25 26 26 25 26 27 28 30 32 35 37 38 37 39 39 40 41 42 41 41 41 41 42 42 41 39 38 38 38 39 40 41 39 38 37 36 37 37 36 36 37 37 37 37 39 39 36 36 32 33 36 39 40 38 36 37 38 38 36 37 36 36 35 36 37 38
38 38 38 38 39 38 39 36 36 37 33 33 34 34 34 31 35 34 33 32 32 31 33 33 32 31 31 29 28 27 27 26 27 27 29 30 31 32 33 36 38 38 38 39 40 39 41 42 42 40 41 41 43 41 41 40 37 38 37 40 37 40 37 38 39 39 38 39 37 35 37 36 36 35 35 37 38 36 36 35 35 37 39 37 35 34 37 36 35 34 34 34 33 33 34 36
39 40 39 37 38 39 39 37 37 37 36 35 36 33 35 33 35 35 34 33 33 32 33 33 31 31 30 28 30 30 29 28 29 28 29 31 32 33 33 37 37 38 38 41 40 40 41 43 42 41 41 42 42 41 40 38 37 37 38 37 39 41 38 38 39 40 40 39 38 39 35 35 35 37 38 38 39 39 37 36 39 39 39 38 37 35 35 33 32 34 31 31 31 30 33 35
38 38 39 39 38 39 39 39 38 38 36 36 37 34 34 33 36 35 35 35 34 33 34 34 33 33 32 32 31 32 31 29 30 31 31 32 33 33 35 37 38 39 40 41 41 42 42 41 41 41 41 43 43 43 42 41 38 37 40 39 39 39 38 38 40 38 40 40 41 41 38 35 36 38 36 35 38 40 37 38 39 38 37 38 36 35 34 35 32 30 32 33 32 32 34 31
38 38 39 39 40 38 39 39 39 38 36 37 34 35 36 35 35 33 35 34 34 35 35 35 33 33 33 31 31 32 32 32 32 33 33 32 34 35 36 38 36 38 40 41 42 42 42 42 41 41 42 42 42 43 43 41 39 39 39 38 39 38 39 39 37 34 38 38 39 40 39 38 36 35 36 37 36 37 39 38 39 38 35 36 35 34 31 32 34 32 32 34 33 32 33 33
35 38 38 39 38 37 38 37 38 39 38 38 35 35 37 38 35 36 35 35 34 34 34 35 36 34 34 32 32 31 32 33 33 34 34 33 35 35 36 37 36 37 39 40 42 42 43 43 42 41 41 43 43 43 43 40 41 39 38 37 36 36 37 35 34 37 38 36 39 38 40 39 39 38 37 37 36 35 36 39 37 37 35 36 35 34 33 32 33 33 33 35 35 34 34 36
37 37 40 38 37 34 36 37 38 38 38 37 34 35 36 38 37 36 36 35 34 36 35 36 36 35 32 33 32 32 32 33 34 34 35 36 35 36 36 37 37 37 39 41 42 42 42 43 42 42 43 42 43 42 44 42 41 39 38 39 38 37 34 33 35 36 35 35 38 37 37 37 38 38 40 37 37 37 40 39 37 37 37 36 36 33 32 33 33 34 34 33 35 35 34 33
36 38 39 35 34 34 37 37 39 37 37 37 35 37 36 38 36 36 36 35 36 37 36 36 33 33 33 34 34 33 34 35 35 35 35 36 36 36 35 37 37 38 40 40 41 43 43 44 43 43 44 43 45 43 41 42 40 39 40 39 40 38 36 38 38 38 37 37 39 37 36 37 36 37 35 37 39 38 40 37 39 39 38 37 33 33 35 33 30 33 34 34 33 34 36 37
40 40 39 36 35 37 39 39 38 37 37 37 37 36 36 37 36 37 36 35 34 37 37 33 33 34 34 34 35 34 35 34 34 35 35 35 36 37 35 37 37 39 40 40 41 43 43 43 42 41 43 43 44 42 42 41 41 39 41 41 41 38 40 40 38 40 38 40 39 38 36 36 36 37 36 37 38 39 40 39 38 38 38 37 35 37 34 33 30 33 35 35 35 36 34 38
40 38 41 38 38 39 39 38 36 36 35 34 36 37 38 37 37 38 37 35 34 35 36 35 34 35 35 35 36 35 34 34 33 34 34 36 35 35 35 37 38 38 40 41 40 41 43 44 43 42 43 42 43 43 42 42 39 40 40 41 41 40 41 42 42 40 41 39 40 40 36 35 37 35 35 38 39 40 39 38 36 36 35 35 37 36 34 34 34 35 35 35 35 34 37 36
35 38 37 40 40 40 39 37 34 35 37 37 36 34 37 38 37 38 38 36 37 36 37 35 34 36 35 34 35 35 34 33 35 34 35 36 36 36 36 37 38 39 40 41 39 39 40 43 43 42 42 42 43 42 41 41 40 39 39 40 40 40 40 40 40 41 41 40 40 37 38 36 36 39 37 39 39 38 39 37 35 33 35 34 34 36 36 34 35 33 31 35 36 37 37 38
34 34 39 38 37 39 38 37 34 35 36 37 35 34 37 38 38 39 38 38 38 38 38 35 35 36 36 34 35 35 35 34 35 35 36 37 37 35 36 37 38 39 39 41 40 40 41 42 43 42 41 41 43 42 40 40 40 38 39 40 40 38 39 39 39 39 40 39 40 37 37 37 38 38 38 40 37 38 39 37 37 34 34 33 34 34 37 34 34 31 30 35 35 37 35 36
37 37 36 37 36 37 37 36 34 35 37 38 36 34 36 37 37 38 38 38 38 38 38 37 36 37 37 37 37 36 35 35 36 37 35 35 37 35 38 39 38 39 38 40 38 39 42 42 41 39 40 39 41 42 40 40 41 37 36 39 38 37 38 38 39 40 40 40 39 37 37 36 38 39 40 39 35 37 39 37 34 34 34 34 34 34 35 35 34 32 33 36 36 35 34 35
36 38 36 38 37 38 38 35 35 36 34 38 35 35 34 36 38 38 39 39 39 39 39 39 39 39 38 38 38 37 36 36 37 37 35 34 36 36 37 38 39 38 38 39 38 40 41 40 41 40 41 40 38 39 40 39 40 39 38 37 38 39 40 39 38 40 38 39 38 37 37 37 37 40 40 37 35 35 38 38 35 34 35 35 35 35 35 36 35 34 35 35 35 35 35 35
38 38 38 38 39 40 38 36 35 36 36 39 36 34 35 37 37 38 40 40 39 39 39 39 39 39 39 38 38 38 37 36 37 37 36 36 36 35 35 39 38 38 38 38 40 39 41 40 40 39 39 39 38 38 39 39 39 39 38 37 37 37 38 38 39 38 38 38 40 39 39 40 40 40 38 38 35 34 37 39 35 37 35 35 35 35 35 36 35 35 32 34 35 34 35 35
39 39 40 38 37 40 37 38 34 37 39 39 39 36 35 38 38 39 39 39 40 39 39 39 39 39 39 39 39 39 38 38 38 37 38 37 36 35 36 39 40 39 37 38 39 41 41 40 40 39 37 39 38 37 38 37 39 39 37 36 35 37 37 37 39 39 38 38 38 41 40 40 40 39 37 37 37 37 38 38 39 34 34 35 34 33 35 34 34 32 32 35 35 34 34 38
39 38 37 37 38 40 40 38 37 38 40 40 39 37 37 39 39 39 39 39 39 39 39 41 39 40 40 40 39 39 39 39 38 38 37 37 37 37 37 38 39 38 38 38 39 38 40 39 40 39 38 38 36 36 38 37 37 37 36 33 32 34 36 37 36 36 39 38 38 40 41 40 38 35 36 37 37 38 38 35 37 35 34 35 35 33 35 34 33 31 31 31 34 34 35 38
40 41 36 40 40 41 39 39 39 37 40 40 38 35 38 39 40 40 40 40 40 40 40 40 40 40 40 39 40 40 38 38 38 37 38 38 37 37 37 36 39 39 39 38 38 38 39 40 38 38 38 36 35 35 35 36 35 35 36 36 35 36 38 37 38 38 36 38 39 41 40 38 36 34 36 36 37 39 37 33 34 37 35 35 36 35 34 34 35 31 32 34 36 35 36 35
38 41 40 39 41 41 42 40 38 40 40 39 38 36 38 40 40 40 40 40 40 40 40 41 40 40 40 39 39 39 39 39 38 39 37 38 38 37 37 37 37 38 39 37 39 40 39 39 38 37 37 37 37 34 35 37 36 35 35 37 38 38 38 39 38 38 40 40 40 41 37 35 35 35 37 38 38 37 33 35 33 35 35 36 33 35 35 35 36 35 35 34 36 37 38 35
