DE_airtemperature/2010/2010_01_air_temp_min.asc
NCOLS 654
NROWS 866
XLLCORNER 3280414.711633467
YLLCORNER 5237500.62890625
CELLSIZE 1000
NODATA_VALUE -999
[rows 492 to 532 of 866, columns 188 to 281 of 654]
-57 -54 -55 -56 -57 -56 -54 -56 -53 -51 -51 -53 -54 -53 -55 -56 -56 -58 -57 -55 -58 -58 -58 -58 -56 -58 -58 -57 -58 -57 -57 -59 -59 -59 -58 -60 -60 -61 -62 -61 -64 -64 -63 -66 -65 -64 -67 -68 -66 -68 -67 -67 -68 -66 -65 -65 -64 -65 -63 -63 -63 -65 -62 -63 -62 -64 -65 -62 -66 -68 -66 -63 -63 -63 -67 -71 -71 -72 -72 -73 -72 -70 -69 -67 -68 -68 -67 -72 -69 -68 -66 -67 -69 -73
-56 -53 -54 -54 -54 -53 -53 -53 -52 -51 -53 -54 -57 -55 -51 -56 -56 -56 -55 -55 -58 -58 -58 -59 -57 -58 -57 -58 -58 -59 -58 -59 -59 -58 -59 -60 -60 -60 -61 -63 -64 -65 -64 -65 -65 -68 -67 -69 -68 -68 -69 -68 -68 -69 -64 -65 -65 -64 -63 -64 -65 -66 -63 -62 -63 -65 -65 -62 -69 -69 -65 -66 -66 -62 -62 -67 -69 -71 -72 -72 -70 -69 -67 -67 -69 -72 -69 -70 -71 -69 -68 -68 -68 -67
-55 -55 -54 -53 -54 -55 -53 -52 -51 -51 -53 -53 -53 -53 -53 -53 -53 -55 -54 -55 -56 -57 -58 -58 -58 -58 -58 -57 -58 -59 -59 -58 -57 -58 -59 -60 -60 -61 -60 -60 -61 -64 -65 -65 -65 -66 -66 -68 -70 -70 -70 -70 -69 -69 -66 -64 -67 -66 -66 -66 -67 -67 -64 -65 -63 -62 -62 -63 -64 -68 -69 -69 -67 -64 -65 -65 -69 -68 -68 -72 -71 -69 -67 -66 -68 -70 -72 -71 -68 -70 -68 -72 -71 -69
-54 -57 -56 -53 -53 -53 -53 -51 -51 -51 -53 -52 -52 -52 -52 -52 -53 -53 -56 -55 -55 -56 -57 -58 -56 -57 -58 -59 -58 -58 -58 -58 -59 -57 -58 -59 -59 -60 -62 -61 -64 -62 -65 -67 -67 -67 -68 -67 -71 -70 -71 -70 -68 -68 -69 -67 -64 -64 -66 -66 -68 -68 -66 -67 -65 -62 -62 -63 -63 -64 -67 -68 -68 -68 -67 -64 -64 -68 -70 -72 -71 -69 -67 -67 -67 -68 -71 -69 -67 -68 -70 -68 -71 -72
-52 -54 -55 -54 -53 -52 -53 -51 -51 -51 -51 -51 -52 -53 -54 -55 -56 -53 -54 -54 -54 -55 -56 -55 -55 -55 -55 -57 -57 -56 -57 -60 -58 -58 -60 -60 -60 -60 -60 -63 -65 -66 -63 -69 -70 -70 -72 -69 -69 -71 -71 -69 -68 -70 -67 -68 -66 -66 -66 -68 -68 -66 -67 -64 -65 -66 -61 -63 -64 -62 -63 -67 -65 -64 -64 -69 -64 -65 -67 -71 -71 -69 -68 -67 -66 -69 -68 -66 -67 -68 -71 -69 -71 -72
-52 -51 -53 -54 -53 -51 -51 -51 -51 -51 -51 -52 -53 -54 -55 -55 -55 -54 -53 -54 -56 -54 -54 -55 -55 -56 -57 -58 -56 -58 -58 -60 -59 -58 -58 -60 -60 -60 -62 -61 -64 -66 -65 -65 -70 -73 -72 -71 -70 -70 -68 -70 -69 -67 -67 -66 -65 -65 -66 -69 -70 -66 -66 -69 -65 -66 -62 -63 -63 -62 -63 -65 -66 -64 -66 -67 -68 -64 -68 -69 -71 -68 -69 -66 -66 -68 -67 -66 -67 -68 -70 -72 -70 -71
-51 -51 -50 -50 -51 -51 -51 -51 -51 -51 -52 -52 -53 -53 -55 -55 -55 -55 -54 -53 -53 -53 -54 -55 -54 -54 -54 -55 -55 -56 -57 -57 -59 -58 -59 -59 -60 -60 -60 -65 -62 -63 -65 -66 -68 -70 -72 -72 -71 -70 -69 -69 -69 -68 -68 -66 -66 -65 -66 -67 -69 -70 -68 -70 -69 -64 -66 -65 -64 -63 -62 -63 -64 -67 -69 -67 -68 -68 -70 -68 -68 -68 -68 -68 -67 -67 -68 -66 -67 -68 -69 -73 -71 -71
-50 -50 -50 -50 -50 -50 -51 -52 -52 -51 -51 -51 -52 -54 -54 -54 -54 -54 -54 -53 -53 -52 -53 -54 -53 -53 -54 -54 -54 -54 -55 -59 -59 -59 -59 -60 -62 -63 -65 -63 -63 -64 -65 -66 -66 -70 -73 -72 -72 -70 -71 -69 -69 -68 -67 -67 -66 -65 -69 -69 -65 -66 -67 -67 -67 -62 -66 -69 -65 -64 -66 -64 -64 -66 -68 -68 -66 -66 -69 -67 -69 -71 -70 -68 -68 -67 -68 -68 -70 -69 -69 -68 -69 -73
-53 -54 -51 -51 -50 -51 -50 -52 -52 -51 -52 -52 -54 -54 -54 -54 -54 -54 -54 -54 -53 -52 -53 -53 -53 -53 -53 -55 -54 -56 -57 -58 -60 -59 -58 -59 -60 -60 -63 -66 -68 -68 -70 -67 -70 -71 -72 -74 -73 -72 -71 -73 -70 -67 -68 -66 -65 -67 -67 -68 -68 -64 -64 -64 -63 -64 -68 -67 -64 -65 -67 -67 -66 -66 -68 -69 -67 -66 -66 -68 -69 -70 -71 -69 -69 -69 -68 -69 -69 -70 -71 -73 -71 -72
-54 -52 -52 -52 -50 -51 -52 -53 -53 -53 -52 -52 -55 -54 -54 -54 -53 -54 -54 -53 -53 -53 -53 -54 -53 -53 -53 -54 -54 -55 -55 -59 -56 -59 -59 -59 -60 -62 -64 -66 -67 -70 -70 -68 -68 -71 -72 -76 -75 -72 -73 -73 -70 -69 -68 -68 -66 -69 -69 -67 -66 -64 -64 -68 -67 -68 -65 -65 -63 -69 -69 -71 -67 -67 -68 -69 -69 -67 -68 -69 -68 -69 -71 -70 -69 -69 -69 -68 -68 -69 -70 -71 -74 -73
-53 -53 -53 -52 -51 -50 -50 -51 -51 -52 -51 -51 -52 -54 -53 -54 -53 -53 -53 -53 -52 -52 -53 -53 -53 -53 -53 -53 -53 -54 -54 -54 -55 -56 -58 -59 -60 -63 -62 -64 -68 -69 -69 -72 -72 -72 -76 -77 -76 -75 -73 -71 -69 -68 -67 -67 -68 -67 -68 -68 -68 -67 -67 -68 -64 -63 -64 -63 -65 -69 -69 -71 -70 -68 -69 -68 -68 -70 -68 -69 -68 -70 -70 -71 -69 -68 -69 -69 -69 -70 -71 -71 -73 -78
-54 -54 -53 -52 -51 -50 -51 -51 -51 -51 -51 -52 -53 -53 -53 -54 -55 -52 -52 -52 -52 -52 -52 -52 -52 -52 -53 -53 -54 -54 -56 -56 -55 -55 -58 -61 -62 -64 -64 -65 -68 -68 -68 -69 -72 -72 -74 -77 -76 -73 -73 -71 -71 -69 -68 -68 -66 -66 -67 -66 -67 -66 -66 -66 -64 -65 -64 -66 -65 -68 -71 -70 -68 -68 -68 -69 -68 -68 -69 -69 -69 -70 -71 -71 -69 -70 -70 -70 -70 -70 -72 -72 -74 -79
-53 -53 -52 -52 -51 -50 -50 -52 -51 -52 -54 -53 -53 -54 -53 -53 -53 -54 -52 -51 -51 -51 -51 -52 -52 -53 -53 -53 -52 -53 -56 -57 -58 -57 -58 -58 -59 -62 -64 -65 -67 -68 -66 -66 -68 -71 -74 -76 -76 -75 -74 -73 -71 -68 -68 -66 -67 -68 -67 -67 -67 -68 -69 -65 -68 -65 -64 -69 -65 -67 -70 -71 -69 -72 -70 -69 -68 -69 -69 -69 -70 -70 -70 -70 -70 -70 -69 -69 -71 -72 -70 -70 -76 -77
-53 -52 -51 -51 -50 -50 -50 -51 -52 -54 -55 -55 -54 -54 -53 -52 -51 -51 -51 -51 -51 -52 -52 -51 -52 -52 -53 -52 -52 -53 -54 -53 -56 -54 -54 -58 -62 -62 -63 -65 -64 -63 -64 -63 -68 -70 -74 -76 -78 -74 -75 -74 -72 -68 -66 -67 -68 -67 -66 -68 -69 -67 -67 -69 -70 -66 -65 -67 -65 -72 -70 -72 -70 -67 -68 -68 -69 -68 -70 -68 -68 -69 -69 -70 -70 -71 -70 -69 -71 -70 -73 -72 -73 -74
-54 -54 -53 -52 -51 -51 -51 -51 -52 -53 -54 -54 -53 -51 -52 -52 -51 -50 -52 -50 -51 -51 -51 -51 -50 -50 -50 -51 -53 -54 -55 -55 -55 -54 -57 -57 -60 -62 -62 -60 -60 -61 -64 -66 -68 -70 -71 -77 -76 -74 -74 -72 -72 -71 -71 -68 -68 -67 -66 -68 -66 -68 -69 -71 -71 -67 -68 -68 -66 -69 -70 -69 -67 -71 -71 -68 -68 -70 -70 -67 -68 -69 -69 -71 -71 -71 -70 -70 -70 -71 -74 -72 -75 -71
-55 -55 -53 -51 -51 -51 -50 -50 -51 -52 -54 -54 -53 -51 -50 -51 -50 -51 -52 -50 -50 -50 -50 -49 -50 -50 -50 -51 -52 -52 -54 -56 -55 -55 -57 -59 -59 -60 -59 -60 -60 -61 -63 -67 -67 -70 -73 -74 -73 -75 -76 -74 -70 -67 -67 -67 -65 -66 -66 -68 -68 -66 -71 -71 -69 -68 -69 -68 -67 -68 -70 -69 -70 -72 -69 -69 -71 -71 -68 -66 -66 -68 -68 -69 -69 -70 -71 -71 -72 -74 -72 -70 -70 -70
-56 -54 -51 -51 -50 -52 -50 -50 -52 -54 -54 -53 -52 -52 -50 -50 -50 -50 -51 -51 -50 -49 -49 -49 -49 -49 -50 -51 -53 -54 -55 -56 -56 -54 -57 -60 -62 -59 -56 -57 -60 -61 -63 -65 -65 -70 -71 -71 -72 -71 -74 -78 -71 -68 -66 -66 -65 -65 -68 -69 -66 -68 -71 -70 -71 -68 -70 -71 -70 -67 -71 -72 -70 -72 -71 -70 -73 -70 -68 -65 -67 -66 -67 -67 -68 -71 -68 -69 -69 -70 -68 -67 -69 -69
-56 -57 -52 -51 -52 -52 -53 -51 -52 -54 -51 -51 -52 -51 -50 -50 -50 -49 -50 -50 -50 -49 -49 -49 -49 -48 -50 -51 -53 -52 -54 -55 -54 -54 -58 -58 -60 -55 -57 -59 -60 -63 -63 -64 -67 -68 -66 -69 -70 -69 -75 -75 -71 -69 -67 -66 -65 -67 -69 -68 -68 -71 -71 -71 -71 -70 -71 -71 -70 -70 -68 -70 -68 -70 -70 -70 -68 -68 -66 -66 -68 -66 -65 -66 -67 -67 -66 -67 -67 -68 -70 -71 -72 -72
-55 -54 -54 -52 -51 -53 -52 -51 -52 -52 -51 -50 -50 -50 -48 -49 -50 -50 -49 -50 -49 -49 -50 -50 -49 -49 -50 -51 -51 -53 -52 -55 -54 -53 -55 -56 -54 -55 -57 -60 -62 -63 -62 -64 -65 -64 -68 -66 -67 -72 -73 -72 -71 -68 -66 -67 -69 -68 -69 -69 -69 -70 -70 -70 -70 -71 -71 -70 -68 -68 -69 -68 -66 -68 -68 -67 -65 -66 -66 -66 -65 -67 -68 -67 -67 -66 -67 -69 -70 -69 -72 -74 -74 -74
-54 -52 -53 -51 -51 -52 -52 -51 -52 -51 -50 -50 -48 -49 -48 -48 -48 -49 -50 -51 -51 -49 -49 -49 -48 -48 -49 -50 -52 -53 -53 -53 -53 -53 -57 -57 -54 -57 -59 -60 -58 -61 -64 -63 -64 -64 -63 -66 -71 -71 -70 -70 -72 -69 -71 -68 -68 -67 -68 -72 -71 -72 -71 -71 -71 -69 -69 -66 -65 -66 -68 -65 -65 -66 -67 -67 -65 -66 -67 -65 -70 -68 -66 -71 -68 -68 -67 -70 -71 -72 -73 -71 -72 -68
-54 -54 -54 -53 -53 -53 -53 -52 -53 -50 -50 -47 -47 -47 -47 -49 -49 -50 -50 -51 -50 -49 -49 -48 -48 -48 -49 -50 -51 -50 -53 -53 -52 -55 -52 -53 -57 -55 -55 -57 -58 -60 -62 -62 -62 -63 -68 -69 -68 -68 -69 -69 -68 -68 -68 -70 -68 -68 -69 -72 -72 -70 -70 -70 -70 -71 -71 -73 -72 -70 -65 -66 -66 -65 -66 -65 -68 -69 -67 -66 -69 -73 -67 -67 -71 -70 -66 -66 -65 -67 -66 -65 -67 -70
-55 -56 -56 -54 -55 -58 -53 -51 -51 -50 -47 -48 -48 -48 -49 -49 -51 -50 -50 -49 -49 -49 -49 -49 -48 -48 -49 -50 -50 -52 -52 -52 -52 -52 -52 -55 -55 -58 -56 -59 -61 -60 -61 -60 -60 -64 -65 -66 -68 -68 -67 -68 -68 -66 -67 -67 -69 -69 -68 -72 -72 -72 -72 -72 -71 -72 -72 -72 -70 -70 -69 -69 -65 -65 -66 -65 -66 -69 -69 -69 -67 -70 -71 -66 -67 -69 -67 -68 -66 -70 -70 -73 -74 -74
-60 -56 -56 -57 -55 -58 -56 -51 -48 -48 -48 -47 -47 -48 -48 -49 -50 -50 -50 -48 -48 -47 -49 -48 -48 -48 -49 -51 -51 -51 -51 -51 -52 -51 -53 -55 -58 -58 -61 -58 -61 -60 -60 -59 -61 -61 -62 -63 -66 -66 -66 -67 -67 -68 -66 -67 -67 -68 -66 -69 -70 -69 -68 -67 -70 -73 -73 -70 -69 -66 -67 -68 -66 -66 -65 -66 -67 -67 -70 -68 -71 -71 -69 -68 -68 -70 -68 -68 -72 -69 -71 -68 -69 -72
-59 -59 -59 -57 -55 -54 -51 -50 -49 -48 -47 -47 -45 -46 -47 -48 -50 -50 -48 -47 -47 -47 -47 -48 -48 -48 -49 -49 -50 -51 -50 -51 -51 -51 -56 -58 -56 -57 -59 -59 -59 -58 -58 -60 -61 -60 -61 -64 -65 -65 -65 -65 -66 -67 -67 -65 -66 -66 -68 -70 -69 -71 -69 -69 -71 -72 -70 -67 -67 -67 -66 -66 -67 -66 -66 -68 -67 -67 -71 -72 -73 -72 -68 -68 -69 -67 -68 -71 -73 -72 -77 -72 -75 -73
-56 -58 -60 -61 -57 -52 -51 -49 -48 -48 -46 -46 -46 -47 -49 -50 -49 -49 -49 -48 -47 -47 -47 -48 -48 -49 -49 -49 -50 -50 -51 -52 -51 -52 -52 -56 -56 -58 -57 -57 -59 -59 -59 -60 -61 -59 -61 -64 -63 -65 -63 -65 -64 -67 -67 -66 -66 -65 -68 -71 -69 -69 -70 -69 -67 -70 -69 -70 -70 -67 -67 -67 -68 -69 -67 -67 -67 -68 -72 -72 -73 -72 -71 -69 -70 -68 -70 -73 -79 -77 -78 -73 -79 -78
-62 -63 -56 -57 -58 -52 -50 -49 -49 -48 -47 -46 -46 -46 -49 -49 -48 -49 -47 -47 -47 -47 -47 -47 -48 -48 -49 -49 -51 -49 -50 -49 -51 -51 -54 -57 -58 -57 -56 -59 -58 -57 -59 -59 -58 -60 -61 -63 -64 -65 -63 -64 -64 -66 -67 -68 -66 -64 -67 -70 -69 -68 -70 -70 -66 -70 -73 -70 -67 -68 -68 -67 -67 -69 -68 -71 -70 -70 -68 -71 -72 -73 -72 -68 -71 -67 -72 -75 -78 -78 -79 -82 -80 -81
-61 -58 -58 -54 -54 -50 -50 -48 -48 -47 -47 -47 -46 -45 -46 -47 -48 -48 -46 -45 -46 -47 -46 -47 -47 -47 -48 -50 -51 -50 -50 -49 -53 -54 -54 -57 -57 -56 -57 -58 -55 -57 -57 -58 -59 -62 -65 -64 -61 -64 -63 -61 -63 -65 -67 -66 -67 -65 -67 -68 -69 -68 -72 -70 -66 -70 -69 -69 -70 -70 -68 -69 -68 -69 -71 -71 -71 -71 -73 -70 -71 -74 -74 -68 -73 -70 -68 -69 -70 -74 -81 -82 -84 -82
-57 -59 -55 -53 -51 -51 -48 -48 -48 -48 -47 -46 -47 -45 -45 -45 -47 -46 -46 -45 -45 -45 -46 -46 -46 -48 -49 -51 -50 -48 -48 -52 -51 -53 -55 -53 -53 -55 -55 -56 -58 -56 -60 -61 -61 -62 -61 -63 -60 -62 -62 -62 -62 -63 -65 -66 -65 -63 -67 -68 -69 -68 -65 -67 -68 -72 -72 -73 -72 -70 -70 -73 -74 -72 -73 -72 -71 -73 -75 -72 -75 -75 -73 -69 -73 -75 -69 -71 -71 -74 -77 -80 -81 -79
-56 -54 -53 -52 -52 -51 -49 -48 -49 -47 -47 -45 -46 -46 -46 -45 -46 -45 -46 -46 -46 -45 -46 -46 -46 -47 -49 -50 -49 -48 -49 -51 -53 -54 -55 -53 -55 -56 -55 -53 -56 -59 -58 -60 -60 -60 -61 -60 -60 -61 -60 -63 -62 -63 -62 -65 -64 -63 -66 -68 -67 -67 -69 -65 -69 -69 -73 -74 -71 -72 -72 -75 -75 -75 -75 -74 -74 -74 -73 -76 -77 -75 -71 -69 -73 -73 -68 -67 -68 -69 -70 -77 -77 -73
-52 -54 -54 -53 -50 -51 -51 -50 -47 -47 -46 -48 -46 -45 -45 -45 -46 -45 -45 -45 -46 -45 -45 -45 -46 -47 -49 -51 -48 -49 -50 -50 -53 -54 -52 -54 -56 -52 -53 -58 -59 -58 -58 -59 -61 -61 -60 -61 -60 -61 -60 -63 -61 -61 -61 -63 -66 -64 -65 -67 -68 -69 -70 -66 -68 -71 -70 -69 -68 -71 -72 -72 -67 -72 -73 -73 -71 -72 -74 -74 -77 -76 -71 -71 -74 -70 -66 -67 -68 -72 -69 -69 -72 -76
-55 -49 -52 -49 -48 -47 -48 -47 -46 -47 -48 -49 -47 -45 -45 -44 -46 -45 -44 -45 -45 -45 -45 -44 -47 -47 -49 -51 -48 -47 -50 -50 -49 -51 -54 -51 -49 -52 -56 -58 -59 -60 -59 -60 -59 -60 -61 -59 -62 -60 -61 -62 -61 -61 -61 -63 -63 -63 -65 -66 -68 -69 -70 -68 -64 -67 -68 -69 -65 -66 -68 -66 -72 -73 -68 -69 -70 -71 -76 -75 -73 -76 -70 -70 -73 -66 -66 -71 -75 -72 -77 -78 -72 -75
-52 -49 -48 -51 -53 -49 -51 -50 -49 -49 -48 -47 -45 -44 -44 -44 -44 -44 -45 -45 -45 -45 -45 -44 -45 -48 -49 -47 -46 -48 -48 -49 -52 -53 -51 -50 -54 -54 -57 -54 -57 -56 -59 -58 -60 -60 -59 -58 -61 -61 -61 -63 -61 -59 -60 -63 -63 -63 -62 -66 -68 -69 -69 -68 -66 -68 -70 -67 -64 -64 -67 -66 -67 -67 -70 -70 -72 -75 -76 -75 -72 -69 -67 -68 -65 -67 -71 -70 -72 -71 -76 -75 -68 -70
-50 -54 -50 -52 -52 -53 -52 -52 -51 -50 -48 -47 -45 -44 -45 -45 -44 -44 -46 -46 -45 -45 -45 -44 -45 -48 -46 -47 -47 -48 -51 -51 -49 -48 -49 -54 -52 -51 -51 -52 -55 -57 -58 -61 -59 -58 -56 -57 -59 -60 -61 -61 -59 -57 -60 -63 -62 -62 -62 -66 -68 -68 -68 -71 -66 -68 -69 -68 -63 -63 -66 -65 -66 -66 -68 -68 -72 -76 -75 -71 -70 -65 -64 -67 -73 -72 -66 -69 -68 -73 -72 -71 -73 -67
-50 -53 -53 -52 -53 -53 -56 -56 -55 -50 -49 -46 -45 -45 -44 -44 -44 -44 -46 -46 -45 -45 -45 -44 -45 -46 -46 -46 -49 -51 -51 -48 -48 -48 -50 -51 -52 -55 -54 -59 -53 -57 -59 -60 -58 -57 -56 -60 -61 -61 -59 -62 -58 -59 -59 -61 -62 -63 -59 -64 -68 -65 -67 -68 -62 -69 -67 -64 -63 -70 -70 -66 -68 -67 -67 -70 -72 -75 -68 -63 -63 -63 -64 -72 -72 -73 -72 -70 -73 -73 -71 -67 -71 -66
-52 -54 -53 -51 -53 -55 -57 -61 -54 -49 -47 -46 -45 -45 -45 -44 -44 -44 -46 -46 -45 -45 -44 -44 -45 -45 -46 -46 -48 -52 -49 -47 -48 -49 -49 -51 -54 -52 -56 -53 -54 -59 -57 -58 -57 -55 -58 -60 -61 -61 -59 -57 -54 -59 -59 -60 -61 -63 -61 -63 -66 -63 -68 -66 -63 -63 -63 -64 -67 -68 -70 -67 -73 -67 -71 -69 -70 -73 -67 -70 -71 -69 -70 -70 -70 -69 -69 -70 -70 -69 -68 -70 -69 -63
-52 -54 -53 -52 -51 -56 -60 -58 -53 -48 -47 -46 -45 -45 -45 -44 -44 -45 -46 -45 -45 -45 -45 -45 -45 -45 -46 -49 -50 -50 -49 -47 -47 -51 -50 -50 -51 -53 -50 -52 -53 -55 -57 -57 -55 -56 -58 -60 -61 -60 -60 -56 -53 -54 -59 -60 -61 -58 -58 -62 -65 -60 -63 -63 -61 -61 -64 -65 -66 -67 -71 -72 -73 -69 -68 -68 -68 -72 -67 -65 -72 -73 -73 -69 -67 -72 -71 -65 -62 -62 -62 -61 -62 -65
-54 -54 -55 -54 -55 -56 -59 -54 -53 -48 -46 -45 -45 -46 -45 -45 -44 -44 -45 -45 -44 -45 -46 -46 -46 -46 -48 -49 -49 -48 -47 -47 -53 -50 -50 -50 -51 -51 -52 -50 -54 -54 -59 -56 -52 -57 -58 -60 -61 -61 -62 -57 -53 -54 -61 -61 -59 -54 -57 -61 -59 -60 -59 -60 -62 -63 -68 -65 -66 -69 -72 -73 -73 -71 -69 -69 -69 -69 -65 -64 -66 -71 -68 -66 -67 -66 -65 -60 -64 -71 -71 -68 -69 -71
-52 -52 -53 -55 -56 -57 -54 -52 -49 -46 -45 -45 -45 -45 -45 -45 -44 -43 -43 -46 -44 -45 -46 -47 -47 -47 -49 -48 -47 -47 -47 -48 -49 -49 -49 -48 -51 -50 -50 -50 -54 -56 -53 -51 -56 -58 -58 -61 -61 -61 -61 -60 -54 -52 -57 -62 -59 -55 -59 -59 -57 -60 -63 -63 -63 -66 -68 -66 -71 -71 -72 -73 -75 -73 -72 -70 -70 -66 -62 -68 -67 -69 -67 -67 -63 -66 -65 -62 -64 -68 -69 -66 -67 -70
-52 -52 -55 -57 -56 -53 -52 -48 -47 -46 -46 -44 -45 -45 -44 -45 -44 -43 -44 -44 -44 -46 -47 -47 -48 -48 -47 -47 -47 -46 -46 -48 -47 -47 -48 -48 -48 -48 -50 -48 -48 -51 -53 -58 -58 -59 -58 -60 -61 -60 -62 -61 -57 -53 -59 -62 -58 -55 -55 -55 -61 -59 -66 -66 -66 -68 -69 -68 -70 -70 -69 -69 -70 -74 -68 -69 -73 -66 -64 -67 -68 -68 -64 -64 -63 -64 -67 -66 -64 -62 -71 -65 -66 -68
-53 -52 -52 -54 -51 -49 -48 -47 -46 -46 -44 -44 -43 -44 -44 -44 -43 -43 -43 -44 -46 -46 -47 -47 -48 -46 -46 -46 -45 -45 -46 -46 -47 -48 -50 -50 -48 -48 -48 -49 -51 -56 -52 -57 -56 -58 -57 -60 -58 -61 -62 -61 -58 -52 -57 -61 -58 -54 -56 -59 -63 -67 -63 -67 -68 -70 -71 -70 -67 -66 -70 -68 -68 -69 -68 -69 -69 -65 -64 -64 -68 -65 -62 -63 -68 -69 -70 -68 -66 -65 -63 -64 -64 -66
-56 -58 -54 -55 -53 -48 -46 -47 -46 -45 -45 -44 -43 -43 -43 -43 -43 -44 -45 -46 -47 -46 -46 -47 -48 -46 -44 -46 -45 -46 -46 -47 -50 -52 -50 -50 -54 -48 -49 -49 -49 -49 -54 -56 -57 -58 -61 -57 -61 -61 -59 -59 -60 -52 -56 -61 -57 -54 -55 -59 -60 -65 -66 -71 -70 -71 -70 -69 -67 -66 -70 -69 -66 -68 -64 -66 -67 -67 -63 -66 -65 -66 -61 -66 -70 -71 -72 -66 -65 -68 -63 -63 -64 -64
