DE_airtemperature/2010/2010_10_air_temp_min.asc
NCOLS 654
NROWS 866
XLLCORNER 3280414.711633467
YLLCORNER 5237500.62890625
CELLSIZE 1000
NODATA_VALUE -999
[rows 424 to 476 of 866, columns 96 to 191 of 654]
52 52 53 51 51 51 51 51 48 48 48 48 50 48 48 47 46 48 49 48 48 52 51 47 48 48 46 47 47 48 47 45 47 50 48 44 47 50 47 44 47 50 46 43 44 43 43 39 35 34 32 32 34 31 29 31 27 30 32 33 31 28 31 36 32 36 33 36 38 33 33 36 33 37 36 35 34 33 37 34 39 38 38 38 36 38 42 43 37 36 38 35 37 37 34 27
50 50 52 50 52 55 52 50 49 48 47 48 49 47 50 46 47 46 47 47 48 46 47 48 46 45 45 47 46 46 48 48 47 46 50 48 47 43 43 42 43 46 48 49 49 47 45 40 39 35 41 41 39 36 30 31 30 33 31 33 30 32 34 32 33 36 33 34 39 38 37 34 33 35 38 34 38 31 38 35 33 37 37 33 32 33 41 42 36 33 38 36 37 37 32 33
50 50 50 51 51 52 50 51 48 48 46 47 48 45 48 46 44 44 47 44 46 49 45 47 45 46 46 45 44 47 45 44 47 45 49 46 41 43 41 40 37 39 40 43 45 37 45 45 45 45 43 43 39 38 36 31 32 30 29 32 34 33 35 34 35 35 34 33 38 39 38 37 37 32 38 35 36 33 38 33 33 38 33 32 40 44 38 40 35 38 37 35 36 37 36 34
50 50 49 50 53 50 50 50 47 48 48 45 46 45 46 47 47 44 44 47 48 49 47 49 45 47 44 46 44 44 42 44 46 44 47 44 40 39 41 40 38 35 39 40 44 45 39 38 38 35 43 39 32 30 34 30 36 33 34 36 33 32 31 33 35 33 34 36 36 37 38 37 39 36 36 32 35 33 36 38 34 33 32 37 38 42 36 41 39 35 38 39 38 36 35 37
50 49 49 49 52 50 48 48 48 48 47 46 45 46 47 48 47 46 45 47 46 46 44 43 48 44 46 44 46 41 43 45 45 44 46 41 39 43 41 39 38 42 45 46 47 44 42 39 32 37 40 42 32 36 36 32 35 34 37 36 30 31 28 33 33 34 34 34 37 37 38 39 36 34 34 33 32 31 30 34 30 33 33 36 39 39 41 38 40 39 36 36 37 37 40 34
50 50 50 49 52 51 48 48 49 47 47 45 45 45 47 48 46 44 45 45 46 45 46 46 44 45 45 44 45 45 42 44 43 47 42 42 41 44 45 46 46 46 45 44 45 38 35 37 39 33 40 41 41 35 38 36 38 39 37 32 31 29 31 31 34 31 32 34 35 38 34 40 40 35 36 37 36 35 34 34 36 39 37 41 35 35 36 39 37 39 38 37 41 43 33 36
48 48 49 50 50 50 51 49 47 47 49 48 48 48 46 47 45 44 44 43 45 46 47 47 46 43 44 43 43 40 41 44 43 44 42 40 42 42 43 40 40 38 38 43 41 39 35 34 39 34 39 41 41 39 39 38 38 34 34 33 32 34 35 30 34 31 32 35 37 38 38 37 38 40 41 40 37 41 35 40 40 36 37 36 42 39 34 39 34 37 39 36 39 44 40 38
50 50 48 49 51 50 49 48 47 49 49 48 47 46 47 45 45 45 44 44 44 44 45 46 45 46 45 41 39 39 44 41 39 41 40 41 40 44 43 42 38 43 42 43 41 37 34 36 34 34 39 41 38 38 38 36 35 32 32 31 34 34 35 32 32 31 35 38 37 39 40 40 36 40 38 38 41 41 40 40 33 39 41 36 38 35 39 34 36 38 41 38 36 40 40 39
52 49 50 51 49 49 49 50 48 49 48 48 48 47 46 46 44 44 44 42 43 47 44 44 45 42 42 42 40 39 39 43 42 38 39 37 40 38 42 38 41 43 44 40 40 38 34 34 37 40 39 40 38 37 35 34 36 31 36 34 34 36 36 35 33 32 35 36 37 38 39 39 38 38 37 41 41 42 43 40 38 40 41 41 36 42 38 35 35 38 39 42 40 34 33 31
50 49 49 49 50 50 51 50 49 49 49 49 47 49 47 46 46 46 44 44 44 44 41 43 43 44 41 40 37 39 38 41 41 40 36 38 40 40 42 41 39 39 40 41 36 37 39 40 38 39 39 38 40 37 34 37 36 34 38 36 35 32 31 32 32 31 35 36 35 38 36 37 37 39 40 42 43 42 41 40 39 44 43 40 42 36 36 36 42 41 40 39 42 37 34 34
50 49 48 50 49 48 49 51 49 49 49 49 48 49 47 46 46 45 45 46 46 45 44 43 42 41 45 41 41 40 38 40 38 40 38 38 33 35 36 34 36 40 42 37 40 40 39 39 40 39 40 35 36 37 37 37 38 37 36 34 36 35 30 30 32 29 31 32 30 31 35 35 37 41 41 41 36 40 41 43 41 41 38 40 36 36 40 39 38 42 42 41 41 41 37 34
51 50 50 49 50 49 48 50 50 50 49 49 49 48 47 47 44 45 45 45 44 42 43 43 43 41 43 44 43 41 38 39 37 35 35 34 37 36 36 35 39 39 37 38 40 41 41 40 39 39 40 36 37 37 39 38 31 32 32 34 33 31 30 32 33 30 32 34 34 37 33 36 41 41 42 41 43 41 40 40 42 42 42 37 34 38 42 35 35 39 40 43 39 36 41 36
50 50 51 49 51 50 49 50 51 50 49 49 50 50 49 45 46 45 46 45 43 40 39 42 44 43 42 42 41 39 37 38 36 37 39 36 37 38 40 39 39 42 39 43 41 43 42 40 40 41 34 35 37 36 38 38 37 31 31 32 26 29 30 35 29 29 32 36 40 40 40 41 38 39 39 38 38 36 37 35 40 35 33 35 41 42 36 36 35 39 39 36 35 40 41 35
52 52 51 49 51 49 49 49 50 49 51 51 50 49 49 47 46 47 46 45 45 43 40 40 42 40 43 40 39 40 35 35 39 40 39 38 40 41 39 41 42 40 43 40 45 43 43 42 40 35 35 38 36 36 36 34 37 37 37 29 32 33 31 37 32 37 37 37 36 38 38 38 40 38 37 32 33 40 36 38 34 34 35 36 37 40 37 39 38 34 32 33 36 40 40 36
53 54 51 50 53 51 50 51 50 48 49 50 48 49 47 46 48 48 47 46 44 44 43 42 41 41 40 40 39 38 37 37 38 41 43 41 41 42 43 43 42 44 41 41 44 44 42 37 36 38 37 38 35 33 37 34 36 34 36 34 34 35 34 39 39 40 31 37 36 33 35 39 33 40 39 39 37 38 39 38 34 35 35 42 40 44 41 36 34 33 30 31 34 33 33 37
53 53 51 52 53 50 50 50 49 49 50 48 47 47 48 46 46 44 46 45 43 44 43 42 41 39 38 38 38 39 38 40 41 38 42 42 41 42 40 42 41 42 42 42 44 43 41 36 37 36 39 36 34 35 36 35 36 29 37 38 36 33 37 31 33 29 29 29 35 31 29 34 35 32 40 39 39 41 35 35 35 40 38 42 42 41 35 39 33 34 33 35 31 36 39 38
55 54 53 53 51 51 50 50 50 51 51 48 46 47 47 46 45 44 45 44 45 43 41 41 40 40 39 40 38 38 37 38 38 39 41 43 42 41 42 41 41 44 43 43 43 41 37 37 37 39 37 32 32 31 33 37 32 35 35 30 32 34 34 34 36 30 28 26 31 25 29 31 31 31 32 36 33 37 32 34 38 40 36 41 43 37 37 39 35 39 34 32 36 34 33 36
55 55 51 51 50 50 51 51 50 52 49 49 48 49 49 46 45 46 44 43 45 44 43 40 39 41 42 41 40 41 40 39 40 42 43 41 44 42 43 41 44 45 42 44 43 41 39 34 33 35 34 35 36 37 34 35 30 34 36 36 36 36 35 37 35 34 34 27 25 29 32 34 34 34 36 35 32 31 34 37 38 40 38 43 38 37 39 35 36 40 36 35 34 36 38 39
53 54 53 53 52 53 52 51 53 52 52 49 49 49 51 47 48 45 45 46 45 45 44 43 40 40 42 41 40 42 41 39 40 43 43 46 46 46 43 46 45 43 42 44 42 39 40 33 35 35 37 35 35 34 31 33 27 32 34 34 36 38 34 36 33 36 35 29 28 27 34 34 36 36 37 34 38 36 35 36 38 39 41 39 40 38 35 36 40 37 39 33 36 40 38 36
52 52 52 53 54 51 53 51 51 51 50 50 52 49 47 47 48 47 48 48 49 45 44 43 43 43 41 43 42 43 43 43 43 43 43 43 43 44 46 45 45 45 46 46 42 39 38 35 37 36 35 36 36 29 31 31 34 36 37 37 35 35 35 37 35 31 30 27 29 31 33 34 38 38 39 37 36 35 36 39 37 38 41 39 39 36 35 35 41 38 40 37 39 38 36 35
53 55 53 51 53 53 51 52 51 52 50 52 50 51 50 49 48 47 48 48 47 47 43 44 43 41 41 46 45 43 45 46 41 41 45 43 44 45 44 42 45 44 45 46 41 40 38 35 33 34 33 34 33 31 34 36 36 31 34 36 32 37 34 31 31 28 30 27 29 32 31 35 37 39 35 38 39 35 41 41 40 42 38 36 35 34 36 35 36 39 38 36 40 38 38 34
52 53 52 54 54 52 52 50 51 52 53 51 52 50 52 50 49 49 47 47 47 46 47 46 47 44 45 45 43 46 44 44 42 43 42 43 44 43 43 44 43 45 45 42 42 43 38 36 37 35 33 33 30 35 37 33 32 34 35 35 29 35 35 35 30 29 32 32 31 35 31 35 36 40 37 38 40 37 41 38 41 40 38 37 34 36 35 36 38 40 36 37 39 39 41 36
55 53 54 53 53 52 52 52 52 54 50 50 51 51 52 48 47 49 48 44 47 48 48 46 48 46 46 49 48 44 45 47 49 50 46 47 46 45 45 44 45 47 43 43 42 41 39 39 37 35 33 36 36 37 34 29 36 34 35 33 34 34 31 35 34 29 31 31 33 36 36 38 39 37 41 40 41 41 40 38 41 40 38 36 34 36 38 37 37 36 36 37 39 39 38 40
54 56 55 54 54 53 53 52 51 54 48 50 48 50 48 47 52 50 48 48 49 49 49 50 49 47 50 47 47 48 49 53 51 47 47 47 46 47 47 47 46 48 46 45 45 42 42 39 36 37 36 36 37 37 37 35 37 33 32 34 30 34 32 34 33 33 31 33 34 36 36 38 38 35 36 35 40 40 41 40 41 37 39 34 36 36 40 40 37 39 36 38 35 41 41 39
53 54 56 54 54 54 54 52 52 52 50 49 50 54 54 49 48 51 47 50 49 48 50 52 51 49 51 48 51 51 54 51 50 48 47 46 48 49 48 46 48 47 48 44 42 41 40 39 37 37 36 36 39 38 33 35 33 37 34 32 32 32 32 36 35 31 31 33 34 34 34 35 34 35 34 39 40 40 40 41 41 39 41 37 39 39 38 40 40 40 38 40 39 40 40 39
56 55 56 54 54 55 52 52 53 52 50 50 51 55 52 51 50 50 51 51 48 51 52 52 51 50 51 51 46 52 52 51 51 50 47 48 46 45 45 48 47 47 46 44 43 43 44 39 38 38 38 41 39 33 34 35 36 36 34 36 36 33 33 32 33 29 30 32 33 35 35 37 36 35 35 39 39 39 39 40 40 41 41 40 42 41 42 38 40 42 38 40 38 41 40 40
54 56 55 53 53 53 51 53 52 50 51 52 53 55 52 51 52 50 50 50 48 49 52 52 53 53 52 53 49 50 50 50 50 49 48 45 47 47 47 47 45 46 46 44 43 44 41 42 40 41 41 41 41 39 40 38 37 36 34 36 35 38 34 36 32 32 31 33 33 35 33 38 35 37 37 37 38 39 39 39 38 38 39 42 42 39 40 42 38 42 38 33 38 37 40 36
56 54 53 53 54 53 53 53 51 49 55 52 55 53 52 53 51 51 55 48 50 51 52 51 50 48 48 51 50 54 52 53 51 49 47 47 48 48 47 46 47 48 46 45 43 42 41 40 39 41 42 42 40 39 36 40 40 36 39 38 39 39 39 37 31 33 33 33 34 35 37 37 37 37 37 36 39 38 37 38 35 38 39 39 42 39 41 42 39 42 40 37 37 38 40 35
56 55 56 53 52 52 51 52 51 55 55 55 55 56 55 50 55 49 53 55 53 53 50 50 49 49 50 51 53 54 51 54 52 50 47 48 48 47 46 45 44 48 47 47 46 44 42 39 39 42 44 42 39 33 36 38 41 39 38 36 39 38 38 37 32 32 32 35 36 34 35 37 35 36 37 37 37 36 38 38 36 37 37 40 42 41 38 41 41 43 42 40 38 41 40 38
56 55 53 51 54 55 54 56 55 53 53 52 52 54 51 50 51 51 52 53 52 51 52 49 50 50 51 51 51 53 53 54 53 51 47 45 45 45 44 45 46 46 46 45 45 44 42 40 40 38 43 43 41 39 38 40 41 40 39 40 41 35 37 38 34 33 34 34 33 36 35 37 35 33 35 37 36 35 36 36 38 36 37 37 37 40 36 38 40 41 40 39 40 40 35 37
57 53 53 54 55 57 56 54 54 51 51 53 49 49 49 50 52 51 53 51 52 51 51 51 51 49 52 50 51 50 52 51 51 48 48 47 48 47 45 45 45 46 45 44 45 44 42 41 40 40 43 42 41 40 39 39 41 41 41 40 38 39 38 33 32 32 33 36 36 35 34 37 34 35 39 34 36 36 37 38 38 37 35 36 39 37 36 38 37 41 38 38 38 36 37 35
53 54 53 53 55 54 53 52 49 48 50 51 51 50 48 47 48 48 53 53 53 51 51 50 49 52 51 51 50 51 50 50 48 50 48 48 48 48 45 45 45 44 44 42 42 42 42 40 40 41 40 42 43 39 42 41 41 36 38 40 40 38 37 36 36 34 34 34 33 32 34 36 34 36 39 36 37 39 36 36 41 37 37 39 36 38 40 37 37 39 36 36 37 37 38 35
53 53 54 56 56 52 54 54 51 49 47 47 47 48 48 49 51 53 50 50 52 53 52 52 51 51 50 50 49 49 52 49 49 49 48 48 49 47 45 43 46 44 44 42 42 42 41 39 41 43 41 42 43 41 41 41 38 39 39 41 37 39 39 38 38 35 34 33 32 32 34 36 35 38 39 41 38 38 41 40 38 40 37 38 39 40 40 37 41 38 35 32 34 37 37 34
53 53 55 56 52 51 52 51 50 49 49 48 48 49 48 49 49 49 50 50 51 51 50 50 53 50 50 50 51 51 48 50 52 50 50 48 48 46 44 45 44 44 44 42 43 42 39 39 41 42 40 40 42 43 39 39 40 40 38 41 37 36 39 40 37 37 34 33 32 33 35 34 35 39 38 40 38 42 43 43 42 40 36 41 43 36 41 39 42 40 35 36 38 36 35 35
53 53 55 53 53 53 51 51 51 49 49 50 50 50 49 50 49 50 49 50 49 49 52 52 49 52 50 50 51 53 50 49 48 47 47 48 47 45 46 44 43 43 42 43 42 42 40 39 39 40 39 40 41 43 42 41 40 39 41 37 39 39 41 36 32 32 33 33 32 33 34 33 37 39 39 41 41 40 38 41 39 42 40 40 40 40 43 42 42 37 37 38 35 37 39 37
54 56 55 51 52 53 51 50 49 48 51 52 50 51 49 51 50 49 52 53 51 53 52 52 50 50 49 52 52 48 47 46 48 45 47 46 45 46 45 45 42 42 42 40 41 40 40 39 39 39 40 40 40 39 41 40 37 37 41 38 40 40 39 39 39 34 31 31 32 33 33 37 38 38 39 37 38 37 38 42 42 41 43 44 41 39 41 41 42 41 41 40 34 36 37 39
53 56 54 53 53 52 52 52 50 49 51 51 52 51 48 49 52 51 53 52 52 52 50 50 51 51 50 50 50 50 49 47 46 46 45 44 45 48 47 45 44 43 42 43 43 42 40 40 40 41 40 39 40 42 42 39 39 40 41 39 40 38 39 40 39 34 38 36 34 34 34 34 37 33 35 37 39 40 42 39 42 43 40 39 43 43 43 43 43 42 42 38 38 37 38 36
56 56 54 52 54 53 51 50 50 49 50 51 51 50 51 50 52 52 50 52 51 50 49 50 51 52 50 49 50 49 48 48 47 47 47 47 46 45 48 45 44 43 43 42 45 44 40 40 40 40 39 41 40 38 40 41 39 41 41 41 40 39 39 38 40 39 37 37 39 35 32 34 36 34 33 38 39 41 39 35 39 39 40 41 42 43 44 41 43 44 43 40 38 34 33 36
55 54 52 53 54 52 50 51 51 51 50 52 50 51 52 52 52 49 49 49 50 49 48 49 50 50 49 48 48 49 47 46 46 47 49 48 45 45 48 45 46 43 44 44 44 40 41 41 40 40 40 39 39 37 40 41 39 39 39 36 37 41 41 38 36 38 40 39 36 35 32 34 34 33 36 36 38 41 40 33 34 39 38 41 42 41 39 39 39 39 42 41 39 35 37 34
55 53 53 55 53 52 51 51 51 51 52 50 51 51 52 53 53 51 49 49 50 48 49 47 49 49 48 49 48 47 46 47 48 48 50 46 45 46 48 45 45 45 44 45 44 42 41 41 39 40 39 40 40 39 39 40 38 39 36 36 37 39 40 40 38 37 40 35 35 33 33 32 32 32 35 38 40 38 37 35 35 37 41 40 41 39 40 39 37 40 40 42 39 38 38 35
56 53 55 51 53 51 51 52 51 50 51 51 51 52 53 53 52 50 50 50 51 50 49 52 48 50 49 48 47 49 46 49 47 48 47 48 46 48 47 45 44 45 43 44 43 42 41 41 39 40 40 39 40 41 40 40 40 38 37 40 39 37 40 41 40 39 37 36 35 34 33 33 31 31 33 34 38 39 38 37 38 38 37 41 41 41 38 38 38 40 39 42 39 41 39 36
54 55 54 53 51 52 51 52 51 51 50 51 51 51 54 52 51 51 52 52 49 50 50 50 50 50 48 48 48 49 47 51 49 50 49 47 48 49 45 45 44 46 46 42 44 42 41 42 39 39 37 38 37 40 42 41 40 40 39 39 40 36 36 38 40 38 39 37 39 38 37 33 34 35 33 35 35 35 36 36 38 36 38 38 41 41 41 40 38 35 39 42 42 39 39 39
52 52 53 51 51 54 54 52 52 51 51 51 51 53 52 51 51 51 51 52 53 52 52 51 49 47 47 49 48 48 49 49 50 48 49 49 47 45 46 44 44 45 47 44 45 44 44 41 39 38 37 38 40 41 41 40 40 39 40 37 39 38 38 37 39 39 40 40 38 38 36 32 32 36 34 35 34 36 36 38 39 38 37 40 40 38 41 39 36 39 39 40 42 39 40 40
53 53 52 51 52 53 52 51 51 51 51 52 52 53 51 52 52 52 53 51 50 50 48 48 48 49 51 48 48 51 50 49 52 48 48 48 46 46 45 44 45 47 46 47 44 42 41 40 39 37 40 37 39 41 40 38 39 39 39 40 39 39 39 38 35 36 36 39 38 33 35 34 36 36 34 36 36 39 38 36 38 41 39 37 37 38 41 38 39 40 40 41 41 41 38 39
54 52 51 51 52 51 51 52 51 52 52 52 53 53 51 53 53 52 49 50 49 48 47 49 51 49 49 51 48 50 50 49 52 49 49 47 48 48 45 43 44 45 46 45 41 43 39 37 39 41 41 41 40 38 38 37 38 36 36 39 37 37 39 38 37 37 36 36 34 34 34 35 38 35 34 37 38 39 36 38 37 38 37 36 37 40 38 39 41 40 41 40 40 40 39 37
53 52 51 52 54 52 51 51 53 52 54 52 51 52 52 52 51 49 48 48 46 52 52 50 51 51 52 49 49 52 51 48 51 50 49 46 47 48 47 45 44 46 47 46 43 42 41 36 37 39 43 40 40 37 36 36 37 37 37 38 37 36 38 39 37 35 36 33 33 36 35 33 35 38 36 36 39 37 36 36 39 36 37 38 40 38 39 39 40 40 41 38 36 37 38 34
55 53 54 54 54 51 52 54 55 54 51 51 51 51 52 51 51 49 49 50 52 52 52 50 51 51 51 49 49 51 53 50 51 51 49 48 49 47 45 46 46 44 46 44 45 45 42 41 39 43 40 38 40 40 39 41 39 37 38 36 36 36 37 36 36 34 33 34 34 35 36 33 36 33 36 38 39 36 35 36 36 34 36 35 36 38 37 37 39 40 39 39 38 36 38 34
56 54 53 55 53 52 53 56 53 52 51 49 49 50 50 51 50 51 51 52 54 53 52 55 54 52 53 51 50 48 50 52 51 51 50 48 49 49 47 47 46 44 45 45 45 47 45 44 45 43 38 36 40 36 36 37 36 38 37 37 37 35 37 34 34 32 35 34 34 33 34 35 31 33 36 36 36 37 34 36 34 33 33 35 37 33 35 34 34 38 40 39 39 36 34 36
57 55 54 53 53 53 53 53 53 52 51 50 50 51 52 50 52 51 53 56 56 55 55 52 55 55 54 50 51 50 49 51 49 52 49 51 50 48 47 46 45 45 44 46 46 45 44 39 40 41 37 36 35 38 39 37 36 37 38 37 36 35 35 34 32 34 36 36 32 31 32 34 35 34 31 32 37 36 38 37 32 33 35 36 36 33 35 35 35 37 40 38 36 35 36 39
57 57 54 53 56 55 54 52 52 51 51 51 50 51 50 53 54 53 54 55 55 51 54 55 53 55 54 50 49 49 52 50 50 53 51 51 49 51 51 51 49 47 49 44 47 42 42 40 36 37 41 39 38 39 41 38 40 39 37 39 34 34 32 31 31 34 34 35 34 35 33 34 32 32 33 36 36 36 37 34 33 34 35 36 35 33 34 33 34 37 37 37 36 38 38 37
58 58 58 58 58 56 54 52 53 53 52 50 53 54 53 52 54 53 53 52 51 51 52 55 53 52 55 52 54 52 52 51 54 52 51 51 51 51 52 49 47 49 47 47 48 44 42 42 40 41 42 42 41 43 42 40 39 38 36 37 38 32 32 31 34 34 33 35 34 35 34 32 31 32 33 37 38 34 31 33 31 33 34 32 31 34 34 34 34 33 33 38 39 40 40 40
58 58 57 57 57 55 53 53 56 53 52 55 56 56 55 55 54 54 56 54 54 51 51 51 53 54 55 53 54 55 54 53 54 52 51 52 51 51 50 47 47 50 47 47 49 48 44 42 44 44 45 45 45 44 44 43 40 40 37 35 37 36 34 31 29 32 35 35 35 34 31 28 32 32 35 37 34 30 32 30 31 32 32 30 32 32 33 34 33 35 37 37 38 38 40 40
57 57 56 57 57 58 56 55 55 54 56 53 55 55 56 56 56 54 53 57 55 50 51 52 53 55 53 55 54 54 52 51 53 52 51 51 48 49 50 49 46 48 45 45 47 47 47 46 47 46 43 42 42 43 42 41 43 38 38 37 37 33 32 33 31 34 35 35 33 32 29 31 33 34 36 35 33 32 32 35 35 33 32 32 33 32 34 35 36 37 37 38 38 39 40 38
