DE_airtemperature/2010/2010_08_air_temp_min.asc
NCOLS 654
NROWS 866
XLLCORNER 3280414.711633467
YLLCORNER 5237500.62890625
CELLSIZE 1000
NODATA_VALUE -999
[rows 451 to 491 of 866, columns 470 to 563 of 654]
127 128 127 127 127 127 127 127 126 126 127 127 127 127 128 127 127 128 128 129 129 128 128 127 127 127 126 126 127 127 127 128 127 126 126 127 126 126 125 125 124 124 124 123 124 124 126 125 125 124 123 123 123 123 124 124 123 125 124 123 123 124 123 122 121 120 119 118 123 120 120 122 121 120 119 120 120 119 118 117 116 116 117 119 120 119 119 122 125 121 121 125 124 125
127 128 127 127 127 126 126 126 127 127 127 126 126 129 128 126 127 127 128 128 128 128 127 126 126 126 126 126 126 126 127 127 127 128 127 127 127 125 126 125 124 122 123 122 123 124 125 125 125 124 123 123 123 123 124 124 123 125 124 123 123 123 123 122 121 119 120 118 122 120 119 121 120 120 119 120 119 118 117 117 116 115 116 117 119 119 119 120 119 122 120 124 123 124
127 127 127 126 127 126 126 126 126 127 127 128 129 127 126 127 127 127 127 127 127 127 127 126 127 126 126 126 126 126 127 127 128 128 128 127 126 125 124 125 123 122 122 122 123 124 124 124 124 123 124 123 123 122 123 123 123 124 123 122 121 123 122 121 121 119 119 118 119 122 119 118 120 119 119 119 117 118 116 115 116 114 116 118 118 119 119 123 118 118 120 121 121 123
127 127 127 126 126 126 126 125 126 127 127 127 127 127 127 127 127 126 126 127 127 127 127 127 126 126 126 126 126 126 127 129 129 128 126 126 125 124 123 123 124 123 122 122 122 125 124 122 125 124 122 122 122 122 121 122 122 122 124 121 121 123 121 120 120 118 118 119 118 119 119 118 117 118 118 119 118 117 119 115 115 115 116 118 117 117 118 120 119 118 119 119 120 120
127 126 126 126 126 127 126 127 127 127 127 126 126 127 127 127 127 128 127 127 127 127 127 128 128 128 127 126 128 127 129 130 128 127 127 127 127 125 123 122 123 121 121 122 123 121 122 121 123 122 122 121 120 121 120 121 121 122 122 121 120 121 121 120 118 119 118 118 118 117 118 117 116 116 117 119 117 116 117 115 114 116 115 115 116 117 118 118 121 117 119 119 119 120
127 126 126 126 126 127 127 128 128 128 127 127 126 127 126 126 127 128 126 127 127 127 127 129 127 127 127 127 128 128 128 128 128 126 126 125 126 125 123 121 121 120 120 121 121 120 121 121 123 120 122 121 121 121 120 121 120 121 122 121 119 120 120 119 118 118 117 117 118 116 117 119 115 114 118 116 117 117 114 113 114 115 114 114 115 115 116 119 122 117 119 118 118 120
127 127 126 126 126 128 127 126 126 126 126 127 125 126 127 125 127 126 126 126 127 127 128 129 128 127 127 127 127 128 127 128 128 126 125 124 125 123 123 123 120 120 122 123 121 120 120 120 121 120 121 122 121 121 120 120 119 120 122 121 120 119 119 121 119 118 118 117 117 116 116 116 114 115 117 115 116 115 116 110 112 113 114 115 115 120 121 117 120 118 118 117 118 118
126 125 126 125 128 126 126 127 126 125 125 125 126 126 126 125 126 126 126 126 126 127 127 129 130 128 127 127 127 127 128 128 129 128 127 126 125 124 121 124 123 122 123 122 121 120 120 119 121 120 120 120 119 119 118 119 119 119 122 119 119 119 118 119 119 119 117 118 116 117 116 114 114 116 113 114 113 114 116 115 112 113 114 117 119 120 117 118 116 118 116 117 119 117
126 125 126 126 128 124 126 126 127 126 125 124 125 126 126 125 126 126 127 126 126 128 128 129 130 129 128 128 128 128 129 128 129 127 128 127 127 125 125 126 123 123 123 121 121 119 118 119 118 118 119 119 119 118 117 118 117 117 120 120 119 117 117 118 118 117 117 117 117 115 114 114 115 116 113 113 113 115 114 117 113 111 111 114 114 118 115 115 116 118 116 115 116 116
125 127 128 128 125 124 125 125 125 126 125 125 124 125 126 125 126 126 126 126 128 127 127 128 129 130 129 128 126 127 128 129 127 126 125 126 127 127 127 126 126 124 123 121 120 120 119 119 119 119 119 119 118 117 117 117 118 120 120 121 120 118 117 118 117 117 117 117 115 116 115 114 113 115 112 112 111 111 115 113 115 113 111 112 113 116 116 113 114 116 115 115 116 114
126 128 128 127 124 124 125 125 125 125 124 124 124 125 125 125 125 125 126 126 129 127 128 128 129 129 129 129 128 125 127 128 125 124 125 126 127 126 124 123 124 122 122 120 119 120 120 119 119 118 118 118 116 117 116 117 118 118 118 121 118 119 118 116 115 116 116 115 113 114 115 113 112 115 113 112 111 112 114 112 111 112 112 110 111 114 118 115 114 115 116 114 114 114
127 126 126 126 124 124 125 125 126 125 125 124 124 125 125 124 123 125 125 128 127 128 129 130 130 130 129 128 128 127 127 126 126 125 124 125 127 123 122 122 124 123 122 120 119 120 120 120 119 117 116 116 116 116 116 117 116 116 117 119 119 118 117 116 115 114 114 112 113 114 113 113 112 115 112 111 111 111 112 113 107 112 109 110 113 115 116 118 116 115 114 114 113 113
126 125 125 125 125 125 125 125 125 126 125 123 123 124 124 122 123 124 127 128 128 129 130 129 130 130 129 129 128 127 126 125 124 122 123 124 125 123 122 123 124 122 121 123 123 120 119 119 118 118 117 115 114 114 116 117 116 117 117 119 116 115 118 115 116 115 113 112 110 112 113 113 112 112 114 113 110 110 113 111 107 108 110 110 112 116 117 117 118 113 113 113 112 112
126 125 124 124 124 124 124 124 124 125 124 123 122 123 123 122 125 127 128 128 129 129 130 130 129 130 129 129 128 127 125 124 122 122 124 125 126 123 121 122 123 122 119 120 120 121 120 120 118 117 116 117 115 116 117 117 117 117 116 117 118 116 116 117 114 114 113 114 113 110 111 112 112 110 113 111 109 112 112 109 110 110 108 109 110 112 112 113 114 115 114 112 112 112
127 126 124 124 123 123 123 123 124 123 123 121 121 123 122 125 126 128 128 128 129 129 129 128 130 129 129 129 126 125 125 122 122 124 125 125 125 122 120 121 123 124 122 121 120 119 120 119 118 118 119 118 116 116 116 116 117 116 116 118 115 115 115 113 114 112 112 112 114 112 112 112 111 111 112 113 111 110 111 106 106 109 106 111 110 112 110 115 115 115 113 111 111 111
125 126 125 125 124 123 124 123 123 123 122 120 121 122 124 126 126 126 128 128 128 128 129 130 130 129 128 128 125 124 124 122 125 125 123 126 126 122 120 121 121 123 123 120 119 118 118 118 119 119 119 117 117 116 116 115 115 116 116 116 116 115 113 112 116 116 113 113 110 111 112 112 109 110 110 110 113 111 112 109 107 108 106 107 109 109 109 113 111 112 111 114 110 110
125 127 126 125 125 125 125 124 125 123 123 124 123 124 124 125 126 126 127 128 127 128 128 128 128 129 130 129 127 126 124 122 123 124 122 124 122 124 124 122 119 120 121 122 120 119 118 116 116 117 117 117 116 114 114 114 114 114 114 114 116 115 114 112 112 113 115 112 112 109 110 111 110 108 108 106 109 109 111 108 108 106 108 106 107 109 111 110 109 111 109 112 110 109
125 125 125 125 126 126 125 125 125 126 125 125 125 126 126 125 126 126 125 126 127 129 129 128 128 129 128 127 126 126 125 122 121 121 121 123 122 123 123 119 119 118 121 121 121 118 117 117 117 116 115 114 114 116 115 115 113 113 114 113 113 113 115 113 111 112 113 112 110 108 108 108 108 107 109 106 108 110 107 110 106 107 105 104 105 108 109 112 110 110 109 111 112 109
125 125 124 125 126 127 127 127 125 126 126 126 126 126 125 125 125 125 126 126 127 127 129 128 129 128 128 126 125 123 126 123 121 119 122 122 120 121 124 119 118 117 118 119 119 118 117 117 116 115 116 115 116 116 116 113 113 112 112 110 109 110 111 112 111 109 112 113 109 109 108 106 107 104 107 106 107 109 108 108 109 108 105 103 105 106 107 108 110 108 108 108 109 -999
125 125 125 124 126 124 127 125 126 126 125 125 124 124 125 124 124 125 126 127 127 127 128 129 129 127 125 126 124 125 126 122 120 120 121 121 120 120 125 122 119 116 117 119 119 120 118 117 117 117 116 114 115 115 114 111 109 109 109 110 111 110 111 112 110 109 110 110 110 109 107 106 107 103 104 105 103 106 106 106 107 109 107 107 106 105 106 107 108 108 108 109 110 -999
126 125 125 125 125 124 125 124 126 124 125 126 125 123 123 124 123 125 125 126 127 127 127 127 126 126 122 122 122 121 123 122 122 120 121 121 121 121 123 121 120 116 116 116 117 120 118 117 117 116 117 117 114 115 113 111 109 107 106 108 108 107 107 108 108 104 106 106 106 108 108 108 109 109 107 107 105 104 104 105 106 107 109 -999 -999 -999 -999 -999 -999 -999 107 -999 -999 -999
126 126 125 124 123 124 123 123 124 124 124 125 124 124 124 123 124 125 126 126 126 126 126 126 123 121 122 123 121 122 123 124 120 120 120 121 123 123 123 120 117 115 115 116 119 119 118 117 117 117 117 115 115 113 113 113 110 108 106 106 106 105 106 106 108 103 104 104 104 104 104 105 105 103 104 106 106 -999 -999 -999 -999 -999 -999 -999 -999 -999 -999 -999 -999 -999 -999 -999 -999 -999
124 126 125 125 123 123 124 122 123 122 124 124 124 123 123 123 123 125 125 125 125 124 123 122 121 122 125 121 124 123 124 120 121 121 122 120 123 119 118 118 115 114 116 116 118 118 120 120 116 117 117 116 115 113 113 111 110 107 106 106 105 105 104 104 105 102 103 104 105 104 105 106 103 103 102 104 104 -999 -999 -999 -999 -999 -999 -999 -999 -999 -999 -999 -999 -999 -999 -999 -999 -999
124 124 123 123 122 122 123 122 122 123 123 123 123 123 122 122 123 122 122 123 122 121 120 120 122 123 124 122 121 119 118 119 120 120 120 123 123 119 116 115 116 115 113 115 115 116 116 116 117 114 113 113 113 112 110 109 109 108 108 106 107 105 104 105 104 104 105 104 104 106 -999 -999 -999 -999 -999 -999 -999 -999 -999 -999 -999 -999 -999 -999 -999 -999 -999 -999 -999 -999 -999 -999 -999 -999
124 123 124 122 122 121 120 121 122 121 120 122 122 121 120 122 121 121 120 120 120 118 119 121 122 120 119 119 118 117 119 121 121 120 120 119 123 116 116 115 115 114 115 113 113 114 116 118 117 114 113 113 112 112 110 109 108 109 107 107 106 105 103 102 101 102 104 104 105 104 -999 -999 -999 -999 -999 -999 -999 -999 -999 -999 -999 -999 -999 -999 -999 -999 -999 -999 -999 -999 -999 -999 -999 -999
123 123 124 123 124 122 121 119 121 119 120 121 120 120 121 120 120 120 120 119 119 119 121 122 121 117 117 119 116 119 120 120 119 120 119 121 120 118 115 114 113 114 115 113 113 114 116 116 118 117 114 113 113 111 109 109 109 109 108 109 105 103 104 103 101 104 105 103 98 97 101 -999 -999 -999 -999 -999 -999 -999 -999 -999 -999 -999 -999 -999 -999 -999 -999 -999 -999 -999 -999 -999 -999 -999
124 123 122 123 123 120 120 120 118 119 118 119 119 120 120 118 120 118 119 117 118 120 120 118 118 115 116 117 118 117 119 120 119 119 120 120 122 118 117 114 113 114 115 113 112 113 113 118 115 118 117 115 113 111 111 110 111 108 108 106 105 104 103 102 102 105 102 100 98 98 98 -999 -999 -999 -999 -999 -999 -999 -999 -999 -999 -999 -999 -999 -999 -999 -999 -999 -999 -999 -999 -999 -999 -999
124 123 121 122 121 121 121 119 118 118 118 118 119 119 117 119 119 117 116 117 119 120 118 118 117 117 114 113 116 116 117 120 118 119 119 118 121 118 117 115 114 113 114 112 113 113 115 114 112 114 115 114 115 113 111 110 110 108 105 104 104 104 106 102 102 102 101 97 96 95 -999 -999 -999 -999 -999 -999 -999 -999 -999 -999 -999 -999 -999 -999 -999 -999 -999 -999 -999 -999 -999 -999 -999 -999
125 124 123 121 121 121 119 119 118 117 116 117 119 118 117 118 118 117 116 118 116 118 115 116 114 115 115 114 115 115 116 117 116 119 118 120 120 119 119 117 115 113 112 112 113 112 113 114 112 110 111 113 113 114 113 111 110 109 107 104 105 104 103 102 103 97 99 97 96 -999 -999 -999 -999 -999 -999 -999 -999 -999 -999 -999 -999 -999 -999 -999 -999 -999 -999 -999 -999 -999 -999 -999 -999 -999
125 123 123 122 121 119 118 118 118 116 117 117 117 117 118 118 116 116 115 115 116 118 117 116 115 115 114 113 116 116 119 118 116 118 116 118 120 117 115 115 113 112 112 113 112 113 113 116 113 110 108 109 110 112 113 113 111 109 107 104 106 107 104 104 100 97 96 94 95 -999 -999 -999 -999 -999 -999 -999 -999 -999 -999 -999 -999 -999 -999 -999 -999 -999 -999 -999 -999 -999 -999 -999 -999 -999
125 123 122 122 122 120 119 119 119 118 117 117 117 115 117 117 115 114 115 116 118 117 116 115 115 113 115 116 117 117 117 116 117 116 118 118 120 118 117 115 112 111 112 112 114 113 113 114 111 110 109 106 109 108 109 112 113 111 110 106 106 101 102 101 97 97 94 95 94 -999 -999 -999 -999 -999 -999 -999 -999 -999 -999 -999 -999 -999 -999 -999 -999 -999 -999 -999 -999 -999 -999 -999 -999 -999
125 123 124 122 123 120 120 119 119 119 118 117 116 115 115 115 113 115 115 116 117 116 113 112 112 112 113 113 114 116 115 115 116 116 115 117 119 116 117 114 113 112 112 113 113 112 112 112 113 109 109 107 107 108 110 111 108 109 109 106 106 101 98 96 96 92 94 94 -999 -999 -999 -999 -999 -999 -999 -999 -999 -999 -999 -999 -999 -999 -999 -999 -999 -999 -999 -999 -999 -999 -999 -999 -999 -999
125 125 122 122 120 120 119 118 119 119 116 115 115 114 113 112 113 113 114 116 117 114 112 111 112 112 112 110 112 113 115 113 113 115 114 116 118 118 115 114 113 111 111 112 110 111 111 112 108 111 106 107 107 104 106 106 105 102 106 -999 -999 101 100 96 95 90 92 -999 -999 -999 -999 -999 -999 -999 -999 -999 -999 -999 -999 -999 -999 -999 -999 -999 -999 -999 -999 -999 -999 -999 -999 -999 -999 -999
124 124 124 123 121 122 120 122 122 119 115 114 113 114 112 113 112 112 114 116 114 112 110 110 110 111 112 113 113 114 112 112 111 113 114 115 117 118 116 115 113 112 110 110 110 109 110 112 107 108 104 104 104 102 104 103 103 102 105 -999 -999 103 98 98 94 93 -999 -999 -999 -999 -999 -999 -999 -999 -999 -999 -999 -999 -999 -999 -999 -999 -999 -999 -999 -999 -999 -999 -999 -999 -999 -999 -999 -999
122 122 122 121 121 120 121 119 119 117 114 114 113 114 112 113 113 113 114 114 113 110 110 109 109 110 112 111 114 114 112 112 113 114 115 115 120 116 116 115 114 111 110 109 109 110 110 106 107 108 104 104 103 103 104 105 104 104 -999 -999 -999 -999 100 96 93 95 -999 -999 -999 -999 -999 -999 -999 -999 -999 -999 -999 -999 -999 -999 -999 -999 -999 -999 -999 -999 -999 -999 -999 -999 -999 -999 -999 -999
119 120 120 120 120 118 118 117 117 119 116 114 113 114 115 112 112 113 113 112 114 111 108 108 109 109 111 111 114 115 112 114 114 114 117 118 119 114 117 115 113 112 110 109 109 110 108 106 106 106 105 104 104 103 102 105 -999 -999 -999 -999 -999 -999 -999 -999 95 -999 -999 -999 -999 -999 -999 -999 -999 -999 -999 -999 -999 -999 -999 -999 -999 -999 -999 -999 -999 -999 -999 -999 -999 -999 -999 -999 -999 -999
119 116 119 118 117 114 115 116 117 118 115 115 114 116 114 114 113 112 112 110 111 110 109 109 108 109 110 114 114 115 114 115 117 116 115 113 117 115 114 114 115 111 110 108 107 108 107 106 106 106 106 104 104 104 105 -999 -999 -999 -999 -999 -999 -999 -999 -999 -999 -999 -999 -999 -999 -999 -999 -999 -999 -999 -999 -999 -999 -999 -999 -999 -999 -999 -999 -999 -999 -999 -999 -999 -999 -999 -999 -999 -999 -999
120 116 116 116 114 114 115 117 115 118 119 116 116 116 114 113 111 110 110 109 109 110 109 108 111 109 111 113 115 113 114 115 113 114 113 114 116 115 113 110 117 115 112 110 108 107 106 106 105 106 -999 -999 104 104 103 -999 -999 -999 -999 -999 -999 -999 -999 -999 -999 -999 -999 -999 -999 -999 -999 -999 -999 -999 -999 -999 -999 -999 -999 -999 -999 -999 -999 -999 -999 -999 -999 -999 -999 -999 -999 -999 -999 -999
119 118 116 115 113 116 115 116 117 117 118 116 117 112 112 110 108 109 110 108 108 107 109 109 110 109 109 112 114 111 112 113 114 113 115 115 113 114 112 112 111 110 114 109 109 107 105 106 105 -999 -999 -999 -999 104 103 -999 -999 -999 -999 -999 -999 -999 -999 -999 -999 -999 -999 -999 -999 -999 -999 -999 -999 -999 -999 -999 -999 -999 -999 -999 -999 -999 -999 -999 -999 -999 -999 -999 -999 -999 -999 -999 -999 -999
119 117 112 114 115 115 116 117 117 114 117 117 113 115 113 109 107 107 108 109 110 108 110 110 110 109 110 112 113 112 110 110 115 110 111 113 112 111 109 113 111 110 113 111 112 109 106 105 105 -999 -999 -999 -999 -999 -999 -999 -999 -999 -999 -999 -999 -999 -999 -999 -999 -999 -999 -999 -999 -999 -999 -999 -999 -999 -999 -999 -999 -999 -999 -999 -999 -999 -999 -999 -999 -999 -999 -999 -999 -999 -999 -999 -999 -999
118 114 114 115 116 115 116 115 115 115 114 117 117 115 113 108 110 107 108 109 111 108 108 111 110 110 110 112 112 110 109 109 113 109 105 111 114 110 107 110 110 109 109 112 109 107 107 107 105 -999 -999 -999 -999 -999 -999 -999 -999 -999 -999 -999 -999 -999 -999 -999 -999 -999 -999 -999 -999 -999 -999 -999 -999 -999 -999 -999 -999 -999 -999 -999 -999 -999 -999 -999 -999 -999 -999 -999 -999 -999 -999 -999 -999 -999
