DE_airtemperature/2010/2010_03_air_temp_min.asc
NCOLS 654
NROWS 866
XLLCORNER 3280414.711633467
YLLCORNER 5237500.62890625
CELLSIZE 1000
NODATA_VALUE -999
[rows 495 to 549 of 866, columns 384 to 479 of 654]
-16 -15 -13 -10 -6 -7 -14 -8 -14 -12 -17 -16 -19 -19 -19 -16 -19 -20 -16 -14 -15 -15 -13 -15 -10 -8 -9 -7 -9 -7 -7 -6 -6 -8 -9 -9 -12 -11 -9 -11 -11 -11 -13 -15 -17 -16 -15 -14 -15 -15 -16 -17 -15 -14 -15 -16 -14 -15 -14 -12 -12 -14 -13 -13 -13 -15 -17 -16 -14 -15 -15 -14 -15 -15 -14 -13 -13 -15 -15 -16 -17 -18 -20 -21 -21 -19 -21 -23 -23 -21 -22 -24 -22 -25 -23 -19
-18 -17 -16 -10 -14 -18 -20 -14 -12 -9 -16 -10 -12 -18 -21 -21 -20 -21 -17 -18 -15 -16 -17 -16 -15 -14 -8 -7 -10 -10 -8 -6 -8 -7 -9 -11 -12 -11 -12 -12 -12 -11 -12 -15 -15 -16 -15 -16 -15 -17 -18 -17 -13 -17 -16 -16 -15 -14 -15 -12 -12 -12 -11 -12 -14 -13 -15 -16 -16 -15 -15 -16 -17 -15 -17 -13 -17 -14 -16 -17 -19 -23 -23 -23 -21 -21 -23 -25 -24 -22 -21 -20 -25 -29 -25 -16
-18 -17 -11 -7 -11 -17 -21 -17 -12 -10 -13 -13 -18 -20 -17 -21 -21 -21 -19 -19 -16 -15 -17 -18 -17 -14 -12 -7 -11 -10 -10 -10 -11 -9 -10 -13 -12 -11 -13 -13 -11 -11 -13 -13 -14 -15 -17 -17 -17 -16 -17 -17 -17 -16 -16 -15 -15 -14 -14 -14 -12 -12 -13 -12 -14 -13 -15 -15 -15 -15 -15 -14 -17 -16 -18 -14 -13 -16 -15 -17 -17 -20 -20 -21 -23 -23 -24 -20 -22 -20 -22 -21 -25 -25 -21 -23
-11 -13 -8 -17 -17 -18 -19 -18 -13 -18 -13 -18 -20 -19 -20 -23 -22 -22 -22 -21 -19 -16 -19 -20 -18 -16 -14 -10 -8 -7 -8 -10 -13 -13 -12 -11 -12 -14 -14 -13 -14 -13 -14 -13 -15 -18 -17 -18 -18 -16 -17 -18 -18 -16 -16 -16 -15 -15 -13 -13 -11 -13 -11 -13 -13 -13 -15 -14 -13 -15 -13 -14 -17 -18 -17 -19 -15 -15 -17 -18 -18 -21 -23 -26 -27 -25 -25 -26 -23 -22 -18 -17 -23 -23 -19 -27
-18 -9 -8 -18 -13 -17 -19 -20 -22 -20 -16 -19 -18 -21 -23 -23 -24 -25 -24 -22 -20 -18 -20 -21 -18 -17 -14 -13 -12 -10 -10 -12 -13 -13 -12 -10 -13 -14 -14 -15 -15 -14 -14 -14 -14 -15 -17 -19 -16 -17 -16 -18 -18 -16 -15 -16 -17 -15 -14 -13 -11 -15 -14 -12 -14 -15 -14 -12 -12 -13 -15 -15 -15 -15 -17 -19 -17 -15 -17 -19 -21 -21 -25 -29 -27 -24 -24 -26 -23 -22 -18 -20 -19 -17 -25 -28
-13 -12 -14 -10 -9 -12 -21 -21 -23 -20 -19 -21 -18 -24 -22 -25 -25 -24 -22 -20 -19 -18 -19 -20 -19 -18 -16 -15 -13 -14 -10 -11 -13 -12 -11 -12 -11 -12 -14 -15 -15 -14 -14 -15 -15 -15 -16 -15 -15 -14 -13 -20 -19 -16 -16 -15 -16 -15 -14 -12 -11 -14 -14 -15 -14 -12 -13 -14 -15 -13 -15 -15 -19 -17 -17 -19 -16 -17 -18 -18 -22 -25 -28 -27 -27 -27 -24 -22 -22 -22 -22 -22 -21 -21 -25 -24
-15 -18 -13 -13 -12 -10 -17 -20 -23 -21 -20 -14 -21 -21 -24 -24 -25 -24 -25 -23 -23 -21 -25 -21 -19 -17 -14 -13 -10 -11 -15 -10 -12 -12 -11 -14 -13 -13 -15 -17 -15 -15 -14 -16 -15 -16 -14 -14 -16 -15 -15 -18 -18 -16 -16 -15 -15 -15 -15 -11 -11 -12 -15 -15 -14 -14 -16 -15 -15 -13 -14 -16 -19 -19 -17 -19 -17 -17 -20 -19 -23 -26 -28 -25 -26 -27 -27 -22 -26 -26 -23 -23 -24 -24 -24 -27
-15 -10 -11 -12 -17 -12 -13 -13 -17 -24 -22 -18 -19 -16 -21 -23 -23 -23 -24 -24 -24 -23 -23 -24 -20 -18 -18 -17 -13 -13 -16 -17 -15 -15 -14 -18 -15 -16 -16 -18 -17 -16 -14 -16 -17 -16 -15 -15 -13 -13 -14 -15 -16 -16 -16 -16 -15 -12 -13 -12 -13 -13 -14 -15 -14 -16 -17 -18 -16 -14 -14 -18 -19 -20 -17 -21 -17 -20 -20 -22 -27 -25 -27 -25 -24 -26 -25 -22 -26 -26 -25 -25 -23 -26 -24 -27
-21 -17 -21 -18 -15 -12 -20 -20 -15 -23 -21 -20 -21 -22 -19 -23 -24 -25 -25 -28 -29 -28 -25 -25 -24 -21 -19 -20 -14 -14 -13 -16 -15 -16 -17 -18 -18 -18 -16 -17 -17 -15 -16 -17 -19 -18 -16 -15 -15 -15 -16 -14 -16 -16 -16 -16 -14 -14 -14 -13 -15 -14 -14 -16 -14 -16 -17 -18 -15 -16 -16 -17 -20 -21 -19 -22 -18 -21 -24 -25 -27 -25 -26 -25 -23 -22 -22 -24 -28 -31 -31 -25 -26 -28 -27 -28
-22 -22 -21 -18 -16 -17 -19 -22 -22 -21 -22 -25 -20 -26 -25 -24 -23 -25 -27 -29 -30 -28 -25 -26 -25 -24 -22 -21 -16 -14 -13 -16 -17 -15 -18 -18 -19 -20 -18 -16 -17 -17 -17 -17 -19 -19 -19 -18 -17 -15 -16 -14 -15 -15 -14 -14 -13 -15 -14 -15 -17 -15 -14 -16 -17 -14 -17 -19 -16 -17 -18 -18 -20 -20 -20 -19 -19 -20 -24 -26 -26 -26 -24 -24 -25 -22 -26 -27 -29 -32 -33 -31 -30 -24 -30 -30
-20 -17 -18 -11 -13 -19 -17 -22 -23 -22 -24 -20 -21 -24 -26 -25 -24 -25 -33 -30 -29 -30 -29 -26 -24 -24 -22 -21 -20 -15 -17 -19 -19 -17 -18 -18 -20 -22 -18 -19 -19 -18 -17 -18 -20 -20 -19 -16 -17 -16 -14 -14 -14 -14 -12 -15 -16 -15 -16 -17 -16 -14 -17 -17 -17 -17 -18 -17 -16 -16 -18 -21 -21 -21 -22 -20 -22 -23 -26 -26 -26 -27 -27 -23 -25 -26 -27 -29 -33 -34 -33 -36 -32 -26 -35 -31
-15 -15 -13 -18 -17 -13 -20 -17 -25 -24 -22 -23 -26 -26 -27 -26 -25 -27 -29 -31 -28 -29 -29 -28 -26 -25 -22 -19 -17 -20 -20 -19 -18 -20 -19 -19 -20 -21 -19 -20 -20 -18 -17 -18 -18 -21 -19 -16 -16 -17 -14 -13 -14 -13 -15 -16 -16 -16 -15 -17 -17 -16 -16 -16 -18 -17 -20 -18 -17 -19 -21 -23 -22 -23 -24 -21 -26 -24 -26 -26 -24 -24 -25 -24 -27 -28 -30 -28 -31 -35 -35 -37 -33 -28 -39 -37
-21 -18 -20 -17 -22 -15 -22 -19 -21 -24 -23 -25 -26 -26 -26 -28 -25 -30 -31 -32 -32 -29 -28 -29 -27 -27 -23 -19 -18 -23 -20 -20 -21 -21 -20 -21 -20 -22 -21 -22 -20 -18 -19 -19 -20 -20 -20 -18 -16 -16 -14 -14 -14 -12 -16 -16 -16 -16 -17 -18 -18 -16 -17 -18 -20 -18 -19 -22 -19 -19 -23 -24 -24 -26 -26 -26 -28 -27 -25 -27 -28 -24 -25 -26 -26 -28 -32 -32 -33 -34 -36 -35 -33 -30 -35 -34
-22 -21 -21 -17 -17 -22 -22 -20 -23 -25 -28 -26 -26 -24 -25 -25 -32 -32 -33 -32 -31 -30 -28 -28 -27 -27 -20 -22 -23 -21 -22 -22 -22 -22 -19 -20 -21 -22 -21 -21 -20 -19 -20 -21 -20 -21 -21 -20 -18 -17 -16 -14 -13 -13 -15 -16 -17 -17 -16 -16 -20 -19 -18 -18 -19 -19 -21 -22 -23 -23 -23 -22 -23 -24 -27 -24 -26 -27 -26 -27 -28 -26 -29 -29 -30 -27 -31 -34 -36 -35 -33 -35 -32 -34 -31 -34
-24 -22 -23 -21 -20 -19 -23 -22 -22 -28 -26 -26 -25 -25 -24 -25 -28 -32 -32 -33 -31 -30 -30 -30 -27 -24 -22 -21 -23 -23 -24 -22 -21 -21 -18 -19 -22 -20 -21 -19 -21 -24 -21 -21 -21 -20 -19 -20 -19 -19 -19 -16 -13 -16 -15 -17 -15 -15 -16 -18 -18 -17 -16 -18 -17 -19 -18 -19 -21 -24 -23 -23 -26 -26 -27 -25 -26 -26 -27 -30 -31 -29 -29 -31 -32 -28 -32 -30 -33 -39 -37 -36 -35 -37 -34 -37
-24 -21 -22 -21 -19 -21 -21 -25 -25 -29 -26 -26 -23 -24 -26 -28 -28 -30 -33 -33 -32 -32 -28 -26 -27 -22 -24 -20 -23 -22 -23 -21 -22 -19 -17 -20 -20 -21 -19 -20 -23 -22 -22 -20 -19 -19 -18 -18 -18 -19 -18 -16 -14 -13 -13 -12 -13 -14 -16 -15 -16 -17 -16 -17 -19 -17 -18 -18 -21 -25 -24 -25 -28 -27 -29 -28 -27 -26 -28 -31 -32 -33 -31 -33 -34 -29 -30 -35 -38 -38 -36 -36 -37 -37 -36 -37
-23 -21 -22 -22 -19 -21 -21 -22 -25 -24 -28 -24 -27 -28 -27 -27 -29 -32 -31 -34 -33 -32 -29 -27 -25 -26 -21 -24 -24 -26 -22 -23 -20 -20 -19 -18 -19 -20 -18 -21 -21 -22 -21 -21 -21 -19 -19 -19 -18 -18 -17 -17 -14 -16 -16 -16 -16 -14 -15 -15 -15 -15 -15 -17 -17 -17 -17 -19 -20 -21 -20 -24 -29 -29 -31 -28 -27 -27 -30 -32 -34 -36 -35 -34 -33 -33 -32 -33 -36 -37 -37 -38 -999 -999 -999 -999
-22 -20 -21 -20 -19 -22 -21 -22 -24 -23 -24 -28 -26 -29 -30 -29 -31 -30 -34 -33 -35 -35 -30 -30 -25 -25 -23 -25 -26 -25 -21 -18 -19 -18 -17 -18 -18 -18 -21 -21 -19 -22 -21 -20 -20 -21 -19 -20 -19 -16 -15 -15 -17 -15 -16 -14 -16 -16 -17 -16 -15 -15 -18 -15 -16 -18 -19 -18 -20 -21 -24 -24 -28 -30 -31 -29 -28 -27 -29 -28 -29 -32 -35 -31 -33 -36 -36 -37 -999 -999 -999 -999 -999 -999 -999 -999
-17 -17 -19 -20 -20 -21 -19 -21 -23 -22 -26 -26 -26 -27 -30 -31 -31 -32 -33 -34 -34 -32 -32 -33 -27 -27 -22 -24 -26 -23 -18 -17 -19 -20 -17 -15 -19 -20 -20 -19 -21 -20 -20 -21 -20 -20 -21 -21 -20 -20 -16 -18 -16 -14 -17 -15 -15 -18 -19 -17 -19 -15 -15 -16 -17 -18 -19 -21 -22 -23 -24 -26 -28 -30 -28 -28 -29 -28 -26 -25 -25 -28 -30 -32 -35 -999 -999 -999 -999 -999 -999 -999 -999 -999 -999 -999
-18 -18 -16 -16 -20 -21 -18 -20 -19 -25 -21 -23 -26 -26 -29 -29 -28 -31 -33 -31 -33 -31 -32 -30 -28 -28 -21 -22 -24 -19 -22 -22 -22 -22 -20 -16 -16 -17 -17 -18 -18 -18 -19 -19 -19 -19 -20 -21 -19 -20 -17 -17 -16 -17 -18 -17 -17 -18 -20 -20 -19 -16 -18 -17 -19 -17 -20 -20 -20 -21 -23 -25 -28 -30 -30 -30 -30 -30 -31 -29 -28 -23 -26 -25 -999 -999 -999 -999 -999 -999 -999 -999 -999 -999 -999 -999
-17 -20 -14 -17 -18 -19 -15 -20 -19 -23 -22 -22 -23 -23 -26 -27 -28 -30 -31 -30 -29 -31 -28 -27 -28 -26 -23 -21 -19 -22 -21 -23 -23 -23 -21 -18 -17 -19 -18 -17 -16 -20 -20 -18 -19 -17 -20 -20 -18 -18 -17 -15 -16 -16 -23 -21 -18 -17 -19 -21 -19 -18 -15 -19 -20 -19 -19 -19 -20 -20 -22 -23 -25 -30 -30 -31 -31 -32 -30 -28 -28 -25 -24 -999 -999 -999 -999 -999 -999 -999 -999 -999 -999 -999 -999 -999
-16 -17 -15 -17 -17 -18 -19 -20 -22 -23 -22 -25 -22 -26 -26 -27 -26 -28 -29 -30 -30 -28 -27 -24 -24 -24 -21 -23 -21 -25 -24 -22 -24 -23 -19 -18 -17 -15 -19 -17 -18 -18 -18 -20 -18 -17 -19 -20 -17 -15 -16 -17 -15 -16 -19 -20 -19 -18 -19 -21 -20 -17 -18 -17 -17 -16 -17 -19 -21 -19 -20 -23 -29 -30 -28 -28 -31 -29 -25 -27 -26 -23 -27 -999 -999 -999 -999 -999 -999 -999 -999 -999 -999 -999 -999 -999
-14 -14 -14 -19 -18 -15 -15 -18 -21 -23 -21 -25 -19 -25 -21 -23 -27 -28 -30 -32 -29 -28 -28 -29 -27 -25 -22 -24 -23 -24 -22 -23 -25 -24 -21 -20 -15 -16 -17 -17 -17 -17 -16 -18 -16 -18 -17 -19 -17 -15 -18 -19 -18 -19 -20 -21 -20 -18 -21 -21 -19 -18 -20 -17 -16 -20 -21 -21 -21 -21 -22 -24 -26 -26 -26 -30 -28 -29 -24 -22 -22 -23 -26 -25 -999 -999 -999 -999 -999 -999 -999 -999 -999 -999 -999 -999
-15 -15 -18 -20 -20 -16 -18 -20 -20 -24 -20 -23 -22 -24 -20 -26 -27 -28 -30 -29 -31 -30 -28 -29 -26 -25 -21 -21 -21 -25 -23 -23 -22 -22 -20 -21 -20 -14 -13 -16 -17 -17 -16 -17 -15 -16 -18 -18 -14 -18 -18 -19 -18 -19 -20 -23 -22 -21 -20 -22 -22 -22 -20 -17 -15 -19 -18 -20 -20 -19 -21 -23 -23 -28 -27 -26 -28 -29 -27 -27 -30 -31 -999 -999 -999 -999 -999 -999 -999 -999 -999 -999 -999 -999 -999 -999
-17 -16 -19 -13 -20 -14 -14 -21 -21 -23 -25 -19 -19 -24 -19 -24 -25 -26 -26 -26 -29 -27 -25 -25 -23 -22 -22 -22 -23 -22 -19 -24 -21 -23 -22 -21 -19 -18 -17 -14 -14 -15 -16 -15 -15 -16 -17 -18 -18 -17 -17 -21 -19 -18 -20 -22 -23 -22 -22 -20 -23 -21 -19 -20 -20 -20 -17 -20 -20 -20 -20 -24 -24 -24 -23 -28 -27 -28 -26 -28 -30 -999 -999 -999 -999 -999 -999 -999 -999 -999 -999 -999 -999 -999 -999 -999
-14 -18 -18 -20 -19 -18 -14 -19 -19 -20 -24 -25 -23 -22 -20 -22 -24 -21 -25 -28 -28 -28 -25 -25 -24 -23 -20 -19 -19 -21 -23 -21 -22 -24 -22 -20 -19 -18 -17 -14 -14 -13 -15 -14 -16 -17 -17 -17 -18 -19 -18 -18 -21 -19 -22 -21 -22 -23 -24 -23 -22 -24 -24 -22 -23 -23 -20 -17 -21 -23 -23 -25 -25 -24 -25 -28 -30 -30 -29 -25 -29 -999 -999 -999 -999 -999 -999 -999 -999 -999 -999 -999 -999 -999 -999 -999
-13 -14 -19 -18 -18 -13 -21 -22 -20 -22 -23 -22 -20 -22 -20 -22 -25 -26 -23 -25 -28 -27 -26 -24 -23 -24 -24 -23 -19 -22 -22 -22 -22 -20 -21 -20 -18 -17 -16 -13 -15 -15 -13 -15 -15 -14 -16 -19 -19 -18 -19 -20 -20 -21 -19 -22 -21 -22 -23 -24 -24 -24 -22 -24 -21 -21 -19 -20 -20 -22 -22 -22 -23 -22 -25 -25 -25 -25 -24 -999 -999 -999 -999 -999 -999 -999 -999 -999 -999 -999 -999 -999 -999 -999 -999 -999
-13 -15 -18 -20 -21 -19 -22 -18 -20 -24 -21 -24 -22 -17 -19 -22 -24 -24 -26 -25 -25 -27 -27 -24 -24 -24 -26 -23 -18 -20 -20 -23 -20 -19 -20 -18 -18 -16 -15 -15 -16 -15 -14 -14 -16 -15 -17 -19 -19 -20 -20 -21 -21 -21 -18 -20 -20 -21 -23 -23 -24 -999 -999 -22 -20 -21 -21 -20 -18 -19 -22 -19 -21 -23 -22 -22 -21 -24 -999 -999 -999 -999 -999 -999 -999 -999 -999 -999 -999 -999 -999 -999 -999 -999 -999 -999
-17 -17 -18 -17 -16 -23 -22 -21 -24 -24 -23 -23 -19 -20 -17 -21 -19 -20 -20 -24 -26 -25 -27 -26 -26 -23 -23 -21 -18 -19 -19 -19 -17 -19 -20 -18 -17 -16 -17 -14 -16 -15 -15 -15 -14 -15 -16 -18 -19 -19 -19 -20 -19 -19 -19 -21 -22 -20 -22 -24 -25 -999 -999 -22 -22 -24 -22 -19 -22 -21 -19 -19 -19 -20 -19 -21 -20 -24 -999 -999 -999 -999 -999 -999 -999 -999 -999 -999 -999 -999 -999 -999 -999 -999 -999 -999
-19 -18 -21 -16 -18 -22 -18 -22 -23 -19 -20 -21 -20 -16 -20 -22 -20 -26 -27 -23 -27 -29 -28 -24 -23 -24 -23 -20 -20 -22 -20 -16 -18 -17 -18 -18 -19 -16 -17 -16 -16 -15 -15 -14 -14 -16 -18 -17 -19 -18 -19 -20 -19 -18 -19 -21 -23 -22 -22 -22 -24 -999 -999 -999 -24 -21 -22 -19 -22 -21 -23 -22 -24 -24 -23 -22 -24 -24 -999 -999 -999 -999 -999 -999 -999 -999 -999 -999 -999 -999 -999 -999 -999 -999 -999 -999
-22 -19 -23 -17 -23 -16 -20 -20 -22 -17 -16 -20 -16 -17 -25 -24 -24 -21 -19 -26 -24 -25 -26 -26 -25 -23 -19 -20 -21 -22 -19 -17 -18 -18 -19 -20 -18 -16 -16 -15 -17 -15 -16 -15 -14 -15 -16 -16 -18 -18 -19 -20 -18 -20 -20 -21 -22 -24 -23 -23 -999 -999 -999 -999 -24 -23 -20 -21 -19 -21 -23 -24 -22 -23 -23 -23 -26 -25 -999 -999 -999 -999 -999 -999 -999 -999 -999 -999 -999 -999 -999 -999 -999 -999 -999 -999
-21 -19 -25 -18 -19 -24 -22 -18 -24 -17 -20 -15 -20 -22 -24 -21 -20 -19 -26 -24 -24 -24 -26 -25 -21 -24 -22 -25 -22 -20 -19 -18 -20 -19 -19 -19 -19 -19 -18 -18 -16 -15 -14 -14 -15 -15 -16 -17 -19 -18 -18 -17 -18 -18 -21 -23 -24 -23 -24 -24 -999 -999 -999 -999 -25 -23 -18 -23 -24 -21 -24 -22 -21 -21 -24 -26 -999 -999 -999 -999 -999 -999 -999 -999 -999 -999 -999 -999 -999 -999 -999 -999 -999 -999 -999 -999
-21 -23 -26 -23 -17 -23 -19 -18 -21 -21 -15 -17 -18 -23 -22 -19 -21 -22 -21 -20 -22 -25 -25 -25 -23 -23 -24 -23 -21 -21 -17 -19 -20 -19 -19 -19 -20 -20 -18 -18 -17 -16 -15 -15 -14 -15 -17 -17 -17 -17 -18 -18 -19 -19 -21 -22 -23 -23 -24 -24 -999 -999 -999 -999 -24 -22 -22 -21 -25 -23 -21 -24 -25 -25 -24 -999 -999 -999 -999 -999 -999 -999 -999 -999 -999 -999 -999 -999 -999 -999 -999 -999 -999 -999 -999 -999
-21 -22 -28 -23 -17 -23 -20 -23 -19 -15 -20 -17 -18 -24 -20 -19 -21 -17 -22 -24 -25 -23 -25 -26 -27 -27 -25 -23 -21 -21 -17 -20 -19 -19 -19 -21 -19 -19 -17 -14 -16 -15 -17 -17 -15 -18 -16 -18 -19 -19 -19 -19 -20 -20 -20 -23 -22 -23 -999 -999 -999 -999 -999 -999 -999 -999 -999 -999 -26 -25 -22 -23 -23 -27 -25 -999 -999 -999 -999 -999 -999 -999 -999 -999 -999 -999 -999 -999 -999 -999 -999 -999 -999 -999 -999 -999
-20 -21 -22 -23 -17 -22 -19 -17 -19 -17 -17 -18 -22 -23 -18 -20 -16 -21 -23 -23 -23 -23 -26 -22 -26 -27 -23 -23 -22 -21 -19 -18 -19 -21 -21 -20 -18 -17 -16 -15 -15 -17 -17 -16 -15 -16 -16 -20 -21 -19 -19 -20 -21 -21 -20 -22 -22 -23 -999 -999 -999 -999 -999 -999 -999 -999 -999 -999 -25 -25 -22 -25 -26 -25 -23 -999 -999 -999 -999 -999 -999 -999 -999 -999 -999 -999 -999 -999 -999 -999 -999 -999 -999 -999 -999 -999
-22 -26 -23 -23 -19 -19 -20 -16 -20 -23 -24 -19 -16 -17 -15 -16 -23 -20 -19 -22 -22 -23 -22 -25 -25 -25 -24 -21 -21 -23 -17 -18 -20 -20 -21 -19 -19 -18 -17 -18 -17 -19 -18 -16 -16 -18 -16 -18 -19 -19 -19 -20 -21 -19 -21 -22 -23 -24 -999 -999 -999 -999 -999 -999 -999 -999 -999 -25 -25 -26 -24 -25 -26 -25 -23 -999 -999 -999 -999 -999 -999 -999 -999 -999 -999 -999 -999 -999 -999 -999 -999 -999 -999 -999 -999 -999
-23 -27 -23 -21 -21 -22 -18 -23 -22 -19 -26 -29 -18 -23 -22 -22 -22 -23 -21 -18 -22 -26 -23 -20 -22 -25 -24 -22 -21 -22 -19 -19 -20 -20 -22 -21 -21 -18 -19 -18 -20 -17 -15 -16 -16 -16 -18 -19 -17 -18 -19 -19 -20 -21 -21 -23 -24 -25 -999 -999 -999 -999 -999 -999 -999 -999 -999 -999 -28 -27 -25 -26 -26 -999 -999 -999 -999 -999 -999 -999 -999 -999 -999 -999 -999 -999 -999 -999 -999 -999 -999 -999 -999 -999 -999 -999
-28 -25 -21 -25 -23 -21 -18 -18 -28 -29 -25 -30 -22 -27 -25 -20 -20 -24 -24 -22 -25 -26 -26 -25 -26 -25 -23 -21 -22 -21 -21 -19 -20 -22 -21 -22 -20 -20 -19 -18 -19 -17 -18 -18 -16 -16 -18 -19 -20 -19 -20 -21 -20 -21 -21 -23 -24 -25 -28 -28 -27 -999 -999 -999 -999 -999 -999 -999 -999 -999 -27 -26 -25 -999 -999 -999 -999 -999 -999 -999 -999 -999 -999 -999 -999 -999 -999 -999 -999 -999 -999 -999 -999 -999 -999 -999
-25 -24 -22 -26 -24 -20 -21 -19 -25 -30 -23 -27 -29 -26 -25 -20 -22 -24 -23 -25 -23 -25 -25 -25 -25 -24 -24 -25 -24 -21 -21 -19 -20 -22 -20 -20 -19 -19 -21 -18 -19 -18 -18 -16 -17 -17 -17 -20 -21 -22 -21 -22 -22 -23 -24 -24 -24 -24 -25 -25 -25 -26 -999 -999 -999 -999 -999 -999 -999 -999 -26 -24 -23 -22 -999 -999 -999 -999 -999 -999 -999 -999 -999 -999 -999 -999 -999 -999 -999 -999 -999 -999 -999 -999 -999 -999
-24 -22 -22 -24 -21 -23 -23 -19 -20 -24 -25 -30 -27 -24 -24 -24 -25 -25 -27 -24 -22 -21 -26 -26 -25 -26 -25 -24 -22 -21 -21 -20 -21 -22 -20 -19 -18 -19 -19 -18 -18 -18 -18 -17 -18 -17 -17 -20 -21 -23 -22 -23 -23 -23 -24 -24 -27 -25 -25 -25 -26 -27 -999 -999 -999 -999 -999 -999 -999 -999 -26 -25 -23 -999 -999 -999 -999 -999 -999 -999 -999 -999 -999 -999 -999 -999 -999 -999 -999 -999 -999 -999 -999 -999 -999 -999
-22 -21 -21 -19 -19 -22 -23 -22 -18 -21 -23 -25 -26 -24 -22 -23 -26 -24 -23 -22 -22 -25 -24 -24 -27 -28 -26 -24 -23 -22 -20 -21 -21 -22 -20 -20 -19 -19 -18 -18 -17 -19 -18 -17 -17 -18 -17 -19 -19 -22 -22 -23 -25 -25 -26 -28 -28 -25 -25 -26 -27 -28 -27 -999 -999 -999 -999 -999 -999 -999 -28 -26 -27 -999 -999 -999 -999 -999 -999 -999 -999 -999 -999 -999 -999 -999 -999 -999 -999 -999 -999 -999 -999 -999 -999 -999
-19 -26 -23 -22 -19 -22 -23 -23 -21 -20 -19 -19 -26 -22 -23 -24 -22 -23 -23 -19 -25 -25 -22 -26 -25 -26 -24 -24 -24 -22 -21 -21 -21 -21 -21 -21 -19 -18 -18 -19 -17 -17 -18 -19 -19 -19 -19 -20 -21 -21 -23 -23 -25 -25 -27 -27 -26 -27 -27 -28 -27 -27 -25 -999 -999 -999 -999 -999 -999 -31 -30 -28 -25 -22 -999 -999 -999 -999 -999 -999 -999 -999 -999 -999 -999 -999 -999 -999 -999 -999 -999 -999 -999 -999 -999 -999
-18 -25 -21 -24 -23 -21 -20 -22 -22 -21 -19 -19 -22 -22 -25 -23 -21 -17 -23 -18 -21 -26 -24 -24 -23 -25 -25 -23 -22 -24 -22 -21 -19 -19 -19 -19 -18 -19 -18 -19 -18 -18 -18 -18 -20 -19 -19 -19 -21 -23 -26 -25 -27 -26 -25 -25 -28 -27 -25 -26 -26 -27 -27 -28 -999 -999 -999 -999 -999 -999 -28 -25 -21 -999 -999 -999 -999 -999 -999 -999 -999 -999 -999 -999 -999 -999 -999 -999 -999 -999 -999 -999 -999 -999 -999 -999
-18 -19 -18 -21 -21 -18 -19 -22 -23 -21 -20 -18 -17 -25 -22 -21 -18 -16 -19 -19 -21 -23 -23 -22 -24 -23 -24 -25 -23 -23 -21 -20 -22 -21 -19 -19 -19 -20 -18 -20 -19 -21 -19 -21 -22 -21 -21 -20 -22 -25 -30 -30 -28 -25 -24 -24 -25 -24 -24 -24 -24 -25 -25 -28 -999 -999 -999 -999 -999 -999 -999 -22 -21 -999 -999 -999 -999 -999 -999 -999 -999 -999 -999 -999 -999 -999 -999 -999 -999 -999 -999 -999 -999 -999 -999 -999
-18 -23 -22 -18 -21 -22 -21 -17 -23 -21 -20 -18 -16 -20 -20 -17 -18 -24 -19 -16 -21 -20 -22 -24 -23 -21 -23 -23 -24 -24 -21 -22 -22 -21 -20 -20 -20 -20 -19 -22 -21 -20 -24 -23 -25 -24 -25 -22 -22 -28 -28 -29 -24 -24 -24 -23 -23 -22 -24 -23 -23 -24 -25 -24 -24 -999 -999 -999 -999 -999 -999 -999 -999 -999 -999 -999 -999 -999 -999 -999 -999 -999 -999 -999 -999 -999 -999 -999 -999 -999 -999 -999 -999 -999 -999 -999
-17 -19 -22 -19 -21 -19 -23 -21 -21 -23 -21 -19 -17 -15 -21 -23 -22 -24 -20 -22 -22 -22 -22 -22 -23 -21 -23 -24 -23 -24 -23 -22 -21 -20 -20 -19 -20 -20 -21 -21 -22 -22 -24 -26 -25 -24 -22 -23 -21 -24 -26 -26 -23 -23 -22 -23 -23 -22 -22 -24 -25 -25 -23 -24 -25 -999 -999 -999 -999 -999 -999 -999 -999 -999 -999 -999 -999 -999 -999 -999 -999 -999 -999 -999 -999 -999 -999 -999 -999 -999 -999 -999 -999 -999 -999 -999
-18 -20 -20 -18 -23 -22 -21 -19 -21 -18 -22 -20 -18 -15 -14 -16 -23 -23 -20 -21 -24 -20 -20 -20 -21 -21 -22 -21 -23 -22 -22 -22 -21 -21 -22 -22 -21 -20 -22 -18 -25 -27 -28 -29 -25 -23 -22 -22 -23 -22 -22 -23 -24 -23 -22 -22 -20 -23 -22 -22 -24 -24 -23 -24 -999 -999 -999 -999 -999 -999 -999 -999 -999 -999 -999 -999 -999 -999 -999 -999 -999 -999 -999 -999 -999 -999 -999 -999 -999 -999 -999 -999 -999 -999 -999 -999
-19 -23 -20 -21 -20 -23 -22 -20 -18 -19 -20 -21 -20 -19 -14 -15 -17 -21 -18 -22 -22 -21 -20 -19 -20 -21 -23 -21 -22 -22 -23 -23 -24 -21 -21 -20 -21 -21 -22 -27 -30 -33 -30 -27 -24 -22 -23 -23 -23 -22 -21 -23 -23 -23 -21 -20 -21 -21 -22 -22 -23 -23 -24 -24 -999 -999 -999 -999 -999 -999 -999 -999 -999 -999 -999 -999 -999 -999 -999 -999 -999 -999 -999 -999 -999 -999 -999 -999 -999 -999 -999 -999 -999 -999 -999 -999
-18 -19 -21 -18 -16 -19 -20 -19 -21 -21 -18 -21 -21 -20 -17 -14 -16 -22 -17 -21 -22 -21 -20 -18 -21 -23 -21 -22 -23 -21 -22 -22 -24 -23 -21 -21 -22 -22 -25 -30 -30 -30 -31 -26 -22 -24 -23 -22 -21 -20 -20 -20 -21 -20 -21 -21 -20 -20 -19 -20 -21 -20 -21 -23 -22 -999 -999 -999 -999 -999 -999 -999 -999 -999 -999 -999 -999 -999 -999 -999 -999 -999 -999 -999 -999 -999 -999 -999 -999 -999 -999 -999 -999 -999 -999 -999
-17 -17 -18 -18 -16 -19 -21 -20 -16 -17 -23 -22 -19 -22 -19 -13 -14 -15 -22 -19 -22 -22 -19 -20 -23 -20 -20 -23 -23 -21 -20 -22 -21 -21 -22 -23 -26 -23 -25 -31 -31 -29 -28 -26 -24 -22 -22 -20 -20 -20 -19 -20 -20 -19 -20 -20 -20 -21 -21 -19 -19 -19 -20 -22 -22 -999 -999 -999 -999 -999 -999 -999 -999 -999 -999 -999 -999 -999 -999 -999 -999 -999 -999 -999 -999 -999 -999 -999 -999 -999 -999 -999 -999 -999 -999 -999
-15 -18 -18 -16 -17 -18 -21 -20 -18 -16 -19 -21 -22 -21 -20 -20 -15 -14 -15 -19 -22 -20 -20 -21 -21 -21 -22 -23 -25 -21 -19 -20 -21 -21 -22 -22 -24 -24 -28 -31 -28 -29 -25 -23 -21 -21 -20 -21 -19 -20 -20 -20 -20 -19 -20 -21 -21 -21 -21 -21 -21 -21 -19 -19 -21 -999 -999 -999 -999 -999 -999 -999 -999 -999 -999 -999 -999 -999 -999 -999 -999 -999 -999 -999 -999 -999 -999 -999 -999 -999 -999 -999 -999 -999 -999 -999
-13 -16 -15 -17 -17 -16 -19 -19 -16 -15 -15 -18 -19 -20 -20 -14 -18 -16 -14 -14 -17 -22 -19 -20 -21 -20 -20 -23 -24 -21 -19 -22 -21 -21 -22 -23 -26 -26 -30 -27 -25 -24 -23 -23 -22 -21 -23 -20 -19 -19 -19 -19 -19 -21 -23 -23 -21 -22 -20 -20 -22 -21 -21 -16 -21 -19 -999 -999 -999 -999 -999 -999 -999 -999 -999 -999 -999 -999 -999 -999 -999 -999 -999 -999 -999 -999 -999 -999 -999 -999 -999 -999 -999 -999 -999 -999
-12 -13 -13 -15 -16 -15 -17 -17 -18 -16 -14 -14 -14 -15 -15 -15 -20 -18 -16 -15 -15 -16 -17 -21 -18 -22 -20 -23 -23 -20 -19 -21 -20 -21 -23 -24 -28 -30 -26 -25 -24 -23 -23 -23 -22 -22 -22 -20 -19 -20 -20 -20 -19 -20 -21 -21 -21 -22 -21 -21 -22 -22 -22 -26 -23 -21 -21 -999 -999 -999 -999 -999 -999 -999 -999 -999 -999 -999 -999 -999 -999 -999 -999 -999 -999 -999 -999 -999 -999 -999 -999 -999 -999 -999 -999 -999
-14 -13 -13 -14 -15 -14 -15 -15 -15 -14 -14 -16 -19 -20 -21 -15 -19 -19 -17 -15 -15 -15 -17 -21 -22 -18 -21 -24 -22 -21 -20 -19 -19 -22 -25 -24 -26 -26 -25 -25 -23 -23 -23 -22 -22 -21 -20 -20 -20 -19 -18 -21 -20 -21 -20 -22 -22 -21 -22 -21 -21 -20 -21 -24 -22 -20 -20 -19 -18 -999 -999 -999 -999 -999 -999 -999 -999 -999 -999 -999 -999 -999 -999 -999 -999 -999 -999 -999 -999 -999 -999 -999 -999 -999 -999 -999
-15 -14 -16 -14 -14 -14 -14 -14 -14 -15 -16 -15 -16 -22 -21 -17 -15 -20 -19 -17 -15 -16 -17 -21 -21 -22 -21 -23 -22 -21 -20 -17 -23 -26 -28 -27 -26 -27 -26 -24 -25 -25 -23 -23 -22 -23 -21 -19 -20 -19 -20 -20 -21 -23 -22 -22 -22 -21 -20 -20 -20 -19 -20 -22 -22 -20 -18 -20 -20 -20 -999 -999 -999 -999 -999 -999 -999 -999 -999 -999 -999 -999 -999 -999 -999 -999 -999 -999 -999 -999 -999 -999 -999 -999 -999 -999
