DE_airtemperature/2010/2010_12_air_temp_min.asc
NCOLS 654
NROWS 866
XLLCORNER 3280414.711633467
YLLCORNER 5237500.62890625
CELLSIZE 1000
NODATA_VALUE -999
[rows 546 to 587 of 866, columns 186 to 278 of 654]
-42 -43 -41 -41 -41 -39 -38 -37 -37 -37 -37 -40 -41 -42 -42 -42 -43 -43 -44 -45 -45 -45 -46 -47 -47 -47 -48 -48 -48 -48 -48 -48 -48 -48 -49 -49 -50 -53 -53 -54 -52 -51 -52 -53 -54 -56 -56 -60 -61 -68 -64 -64 -67 -64 -63 -63 -67 -60 -64 -70 -64 -67 -74 -72 -74 -72 -74 -75 -75 -76 -75 -73 -71 -69 -65 -66 -69 -69 -68 -63 -63 -72 -72 -67 -63 -68 -68 -67 -68 -67 -70 -67 -67
-42 -43 -41 -40 -39 -38 -37 -37 -36 -35 -37 -37 -40 -41 -41 -42 -42 -43 -44 -44 -45 -46 -46 -46 -47 -48 -48 -48 -48 -48 -48 -48 -48 -48 -48 -49 -51 -52 -52 -53 -53 -52 -53 -53 -55 -55 -58 -57 -62 -64 -63 -68 -69 -69 -68 -65 -68 -68 -68 -65 -70 -71 -72 -72 -73 -73 -74 -74 -72 -74 -72 -72 -68 -69 -70 -68 -71 -71 -71 -65 -63 -71 -72 -71 -66 -67 -68 -67 -67 -69 -69 -69 -65
-41 -41 -40 -40 -39 -38 -37 -37 -35 -34 -35 -36 -39 -40 -41 -42 -43 -43 -44 -44 -45 -46 -46 -46 -47 -48 -48 -48 -48 -48 -48 -48 -48 -48 -48 -49 -52 -54 -52 -56 -54 -53 -53 -54 -54 -58 -58 -60 -61 -62 -61 -61 -64 -67 -64 -68 -67 -71 -71 -71 -69 -73 -69 -68 -74 -75 -72 -70 -71 -72 -73 -73 -70 -67 -73 -73 -70 -72 -67 -64 -63 -68 -72 -70 -69 -65 -66 -65 -69 -69 -68 -63 -64
-42 -40 -40 -39 -39 -38 -37 -37 -36 -35 -36 -36 -38 -40 -41 -43 -44 -44 -44 -45 -46 -46 -46 -46 -47 -47 -48 -48 -48 -48 -48 -48 -48 -48 -48 -49 -51 -53 -54 -54 -53 -53 -54 -54 -57 -58 -61 -58 -61 -64 -61 -61 -62 -64 -62 -61 -64 -66 -71 -68 -72 -72 -74 -72 -69 -72 -71 -66 -72 -72 -76 -72 -72 -70 -73 -68 -69 -71 -67 -70 -63 -68 -72 -69 -69 -67 -62 -65 -67 -68 -65 -65 -70
-41 -40 -39 -39 -38 -38 -37 -36 -36 -36 -37 -38 -39 -41 -43 -44 -45 -45 -45 -46 -46 -46 -46 -46 -47 -47 -47 -47 -48 -48 -48 -48 -48 -48 -48 -48 -50 -53 -53 -54 -53 -52 -54 -54 -58 -60 -57 -60 -60 -59 -61 -61 -61 -61 -61 -66 -65 -67 -70 -68 -70 -74 -73 -71 -70 -70 -66 -72 -76 -75 -77 -74 -70 -74 -73 -73 -70 -68 -65 -66 -63 -64 -71 -67 -66 -62 -68 -71 -67 -65 -67 -69 -73
-41 -39 -39 -39 -39 -38 -38 -38 -37 -38 -38 -39 -39 -41 -44 -44 -45 -46 -46 -46 -46 -46 -46 -46 -47 -48 -48 -47 -47 -47 -47 -47 -48 -48 -48 -48 -49 -51 -53 -52 -51 -51 -56 -57 -59 -56 -59 -59 -60 -60 -60 -59 -60 -59 -61 -66 -68 -67 -70 -70 -68 -73 -71 -70 -72 -70 -64 -70 -69 -76 -77 -75 -78 -76 -72 -70 -69 -70 -64 -65 -62 -66 -69 -70 -70 -62 -65 -70 -69 -67 -67 -75 -69
-40 -39 -39 -39 -39 -39 -39 -39 -38 -39 -40 -41 -41 -44 -45 -45 -46 -47 -47 -48 -46 -46 -46 -46 -47 -47 -47 -47 -47 -47 -47 -47 -47 -48 -48 -48 -48 -49 -49 -50 -51 -51 -55 -53 -52 -58 -60 -61 -59 -60 -58 -59 -59 -60 -66 -62 -68 -70 -70 -70 -68 -70 -69 -71 -69 -70 -65 -69 -74 -72 -75 -71 -73 -75 -73 -70 -70 -66 -65 -64 -63 -63 -70 -71 -68 -65 -62 -70 -70 -71 -70 -69 -70
-40 -39 -39 -39 -39 -39 -39 -39 -41 -41 -41 -43 -44 -45 -45 -45 -46 -47 -47 -47 -47 -46 -46 -46 -47 -47 -47 -47 -47 -47 -47 -47 -47 -47 -48 -48 -48 -49 -49 -49 -50 -52 -56 -61 -54 -59 -60 -60 -58 -61 -59 -58 -62 -66 -64 -69 -67 -72 -71 -69 -68 -67 -71 -68 -69 -67 -63 -65 -69 -73 -75 -72 -68 -73 -73 -70 -73 -69 -70 -69 -66 -61 -69 -72 -61 -64 -67 -69 -70 -69 -68 -68 -73
-40 -39 -39 -39 -39 -40 -40 -41 -41 -42 -42 -43 -43 -44 -45 -46 -47 -47 -47 -47 -47 -47 -47 -47 -47 -47 -47 -47 -47 -47 -47 -47 -47 -47 -47 -48 -48 -49 -49 -51 -53 -57 -62 -56 -58 -57 -58 -60 -58 -57 -58 -58 -61 -67 -70 -70 -70 -70 -70 -70 -70 -70 -65 -70 -66 -69 -63 -69 -67 -71 -74 -70 -70 -70 -73 -68 -67 -71 -68 -69 -64 -62 -62 -68 -66 -63 -67 -68 -69 -68 -66 -71 -74
-40 -40 -40 -40 -40 -40 -40 -41 -41 -42 -42 -42 -44 -45 -45 -46 -47 -47 -46 -46 -47 -48 -48 -47 -47 -47 -47 -48 -47 -47 -47 -47 -47 -47 -47 -48 -48 -49 -49 -51 -55 -59 -58 -61 -60 -53 -55 -56 -60 -56 -57 -59 -59 -60 -67 -65 -71 -70 -69 -70 -70 -69 -69 -69 -69 -64 -67 -65 -67 -69 -70 -72 -72 -66 -71 -69 -66 -70 -67 -68 -63 -64 -61 -64 -63 -67 -69 -68 -68 -68 -67 -70 -72
-41 -40 -40 -40 -40 -40 -40 -40 -41 -42 -42 -42 -44 -45 -45 -45 -46 -47 -47 -47 -46 -47 -48 -47 -47 -47 -47 -48 -47 -47 -47 -47 -47 -47 -47 -47 -48 -49 -49 -51 -52 -57 -62 -58 -59 -54 -53 -53 -55 -56 -60 -62 -64 -67 -64 -67 -69 -72 -67 -70 -70 -70 -66 -66 -70 -69 -66 -66 -63 -66 -65 -70 -72 -68 -67 -65 -63 -65 -62 -64 -61 -61 -61 -68 -70 -69 -68 -67 -68 -67 -67 -70 -70
-41 -40 -40 -40 -39 -40 -40 -41 -41 -42 -42 -42 -44 -45 -45 -45 -46 -47 -47 -47 -47 -48 -48 -48 -47 -47 -48 -48 -47 -47 -47 -47 -47 -47 -47 -48 -48 -49 -49 -51 -56 -60 -58 -55 -57 -59 -55 -55 -60 -60 -61 -62 -62 -69 -69 -71 -67 -69 -64 -69 -69 -71 -69 -66 -68 -70 -69 -67 -66 -62 -63 -66 -69 -73 -70 -68 -72 -71 -73 -66 -62 -72 -67 -61 -63 -68 -68 -67 -67 -67 -68 -70 -70
-41 -41 -40 -40 -40 -40 -41 -41 -42 -42 -43 -44 -44 -44 -45 -45 -46 -46 -46 -47 -47 -47 -48 -48 -47 -47 -48 -48 -48 -47 -47 -47 -47 -47 -48 -48 -48 -49 -49 -50 -55 -56 -61 -59 -56 -60 -59 -57 -57 -59 -59 -60 -60 -62 -62 -69 -71 -65 -66 -65 -69 -69 -67 -68 -66 -67 -65 -62 -65 -63 -61 -64 -73 -71 -75 -77 -77 -75 -73 -66 -62 -73 -72 -70 -62 -67 -68 -68 -66 -65 -66 -70 -68
-41 -41 -41 -41 -40 -41 -42 -42 -42 -43 -44 -44 -44 -44 -44 -46 -46 -47 -46 -46 -47 -47 -47 -48 -48 -48 -49 -49 -49 -48 -48 -48 -48 -48 -48 -48 -48 -49 -49 -49 -53 -56 -61 -59 -61 -59 -56 -55 -58 -60 -60 -58 -60 -59 -66 -63 -68 -68 -64 -66 -64 -68 -69 -68 -63 -69 -65 -66 -67 -67 -64 -60 -69 -67 -73 -75 -73 -73 -68 -63 -64 -71 -71 -70 -69 -62 -65 -66 -66 -65 -65 -66 -71
-41 -41 -41 -41 -41 -42 -42 -42 -43 -43 -44 -44 -44 -45 -45 -46 -47 -47 -46 -46 -47 -47 -47 -47 -48 -49 -49 -49 -49 -49 -48 -48 -48 -48 -48 -48 -49 -49 -49 -49 -55 -58 -58 -58 -59 -55 -55 -54 -56 -56 -57 -56 -57 -62 -62 -60 -64 -66 -70 -67 -64 -65 -69 -69 -65 -67 -66 -69 -65 -67 -72 -70 -60 -68 -71 -68 -72 -66 -62 -70 -70 -69 -69 -70 -64 -65 -64 -63 -63 -64 -67 -69 -70
-42 -41 -41 -41 -42 -42 -42 -43 -43 -44 -44 -44 -45 -45 -46 -46 -47 -47 -46 -47 -47 -47 -47 -48 -48 -49 -49 -49 -49 -49 -49 -49 -48 -48 -48 -49 -49 -49 -49 -49 -56 -56 -59 -58 -56 -56 -55 -53 -55 -55 -57 -55 -58 -58 -56 -57 -59 -60 -62 -64 -68 -66 -63 -64 -65 -64 -65 -70 -69 -72 -74 -73 -66 -61 -67 -63 -65 -62 -65 -70 -69 -68 -68 -66 -62 -67 -68 -67 -69 -65 -65 -67 -68
-41 -42 -42 -42 -43 -43 -43 -43 -44 -44 -44 -45 -46 -46 -47 -48 -48 -47 -48 -47 -48 -48 -48 -48 -49 -49 -49 -50 -50 -51 -50 -50 -50 -50 -49 -49 -49 -49 -49 -50 -54 -53 -54 -54 -56 -56 -54 -53 -54 -54 -54 -54 -56 -56 -59 -62 -62 -64 -68 -67 -70 -66 -69 -64 -67 -70 -71 -71 -73 -76 -75 -69 -69 -60 -63 -61 -61 -64 -68 -69 -69 -65 -67 -68 -62 -64 -66 -65 -66 -70 -65 -67 -66
-42 -42 -43 -43 -43 -43 -44 -44 -43 -45 -45 -46 -47 -47 -48 -48 -48 -49 -49 -49 -49 -48 -49 -49 -49 -50 -50 -50 -50 -50 -50 -50 -50 -50 -51 -51 -51 -50 -50 -50 -50 -53 -52 -52 -54 -53 -52 -52 -54 -55 -55 -54 -59 -61 -64 -63 -68 -66 -63 -65 -69 -67 -67 -65 -66 -67 -74 -74 -75 -74 -73 -72 -68 -64 -60 -60 -68 -65 -69 -69 -67 -67 -66 -68 -67 -64 -62 -62 -66 -69 -69 -65 -70
-42 -42 -43 -43 -44 -44 -44 -44 -44 -45 -46 -46 -47 -49 -48 -49 -50 -50 -49 -49 -49 -49 -49 -49 -49 -50 -50 -50 -50 -50 -50 -50 -50 -51 -51 -50 -51 -51 -50 -50 -50 -50 -50 -50 -51 -52 -53 -58 -58 -56 -57 -54 -56 -59 -66 -64 -68 -70 -66 -69 -70 -71 -71 -66 -71 -69 -70 -73 -73 -70 -71 -71 -65 -66 -60 -60 -63 -68 -65 -68 -68 -68 -67 -67 -69 -65 -63 -62 -63 -70 -69 -65 -68
-42 -42 -43 -44 -44 -44 -44 -44 -45 -44 -45 -48 -48 -49 -48 -49 -49 -50 -49 -49 -49 -49 -49 -49 -50 -50 -50 -50 -50 -50 -50 -51 -50 -50 -50 -50 -50 -50 -50 -50 -50 -50 -50 -50 -50 -53 -56 -55 -60 -57 -58 -59 -57 -58 -57 -59 -63 -66 -66 -71 -70 -68 -71 -71 -71 -74 -72 -74 -71 -72 -69 -70 -66 -66 -60 -60 -63 -68 -68 -68 -68 -69 -68 -66 -69 -68 -64 -63 -63 -68 -67 -67 -69
-43 -43 -44 -44 -45 -45 -45 -45 -45 -46 -47 -48 -49 -49 -49 -49 -49 -50 -49 -49 -50 -49 -49 -50 -50 -50 -50 -50 -50 -51 -51 -50 -50 -50 -50 -51 -50 -50 -51 -50 -50 -50 -50 -50 -51 -54 -56 -58 -59 -60 -58 -55 -57 -58 -62 -59 -62 -64 -67 -70 -68 -68 -67 -70 -67 -70 -68 -71 -71 -70 -71 -66 -69 -67 -66 -60 -61 -68 -68 -66 -67 -67 -67 -66 -67 -67 -69 -69 -63 -65 -69 -68 -67
-43 -43 -45 -45 -45 -45 -46 -46 -46 -47 -48 -48 -49 -48 -48 -48 -49 -51 -50 -49 -50 -50 -50 -50 -50 -50 -50 -50 -51 -51 -52 -52 -52 -52 -52 -52 -51 -51 -51 -51 -50 -50 -50 -50 -52 -54 -55 -55 -57 -58 -56 -56 -60 -59 -65 -58 -58 -63 -68 -69 -69 -66 -70 -70 -64 -68 -66 -66 -70 -71 -71 -71 -72 -71 -69 -63 -60 -67 -68 -67 -66 -65 -66 -65 -67 -67 -68 -64 -62 -64 -68 -69 -68
-43 -44 -45 -45 -45 -46 -46 -46 -46 -48 -48 -49 -48 -48 -48 -49 -50 -50 -49 -49 -50 -51 -50 -50 -50 -50 -50 -50 -51 -52 -52 -52 -52 -52 -52 -52 -51 -51 -51 -51 -50 -50 -50 -50 -52 -54 -55 -56 -58 -61 -60 -57 -61 -62 -65 -63 -62 -65 -69 -66 -65 -67 -68 -68 -67 -65 -63 -62 -65 -66 -74 -72 -71 -70 -70 -63 -60 -67 -67 -67 -66 -65 -67 -65 -66 -68 -67 -64 -64 -63 -67 -70 -66
-44 -44 -45 -45 -46 -46 -46 -47 -47 -48 -48 -48 -49 -49 -49 -50 -50 -49 -49 -50 -50 -50 -50 -50 -50 -50 -50 -51 -52 -52 -52 -53 -53 -52 -52 -52 -52 -51 -51 -51 -51 -50 -50 -50 -53 -55 -54 -58 -58 -59 -63 -59 -60 -62 -65 -66 -67 -67 -68 -68 -69 -67 -66 -68 -63 -63 -65 -65 -60 -64 -72 -72 -71 -65 -61 -59 -67 -66 -67 -67 -67 -65 -67 -66 -66 -66 -69 -63 -66 -65 -64 -69 -67
-44 -44 -45 -46 -46 -46 -47 -47 -47 -48 -48 -48 -49 -50 -50 -50 -50 -49 -50 -50 -50 -50 -50 -50 -50 -50 -51 -51 -52 -53 -53 -54 -54 -54 -53 -52 -52 -51 -51 -51 -51 -50 -50 -50 -51 -54 -55 -56 -61 -61 -64 -63 -61 -64 -63 -63 -64 -69 -68 -66 -67 -67 -64 -64 -68 -66 -74 -66 -65 -64 -69 -71 -65 -61 -59 -65 -68 -67 -66 -68 -66 -66 -66 -67 -66 -67 -69 -67 -65 -65 -64 -64 -71
-44 -45 -46 -46 -46 -47 -47 -47 -47 -48 -49 -49 -49 -50 -50 -50 -51 -51 -50 -50 -50 -50 -50 -50 -50 -50 -51 -51 -52 -53 -55 -55 -55 -54 -54 -53 -53 -52 -51 -51 -50 -51 -50 -50 -51 -52 -54 -58 -55 -59 -58 -66 -65 -65 -63 -66 -65 -68 -68 -68 -68 -66 -66 -68 -69 -73 -73 -67 -66 -61 -63 -70 -70 -67 -59 -61 -66 -66 -67 -67 -67 -66 -68 -66 -66 -67 -67 -68 -66 -64 -64 -63 -66
-44 -46 -46 -46 -47 -47 -47 -47 -49 -49 -49 -50 -50 -50 -50 -50 -51 -51 -50 -50 -50 -50 -50 -50 -50 -51 -51 -51 -53 -54 -55 -55 -57 -55 -54 -55 -53 -52 -52 -51 -51 -51 -51 -50 -50 -53 -52 -57 -57 -58 -64 -63 -65 -65 -58 -65 -65 -68 -68 -69 -67 -67 -67 -70 -72 -69 -68 -72 -71 -63 -60 -63 -68 -66 -63 -58 -64 -64 -67 -66 -67 -67 -67 -67 -67 -67 -69 -67 -67 -68 -66 -62 -64
-45 -46 -46 -46 -47 -47 -47 -48 -49 -49 -49 -50 -51 -51 -50 -50 -51 -53 -51 -50 -51 -50 -50 -50 -50 -51 -51 -53 -53 -54 -57 -57 -58 -58 -56 -56 -54 -52 -52 -53 -52 -51 -51 -50 -50 -55 -55 -55 -55 -59 -62 -63 -64 -63 -60 -60 -64 -68 -67 -66 -68 -68 -67 -70 -75 -69 -68 -67 -72 -71 -62 -65 -60 -67 -65 -60 -64 -65 -64 -67 -67 -65 -65 -66 -65 -66 -65 -65 -67 -67 -66 -63 -64
-45 -45 -47 -47 -47 -48 -48 -49 -50 -50 -50 -51 -51 -52 -52 -52 -53 -52 -51 -51 -51 -50 -51 -51 -50 -51 -52 -53 -53 -55 -56 -57 -57 -58 -57 -56 -55 -52 -52 -55 -54 -54 -51 -50 -50 -53 -56 -56 -56 -58 -57 -56 -62 -63 -61 -58 -63 -66 -66 -67 -68 -68 -70 -73 -69 -73 -72 -71 -66 -68 -70 -69 -64 -58 -64 -62 -61 -62 -62 -64 -65 -63 -63 -63 -64 -66 -65 -65 -65 -66 -63 -64 -63
-45 -46 -47 -47 -48 -48 -49 -50 -50 -51 -52 -53 -52 -53 -52 -53 -53 -52 -51 -51 -51 -51 -51 -51 -52 -52 -52 -52 -53 -55 -56 -59 -59 -56 -55 -54 -54 -53 -54 -54 -55 -54 -54 -50 -50 -51 -54 -56 -56 -58 -58 -59 -60 -62 -60 -62 -64 -65 -65 -61 -63 -66 -71 -68 -68 -71 -71 -71 -70 -68 -65 -66 -66 -65 -58 -62 -58 -59 -62 -62 -63 -63 -63 -65 -63 -66 -65 -64 -66 -64 -62 -62 -62
-45 -46 -47 -47 -48 -49 -49 -50 -50 -51 -54 -53 -53 -52 -52 -53 -52 -51 -51 -51 -51 -51 -51 -51 -51 -52 -52 -52 -52 -55 -56 -59 -60 -55 -55 -55 -55 -56 -56 -54 -54 -56 -55 -54 -50 -50 -56 -55 -56 -58 -60 -60 -62 -62 -57 -60 -63 -64 -63 -64 -64 -66 -71 -66 -66 -69 -70 -68 -67 -68 -66 -63 -63 -63 -63 -57 -60 -60 -60 -61 -63 -63 -63 -63 -64 -64 -64 -64 -65 -67 -63 -62 -62
-45 -46 -47 -47 -48 -48 -50 -50 -51 -51 -53 -54 -54 -52 -53 -53 -53 -51 -51 -51 -51 -51 -51 -51 -51 -51 -52 -52 -52 -54 -55 -57 -60 -60 -57 -56 -58 -56 -56 -53 -55 -58 -56 -56 -54 -50 -51 -56 -54 -55 -60 -61 -63 -57 -57 -60 -61 -65 -58 -65 -65 -68 -72 -66 -63 -66 -68 -68 -67 -66 -65 -65 -62 -60 -63 -58 -57 -58 -60 -61 -61 -63 -61 -62 -63 -64 -65 -65 -66 -66 -67 -64 -67
-46 -46 -47 -47 -48 -48 -50 -50 -50 -52 -53 -53 -55 -54 -55 -54 -52 -52 -52 -53 -52 -51 -51 -52 -51 -51 -52 -52 -52 -54 -54 -59 -60 -60 -58 -58 -54 -57 -55 -53 -52 -56 -58 -55 -52 -50 -51 -52 -53 -59 -62 -62 -62 -60 -56 -55 -55 -56 -62 -63 -68 -68 -71 -69 -69 -61 -66 -64 -66 -65 -64 -62 -62 -63 -61 -59 -57 -59 -59 -61 -61 -59 -60 -61 -61 -64 -64 -67 -67 -64 -66 -63 -64
-45 -46 -46 -47 -48 -48 -49 -49 -50 -52 -54 -53 -53 -53 -55 -54 -53 -54 -53 -52 -52 -51 -50 -51 -51 -51 -50 -53 -51 -54 -55 -57 -59 -58 -57 -57 -55 -52 -53 -55 -50 -56 -55 -55 -55 -50 -52 -57 -56 -56 -61 -61 -61 -54 -62 -63 -62 -59 -60 -64 -64 -64 -66 -67 -68 -65 -63 -65 -61 -64 -64 -62 -63 -61 -60 -59 -56 -56 -59 -62 -60 -61 -63 -63 -62 -63 -65 -65 -67 -66 -64 -62 -62
-45 -46 -47 -47 -47 -48 -48 -49 -51 -54 -55 -53 -54 -54 -56 -56 -55 -53 -52 -52 -51 -50 -50 -51 -51 -51 -51 -52 -52 -52 -53 -55 -59 -57 -57 -58 -57 -55 -51 -50 -54 -51 -54 -54 -54 -51 -51 -54 -58 -60 -59 -56 -62 -53 -60 -62 -69 -62 -67 -63 -64 -64 -65 -67 -64 -65 -64 -59 -59 -64 -64 -63 -64 -62 -62 -60 -56 -56 -61 -59 -61 -61 -64 -64 -65 -64 -65 -65 -65 -67 -64 -63 -65
-45 -46 -46 -47 -47 -48 -48 -49 -50 -51 -54 -53 -54 -56 -54 -55 -55 -54 -52 -52 -51 -51 -50 -51 -51 -50 -52 -54 -53 -53 -54 -55 -53 -57 -58 -59 -57 -52 -51 -58 -54 -55 -50 -50 -52 -51 -53 -51 -53 -55 -57 -55 -54 -55 -56 -61 -67 -66 -68 -66 -63 -63 -61 -60 -66 -61 -64 -63 -56 -62 -64 -63 -62 -62 -59 -55 -59 -57 -60 -61 -61 -63 -64 -64 -63 -63 -64 -64 -64 -65 -65 -66 -65
-45 -45 -45 -47 -47 -47 -47 -49 -49 -50 -54 -51 -52 -54 -53 -54 -55 -53 -53 -52 -51 -50 -50 -50 -51 -50 -54 -55 -55 -52 -53 -59 -55 -58 -56 -52 -54 -53 -52 -56 -56 -54 -53 -51 -49 -51 -54 -54 -54 -54 -55 -54 -53 -59 -59 -65 -67 -62 -66 -63 -63 -59 -57 -59 -62 -63 -64 -62 -61 -55 -61 -62 -60 -59 -60 -56 -59 -59 -58 -61 -60 -63 -61 -63 -63 -63 -64 -62 -64 -63 -65 -64 -64
-45 -45 -45 -46 -47 -47 -47 -47 -47 -49 -51 -50 -52 -54 -56 -54 -55 -53 -52 -52 -51 -49 -51 -51 -52 -50 -54 -56 -57 -55 -57 -57 -54 -55 -53 -50 -50 -50 -50 -54 -57 -55 -52 -53 -49 -51 -52 -53 -58 -55 -52 -53 -54 -59 -60 -61 -61 -60 -60 -64 -60 -63 -60 -63 -57 -58 -59 -58 -55 -60 -62 -61 -61 -59 -58 -55 -56 -59 -60 -58 -60 -61 -63 -61 -61 -62 -63 -61 -62 -63 -63 -61 -62
-45 -45 -45 -46 -47 -47 -47 -47 -48 -51 -51 -53 -52 -57 -54 -53 -53 -52 -52 -54 -51 -49 -52 -52 -53 -51 -52 -54 -57 -54 -57 -57 -52 -53 -53 -52 -55 -55 -52 -54 -57 -56 -54 -52 -49 -51 -53 -53 -59 -57 -55 -55 -55 -56 -63 -62 -59 -63 -59 -61 -59 -60 -58 -62 -64 -55 -57 -63 -61 -54 -61 -60 -60 -58 -60 -57 -57 -55 -59 -62 -63 -61 -62 -61 -63 -61 -61 -60 -63 -64 -61 -63 -61
-45 -45 -45 -46 -46 -47 -47 -47 -49 -51 -53 -56 -56 -57 -54 -54 -54 -53 -52 -52 -50 -50 -51 -53 -51 -53 -55 -53 -56 -59 -54 -53 -53 -50 -54 -57 -57 -53 -55 -57 -55 -56 -54 -52 -49 -50 -53 -54 -57 -59 -59 -57 -54 -54 -58 -66 -62 -64 -57 -61 -58 -57 -56 -58 -53 -54 -54 -62 -59 -55 -60 -59 -58 -58 -58 -56 -57 -55 -60 -61 -61 -62 -60 -62 -61 -60 -60 -62 -60 -60 -61 -62 -61
-45 -45 -45 -45 -47 -47 -47 -48 -50 -51 -54 -56 -56 -56 -56 -54 -56 -55 -53 -51 -50 -51 -50 -51 -50 -54 -56 -58 -57 -57 -52 -51 -52 -51 -54 -58 -57 -54 -54 -57 -58 -56 -51 -52 -49 -50 -52 -54 -57 -59 -59 -58 -55 -57 -60 -65 -58 -62 -60 -58 -54 -56 -55 -54 -51 -52 -53 -59 -52 -52 -57 -59 -57 -57 -57 -54 -54 -54 -59 -60 -59 -61 -60 -62 -59 -61 -61 -61 -61 -62 -61 -60 -60
-45 -45 -45 -45 -45 -47 -47 -48 -50 -52 -54 -56 -57 -57 -54 -53 -54 -51 -51 -51 -51 -54 -52 -50 -50 -51 -55 -56 -58 -56 -53 -52 -52 -51 -56 -56 -55 -52 -53 -56 -55 -51 -53 -55 -51 -51 -50 -49 -56 -59 -59 -57 -55 -56 -63 -66 -61 -54 -58 -58 -51 -52 -50 -51 -54 -51 -56 -51 -54 -54 -52 -55 -54 -55 -53 -55 -58 -59 -59 -61 -58 -59 -59 -60 -63 -63 -63 -63 -62 -59 -59 -58 -59
