DE_airtemperature/2010/2010_11_air_temp_min.asc
NCOLS 654
NROWS 866
XLLCORNER 3280414.711633467
YLLCORNER 5237500.62890625
CELLSIZE 1000
NODATA_VALUE -999
[rows 540 to 593 of 866, columns 96 to 191 of 654]
38 37 41 44 37 36 43 41 35 42 43 36 34 35 35 34 35 35 34 32 32 30 27 29 33 38 40 35 35 36 37 39 36 34 33 32 32 32 32 32 35 35 34 32 31 30 31 31 28 26 27 30 28 32 35 36 33 33 35 35 32 32 34 31 32 31 26 32 32 32 33 34 31 30 27 28 28 29 24 25 21 23 18 14 13 18 13 19 23 27 30 32 36 37 39 41
39 36 44 37 44 42 40 33 38 37 37 37 36 37 39 38 37 34 33 31 30 29 28 26 29 35 39 39 35 35 37 36 37 37 32 33 30 32 31 32 33 32 34 33 31 31 31 31 30 26 27 28 30 30 32 31 37 34 34 35 34 32 32 29 31 31 28 27 27 30 31 33 31 30 28 25 28 30 28 24 24 21 16 16 15 21 20 23 27 30 32 33 36 38 41 42
44 44 41 36 35 36 35 37 33 35 35 37 35 35 36 34 32 36 31 33 29 30 28 27 30 37 42 44 39 37 41 35 37 37 37 31 32 33 31 31 32 31 32 34 31 31 29 29 27 26 24 26 27 30 32 32 33 32 32 33 33 31 29 29 27 29 29 29 28 27 27 31 33 31 25 25 26 29 27 26 25 19 21 22 24 23 25 27 31 32 35 36 37 41 42 43
36 44 41 32 33 38 38 34 32 35 36 37 34 34 34 31 31 32 32 31 28 29 28 26 27 35 37 36 44 44 44 36 42 37 35 34 35 35 32 32 29 32 33 32 31 29 29 29 27 28 29 24 26 25 30 31 35 35 30 31 30 29 30 28 30 32 29 31 29 26 30 30 31 33 29 28 30 32 33 24 26 27 26 27 27 27 24 30 34 34 36 37 39 40 42 45
41 34 37 34 34 37 39 36 33 35 34 41 37 33 30 31 30 30 30 30 28 36 27 25 27 29 33 34 36 38 39 43 42 40 40 38 32 32 33 31 28 29 31 31 29 27 27 26 30 29 30 28 25 25 26 27 31 36 32 30 28 28 30 30 31 32 31 30 28 26 27 24 26 33 34 32 33 30 31 27 23 31 30 27 28 29 27 31 34 36 38 40 41 42 44 46
37 34 40 37 36 33 40 33 32 33 34 36 35 33 31 33 30 30 30 30 28 27 27 28 31 32 33 38 36 36 43 43 43 37 35 35 34 31 33 31 28 29 30 32 28 27 27 29 30 30 30 26 25 27 26 32 33 33 31 32 30 29 30 32 32 33 32 29 26 23 25 29 30 34 34 34 33 33 34 31 30 31 32 29 31 31 32 33 36 37 40 41 41 42 45 47
37 36 39 36 34 34 35 36 34 32 32 33 35 33 33 32 32 34 32 30 29 31 29 29 34 34 37 37 37 39 36 37 43 38 37 35 33 40 33 30 28 29 29 32 30 29 30 32 29 33 31 27 26 30 29 29 31 35 33 31 30 32 33 33 33 30 29 30 26 25 27 27 28 30 32 35 35 37 34 34 33 31 33 33 33 33 37 36 38 39 42 42 43 44 46 48
41 37 34 33 39 35 34 33 36 35 33 31 33 32 32 31 32 31 29 30 30 28 27 27 28 30 31 30 31 31 33 37 37 41 36 37 35 33 32 30 29 32 32 29 30 27 34 30 29 35 27 32 32 33 32 28 33 32 33 33 31 35 33 32 30 30 26 28 26 30 32 34 29 36 37 36 34 33 38 34 36 28 33 36 37 37 37 39 40 41 43 43 44 46 47 49
42 38 35 35 33 35 33 33 33 33 31 31 31 31 31 30 30 31 29 29 31 29 29 26 29 29 26 33 32 30 33 35 38 40 37 35 33 32 32 30 30 30 33 29 28 29 34 34 30 34 30 36 32 31 29 28 31 32 31 32 34 33 31 30 29 31 28 31 32 36 36 37 35 34 38 38 35 35 32 30 33 38 32 36 38 39 39 40 41 41 43 45 45 46 47 49
34 33 33 33 33 36 37 32 32 32 32 32 29 28 29 28 28 29 27 28 30 30 29 27 28 28 31 32 31 37 37 37 42 36 35 35 33 31 31 30 30 30 37 33 30 30 33 31 32 39 36 32 30 28 30 27 29 28 30 29 30 29 28 28 33 32 33 36 37 37 38 37 36 34 38 39 36 36 36 31 33 38 36 35 37 40 41 41 43 43 44 45 46 47 48 50
33 33 35 32 33 33 33 37 32 35 33 31 31 30 30 29 27 27 26 29 30 29 27 26 24 26 27 27 31 35 38 38 45 39 34 33 35 34 32 35 31 32 34 38 32 33 35 38 38 38 35 32 34 34 34 29 28 30 33 32 27 23 26 31 34 36 39 39 38 37 39 39 37 38 38 36 38 36 36 33 33 37 40 37 39 42 42 43 44 44 45 46 47 48 49 50
31 34 33 35 34 34 31 33 32 32 31 34 33 31 30 29 28 26 27 28 29 28 27 26 25 26 30 33 38 34 37 42 40 45 38 36 35 34 31 36 32 32 36 39 32 40 39 32 32 34 32 34 31 30 32 31 29 32 30 37 31 27 28 34 36 40 40 39 39 40 39 38 39 39 38 38 39 37 35 33 34 35 41 37 42 43 44 44 45 46 46 47 48 48 48 49
29 32 30 32 31 33 31 30 30 31 29 30 30 31 29 29 29 28 28 29 29 27 26 27 25 27 31 30 31 33 38 34 36 38 45 40 37 34 37 37 32 36 35 35 41 41 33 34 31 31 31 31 32 31 32 32 28 30 34 35 32 34 36 37 38 39 41 42 42 42 43 39 39 40 40 39 39 39 38 35 35 36 41 42 43 44 44 46 46 46 47 48 48 48 49 49
30 29 28 33 31 30 35 30 29 29 30 30 30 29 30 29 28 27 27 30 29 28 27 29 28 29 29 29 29 33 34 32 37 34 40 46 38 32 33 37 34 35 40 40 36 36 38 34 38 32 35 31 29 33 29 29 27 29 31 37 37 37 38 37 38 40 41 43 43 43 43 40 40 40 41 39 40 41 41 37 38 38 41 42 44 45 45 45 46 47 48 48 48 49 49 49
29 29 28 28 29 29 31 32 29 29 27 29 29 27 27 27 27 27 34 30 29 29 28 29 30 29 27 27 29 31 31 32 32 34 38 46 38 34 32 38 33 37 44 34 32 33 42 37 39 33 32 33 30 28 26 30 29 33 37 39 41 38 39 41 40 40 41 41 41 40 42 41 42 42 42 40 41 42 42 41 40 39 40 44 44 45 45 46 47 48 48 49 49 49 50 49
31 28 28 27 29 28 30 31 31 30 28 27 26 26 27 28 28 27 28 29 30 30 29 30 30 29 27 28 28 29 34 36 36 36 37 45 39 39 36 38 34 45 34 40 33 33 35 39 36 36 35 29 27 26 30 32 36 38 39 40 41 40 40 40 41 41 42 43 43 44 43 42 42 43 42 42 43 42 43 43 43 41 42 44 45 45 46 47 48 48 49 48 49 49 50 49
28 27 26 27 26 26 31 31 30 28 27 28 28 27 28 29 29 27 29 28 29 31 31 31 31 29 27 29 29 29 31 37 35 42 37 43 44 36 46 44 39 40 41 36 33 33 33 34 33 35 30 25 25 32 36 35 39 38 41 40 43 40 41 44 45 44 45 43 44 43 44 43 43 43 43 44 44 44 44 43 43 43 44 45 45 46 47 48 48 48 48 49 49 49 49 49
26 27 27 27 26 27 28 28 29 28 28 29 30 29 28 29 27 27 28 31 31 31 31 30 28 28 28 29 28 27 30 30 36 33 33 39 46 46 40 37 38 37 42 40 39 40 34 34 33 32 30 28 28 32 35 37 38 41 42 43 44 45 45 45 46 46 46 45 45 44 45 44 43 43 44 44 44 45 44 44 44 45 45 45 45 46 47 48 48 48 49 50 50 49 50 49
26 26 25 25 25 26 26 27 27 27 29 29 30 30 30 30 27 29 30 30 31 33 29 28 29 28 29 30 28 30 29 31 32 35 38 38 39 41 46 41 38 32 35 34 35 35 35 36 36 34 36 34 35 38 40 41 42 43 45 45 46 44 46 47 46 47 47 47 47 46 46 46 45 45 44 44 44 44 45 44 44 44 45 46 47 47 47 47 48 48 49 49 50 49 49 49
30 26 28 25 25 25 25 25 26 27 27 28 30 30 31 31 29 30 31 30 31 33 30 30 30 29 29 31 31 30 30 30 31 36 37 43 40 42 45 47 38 32 33 32 32 33 34 38 39 37 37 40 41 41 44 46 45 45 45 46 47 47 47 47 47 47 47 48 48 47 47 46 46 45 45 45 45 45 45 46 45 45 46 47 47 47 47 48 48 48 49 49 49 49 50 49
28 27 26 27 26 27 26 25 26 27 28 28 29 29 30 33 31 30 32 30 31 33 33 31 30 28 30 31 32 30 32 31 30 32 39 41 40 35 34 39 47 44 35 35 36 36 38 40 40 41 40 43 46 46 46 47 46 47 47 48 48 48 47 47 46 46 46 47 47 47 48 47 46 46 45 45 45 45 45 46 47 47 47 47 47 47 47 48 48 48 48 49 49 49 49 47
30 28 28 30 27 27 26 27 26 27 28 29 28 30 30 33 33 31 33 32 33 31 31 29 29 28 30 31 32 31 32 30 29 32 35 33 32 28 25 32 40 48 40 37 38 40 42 42 45 44 44 46 47 48 49 49 49 49 49 48 48 47 47 46 44 45 46 46 46 47 48 48 47 46 46 45 45 45 46 46 46 47 47 47 47 47 47 48 48 48 48 49 49 49 48 47
32 28 29 27 27 29 28 27 27 28 28 30 30 30 31 32 32 33 33 32 31 30 31 29 29 29 31 31 33 33 31 28 25 26 28 27 25 27 30 35 37 47 39 41 41 41 41 45 46 47 48 49 50 49 49 50 49 49 49 49 48 47 47 45 44 46 46 47 48 47 48 48 48 48 48 48 48 48 47 46 47 47 47 47 47 47 47 47 47 48 48 48 48 48 47 47
28 30 28 29 28 29 30 27 28 28 30 29 30 31 30 32 34 32 32 31 31 29 31 30 29 30 32 31 30 31 30 25 25 27 28 28 30 33 34 36 39 42 44 43 41 42 44 48 49 49 51 50 50 50 49 49 50 49 48 47 47 46 44 44 46 45 47 48 48 47 48 48 49 48 48 48 48 48 48 47 47 48 47 47 47 47 47 47 47 47 47 47 47 46 46 46
27 27 27 28 30 30 28 27 29 31 31 30 30 31 33 33 33 34 32 32 30 29 29 29 28 29 30 29 25 23 32 33 30 33 29 30 29 34 36 39 36 40 46 39 40 46 50 51 52 51 51 50 50 50 49 49 49 48 45 44 44 43 43 43 44 44 46 48 48 48 47 47 47 49 48 48 48 48 48 48 48 48 48 47 47 47 47 47 47 47 47 47 47 47 47 46
26 27 28 30 30 31 28 27 29 30 30 32 31 32 32 33 34 32 32 29 29 28 30 28 28 28 28 25 23 26 28 33 36 32 32 33 33 31 34 37 38 40 48 50 50 50 51 51 51 51 51 50 50 50 49 49 48 46 43 43 43 43 43 43 43 44 46 47 48 48 47 46 46 47 48 48 48 48 47 47 47 47 47 47 47 47 47 47 47 47 47 47 47 47 47 47
26 27 28 29 30 32 29 28 28 30 31 32 33 31 33 35 32 31 30 29 29 30 29 27 25 23 23 27 29 32 33 35 36 38 38 37 35 35 37 38 37 37 40 45 48 45 47 51 51 51 50 50 49 49 48 49 47 43 42 42 42 42 42 43 43 43 45 46 47 47 46 46 45 45 48 48 48 48 48 47 48 48 48 47 47 46 46 46 46 46 47 46 46 46 47 46
27 28 27 27 30 31 31 31 31 30 31 32 34 32 33 33 32 31 31 30 31 30 28 24 23 24 27 28 28 29 32 36 36 37 39 38 38 38 39 39 39 40 43 42 49 48 49 49 50 50 50 49 48 47 43 46 47 44 43 42 42 42 42 42 42 42 44 45 45 45 46 46 45 45 48 48 48 48 48 47 48 48 47 46 46 46 46 46 46 46 46 46 46 46 46 46
28 29 30 28 30 30 33 31 30 30 32 32 33 33 36 34 32 30 30 33 30 29 25 23 26 27 28 23 26 29 32 34 34 35 37 41 38 40 41 40 39 39 42 45 49 49 50 50 49 49 48 46 47 46 41 42 48 45 42 42 42 42 42 42 42 42 42 43 45 45 45 46 44 46 48 48 48 47 47 47 47 47 47 46 46 46 46 46 46 46 46 46 46 46 46 45
27 29 28 30 30 30 32 31 32 31 31 33 34 36 35 33 31 31 33 32 30 27 21 24 27 29 28 24 28 31 32 34 35 35 35 36 41 38 41 39 41 43 42 44 49 49 49 49 49 48 45 42 46 45 43 42 45 47 45 43 43 42 42 41 43 42 44 45 43 44 45 45 45 47 48 48 47 47 47 47 47 47 47 47 47 47 46 46 46 46 46 46 46 46 46 45
30 27 29 29 32 31 32 33 31 30 31 32 33 33 36 32 31 32 34 31 27 23 24 26 26 24 29 30 29 29 30 30 31 31 33 36 39 43 41 43 42 43 44 45 49 49 49 48 48 45 41 42 44 43 44 44 42 47 46 43 42 42 42 44 46 46 45 46 44 44 44 45 44 47 48 47 47 47 47 47 46 46 47 47 47 46 46 46 46 46 46 46 46 46 46 45
29 28 29 30 31 33 34 31 30 30 31 33 34 34 34 32 34 33 30 28 23 25 25 24 22 26 29 30 29 25 28 31 33 34 39 41 43 41 42 44 42 41 41 45 49 49 49 49 48 46 44 40 41 43 42 44 42 46 47 46 45 44 43 46 47 47 47 46 43 44 44 43 46 47 47 47 47 47 47 46 46 46 47 47 47 47 47 46 46 46 46 46 46 46 46 44
31 29 29 29 30 32 31 31 31 31 32 33 35 35 34 33 34 34 32 26 26 26 24 23 26 27 27 28 31 32 33 34 35 37 36 39 41 42 44 40 41 41 43 46 49 49 49 48 48 46 45 40 41 42 43 41 42 45 46 47 48 48 47 47 47 47 47 42 42 43 44 46 47 47 45 45 46 47 47 46 46 46 47 46 46 46 46 46 46 46 46 46 46 46 45 44
30 30 30 30 30 31 35 31 30 30 31 32 34 35 36 33 31 28 31 29 28 25 23 26 28 30 29 31 34 35 34 40 37 37 38 40 39 42 44 45 41 42 45 46 49 49 49 48 47 46 43 41 41 42 41 41 43 42 43 46 47 46 46 46 45 47 46 42 42 43 45 46 46 45 44 46 47 47 46 46 46 46 47 47 47 47 47 46 46 46 46 46 46 46 44 44
29 33 30 31 31 32 34 31 32 29 32 34 34 37 34 31 24 27 28 28 26 26 26 26 30 32 32 33 34 37 35 38 36 40 41 41 41 41 43 43 46 47 48 48 48 49 49 49 47 46 43 41 41 41 41 41 43 44 46 46 47 45 45 46 47 47 45 42 43 46 46 46 46 45 44 44 47 47 47 46 46 46 47 47 47 47 47 47 46 45 46 46 45 45 44 44
25 29 31 31 31 31 33 33 32 30 32 34 35 35 31 27 29 29 26 26 28 28 29 30 32 33 34 34 35 35 36 35 34 38 40 41 44 43 43 44 45 46 44 46 48 49 49 48 48 47 45 43 41 41 41 41 42 43 45 46 45 44 45 46 44 46 43 41 43 44 45 46 46 44 44 43 47 47 46 46 46 46 47 47 47 46 46 45 45 45 45 45 45 45 44 43
25 29 31 34 34 31 32 34 30 31 29 31 32 38 31 31 33 30 28 30 31 31 31 32 33 33 34 34 34 34 41 34 38 40 40 43 41 43 44 44 44 44 46 48 49 49 48 47 47 47 46 46 44 44 42 41 42 43 43 43 44 45 45 43 45 46 43 43 43 45 44 45 46 45 44 45 47 47 46 46 46 46 47 47 47 46 46 45 45 45 45 45 45 45 44 43
28 30 29 33 33 32 33 34 33 32 29 29 26 29 38 37 31 28 29 32 33 33 32 34 34 34 36 34 36 33 32 36 39 40 42 42 44 44 46 46 43 46 47 48 49 49 44 45 46 47 47 47 45 44 43 42 43 41 41 43 45 45 44 43 45 46 46 46 46 46 45 45 45 46 44 47 47 47 46 46 46 47 47 47 46 46 45 45 45 45 45 45 45 45 44 43
29 28 31 31 31 30 30 31 34 30 28 23 28 32 35 37 32 31 32 32 35 33 33 33 33 33 37 39 35 33 37 40 39 40 42 43 44 44 47 44 45 46 49 49 49 48 43 46 46 45 46 45 44 40 43 43 44 42 43 43 44 42 42 43 45 44 45 45 44 45 45 44 44 44 46 45 43 46 46 46 46 47 47 47 47 45 45 45 45 45 45 45 45 45 44 43
28 27 28 29 29 31 32 35 33 29 25 28 31 33 39 39 37 32 31 34 39 32 35 34 35 35 35 40 35 37 40 41 41 40 41 45 43 45 47 47 48 49 48 48 46 47 47 47 46 46 46 46 41 41 44 44 44 43 44 42 42 40 41 42 42 43 44 44 44 45 44 43 43 43 44 42 43 46 46 46 46 47 47 46 45 45 45 45 45 45 45 45 45 45 44 43
29 28 28 29 30 30 35 34 33 28 29 30 33 34 40 33 31 32 32 32 35 39 36 38 35 33 33 37 40 39 38 40 40 42 44 45 45 45 45 44 45 48 48 47 45 46 46 45 45 46 45 45 45 45 44 44 44 44 43 41 40 40 41 42 42 42 44 44 44 45 43 44 44 43 43 41 45 46 46 46 47 47 47 45 45 45 45 45 45 45 45 45 45 45 43 43
28 30 28 29 29 33 33 32 34 31 32 31 32 36 40 34 33 36 31 34 37 40 36 35 34 33 32 38 36 40 40 37 41 41 41 43 44 44 43 38 46 46 46 45 45 45 45 44 44 46 44 44 44 44 44 45 44 44 42 40 40 40 41 42 42 43 43 44 44 45 44 44 44 43 42 42 45 46 46 46 47 46 46 46 46 45 45 45 45 45 45 45 45 45 45 43
29 31 27 29 28 31 33 29 36 34 33 32 30 32 36 38 38 32 35 37 39 42 34 37 34 35 35 35 37 37 40 42 42 43 42 42 41 43 44 40 42 43 41 42 43 45 44 43 44 45 43 44 42 41 43 44 43 41 40 40 40 40 42 42 42 42 42 43 44 43 41 42 42 41 42 42 46 45 46 47 46 46 45 45 45 46 45 45 45 45 45 45 45 45 45 43
31 30 28 30 31 30 29 32 32 34 37 32 32 34 34 35 37 41 36 39 38 40 39 39 36 40 38 37 39 40 42 40 39 42 41 40 46 44 46 45 46 39 39 39 42 42 42 43 44 44 44 43 41 42 43 43 44 42 41 38 39 40 40 41 41 42 43 43 43 43 43 41 41 41 42 42 45 45 45 45 46 45 46 46 46 46 45 45 45 45 45 45 45 45 45 44
27 30 34 31 31 33 31 29 33 33 36 35 37 33 36 40 41 37 42 43 43 40 41 39 38 41 40 39 38 38 39 45 44 42 40 42 42 40 42 43 40 40 39 42 43 44 44 41 44 44 44 43 43 42 42 43 43 43 42 41 41 41 41 41 41 43 43 43 43 42 41 41 40 41 41 43 45 45 46 46 46 46 46 45 45 45 45 45 45 45 45 45 45 45 44 44
27 30 29 34 32 30 33 28 30 29 31 33 40 41 41 35 36 35 37 39 41 43 43 41 40 42 42 40 39 40 42 45 36 41 45 45 39 40 41 46 38 37 39 40 42 41 40 40 42 43 43 42 42 42 41 42 43 43 43 43 43 41 42 43 43 42 41 42 42 42 41 41 40 41 41 42 45 45 46 45 45 45 45 45 45 45 45 45 45 45 45 45 45 45 44 44
27 28 31 33 31 31 31 29 30 31 32 32 35 36 34 37 31 35 35 39 35 39 42 43 43 43 43 44 42 43 44 44 39 41 36 36 39 39 40 45 37 37 39 41 37 41 41 41 43 43 43 40 41 42 43 43 42 42 42 42 41 42 42 41 42 43 43 42 41 41 41 40 40 41 41 43 45 45 46 46 45 45 45 45 45 45 45 45 45 45 45 45 44 44 44 44
28 30 29 35 31 34 30 31 31 31 32 40 40 35 32 35 36 31 33 38 34 37 38 42 41 40 42 39 40 42 44 38 37 39 43 42 37 38 38 44 40 40 40 40 41 42 43 40 41 40 42 40 40 40 40 39 38 40 41 39 41 41 41 40 41 42 43 43 43 42 41 40 41 41 41 44 45 45 46 45 45 45 45 45 45 45 45 45 45 45 45 44 44 44 44 44
28 29 28 34 31 31 37 31 32 34 37 37 34 38 34 32 32 32 34 33 37 40 39 38 41 37 38 38 39 43 43 37 36 38 39 39 40 38 40 45 41 39 38 39 39 40 39 40 40 39 41 41 41 40 39 37 37 37 37 39 40 41 40 40 41 41 42 43 43 43 42 41 41 41 42 44 45 45 46 46 45 45 45 45 45 45 45 45 45 45 44 44 44 44 44 43
28 30 29 33 29 33 33 36 32 35 40 35 33 35 38 38 35 31 31 34 37 37 36 39 36 35 37 40 36 42 39 40 34 36 35 36 39 39 40 41 38 38 36 38 40 38 37 37 38 39 41 39 39 39 37 37 37 36 39 37 40 39 39 42 41 41 41 42 42 42 42 42 42 43 43 45 45 45 45 45 45 45 45 45 45 45 45 45 45 45 44 44 44 44 44 44
29 31 30 28 28 34 32 35 37 39 34 38 34 32 37 38 37 36 35 35 33 35 35 37 36 37 39 39 36 44 38 37 37 34 35 35 39 38 44 38 36 36 37 40 36 35 36 37 37 38 38 38 37 37 36 36 37 36 37 38 40 41 41 41 41 38 40 40 41 42 41 41 40 42 43 45 44 45 45 45 44 45 46 45 44 45 45 45 44 44 44 44 44 44 44 44
35 32 34 28 29 30 31 38 39 35 37 35 38 36 35 37 38 35 35 35 34 35 35 34 34 35 39 37 43 44 40 35 35 35 40 41 41 41 43 43 37 36 38 40 37 35 35 38 37 39 37 36 36 36 35 37 39 39 38 39 39 40 40 39 39 37 37 39 40 40 40 40 41 41 41 44 44 44 44 44 44 44 44 44 44 44 44 44 44 44 44 44 44 44 44 44
31 36 33 29 33 31 38 39 34 36 34 35 34 36 34 36 37 35 33 35 36 33 34 35 35 37 37 42 39 38 37 37 34 35 39 43 41 41 44 39 37 37 40 37 35 35 37 36 35 38 38 35 36 37 38 38 39 39 38 37 36 38 40 37 36 36 36 37 40 40 41 41 40 41 43 44 44 44 44 44 44 44 44 44 44 44 44 44 44 44 44 44 44 44 44 44
32 31 35 29 30 39 37 34 32 32 34 36 33 33 33 35 35 34 32 34 35 38 38 38 37 38 39 43 39 37 35 34 35 40 37 41 37 39 43 39 35 37 36 35 35 35 37 34 36 39 35 35 37 40 37 38 39 37 35 35 38 38 39 37 37 37 36 38 38 40 41 42 42 43 44 44 44 44 44 44 44 44 44 44 44 44 44 44 44 44 44 44 44 44 44 44
