DE_airtemperature/2010/2010_06_air_temp_min.asc
NCOLS 654
NROWS 866
XLLCORNER 3280414.711633467
YLLCORNER 5237500.62890625
CELLSIZE 1000
NODATA_VALUE -999
[rows 506 to 551 of 866, columns 96 to 191 of 654]
112 112 111 117 120 117 115 110 108 105 106 114 116 116 116 114 111 113 109 117 110 107 111 113 112 110 108 108 110 110 111 110 107 105 107 105 104 103 102 103 104 100 101 101 101 102 103 101 99 102 104 100 103 103 105 105 104 102 100 99 99 97 99 97 97 96 96 94 95 97 101 101 100 100 101 98 97 101 101 101 102 104 105 104 105 105 103 105 103 102 102 104 104 104 105 106
114 110 117 112 114 118 109 113 106 107 109 111 109 109 116 116 116 112 112 110 108 109 110 111 110 110 109 110 112 113 110 108 105 105 106 105 104 104 103 103 102 103 102 102 101 102 102 103 100 103 105 106 106 106 106 104 104 103 98 100 99 99 100 98 97 98 97 97 97 100 101 102 104 102 100 98 97 99 101 104 100 103 107 106 104 104 103 105 103 102 103 104 104 104 106 107
109 111 110 114 116 118 117 110 113 111 106 109 110 110 114 116 116 115 109 106 109 110 112 111 117 111 112 111 108 108 107 104 104 103 104 104 105 104 103 104 104 104 104 104 102 102 102 102 101 101 102 102 105 107 105 104 105 100 97 98 98 99 96 99 99 98 98 97 97 99 101 103 102 101 99 100 98 99 100 103 101 104 104 108 104 104 103 104 103 102 103 104 103 104 107 108
108 109 109 117 110 111 119 112 116 109 107 109 111 115 116 118 119 118 113 110 108 108 111 113 110 108 110 108 107 107 107 106 104 104 103 103 105 106 105 105 105 105 105 104 102 101 102 102 101 100 97 101 104 104 107 106 105 101 97 98 98 97 98 99 100 98 98 98 99 104 102 105 101 100 100 98 98 97 100 99 101 103 106 108 105 106 105 103 102 103 102 102 103 103 107 108
112 114 115 110 111 108 119 119 112 108 110 112 114 117 120 120 117 116 116 115 115 110 115 109 109 110 109 108 109 110 108 106 106 105 105 104 104 104 105 105 106 105 105 104 102 102 102 102 102 100 101 101 103 105 106 108 105 103 101 99 98 98 98 97 97 100 99 99 96 104 102 101 102 102 101 100 101 98 99 103 100 104 104 106 105 105 104 105 103 101 101 102 104 106 106 108
112 110 111 109 112 108 116 119 119 112 112 118 118 118 120 119 119 119 119 119 118 115 118 112 110 111 109 109 112 106 106 103 103 102 103 103 102 105 106 106 104 105 106 105 104 103 102 102 101 102 102 103 103 106 106 106 104 103 102 99 98 98 98 99 99 100 100 98 99 103 102 99 102 103 102 101 102 102 103 102 103 103 104 104 107 105 105 104 102 101 103 104 104 107 107 109
108 109 106 109 111 107 108 111 112 119 119 120 120 118 119 119 119 120 121 120 120 118 120 114 115 113 115 110 107 110 107 104 102 100 99 101 101 104 105 105 106 106 106 103 103 103 104 103 102 103 102 103 103 105 105 104 104 102 101 98 98 99 94 97 99 99 99 99 101 101 103 101 100 101 100 101 102 105 104 105 104 101 102 104 107 106 105 105 105 102 105 106 106 106 107 108
102 106 105 109 108 107 110 113 114 118 119 120 120 120 119 119 120 120 121 121 120 120 119 116 111 110 110 109 112 108 105 106 101 100 97 99 100 103 104 105 107 104 105 106 105 104 104 102 101 103 104 103 103 104 105 106 104 102 99 99 98 97 97 95 97 99 96 97 100 101 103 100 100 102 100 100 101 102 106 104 103 104 100 100 105 108 106 104 103 103 102 103 105 104 104 107
108 108 106 107 106 108 113 114 115 117 117 120 120 120 120 120 120 120 121 121 121 122 121 115 116 113 113 112 110 109 109 103 100 96 94 96 98 102 104 105 105 107 104 107 106 103 102 102 104 104 105 103 101 104 106 107 102 101 100 98 98 96 95 94 97 95 95 96 98 100 102 102 101 102 100 100 99 100 104 106 104 103 100 101 104 105 105 107 106 104 105 101 100 104 105 104
108 108 103 109 110 112 113 113 113 114 117 120 119 119 120 120 120 120 121 122 122 122 121 117 115 115 115 110 111 111 109 104 98 95 95 98 100 103 103 103 105 106 106 106 102 101 101 101 102 104 105 106 106 105 105 105 101 100 98 98 96 94 93 93 92 94 93 94 96 97 103 99 101 100 100 100 99 102 106 107 106 104 103 102 102 103 103 105 107 107 105 104 102 102 102 104
108 106 100 105 109 114 115 114 114 114 117 119 118 118 120 120 120 120 121 122 122 122 122 120 116 115 116 113 112 110 106 102 102 101 100 97 98 102 104 104 104 103 103 105 103 103 102 101 102 102 102 101 104 107 105 105 102 100 97 98 97 97 93 94 92 94 95 97 97 97 103 98 101 99 98 98 100 102 106 104 109 104 103 103 101 101 103 104 103 104 104 106 105 103 102 101
106 106 109 112 113 114 115 116 116 116 118 118 116 116 119 120 120 120 121 121 122 122 121 121 121 118 117 113 112 114 109 104 107 100 101 99 100 103 104 104 100 102 103 104 104 104 102 101 102 103 103 104 104 104 105 105 103 100 99 98 96 96 91 94 92 94 97 99 98 100 103 100 98 99 99 100 102 101 103 104 108 107 103 101 101 101 102 105 105 105 102 102 100 99 105 104
109 110 111 113 114 115 115 115 117 117 118 116 114 116 116 119 119 120 121 121 121 121 121 121 120 116 115 112 112 108 106 110 104 102 101 103 104 100 102 103 103 101 102 105 107 103 102 100 100 102 105 104 104 104 104 105 104 102 99 99 97 93 91 90 94 93 95 97 100 103 101 103 99 100 100 100 104 100 104 107 106 103 105 103 102 103 102 104 103 103 104 101 100 103 104 108
109 111 112 113 114 115 111 113 117 116 116 115 112 115 114 115 119 115 116 117 119 119 121 120 120 119 114 113 110 108 107 105 107 108 108 105 100 98 100 102 100 104 104 107 110 104 103 100 99 103 102 104 109 106 106 105 105 103 100 98 97 96 91 91 93 94 96 97 97 98 99 100 100 100 99 99 100 101 103 105 107 107 104 107 106 106 105 104 102 100 101 103 104 103 106 108
111 112 114 114 114 115 114 113 116 112 114 115 112 113 114 117 115 114 115 118 119 119 119 119 120 117 114 114 110 108 104 104 104 107 108 107 98 97 99 101 102 103 105 109 106 100 99 101 101 102 105 106 108 106 107 105 105 102 100 96 95 96 94 92 92 93 96 96 97 99 98 100 99 99 99 102 101 101 106 106 110 107 106 108 105 106 106 104 101 101 104 106 105 107 108 110
113 114 114 114 114 114 111 114 113 111 111 113 111 111 114 113 114 115 116 115 118 120 120 119 120 115 113 112 107 106 107 103 106 112 104 100 98 98 101 99 100 102 103 109 103 100 102 102 103 103 106 107 108 108 108 106 102 103 101 97 97 97 96 93 93 94 97 98 100 98 102 101 101 101 102 100 100 101 103 106 107 108 105 105 106 106 103 105 104 103 105 103 109 108 108 109
114 113 113 114 114 114 111 115 114 113 112 112 111 113 113 114 113 115 114 114 116 118 118 118 119 116 114 111 107 106 109 105 109 106 102 102 103 99 97 100 99 102 105 110 102 102 103 105 104 105 105 107 107 106 106 107 104 103 101 99 98 97 96 98 99 98 99 100 102 102 100 101 101 99 100 98 99 101 106 107 108 106 108 106 105 105 104 102 103 106 106 106 107 112 110 112
111 111 111 113 113 113 113 113 112 111 109 106 109 111 109 112 113 113 115 114 119 116 114 119 117 113 112 108 106 105 109 108 112 108 100 110 101 99 100 99 103 106 107 104 104 103 106 110 110 105 106 105 106 105 106 109 105 104 102 100 98 97 99 101 99 102 103 103 103 104 102 101 104 100 97 98 99 99 103 108 106 109 107 107 107 107 104 104 104 106 109 108 110 113 114 111
112 111 110 113 113 112 114 110 110 110 107 107 108 107 111 111 112 111 114 115 119 115 117 119 117 113 108 107 109 117 113 112 109 102 102 111 103 102 103 100 100 101 111 101 104 106 109 106 106 110 108 103 103 107 107 108 108 105 99 99 100 100 101 101 102 100 102 105 105 104 104 104 103 99 99 99 98 100 102 109 106 106 108 108 105 105 105 106 107 107 110 111 112 108 112 110
113 111 112 113 113 112 111 110 108 108 108 108 110 109 111 117 109 112 113 116 118 117 115 119 116 110 108 106 116 111 111 116 116 115 111 109 100 102 105 101 101 108 105 102 107 110 107 106 107 104 104 103 102 103 106 106 108 104 104 102 102 101 100 102 104 103 103 105 107 106 107 104 105 104 101 97 100 101 105 109 109 106 107 108 107 106 105 107 108 110 110 110 112 109 109 110
106 108 111 112 112 112 113 109 108 109 110 111 112 111 117 118 111 112 117 117 112 112 114 119 116 110 109 108 114 112 106 104 111 112 114 112 102 107 107 105 105 110 105 109 103 108 106 110 104 103 102 102 100 103 105 105 106 107 105 103 102 100 103 102 104 106 104 103 106 108 105 103 102 104 99 97 100 102 104 103 103 104 104 107 105 106 106 107 107 109 111 113 111 109 110 112
106 107 111 112 112 112 112 110 110 110 111 110 112 118 115 113 118 119 114 108 108 105 115 119 116 117 117 115 111 107 104 106 108 108 104 102 111 112 110 107 109 110 108 104 105 109 104 106 104 106 103 102 100 98 103 105 106 108 105 104 103 100 102 104 105 105 106 104 104 106 106 105 106 104 104 102 99 102 102 104 104 108 105 103 105 105 106 108 110 112 112 110 112 109 110 111
108 110 112 112 112 111 111 111 113 110 112 113 116 114 113 112 112 112 111 110 107 106 106 119 118 114 110 113 112 111 104 102 105 102 102 106 108 111 104 108 112 107 109 102 101 103 102 103 105 101 102 102 98 98 102 105 105 107 104 102 101 101 103 105 104 102 102 107 104 103 108 107 104 107 106 106 104 100 101 104 106 104 105 108 106 104 108 110 111 111 111 110 111 110 109 109
106 109 112 113 113 112 114 115 114 113 115 115 114 115 116 116 111 109 113 110 109 106 110 114 119 116 112 111 107 103 107 105 99 102 101 103 105 106 108 103 107 104 105 103 101 98 100 100 102 101 102 99 98 96 102 104 107 105 103 103 102 101 102 103 101 103 102 104 105 104 108 108 106 104 106 108 105 103 103 101 103 102 107 105 107 107 106 108 109 110 111 111 112 112 111 109
107 110 113 114 113 114 115 116 115 115 115 115 115 118 111 109 109 108 111 111 107 105 108 113 115 118 114 109 106 108 107 102 102 99 100 99 101 103 108 101 101 103 104 102 107 101 101 98 101 101 99 98 97 101 103 105 106 107 104 102 102 100 100 101 101 103 103 107 105 104 108 109 107 108 107 105 104 105 104 100 101 103 101 98 100 108 105 107 110 110 112 113 113 113 110 107
107 109 113 113 114 114 115 115 114 111 111 111 111 119 108 106 107 105 106 106 107 112 112 112 114 118 117 114 109 106 108 105 103 98 100 100 99 104 105 101 100 103 104 103 98 103 99 98 99 99 100 101 100 100 103 104 109 105 107 101 101 100 99 101 102 102 104 107 108 104 108 110 110 108 105 104 103 101 102 97 99 98 101 101 105 108 105 108 110 111 111 113 113 113 113 110
106 108 111 112 113 114 114 112 110 110 111 111 112 115 108 110 106 105 103 103 106 109 111 114 115 114 116 114 106 102 103 100 98 100 101 100 100 101 101 102 100 101 104 104 101 99 101 100 102 100 102 100 99 100 101 104 109 102 104 107 105 102 101 102 102 105 106 105 106 107 108 110 111 110 106 107 107 103 102 103 98 101 104 105 104 102 107 106 111 111 110 110 110 109 111 109
109 108 110 111 113 113 113 110 110 110 110 111 119 114 105 105 107 109 102 103 104 105 110 110 110 111 111 116 111 109 107 100 99 99 99 102 103 97 101 99 100 98 100 100 101 98 97 99 96 99 101 101 100 99 104 105 107 106 103 104 103 103 105 104 102 103 104 106 106 109 108 108 110 111 110 105 105 102 104 103 102 97 101 107 107 103 106 105 110 109 106 106 109 111 110 111
108 112 112 112 112 113 112 110 110 113 112 111 117 116 110 107 104 103 104 108 110 109 118 118 118 119 117 117 104 101 105 101 98 98 100 100 102 102 101 101 99 98 98 98 100 100 98 94 96 100 98 101 102 102 101 104 109 106 105 105 106 104 104 103 102 101 104 105 107 108 111 109 110 111 112 111 107 107 106 108 105 100 106 104 106 105 103 104 106 108 105 107 114 116 116 117
109 110 114 113 114 113 110 111 112 114 112 112 120 106 111 108 107 103 106 107 116 116 119 111 111 113 112 106 106 105 100 96 97 99 101 101 102 100 103 100 98 99 98 95 98 98 94 95 96 97 98 101 103 104 102 104 108 108 109 108 105 103 103 104 106 104 105 106 107 108 111 109 110 109 111 109 106 104 106 105 107 102 106 104 103 103 104 102 104 108 110 113 117 119 119 120
111 112 113 116 114 112 110 110 111 114 119 117 120 112 109 105 105 104 106 113 107 109 117 118 118 108 106 105 102 101 97 99 96 98 100 98 98 99 101 101 99 96 95 95 95 99 95 95 94 97 100 102 100 103 104 106 110 106 105 107 105 106 107 108 105 105 104 106 111 107 110 111 110 108 111 110 107 104 107 108 108 107 103 105 102 99 104 105 110 109 114 116 118 120 120 121
111 114 113 113 114 112 110 111 113 118 112 113 115 110 113 108 106 106 106 108 107 107 111 114 111 115 106 103 102 104 100 102 98 98 98 98 99 100 100 100 101 97 96 94 94 95 97 97 94 96 98 99 100 103 105 110 109 110 106 105 109 108 105 108 104 106 104 106 110 106 111 111 109 108 110 111 110 108 108 109 109 108 105 104 99 103 108 113 114 111 115 118 118 119 120 121
112 112 110 112 117 113 110 111 117 112 112 111 115 111 109 108 109 106 106 104 104 103 107 110 111 118 113 106 103 106 105 104 99 98 97 98 98 100 97 99 101 97 95 93 95 93 95 93 91 94 97 100 103 102 107 105 104 107 107 106 108 108 104 104 104 106 105 109 108 109 111 112 112 111 110 111 111 110 111 111 110 106 107 104 103 106 108 106 107 117 116 118 119 119 121 121
112 116 111 111 117 111 116 119 111 116 114 112 111 117 110 108 107 107 108 105 104 103 105 104 113 117 118 105 104 106 107 108 103 98 99 97 98 99 95 97 98 97 95 96 94 92 93 92 92 93 97 101 101 101 110 105 103 105 108 108 108 109 108 109 109 108 105 106 106 109 110 112 111 110 108 111 113 113 111 110 112 108 106 106 107 107 101 107 113 116 116 118 120 121 120 121
113 112 116 119 112 111 118 116 109 117 118 111 108 110 110 109 109 109 108 106 106 104 100 102 106 112 112 107 107 107 107 108 103 101 100 97 96 96 96 95 99 97 94 93 92 93 96 96 94 93 96 101 99 103 108 108 105 105 108 111 108 107 110 107 108 107 103 109 109 109 109 112 110 109 107 110 111 113 111 113 112 113 111 110 108 113 108 111 115 118 118 118 120 121 122 121
114 111 119 112 119 117 115 108 112 111 111 112 110 111 114 113 111 108 107 106 104 103 102 99 102 108 112 112 107 107 107 104 104 103 99 99 95 96 94 95 97 95 96 95 94 93 96 97 96 93 96 99 101 102 104 103 109 108 109 110 109 108 108 106 107 108 105 104 104 107 107 111 110 108 109 107 111 115 115 113 115 113 109 110 110 116 114 114 118 119 120 119 121 122 123 123
119 118 116 110 110 111 109 112 107 110 110 112 109 109 110 109 106 110 105 107 103 104 102 100 103 111 116 117 111 108 112 105 106 105 103 97 98 97 95 94 95 93 94 97 94 94 94 94 93 94 94 96 98 102 104 104 107 106 107 109 110 107 107 105 104 107 106 107 106 104 105 110 111 111 106 106 108 114 114 114 114 110 113 114 117 116 116 119 121 121 122 122 122 124 124 123
109 117 115 106 106 112 112 108 106 110 110 112 108 108 109 105 105 106 106 106 102 103 101 99 100 108 110 109 116 116 115 105 111 104 103 101 102 100 96 96 94 95 96 95 95 93 94 95 94 97 98 94 97 97 103 105 110 110 105 108 108 107 108 105 109 109 107 109 108 104 108 109 111 113 110 109 111 116 119 111 113 116 117 118 118 118 115 119 123 122 123 122 123 123 124 125
115 108 111 108 108 111 114 110 107 110 108 116 112 107 105 105 105 104 104 104 102 110 101 98 100 102 107 106 108 111 110 112 111 109 107 105 98 98 98 95 92 94 95 95 93 93 92 93 97 98 99 99 96 97 99 101 105 111 108 107 107 107 109 108 109 111 111 108 106 105 105 104 106 113 114 112 114 111 115 113 110 118 119 118 119 120 117 120 123 124 123 123 123 124 124 126
111 108 114 111 110 107 114 107 106 107 108 110 109 108 105 107 105 105 106 105 102 102 102 102 105 106 106 112 108 109 114 113 112 106 104 103 102 99 99 96 93 94 96 97 93 93 93 96 97 99 100 97 96 99 99 106 107 109 108 110 109 109 109 111 111 113 112 109 106 102 103 107 110 113 113 114 114 114 118 117 116 119 120 119 121 120 120 121 124 124 124 125 124 124 126 128
111 110 113 110 108 107 109 111 108 107 106 108 111 108 108 107 107 109 108 107 105 107 105 104 109 109 112 111 110 113 109 108 113 108 107 103 102 108 101 97 95 94 95 98 96 95 97 100 98 102 102 98 98 102 102 104 106 111 109 110 110 111 113 114 114 111 110 111 107 105 106 106 106 107 109 113 114 116 115 118 118 117 120 120 120 120 122 122 123 123 126 125 125 126 127 128
114 110 108 107 113 109 107 107 110 109 107 107 108 107 107 106 108 108 105 108 107 105 103 103 104 107 106 105 106 106 106 109 109 113 106 107 104 103 100 97 96 99 99 96 97 95 102 99 99 106 98 104 105 105 105 103 109 108 110 112 110 114 114 114 112 111 108 110 108 111 110 112 106 111 111 112 111 111 119 117 120 112 118 121 122 121 122 123 123 124 125 125 125 127 128 129
114 111 108 108 106 109 107 108 108 108 107 106 107 106 107 106 107 107 106 107 110 107 106 103 106 106 102 108 107 106 107 107 111 113 108 105 103 102 102 99 98 98 101 97 96 97 103 104 100 105 101 109 105 105 103 104 108 108 110 111 113 112 111 113 111 113 111 113 114 118 116 115 112 110 112 114 111 112 113 113 116 122 117 120 122 123 123 122 122 123 125 126 126 126 127 129
106 106 105 106 106 110 112 107 106 106 107 107 104 103 105 104 104 106 104 106 109 108 107 105 105 105 109 108 106 112 112 111 116 109 107 106 105 103 101 101 99 100 106 102 100 101 103 102 103 110 108 105 103 102 105 104 105 105 109 108 109 109 109 110 117 115 118 120 120 120 120 117 114 111 114 115 114 114 115 113 116 121 119 119 121 123 122 123 124 124 125 125 127 127 128 130
105 105 109 107 106 106 107 112 107 110 108 106 106 106 107 105 104 104 104 107 109 107 105 105 102 103 104 104 107 110 113 113 119 113 107 106 107 105 103 106 102 103 104 109 103 103 106 110 111 110 108 106 108 110 109 106 104 109 112 112 108 105 109 114 118 121 124 125 124 123 122 122 119 118 117 116 119 116 117 114 115 119 123 118 121 123 123 124 124 124 125 126 126 127 127 128
104 108 107 110 109 109 105 108 107 107 107 110 109 107 106 106 105 103 105 106 108 107 105 105 104 104 107 110 116 111 112 117 114 119 112 110 107 106 104 109 104 104 108 111 104 111 112 104 105 107 105 109 107 106 109 108 107 111 109 117 112 109 112 118 122 127 126 127 128 128 127 125 126 123 121 122 122 120 117 115 116 117 122 118 122 123 124 124 124 125 125 125 125 126 126 127
