DE_airtemperature/2010/2010_02_air_temp_min.asc
NCOLS 654
NROWS 866
XLLCORNER 3280414.711633467
YLLCORNER 5237500.62890625
CELLSIZE 1000
NODATA_VALUE -999
[rows 588 to 629 of 866, columns 190 to 284 of 654]
-8 -10 -10 -11 -12 -15 -17 -20 -19 -18 -16 -17 -17 -15 -15 -16 -13 -19 -17 -15 -13 -15 -16 -22 -21 -21 -18 -18 -15 -19 -22 -21 -21 -19 -21 -22 -20 -19 -26 -21 -17 -17 -16 -15 -22 -23 -22 -21 -21 -23 -30 -31 -25 -18 -18 -18 -25 -18 -18 -26 -29 -24 -18 -19 -28 -27 -19 -21 -20 -23 -20 -20 -20 -22 -22 -22 -25 -27 -29 -30 -31 -28 -28 -28 -28 -24 -26 -27 -25 -26 -27 -27 -26 -23 -25
-8 -10 -10 -10 -13 -16 -19 -21 -21 -18 -17 -18 -15 -13 -20 -12 -15 -18 -17 -14 -13 -14 -18 -21 -23 -18 -18 -21 -18 -18 -20 -19 -22 -23 -22 -22 -19 -20 -24 -21 -21 -18 -16 -15 -17 -18 -23 -23 -22 -23 -31 -22 -25 -18 -30 -30 -29 -26 -19 -25 -29 -26 -28 -23 -28 -27 -20 -19 -23 -22 -22 -25 -24 -23 -25 -26 -25 -26 -27 -27 -27 -28 -27 -28 -27 -25 -26 -27 -28 -26 -28 -27 -27 -23 -24
-8 -9 -9 -10 -13 -15 -17 -20 -20 -15 -17 -15 -14 -17 -16 -20 -19 -17 -16 -14 -13 -14 -19 -22 -22 -20 -18 -16 -17 -16 -17 -19 -22 -25 -25 -23 -22 -24 -25 -25 -21 -19 -17 -16 -22 -21 -23 -23 -21 -27 -25 -20 -28 -17 -24 -31 -30 -29 -22 -28 -28 -28 -27 -26 -28 -27 -22 -23 -26 -19 -19 -22 -25 -26 -28 -24 -28 -29 -29 -29 -28 -27 -28 -27 -28 -27 -25 -27 -26 -27 -29 -28 -26 -26 -26
-8 -8 -8 -15 -14 -15 -17 -19 -16 -17 -15 -18 -18 -13 -16 -16 -16 -13 -12 -12 -12 -16 -19 -24 -22 -22 -17 -21 -19 -16 -19 -20 -19 -21 -23 -26 -27 -25 -24 -20 -19 -17 -16 -15 -24 -25 -23 -19 -21 -30 -24 -17 -18 -17 -31 -31 -29 -26 -21 -28 -26 -26 -26 -27 -27 -24 -20 -20 -25 -25 -22 -25 -23 -22 -24 -27 -26 -29 -27 -27 -30 -28 -28 -28 -27 -28 -29 -28 -27 -28 -28 -28 -27 -26 -25
-7 -8 -11 -14 -16 -16 -19 -20 -15 -15 -14 -16 -19 -23 -20 -21 -18 -16 -13 -13 -13 -16 -19 -23 -24 -21 -21 -21 -22 -17 -23 -22 -19 -20 -22 -27 -26 -25 -25 -21 -20 -21 -18 -17 -17 -26 -20 -18 -22 -29 -17 -18 -23 -30 -32 -31 -28 -27 -26 -26 -26 -26 -26 -27 -26 -26 -24 -23 -24 -27 -27 -27 -28 -27 -28 -27 -26 -26 -26 -29 -27 -27 -26 -28 -27 -28 -28 -27 -27 -28 -28 -29 -28 -25 -24
-7 -7 -16 -24 -16 -17 -21 -16 -14 -14 -16 -18 -22 -25 -23 -16 -15 -13 -12 -12 -14 -18 -19 -24 -21 -21 -19 -19 -20 -19 -23 -25 -24 -21 -24 -28 -26 -25 -25 -19 -26 -27 -23 -24 -18 -16 -16 -22 -26 -21 -18 -19 -30 -26 -26 -28 -27 -28 -27 -26 -26 -26 -27 -27 -26 -27 -26 -23 -22 -26 -27 -27 -27 -28 -27 -28 -27 -26 -28 -27 -28 -27 -25 -26 -27 -27 -29 -29 -29 -28 -27 -28 -28 -25 -23
-7 -6 -11 -18 -12 -13 -13 -10 -14 -15 -14 -16 -19 -19 -19 -16 -13 -10 -14 -11 -14 -18 -19 -22 -22 -21 -22 -23 -20 -22 -20 -22 -23 -24 -25 -27 -26 -27 -22 -24 -23 -22 -23 -26 -27 -16 -15 -17 -19 -16 -19 -28 -24 -23 -29 -29 -28 -27 -27 -27 -27 -26 -28 -28 -27 -26 -24 -21 -21 -23 -24 -27 -27 -28 -29 -28 -28 -27 -29 -27 -27 -27 -25 -28 -28 -28 -30 -30 -29 -27 -27 -27 -28 -26 -26
-6 -7 -8 -12 -10 -11 -9 -11 -10 -16 -16 -15 -16 -17 -15 -11 -10 -10 -11 -11 -17 -21 -28 -26 -23 -21 -23 -23 -24 -25 -26 -25 -26 -23 -28 -28 -27 -23 -20 -26 -28 -20 -21 -18 -19 -18 -16 -15 -17 -16 -17 -19 -19 -19 -29 -29 -28 -28 -27 -27 -27 -27 -28 -28 -27 -26 -22 -25 -24 -19 -25 -25 -24 -25 -22 -29 -25 -27 -27 -27 -24 -24 -27 -28 -28 -29 -28 -30 -29 -27 -27 -28 -28 -27 -26
-6 -6 -6 -11 -10 -11 -15 -14 -17 -21 -16 -12 -14 -18 -12 -10 -8 -13 -15 -13 -17 -21 -26 -24 -25 -24 -22 -21 -23 -20 -26 -29 -23 -24 -25 -29 -26 -23 -19 -22 -27 -27 -26 -27 -28 -26 -16 -19 -16 -19 -19 -25 -28 -23 -25 -28 -28 -27 -27 -26 -26 -29 -29 -28 -27 -23 -26 -26 -24 -19 -23 -19 -21 -23 -21 -24 -25 -27 -27 -23 -25 -27 -27 -27 -29 -27 -29 -28 -28 -26 -26 -28 -27 -26 -27
-6 -6 -7 -9 -12 -10 -9 -10 -17 -20 -16 -13 -9 -10 -11 -7 -10 -13 -16 -13 -17 -20 -24 -24 -25 -26 -25 -25 -22 -21 -21 -28 -27 -26 -26 -30 -29 -28 -27 -19 -23 -26 -29 -28 -26 -16 -24 -26 -28 -29 -29 -31 -26 -29 -20 -26 -27 -27 -26 -26 -29 -29 -29 -29 -27 -27 -28 -29 -22 -25 -27 -24 -20 -27 -25 -27 -23 -28 -24 -25 -26 -28 -27 -28 -29 -27 -29 -29 -28 -26 -28 -26 -27 -27 -26
-6 -6 -6 -9 -10 -9 -10 -16 -21 -22 -21 -10 -5 -9 -8 -9 -11 -14 -14 -14 -16 -17 -25 -22 -23 -25 -22 -24 -23 -22 -23 -25 -27 -30 -32 -30 -29 -28 -29 -23 -20 -20 -27 -24 -29 -16 -28 -30 -31 -32 -31 -31 -27 -28 -29 -20 -26 -27 -25 -26 -28 -30 -29 -29 -28 -28 -27 -25 -27 -28 -27 -26 -26 -27 -23 -22 -26 -27 -22 -26 -26 -29 -30 -29 -28 -26 -28 -27 -28 -26 -28 -27 -26 -27 -27
-6 -5 -6 -9 -9 -11 -17 -19 -19 -16 -16 -9 -6 -6 -5 -7 -13 -18 -15 -17 -18 -21 -23 -24 -23 -26 -24 -24 -23 -21 -22 -25 -28 -31 -32 -31 -32 -25 -25 -27 -25 -23 -19 -17 -23 -18 -30 -30 -31 -29 -32 -31 -27 -29 -28 -28 -21 -20 -26 -30 -29 -31 -30 -29 -29 -28 -27 -27 -28 -27 -26 -26 -25 -26 -24 -21 -22 -21 -26 -26 -28 -28 -28 -28 -28 -27 -28 -27 -29 -26 -27 -27 -27 -27 -27
-6 -6 -6 -6 -11 -15 -15 -18 -14 -16 -9 -8 -6 -7 -6 -8 -15 -18 -16 -18 -22 -23 -23 -23 -22 -26 -24 -25 -22 -21 -23 -28 -28 -25 -31 -32 -30 -31 -30 -23 -24 -22 -27 -29 -17 -21 -22 -22 -28 -30 -32 -31 -29 -28 -27 -26 -24 -28 -26 -21 -24 -30 -30 -30 -29 -29 -28 -27 -28 -29 -26 -28 -27 -28 -28 -21 -21 -22 -25 -27 -29 -27 -27 -27 -27 -27 -27 -27 -29 -29 -25 -26 -27 -27 -27
-6 -5 -5 -7 -10 -14 -15 -16 -13 -10 -8 -7 -7 -6 -6 -9 -18 -19 -21 -25 -21 -19 -23 -22 -20 -26 -26 -24 -21 -21 -24 -22 -28 -28 -33 -32 -30 -30 -31 -30 -29 -30 -30 -23 -18 -23 -29 -30 -30 -30 -31 -31 -30 -29 -27 -22 -26 -30 -30 -30 -23 -28 -28 -29 -29 -29 -30 -29 -30 -31 -28 -27 -28 -29 -26 -21 -21 -23 -28 -27 -28 -27 -27 -26 -27 -26 -26 -28 -29 -27 -26 -26 -27 -26 -27
-6 -6 -5 -6 -9 -8 -9 -10 -13 -9 -7 -7 -6 -6 -8 -13 -18 -19 -23 -22 -23 -18 -24 -20 -20 -23 -25 -24 -21 -21 -23 -28 -26 -27 -33 -31 -25 -22 -32 -31 -29 -23 -29 -22 -22 -18 -20 -28 -28 -30 -32 -30 -29 -27 -24 -29 -30 -29 -30 -31 -27 -28 -30 -29 -29 -30 -30 -30 -29 -29 -28 -28 -26 -27 -26 -26 -21 -23 -25 -27 -28 -27 -27 -26 -25 -27 -28 -29 -29 -27 -26 -26 -25 -26 -27
-6 -5 -6 -6 -8 -11 -13 -11 -16 -10 -13 -8 -7 -8 -11 -21 -23 -21 -23 -22 -22 -22 -19 -22 -20 -22 -23 -23 -22 -18 -23 -27 -27 -32 -32 -32 -27 -28 -23 -29 -30 -25 -22 -24 -24 -21 -23 -21 -24 -27 -32 -31 -29 -29 -28 -31 -31 -29 -31 -32 -31 -24 -31 -30 -28 -30 -28 -29 -30 -26 -27 -26 -28 -25 -27 -26 -22 -21 -24 -27 -26 -27 -27 -25 -27 -29 -27 -27 -28 -26 -27 -24 -26 -27 -27
-6 -5 -6 -6 -11 -11 -17 -16 -16 -13 -9 -8 -8 -10 -13 -23 -23 -21 -22 -19 -23 -22 -19 -19 -22 -20 -25 -21 -21 -20 -22 -24 -30 -32 -32 -32 -32 -32 -26 -22 -23 -32 -25 -30 -19 -31 -31 -21 -31 -26 -25 -30 -29 -30 -32 -31 -32 -30 -31 -32 -32 -28 -30 -29 -29 -28 -28 -29 -29 -27 -28 -27 -24 -25 -24 -26 -24 -21 -24 -26 -28 -27 -27 -27 -27 -28 -26 -28 -27 -26 -26 -25 -26 -26 -25
-6 -6 -5 -5 -7 -12 -12 -17 -12 -12 -10 -8 -9 -10 -16 -22 -23 -20 -22 -21 -27 -23 -22 -18 -19 -20 -21 -24 -21 -20 -26 -29 -32 -30 -28 -32 -32 -33 -26 -25 -26 -24 -20 -19 -22 -32 -29 -24 -33 -32 -23 -28 -27 -32 -32 -32 -32 -32 -32 -32 -31 -30 -28 -28 -26 -26 -26 -27 -28 -27 -24 -26 -22 -25 -21 -26 -23 -21 -23 -24 -27 -27 -27 -26 -28 -28 -27 -27 -26 -26 -25 -26 -26 -26 -26
-7 -6 -6 -6 -6 -10 -13 -14 -12 -10 -10 -8 -10 -11 -15 -23 -24 -19 -21 -20 -29 -24 -22 -20 -21 -25 -22 -18 -21 -24 -23 -32 -32 -31 -25 -31 -32 -27 -27 -24 -20 -22 -24 -25 -25 -33 -33 -22 -33 -34 -24 -30 -30 -28 -33 -34 -33 -34 -33 -32 -31 -29 -28 -25 -26 -30 -31 -29 -29 -26 -28 -26 -26 -26 -23 -23 -21 -24 -20 -24 -26 -27 -23 -22 -23 -27 -25 -26 -24 -25 -25 -24 -25 -25 -26
-7 -6 -6 -6 -6 -14 -16 -15 -11 -9 -8 -9 -11 -12 -17 -27 -22 -21 -20 -20 -24 -23 -25 -24 -25 -26 -23 -22 -22 -19 -22 -29 -29 -30 -23 -31 -31 -32 -27 -28 -23 -24 -32 -23 -26 -33 -34 -23 -31 -34 -31 -28 -32 -33 -29 -33 -34 -34 -33 -31 -31 -28 -30 -27 -28 -29 -29 -29 -30 -30 -26 -27 -27 -27 -26 -26 -24 -26 -25 -20 -24 -26 -22 -27 -24 -22 -23 -23 -25 -28 -28 -26 -27 -26 -26
-7 -6 -7 -6 -6 -8 -12 -11 -11 -9 -11 -9 -11 -16 -16 -25 -23 -21 -20 -20 -26 -25 -24 -24 -25 -23 -25 -24 -21 -22 -22 -24 -27 -25 -27 -29 -26 -30 -31 -25 -23 -26 -32 -29 -25 -35 -35 -25 -34 -33 -32 -27 -34 -34 -33 -33 -34 -33 -34 -34 -33 -32 -31 -30 -26 -27 -29 -31 -28 -26 -25 -27 -26 -27 -27 -22 -25 -26 -25 -21 -21 -27 -26 -27 -28 -26 -26 -27 -26 -27 -27 -28 -26 -26 -27
-8 -6 -7 -7 -7 -11 -14 -10 -10 -8 -9 -12 -15 -17 -20 -23 -21 -20 -19 -27 -26 -24 -24 -24 -23 -21 -24 -22 -21 -23 -28 -27 -28 -24 -25 -30 -30 -30 -24 -22 -26 -33 -33 -31 -25 -34 -35 -28 -26 -31 -33 -34 -30 -33 -35 -34 -33 -33 -33 -34 -33 -32 -29 -28 -26 -30 -29 -29 -28 -29 -26 -27 -28 -27 -25 -26 -26 -27 -26 -22 -20 -22 -22 -29 -27 -27 -27 -27 -27 -27 -28 -28 -27 -27 -27
-7 -6 -6 -7 -7 -12 -15 -11 -10 -13 -11 -15 -16 -16 -16 -22 -20 -18 -21 -24 -23 -23 -22 -23 -22 -20 -24 -23 -23 -24 -28 -27 -27 -27 -28 -29 -31 -28 -29 -24 -27 -29 -34 -34 -34 -33 -36 -34 -32 -30 -33 -34 -34 -33 -35 -35 -34 -34 -33 -34 -32 -33 -29 -28 -27 -30 -31 -30 -30 -27 -28 -29 -29 -27 -26 -28 -26 -24 -27 -26 -21 -23 -28 -27 -29 -29 -28 -27 -27 -28 -28 -26 -27 -27 -27
-8 -7 -7 -7 -7 -7 -16 -12 -8 -11 -13 -16 -16 -21 -21 -20 -22 -20 -18 -26 -22 -23 -20 -23 -21 -20 -26 -24 -23 -30 -28 -25 -25 -26 -22 -28 -27 -26 -25 -26 -33 -33 -35 -35 -35 -34 -37 -36 -35 -27 -33 -35 -36 -36 -35 -34 -35 -34 -34 -33 -32 -29 -31 -29 -29 -28 -29 -29 -27 -28 -29 -30 -29 -28 -27 -27 -26 -26 -26 -25 -21 -21 -25 -28 -28 -28 -27 -27 -28 -28 -27 -27 -27 -27 -26
-8 -7 -7 -7 -7 -8 -10 -12 -9 -16 -18 -18 -20 -23 -24 -25 -22 -23 -18 -24 -22 -22 -21 -23 -19 -23 -26 -24 -25 -30 -24 -26 -30 -25 -29 -19 -27 -30 -28 -32 -31 -35 -35 -34 -33 -36 -36 -37 -38 -31 -32 -37 -37 -36 -36 -35 -35 -35 -34 -35 -32 -30 -31 -29 -28 -26 -30 -30 -30 -30 -30 -30 -29 -27 -28 -26 -29 -28 -28 -28 -27 -21 -22 -25 -28 -25 -28 -28 -28 -25 -28 -28 -28 -26 -28
-8 -7 -7 -7 -7 -9 -12 -14 -16 -16 -18 -19 -20 -26 -25 -26 -25 -27 -21 -20 -21 -23 -17 -22 -19 -24 -23 -21 -26 -31 -24 -22 -26 -24 -29 -25 -25 -25 -26 -33 -33 -34 -35 -35 -35 -36 -36 -31 -37 -34 -29 -36 -36 -34 -35 -36 -36 -36 -35 -35 -33 -32 -31 -31 -28 -27 -29 -30 -30 -29 -30 -30 -29 -28 -28 -29 -29 -28 -29 -28 -24 -24 -20 -23 -28 -23 -26 -26 -24 -27 -28 -28 -28 -26 -28
-8 -7 -7 -7 -7 -10 -11 -12 -13 -12 -14 -17 -22 -25 -25 -30 -21 -29 -23 -16 -23 -26 -19 -19 -21 -24 -24 -21 -25 -29 -23 -26 -21 -22 -24 -20 -24 -26 -33 -32 -33 -35 -35 -34 -34 -36 -35 -37 -38 -35 -36 -31 -35 -34 -36 -35 -36 -35 -36 -34 -33 -30 -30 -31 -30 -29 -28 -29 -30 -29 -29 -29 -29 -29 -27 -27 -27 -26 -27 -28 -23 -21 -21 -22 -27 -23 -26 -26 -28 -28 -28 -28 -28 -27 -27
-8 -7 -7 -7 -7 -9 -14 -16 -16 -15 -12 -12 -15 -21 -21 -25 -22 -25 -22 -16 -21 -23 -20 -15 -21 -26 -22 -21 -27 -26 -22 -23 -22 -18 -19 -24 -29 -24 -31 -33 -34 -35 -35 -35 -35 -37 -36 -37 -38 -34 -36 -33 -34 -33 -36 -36 -37 -34 -35 -31 -29 -28 -30 -31 -29 -29 -29 -28 -28 -29 -29 -28 -28 -28 -25 -25 -24 -23 -24 -27 -24 -26 -23 -21 -22 -26 -27 -29 -28 -28 -26 -28 -28 -27 -25
-8 -7 -7 -7 -7 -8 -16 -14 -15 -15 -12 -15 -19 -22 -20 -25 -22 -27 -23 -15 -21 -23 -20 -19 -23 -22 -20 -19 -25 -22 -20 -21 -23 -18 -25 -26 -26 -27 -31 -33 -34 -34 -35 -34 -35 -37 -37 -37 -36 -36 -35 -35 -35 -33 -33 -34 -35 -35 -32 -33 -30 -27 -30 -30 -29 -29 -29 -29 -29 -29 -29 -29 -27 -29 -28 -29 -29 -26 -26 -24 -22 -27 -23 -21 -24 -27 -28 -28 -28 -27 -28 -28 -28 -27 -26
-8 -7 -7 -7 -6 -10 -12 -12 -14 -15 -14 -16 -20 -20 -24 -23 -21 -21 -19 -17 -24 -22 -14 -21 -27 -23 -23 -19 -26 -23 -21 -24 -17 -21 -22 -26 -32 -32 -32 -33 -33 -34 -34 -35 -36 -37 -38 -37 -37 -35 -35 -35 -34 -33 -36 -36 -35 -32 -33 -31 -30 -28 -27 -29 -29 -29 -29 -28 -29 -28 -29 -29 -26 -29 -28 -27 -29 -27 -25 -22 -22 -28 -28 -21 -24 -24 -28 -25 -27 -23 -28 -26 -28 -26 -26
-7 -7 -6 -6 -6 -9 -15 -14 -14 -19 -17 -19 -21 -19 -23 -16 -24 -21 -13 -25 -25 -20 -14 -21 -23 -19 -15 -20 -28 -26 -19 -21 -18 -20 -25 -22 -28 -33 -33 -33 -33 -34 -35 -36 -36 -33 -36 -35 -36 -36 -35 -34 -35 -34 -35 -35 -35 -31 -30 -32 -30 -30 -29 -28 -28 -28 -27 -27 -27 -28 -29 -28 -26 -27 -29 -28 -25 -25 -23 -27 -24 -27 -27 -22 -21 -25 -27 -23 -22 -23 -29 -26 -28 -28 -23
-7 -6 -5 -5 -5 -8 -16 -18 -16 -17 -11 -18 -20 -15 -18 -16 -20 -13 -16 -21 -23 -21 -13 -24 -27 -22 -15 -21 -29 -24 -22 -22 -20 -15 -23 -30 -23 -27 -33 -32 -34 -34 -34 -35 -36 -36 -35 -36 -35 -37 -34 -33 -33 -32 -33 -34 -33 -32 -29 -30 -31 -27 -28 -28 -26 -28 -26 -27 -27 -28 -29 -27 -28 -26 -26 -25 -25 -23 -23 -27 -28 -26 -29 -26 -25 -22 -22 -22 -21 -24 -24 -28 -30 -30 -22
-6 -5 -5 -5 -4 -6 -16 -12 -13 -13 -14 -18 -23 -17 -15 -19 -12 -14 -22 -24 -23 -23 -13 -20 -27 -24 -21 -20 -23 -20 -14 -22 -20 -21 -20 -27 -31 -33 -29 -33 -33 -34 -35 -35 -35 -34 -35 -33 -35 -34 -34 -32 -33 -31 -33 -33 -31 -33 -30 -29 -29 -29 -29 -27 -27 -27 -26 -26 -28 -28 -28 -28 -26 -27 -24 -23 -25 -27 -27 -28 -26 -27 -27 -25 -27 -24 -24 -28 -23 -21 -27 -28 -27 -28 -22
-4 -5 -5 -4 -3 -5 -8 -6 -7 -10 -12 -16 -19 -14 -12 -18 -18 -11 -15 -19 -18 -18 -18 -23 -25 -21 -21 -22 -13 -16 -24 -29 -29 -26 -29 -23 -28 -34 -34 -33 -33 -34 -34 -33 -35 -34 -30 -34 -33 -32 -34 -34 -31 -29 -30 -32 -31 -30 -30 -28 -29 -29 -27 -27 -27 -26 -26 -29 -27 -27 -28 -29 -27 -25 -26 -26 -28 -26 -26 -28 -27 -27 -27 -25 -24 -23 -28 -30 -26 -23 -23 -22 -22 -22 -22
-4 -4 -3 -3 -2 -3 -16 -14 -13 -12 -12 -21 -9 -16 -14 -13 -21 -18 -19 -11 -19 -16 -14 -24 -25 -16 -14 -13 -11 -18 -22 -29 -30 -28 -30 -30 -30 -31 -33 -33 -33 -30 -31 -30 -32 -33 -29 -30 -31 -31 -32 -30 -31 -30 -30 -31 -29 -29 -29 -28 -28 -28 -27 -26 -25 -26 -27 -27 -26 -27 -29 -27 -28 -26 -27 -28 -27 -25 -25 -28 -30 -26 -27 -24 -27 -24 -25 -28 -27 -25 -26 -26 -24 -27 -28
-3 -2 -2 -2 -2 -1 -5 -10 -17 -19 -20 -17 -22 -21 -20 -9 -15 -24 -23 -16 -10 -20 -18 -17 -19 -17 -10 -16 -12 -16 -18 -21 -29 -29 -29 -30 -30 -31 -32 -31 -31 -29 -29 -28 -30 -30 -29 -30 -30 -30 -29 -31 -30 -29 -28 -29 -29 -30 -27 -26 -29 -26 -26 -25 -26 -26 -27 -26 -28 -26 -26 -25 -27 -26 -26 -27 -28 -27 -27 -28 -27 -28 -25 -27 -25 -26 -25 -26 -28 -26 -28 -26 -25 -27 -28
-3 -1 -1 -1 0 1 -3 -13 -18 -20 -12 -12 -18 -20 -15 -8 -18 -21 -22 -19 -15 -12 -10 -15 -10 -16 -13 -18 -22 -11 -19 -24 -25 -28 -29 -26 -29 -30 -29 -29 -27 -28 -28 -28 -29 -29 -28 -27 -27 -30 -29 -28 -27 -28 -30 -28 -26 -27 -27 -28 -25 -25 -25 -26 -26 -28 -26 -27 -25 -26 -25 -27 -26 -26 -26 -26 -27 -27 -27 -27 -28 -28 -26 -27 -26 -27 -26 -28 -29 -25 -29 -24 -27 -26 -28
-2 -1 -1 0 1 1 0 -9 -9 -18 -11 -8 -18 -12 -11 -12 -13 -11 -18 -21 -22 -13 -14 -10 -16 -22 -15 -25 -27 -17 -18 -24 -27 -28 -27 -28 -27 -28 -28 -27 -27 -24 -26 -27 -27 -27 -27 -27 -26 -28 -27 -26 -28 -27 -25 -25 -26 -29 -26 -26 -25 -24 -27 -26 -26 -27 -25 -25 -25 -26 -24 -26 -25 -25 -25 -25 -26 -26 -27 -27 -26 -27 -28 -25 -26 -27 -25 -24 -27 -28 -29 -27 -28 -28 -29
-1 0 1 1 2 2 1 -3 -6 -11 -10 -7 -11 -12 -17 -10 -14 -16 -20 -18 -20 -14 -17 -19 -22 -20 -13 -20 -27 -15 -17 -26 -26 -26 -24 -25 -22 -25 -23 -26 -25 -22 -24 -25 -25 -26 -26 -23 -26 -26 -26 -25 -26 -28 -27 -28 -24 -26 -25 -26 -24 -26 -27 -27 -25 -24 -25 -25 -26 -24 -26 -27 -25 -24 -26 -25 -25 -26 -25 -25 -25 -25 -26 -27 -27 -26 -27 -25 -27 -29 -26 -27 -25 -27 -28
-1 1 2 2 2 3 2 -2 -6 -5 -2 -5 -6 -7 -15 -7 -19 -20 -16 -18 -14 -8 -19 -24 -21 -17 -14 -22 -23 -13 -20 -14 -16 -23 -22 -22 -16 -19 -24 -24 -23 -24 -24 -24 -25 -24 -24 -24 -25 -24 -23 -24 -25 -25 -25 -26 -27 -22 -24 -22 -26 -27 -27 -27 -25 -24 -24 -23 -25 -24 -26 -26 -24 -24 -24 -25 -25 -24 -25 -26 -26 -25 -27 -28 -27 -28 -26 -27 -27 -29 -27 -29 -26 -28 -29
0 1 2 2 3 3 3 2 1 -9 -5 -5 -4 -7 -19 -8 -8 -10 -15 -13 -8 -12 -21 -22 -21 -19 -18 -21 -22 -22 -17 -20 -11 -16 -21 -20 -16 -21 -21 -20 -22 -23 -23 -23 -23 -24 -24 -23 -24 -23 -23 -23 -24 -26 -25 -25 -26 -22 -22 -26 -25 -27 -26 -27 -25 -24 -23 -23 -25 -23 -25 -24 -24 -24 -24 -25 -26 -23 -24 -26 -24 -26 -24 -26 -28 -28 -27 -28 -29 -30 -29 -29 -28 -29 -30
0 1 2 2 2 3 3 -2 -8 -14 -19 -16 -18 -2 -16 -8 -14 -9 -8 -8 -14 -15 -19 -21 -20 -21 -19 -20 -22 -21 -22 -21 -17 -12 -14 -15 -20 -22 -21 -21 -21 -22 -21 -19 -18 -19 -21 -21 -24 -23 -22 -23 -23 -25 -25 -24 -24 -22 -24 -22 -26 -25 -26 -26 -24 -23 -22 -24 -24 -23 -24 -23 -25 -26 -25 -26 -23 -23 -24 -23 -25 -22 -24 -27 -26 -29 -27 -28 -28 -30 -29 -29 -28 -30 -29
