DE_airtemperature/2010/2010_08_air_temp_min.asc
NCOLS 654
NROWS 866
XLLCORNER 3280414.711633467
YLLCORNER 5237500.62890625
CELLSIZE 1000
NODATA_VALUE -999
[rows 656 to 696 of 866, columns 188 to 281 of 654]
137 137 136 135 135 134 133 131 131 133 130 130 130 131 129 128 130 130 129 128 129 129 130 130 129 129 130 130 130 129 129 127 127 127 128 128 128 128 128 128 128 129 130 129 130 129 131 131 127 128 129 128 130 129 128 129 128 127 127 126 128 129 129 129 130 129 125 128 126 127 130 128 127 125 123 121 121 121 122 119 121 123 124 122 125 125 126 123 124 119 120 123 118 117
137 136 136 135 134 135 134 132 132 132 131 130 130 130 129 129 129 129 128 129 129 130 129 130 129 129 130 129 130 129 128 128 127 128 129 128 129 128 129 129 129 129 130 129 129 130 131 130 130 128 128 129 129 129 130 129 128 127 127 126 127 128 129 129 129 129 129 128 125 125 129 130 129 126 127 124 121 121 122 121 119 124 125 123 123 125 121 120 122 119 119 119 122 118
136 136 135 134 133 132 133 133 133 132 132 131 129 129 130 129 130 130 129 129 129 130 129 130 130 130 130 129 129 128 128 128 128 128 128 129 129 129 129 129 130 130 130 129 129 130 131 130 130 129 128 127 127 129 128 129 129 130 127 129 129 129 128 129 129 128 128 127 128 124 124 126 128 129 124 121 121 121 120 120 120 124 125 125 125 123 122 121 121 119 119 118 118 123
135 135 135 132 131 131 132 132 133 133 132 131 131 130 130 130 130 127 128 128 129 129 130 130 130 130 129 128 128 128 128 128 129 129 129 129 128 128 127 128 128 129 129 129 129 130 131 130 129 128 128 125 128 127 129 129 128 129 129 130 128 126 127 127 125 129 127 124 126 121 122 124 127 128 122 121 121 121 120 121 119 119 124 125 127 126 122 120 121 120 119 118 118 118
135 135 135 131 131 130 132 131 132 133 133 132 131 130 131 129 129 129 129 129 129 129 130 130 130 129 128 125 127 128 128 128 128 128 127 127 127 125 125 128 128 128 128 129 131 131 130 130 129 127 128 125 126 127 128 128 127 128 129 129 129 128 125 125 125 126 124 123 122 128 124 122 124 127 125 122 122 121 121 123 120 122 123 124 125 126 122 121 121 121 120 120 119 119
135 134 132 133 133 132 132 131 131 132 131 132 132 131 130 129 128 129 129 130 129 128 129 130 130 128 126 126 128 128 127 128 126 125 124 124 126 128 128 128 128 128 129 130 130 130 129 129 127 125 124 123 125 124 125 126 127 127 128 129 128 126 125 125 123 123 124 120 123 124 124 122 122 122 123 125 121 121 123 124 123 120 123 123 124 126 123 122 121 121 120 120 120 119
132 130 130 130 132 133 132 130 131 130 130 131 131 129 129 128 129 129 130 128 129 128 128 128 128 127 127 125 125 127 127 126 124 124 125 124 124 127 128 128 129 130 130 130 130 129 129 128 128 125 125 125 126 125 125 126 123 125 126 127 128 124 123 121 123 123 120 121 121 125 127 125 122 122 122 123 125 121 121 124 124 123 123 124 124 125 124 122 122 121 119 120 120 120
130 130 130 131 132 133 131 131 129 129 129 129 129 130 129 129 127 129 128 128 127 129 128 127 127 124 125 127 125 126 126 122 125 126 126 126 127 127 128 128 128 128 129 129 130 128 128 129 128 128 125 126 125 124 126 128 126 124 125 126 122 123 121 119 120 121 120 121 121 123 123 124 122 122 122 122 122 123 120 123 125 125 123 124 124 126 123 123 122 117 120 120 120 120
129 130 130 130 131 133 131 129 129 129 129 128 129 130 129 130 128 128 128 127 126 126 126 124 124 124 125 125 125 125 123 125 125 126 127 128 127 127 126 128 128 128 128 129 129 129 126 127 127 125 126 127 126 127 126 127 127 125 123 124 121 119 121 123 118 121 121 122 122 121 122 123 123 122 122 122 122 122 121 124 125 125 125 124 124 125 124 123 121 119 120 118 119 120
133 132 130 130 131 132 131 130 130 129 129 128 129 127 128 129 128 128 127 126 128 126 122 122 123 123 124 125 124 124 124 125 126 127 126 126 128 127 127 128 128 128 130 130 129 128 127 126 125 126 126 127 127 127 128 127 125 124 123 122 120 121 121 121 118 120 120 122 122 122 121 123 122 122 122 122 122 122 122 125 125 125 125 124 124 125 126 122 121 119 119 119 117 117
130 132 131 130 130 130 131 130 130 128 128 127 127 128 127 128 127 127 126 126 126 124 123 124 122 124 124 124 123 123 125 125 126 126 127 127 127 127 128 128 127 128 129 130 128 128 127 126 125 126 127 127 127 128 127 125 123 123 124 122 120 120 124 120 122 119 121 122 122 123 121 122 122 123 123 123 123 123 126 124 125 126 125 125 125 124 126 123 121 119 119 120 119 119
130 131 130 129 130 131 131 130 127 126 127 126 125 125 126 126 126 126 125 123 122 122 124 122 123 124 125 123 125 126 126 126 126 125 126 125 126 127 127 127 126 129 129 128 129 126 127 126 127 126 127 129 127 126 126 126 124 125 124 121 124 121 123 122 123 119 119 119 121 122 123 123 123 123 124 123 124 126 123 122 126 126 126 126 125 124 124 121 120 119 119 117 119 120
131 130 129 129 130 130 130 129 127 127 127 126 126 126 125 124 126 125 123 123 121 122 120 122 123 123 122 123 122 124 123 125 125 125 124 125 125 125 126 127 127 126 127 127 129 126 127 127 126 128 128 129 128 126 127 127 127 124 122 125 121 123 121 124 125 120 122 123 120 122 123 123 123 123 125 124 124 127 122 122 122 125 124 125 126 127 124 122 121 118 118 117 118 119
131 131 129 129 130 129 129 129 129 128 127 126 126 126 124 123 125 121 121 120 120 116 119 117 119 120 121 121 119 119 121 123 123 124 123 121 123 125 126 126 127 128 128 129 128 126 126 127 125 127 128 128 128 127 128 127 127 124 127 124 123 122 122 124 124 121 120 125 122 121 121 122 122 123 123 125 124 127 124 123 123 123 124 123 121 127 121 124 123 119 117 119 119 119
131 129 129 128 130 127 129 129 129 128 129 126 126 125 125 124 122 120 120 119 119 117 119 118 118 117 116 118 118 118 118 115 120 121 119 122 124 125 125 126 127 129 128 126 127 126 126 126 125 126 127 127 127 128 129 129 129 128 126 124 121 119 122 120 125 125 124 124 124 122 123 121 121 124 123 124 124 126 127 127 124 122 121 121 124 126 126 124 121 119 118 118 120 119
130 130 129 129 128 129 129 127 128 129 128 127 127 127 124 123 122 121 119 118 118 117 117 116 116 118 117 117 117 118 118 117 118 118 121 122 123 124 125 125 125 125 127 126 125 125 125 125 127 125 127 128 128 129 128 130 128 126 126 125 121 123 121 123 127 123 124 126 124 123 125 123 123 124 124 123 124 125 124 127 123 123 123 120 126 125 126 124 124 118 118 117 118 119
129 130 131 129 128 128 127 126 127 128 127 126 126 125 124 122 122 119 118 117 117 118 118 117 117 115 118 120 120 120 121 122 122 118 120 122 121 123 125 125 125 124 128 126 124 124 125 126 126 127 128 130 129 129 130 127 128 126 124 121 120 121 120 125 125 127 126 124 128 124 127 125 124 126 124 125 124 124 126 126 127 126 122 122 122 126 125 125 122 120 118 117 119 119
128 129 129 129 130 128 127 128 126 128 126 126 124 124 124 119 118 118 117 117 118 119 118 117 117 118 118 116 116 116 118 122 122 120 120 122 123 124 125 125 124 124 127 128 125 125 125 126 126 126 128 129 130 130 129 129 124 124 126 124 124 123 124 125 123 127 128 129 129 127 128 124 126 128 126 127 126 127 127 123 126 127 122 125 122 123 124 126 124 122 119 118 117 117
129 129 128 127 126 127 127 127 128 126 127 125 125 124 123 122 121 119 117 116 116 117 117 117 115 117 118 118 119 120 115 118 123 124 124 124 125 124 124 124 126 127 128 128 129 128 130 127 127 128 128 129 130 129 127 124 125 127 126 126 127 127 126 126 126 126 130 129 127 129 130 126 129 128 128 128 125 124 127 123 123 126 124 125 123 126 124 125 125 124 120 121 118 118
127 128 129 126 128 127 126 126 126 125 126 124 124 124 123 120 119 117 117 116 116 116 116 115 117 118 119 120 120 120 120 121 123 123 124 125 125 124 124 124 124 126 128 124 129 129 130 127 128 129 129 128 130 127 127 128 127 128 128 128 129 129 126 126 129 130 127 125 122 126 130 130 130 126 131 129 124 127 123 128 125 124 127 126 126 126 126 124 126 124 120 119 120 118
128 129 130 127 128 127 126 125 125 125 124 123 124 123 119 120 118 117 116 116 116 116 116 116 116 116 116 115 117 121 123 124 124 123 125 125 124 124 123 124 126 126 128 126 125 125 128 129 130 130 129 129 130 129 129 128 127 127 128 127 128 129 128 129 129 130 127 125 121 124 123 124 130 130 131 128 127 128 128 127 125 122 123 125 126 123 126 126 126 125 124 119 122 121
128 130 130 128 127 128 126 125 125 125 124 123 123 123 123 121 120 118 117 115 116 116 117 117 117 117 118 119 118 120 122 124 123 123 124 125 125 124 124 124 124 124 127 125 126 128 130 130 130 130 130 130 130 128 129 129 127 126 128 128 129 128 129 129 129 130 127 125 122 123 122 124 125 125 126 125 129 129 129 125 122 122 122 124 125 124 122 122 122 124 120 123 120 121
130 131 130 131 130 129 128 126 126 124 124 123 124 124 123 122 121 119 118 117 116 114 115 117 118 117 119 119 121 121 122 123 123 125 124 125 125 125 124 126 126 128 128 127 129 130 131 131 131 132 131 132 132 129 129 129 128 128 129 128 129 129 129 129 128 130 128 127 127 125 123 123 123 122 124 124 125 127 128 127 123 122 123 123 123 121 122 122 124 121 122 120 120 123
131 130 129 130 127 130 129 126 126 125 123 123 124 123 122 121 120 120 117 117 117 115 115 116 118 118 119 120 121 121 122 123 124 123 123 123 123 123 124 126 128 128 128 128 130 131 131 131 130 130 130 129 130 132 129 129 128 128 129 129 130 130 130 130 131 130 128 127 129 126 123 123 124 123 124 126 124 123 126 124 124 122 124 122 121 122 122 121 121 121 119 118 119 120
131 129 129 129 128 127 128 127 125 125 123 123 123 123 120 119 118 117 120 118 116 115 116 117 119 117 119 121 121 121 122 122 123 123 124 122 123 125 127 128 127 127 128 129 129 131 132 132 130 131 131 131 130 130 130 131 129 129 128 129 130 130 130 130 130 130 129 128 128 127 126 123 121 123 123 124 122 123 123 122 121 120 120 119 119 121 120 120 119 120 119 119 119 118
131 129 130 127 129 126 126 125 125 125 125 124 122 121 121 120 121 121 118 118 119 117 119 118 120 120 121 122 121 120 121 122 123 124 125 125 126 126 125 126 126 127 129 129 129 131 132 131 131 132 131 130 130 130 130 131 130 131 131 131 131 129 129 128 129 130 130 128 129 127 126 124 121 122 122 120 121 122 119 120 120 122 120 121 121 121 121 120 120 116 117 118 119 122
129 129 128 127 127 125 126 124 125 125 124 124 123 123 120 120 123 119 117 118 118 119 118 119 121 120 120 121 123 124 123 125 124 126 125 124 124 125 125 127 128 128 129 130 131 131 131 134 134 131 132 131 131 132 131 131 130 132 131 131 130 130 130 129 129 130 129 128 129 129 128 127 122 121 123 121 120 119 119 120 120 120 121 121 117 117 120 120 120 120 116 119 118 119
128 128 127 126 126 125 125 125 124 124 124 124 123 124 125 123 121 117 116 117 117 117 117 118 119 120 121 121 125 125 125 125 125 125 124 125 127 127 125 127 128 129 130 132 132 131 132 134 132 132 132 132 132 131 131 131 132 132 131 131 131 129 130 129 129 130 128 129 128 127 127 122 121 122 122 120 121 120 121 119 121 120 121 121 118 119 120 120 120 118 117 116 117 118
129 126 125 127 124 125 124 123 126 125 124 123 126 125 122 121 120 119 118 117 117 117 117 119 120 120 119 120 122 122 124 125 124 124 125 125 126 125 127 128 128 129 130 131 132 132 133 134 136 135 136 133 133 134 133 132 132 132 132 130 130 130 130 127 129 129 128 128 127 126 121 123 122 124 123 120 122 120 121 118 121 121 121 121 118 120 118 119 119 118 118 118 116 116
130 129 127 125 124 125 124 123 124 125 126 126 125 123 121 120 121 120 120 117 117 117 118 118 117 122 120 121 121 122 122 123 123 125 125 126 128 127 127 129 129 129 130 131 131 132 133 133 133 134 136 134 135 134 134 133 132 132 133 131 131 131 129 127 124 129 124 123 123 123 121 127 125 127 125 120 123 120 120 119 120 121 120 119 117 119 119 117 116 120 119 116 116 116
129 128 127 127 124 124 125 126 127 127 127 123 123 122 121 120 121 118 118 116 118 118 119 119 122 121 120 121 122 122 123 122 124 126 125 126 127 127 128 128 129 130 131 132 132 133 133 134 134 134 136 136 134 134 135 134 133 133 132 133 131 131 130 128 124 122 124 125 123 128 128 129 125 123 122 122 121 119 120 119 120 118 120 119 119 120 120 117 118 119 119 116 116 118
128 125 126 124 123 124 126 125 124 127 124 122 122 121 120 120 120 120 117 117 118 116 118 119 120 120 119 121 123 123 121 121 123 125 125 126 129 128 128 128 129 130 131 133 132 134 134 135 135 135 136 137 135 134 135 135 134 133 133 133 133 131 130 128 124 125 125 124 122 126 129 127 124 121 120 121 121 120 120 118 119 118 120 121 120 120 120 117 117 119 117 117 117 117
127 127 125 123 123 126 123 123 126 122 124 120 120 120 119 118 119 118 117 118 118 118 119 122 120 121 121 122 123 121 121 122 124 124 126 128 130 128 128 129 129 130 131 133 134 134 136 136 136 136 136 137 135 135 134 135 135 135 133 132 133 131 130 126 127 126 127 123 128 129 129 126 123 123 120 118 121 119 120 118 119 118 121 122 120 120 121 118 117 118 120 117 118 117
125 125 122 121 121 123 121 125 122 121 122 125 122 119 118 118 118 116 118 118 118 122 119 119 118 117 119 120 120 121 122 124 124 125 127 128 127 129 129 129 129 130 132 134 134 135 137 138 136 137 138 135 136 136 136 134 135 133 131 131 132 130 129 129 125 126 125 125 125 126 129 128 127 124 120 119 119 120 119 119 119 118 118 120 122 122 121 119 118 118 118 118 117 118
122 120 123 125 122 123 119 124 125 121 121 120 122 120 117 117 117 117 118 118 121 119 118 118 118 119 120 121 123 120 121 123 124 125 127 127 128 128 129 130 130 131 134 135 135 137 138 137 138 138 137 135 134 134 136 135 133 131 127 130 132 126 126 126 126 126 125 123 123 124 128 128 125 123 122 122 120 118 118 119 119 119 119 120 119 119 119 119 120 118 118 118 120 117
118 124 119 122 115 116 119 119 122 120 119 118 124 118 117 116 116 117 118 120 117 118 119 117 118 119 121 120 121 120 121 123 125 125 126 129 128 128 129 130 131 131 134 136 137 139 138 139 140 138 136 135 135 134 137 134 133 133 132 127 127 128 122 125 126 126 125 126 124 125 129 128 125 122 122 123 120 122 120 119 118 118 120 119 120 119 119 119 119 120 120 119 119 117
117 124 118 115 118 116 116 118 124 125 118 117 118 123 123 118 117 118 117 118 118 118 117 117 118 118 118 121 121 119 121 124 123 125 127 128 128 128 128 129 130 132 135 136 139 139 139 140 139 138 137 135 134 135 137 135 134 134 134 127 130 125 122 120 125 123 124 126 128 126 127 128 126 125 122 125 122 120 124 121 119 120 119 122 121 121 123 120 119 120 118 117 118 118
124 115 115 118 115 115 115 115 114 119 125 116 116 118 117 118 118 118 118 119 117 117 118 118 118 117 118 118 118 120 122 123 123 125 126 128 128 130 131 131 132 132 135 136 139 139 140 141 138 137 137 136 135 135 135 136 135 134 134 133 129 129 126 125 123 123 122 124 127 129 125 127 127 127 124 126 125 122 125 122 122 123 123 123 121 122 124 123 120 121 119 121 120 119
122 115 113 114 113 114 113 113 115 119 124 117 116 116 117 118 122 119 119 119 117 119 117 118 117 117 118 118 118 119 120 122 123 125 127 127 129 129 131 132 131 132 134 138 138 138 139 141 140 139 138 136 136 136 135 135 135 135 135 134 133 132 131 126 124 122 126 124 125 128 128 129 127 127 125 126 123 123 125 125 124 125 124 122 124 124 121 120 120 122 120 120 122 118
118 114 111 110 112 112 112 114 116 117 117 120 116 116 117 118 121 120 120 117 117 119 118 116 116 116 118 118 118 120 122 123 125 126 127 127 129 130 131 132 132 133 136 138 138 139 141 141 141 140 138 137 136 136 135 135 135 134 134 134 133 131 130 130 129 128 128 128 127 128 127 127 128 128 127 126 124 120 121 125 124 125 124 121 126 124 123 122 121 122 123 123 121 122
118 117 119 112 113 114 116 115 115 115 115 123 119 117 117 117 117 119 120 119 118 117 116 116 117 116 117 119 118 119 122 123 124 121 126 128 129 128 130 131 131 131 135 136 137 141 142 143 141 140 138 136 135 134 133 134 133 134 132 131 132 127 124 128 127 127 127 127 127 127 126 125 125 125 127 127 123 123 123 124 124 127 126 126 126 121 121 123 123 124 122 121 121 120
