DE_sunshineduration/2018_12_sunshineduration.asc
NCOLS 654
NROWS 866
XLLCORNER 3280414.711633467
YLLCORNER 5237500.62890625
CELLSIZE 1000
NODATA_VALUE -999
[rows 795 to 847 of 866, columns 384 to 479 of 654]
44 44 43 42 41 41 41 41 41 41 42 43 43 44 44 40 40 41 41 40 40 40 40 40 42 43 43 43 43 43 42 42 43 42 42 42 41 42 41 41 41 41 41 41 41 41 38 39 39 38 38 38 37 37 38 38 39 40 41 41 42 42 42 43 43 43 43 43 43 42 44 44 43 43 41 41 40 40 41 41 41 42 41 40 40 39 38 36 35 36 35 34 32 32 31 31
43 44 43 42 41 41 41 41 41 41 43 42 44 44 44 40 40 41 41 40 40 40 40 42 43 43 43 42 42 43 43 42 42 42 42 42 42 42 41 41 41 41 41 40 40 41 42 41 40 42 41 39 37 37 38 39 39 39 40 41 42 42 42 43 43 43 43 43 43 43 42 42 42 43 42 40 40 40 40 40 39 41 40 40 40 40 38 37 35 36 34 33 32 32 33 32
44 44 43 42 41 41 41 41 41 41 42 43 44 44 44 40 40 41 41 40 40 40 40 41 43 43 42 42 42 43 43 43 42 42 43 42 42 42 42 41 42 41 42 41 41 41 41 42 42 42 40 40 42 40 40 39 39 40 39 41 41 41 43 42 43 43 43 43 43 43 41 41 42 42 41 40 40 41 41 41 41 41 41 40 40 39 37 37 35 35 35 34 32 34 34 33
44 43 43 43 41 42 41 41 41 41 42 43 43 44 44 43 40 40 40 41 41 40 40 40 41 43 43 43 42 42 43 42 43 41 43 43 42 42 42 42 42 42 43 44 44 39 42 43 42 42 42 40 42 42 43 41 41 40 40 41 40 41 41 42 42 42 42 42 42 42 41 41 40 41 41 41 41 41 40 43 42 41 42 41 40 39 39 37 36 35 35 35 34 34 34 34
44 44 42 42 42 42 42 41 41 41 41 41 43 43 44 42 40 41 41 41 40 40 40 41 41 43 42 41 40 41 42 43 43 42 43 43 43 43 42 42 42 44 45 42 41 42 39 43 43 44 43 40 42 43 44 43 41 40 40 41 40 40 41 41 41 42 42 42 42 41 41 40 41 41 42 41 41 42 42 44 44 42 42 41 40 40 39 37 36 36 35 35 35 35 34 34
45 45 43 42 42 42 42 41 41 41 41 41 43 44 42 40 39 40 40 40 40 40 40 41 40 41 42 40 42 42 43 44 43 42 44 44 43 43 43 43 44 47 47 47 44 42 40 43 43 45 43 43 42 43 46 45 41 41 41 41 40 40 40 41 41 41 41 42 42 42 40 40 40 41 40 42 41 42 43 43 42 42 43 41 41 41 40 37 36 36 35 35 35 35 34 36
44 43 43 42 42 42 41 41 41 41 41 41 43 43 43 43 41 39 40 40 40 40 40 41 41 41 41 42 41 42 44 45 43 42 43 44 44 43 43 44 45 42 44 42 43 42 40 43 43 45 44 41 42 41 43 43 44 40 40 40 40 40 40 40 41 41 41 41 41 41 40 40 40 40 40 41 41 43 43 42 42 42 42 41 42 40 40 38 36 36 36 35 35 35 35 34
43 44 43 43 42 42 41 41 41 40 41 40 41 43 43 41 40 40 40 40 40 40 41 42 40 40 40 41 42 41 43 43 42 42 43 44 44 44 44 43 43 44 43 43 42 42 41 42 43 44 43 42 42 42 43 42 43 40 39 40 39 39 40 40 40 40 40 40 40 40 39 39 40 40 41 42 42 42 43 44 41 42 42 41 40 40 40 40 37 37 38 35 35 35 35 35
42 42 43 43 42 42 42 40 40 40 40 40 40 42 41 40 39 40 40 40 40 41 41 40 40 40 40 40 42 42 42 42 42 42 43 43 44 44 44 44 44 44 44 43 43 40 42 41 42 43 43 42 42 43 43 43 42 40 39 39 38 39 39 39 39 39 40 40 39 40 40 39 39 39 40 40 42 42 42 42 43 44 44 42 40 40 41 44 45 41 42 43 39 35 35 35
42 42 43 43 43 43 40 40 40 40 40 40 41 40 40 40 40 40 40 40 40 42 41 40 41 40 40 40 42 42 42 42 43 43 43 43 44 44 44 44 44 44 44 44 44 43 44 42 42 43 45 44 42 42 43 43 43 40 40 39 38 38 39 39 39 39 39 39 39 39 39 39 39 40 43 45 47 45 43 44 46 49 54 45 40 42 45 46 48 46 47 49 48 35 35 35
41 41 43 43 43 42 40 40 40 40 40 40 40 40 41 40 40 40 40 40 42 42 40 40 40 41 40 43 42 42 42 42 43 42 43 43 44 44 44 44 44 44 44 44 43 43 44 42 43 44 43 42 43 44 45 47 46 45 44 41 39 39 38 39 39 39 38 39 39 39 39 39 42 43 49 49 45 43 45 48 52 52 50 45 40 42 45 49 48 48 51 52 44 36 35 35
40 41 42 42 42 42 41 40 40 39 39 40 39 39 40 39 39 40 39 39 41 40 40 40 40 41 41 41 42 42 42 42 42 42 41 42 43 43 43 43 44 44 43 43 44 44 44 43 43 47 44 45 43 44 45 45 47 49 48 48 39 39 39 39 38 38 38 38 38 38 38 38 41 48 46 43 44 45 46 50 52 60 51 50 40 42 51 53 59 62 56 54 52 37 36 35
40 42 42 42 42 42 41 39 39 39 39 39 39 40 39 39 39 39 39 39 40 40 40 41 42 42 41 41 42 42 42 41 41 41 42 42 43 43 43 43 43 43 43 44 44 45 43 43 47 49 45 45 45 42 44 44 45 49 49 45 43 41 40 38 40 37 37 37 37 38 38 39 41 43 44 42 43 47 53 55 64 59 57 48 42 55 57 65 63 56 58 42 40 36 36 36
41 41 42 41 41 41 40 39 39 39 39 39 39 39 39 39 39 39 39 40 40 40 40 42 43 42 40 41 42 42 42 42 42 41 42 43 43 43 43 43 43 42 43 44 46 46 44 44 47 46 48 46 45 44 46 45 45 49 50 50 50 44 43 42 46 47 40 37 37 37 38 38 40 46 41 42 45 52 59 68 58 67 52 42 45 60 65 60 53 56 50 36 36 36 36 36
41 42 41 41 41 40 40 40 39 40 40 39 39 39 39 39 39 39 39 39 40 41 42 45 45 42 42 40 42 42 41 41 41 42 43 43 44 44 44 45 42 43 44 45 47 45 44 44 44 44 47 50 50 48 42 44 46 50 52 59 55 46 49 55 51 49 43 38 37 37 37 38 39 41 48 46 49 57 -999 55 67 58 52 42 53 57 57 53 50 47 38 36 39 36 36 36
41 41 41 41 41 41 40 41 39 39 40 39 39 39 39 39 39 39 40 41 42 42 43 44 45 42 43 41 41 41 40 41 41 42 45 44 44 46 44 42 41 43 45 47 49 49 48 48 48 44 47 52 56 49 45 43 45 47 47 54 56 48 59 58 49 53 44 39 37 37 37 37 38 44 56 54 50 60 -999 60 68 54 49 43 54 57 56 55 49 43 37 42 42 48 39 37
40 40 41 41 41 41 41 41 40 39 40 40 39 40 39 39 39 39 40 41 45 51 51 51 47 42 43 41 40 41 41 46 49 49 47 51 50 47 45 42 40 43 50 56 55 53 58 54 47 44 43 47 52 50 45 43 44 47 53 53 55 48 51 56 59 54 43 39 38 38 37 36 36 40 54 52 -999 -999 -999 61 58 51 43 51 66 73 63 56 46 38 37 45 53 50 43 39
40 40 40 41 41 41 41 41 42 41 41 41 39 39 39 39 39 40 41 48 51 57 56 52 46 43 42 40 40 40 47 54 56 49 47 53 56 55 46 43 40 41 49 51 51 57 53 49 52 49 44 51 50 55 47 44 44 47 56 67 61 52 57 64 51 52 41 45 54 46 47 36 36 39 42 -999 -999 -999 -999 66 55 45 51 53 61 73 69 53 47 37 36 45 50 51 49 46
40 40 41 41 42 41 41 40 40 40 39 39 39 39 39 39 40 40 46 48 56 50 54 50 46 43 41 40 41 41 51 52 58 57 52 55 56 51 50 43 41 40 43 46 48 50 58 50 54 51 44 52 56 54 49 44 44 46 49 64 57 64 61 63 61 58 43 49 61 56 46 40 36 40 58 -999 -999 -999 -999 -999 54 44 59 66 67 69 60 51 40 38 42 55 52 52 51 47
40 41 40 41 43 43 41 42 41 40 39 38 39 38 39 38 40 40 45 45 47 51 54 50 44 42 41 40 41 41 42 43 43 53 54 59 52 51 47 44 42 40 41 46 52 55 60 57 53 56 46 45 45 44 44 44 44 46 47 57 66 77 67 67 58 56 53 43 57 56 46 40 36 40 -999 -999 -999 -999 -999 -999 -999 -999 52 55 63 60 60 42 55 41 40 49 46 46 47 45
39 39 39 39 41 42 40 42 44 41 38 38 38 38 38 39 39 40 47 50 49 49 53 53 45 42 41 40 41 41 47 49 50 49 50 58 60 49 49 44 43 41 41 42 47 47 52 56 53 54 57 47 45 54 50 54 47 44 45 49 57 61 67 61 55 55 48 48 58 54 54 52 36 36 -999 -999 -999 -999 -999 -999 -999 -999 -999 -999 -999 -999 -999 -999 -999 52 40 41 41 43 41 39
39 39 39 39 41 40 42 43 43 40 38 38 38 38 38 38 39 43 46 52 56 50 50 47 44 43 42 41 41 42 50 49 54 51 51 55 56 55 46 52 53 44 42 42 42 42 43 54 60 56 60 53 56 66 51 66 54 45 47 45 50 50 58 55 54 52 50 50 54 52 55 52 37 36 -999 -999 -999 -999 -999 -999 -999 -999 -999 -999 -999 -999 -999 -999 -999 -999 -999 -999 -999 40 39 39
40 39 39 39 40 40 43 42 40 38 38 38 38 38 38 39 41 47 46 47 48 55 53 49 47 48 41 41 40 41 46 56 59 59 66 55 52 47 56 59 55 47 42 43 47 50 43 54 63 59 66 57 60 67 62 62 54 48 47 47 44 45 50 57 58 49 49 45 43 46 48 43 45 36 -999 -999 -999 -999 -999 -999 -999 -999 -999 -999 -999 -999 -999 -999 -999 -999 -999 -999 -999 -999 42 44
39 38 39 39 40 40 39 37 38 38 38 38 37 38 38 40 45 52 49 51 52 53 57 50 53 56 44 41 40 41 47 53 55 57 58 55 50 51 66 53 48 43 42 50 50 68 53 56 65 59 57 53 57 66 67 62 57 51 50 65 60 48 48 62 57 54 58 54 47 42 43 39 38 35 35 -999 -999 -999 -999 -999 -999 -999 -999 -999 -999 -999 -999 -999 -999 -999 -999 -999 -999 -999 47 49
38 39 38 38 37 36 40 38 37 37 37 37 37 37 37 42 46 51 49 54 53 57 54 57 57 60 54 44 41 41 42 45 48 52 58 62 50 59 65 58 50 43 47 58 62 62 58 49 53 61 61 53 56 59 70 69 75 63 48 51 60 48 54 63 66 62 63 63 57 46 42 45 39 35 35 35 35 -999 -999 -999 -999 -999 -999 -999 -999 -999 -999 -999 -999 -999 -999 -999 -999 -999 -999 -999
37 37 37 37 39 39 40 39 37 37 37 37 38 38 41 48 58 56 55 61 60 67 67 64 58 58 53 43 41 41 43 48 56 58 65 56 50 59 57 59 49 43 53 59 67 62 61 52 50 55 67 56 50 56 71 72 71 66 65 63 57 48 62 71 63 61 57 56 57 50 53 51 43 38 35 35 35 -999 -999 -999 -999 -999 -999 -999 -999 -999 -999 -999 -999 -999 -999 -999 -999 -999 -999 -999
37 37 38 37 38 40 42 42 38 37 37 37 37 41 46 57 61 53 55 57 64 60 62 55 50 48 46 43 42 41 42 45 55 65 61 58 51 56 50 55 47 43 52 59 67 65 64 59 55 52 58 59 53 55 59 65 70 66 63 56 54 46 59 66 63 60 60 47 51 48 44 39 42 38 35 35 35 -999 -999 -999 -999 -999 -999 -999 -999 -999 -999 -999 -999 -999 -999 -999 -999 -999 -999 -999
37 37 37 38 39 44 45 41 38 37 37 37 39 49 50 56 53 54 50 58 55 57 48 49 51 48 51 48 45 41 41 45 52 65 62 65 56 53 47 57 57 43 47 53 58 68 61 53 56 50 49 53 47 56 56 59 64 53 53 53 53 45 50 55 56 55 59 53 53 46 46 44 42 41 38 34 35 -999 -999 -999 -999 -999 -999 -999 -999 -999 -999 -999 -999 -999 -999 -999 -999 -999 -999 -999
37 37 37 38 41 48 51 44 38 36 37 37 45 55 54 61 57 50 48 54 61 56 49 45 41 41 42 41 42 43 41 44 50 54 54 58 64 60 51 46 45 46 47 53 47 55 56 56 53 52 56 55 50 46 52 54 58 58 56 48 49 51 -999 -999 51 65 59 61 58 59 53 40 36 36 37 -999 -999 -999 -999 -999 -999 -999 -999 -999 -999 -999 -999 -999 -999 -999 -999 -999 -999 -999 -999 -999
37 37 38 41 45 50 56 49 44 42 38 43 48 57 50 55 50 50 50 46 46 42 45 42 41 45 48 48 52 55 44 42 46 49 56 60 53 53 50 53 53 53 49 52 58 47 56 56 62 53 67 53 56 46 54 53 69 56 53 56 -999 -999 -999 -999 -999 -999 -999 -999 -999 -999 -999 -999 -999 -999 -999 -999 -999 -999 -999 -999 -999 -999 -999 -999 -999 -999 -999 -999 -999 -999 -999 -999 -999 -999 -999 -999
37 37 38 40 48 50 56 63 55 53 47 50 46 46 47 51 54 45 44 47 45 49 51 42 41 50 48 50 55 47 42 53 61 53 51 46 46 48 46 53 56 59 47 50 56 56 47 56 50 65 70 68 59 50 53 65 -999 -999 -999 -999 -999 -999 -999 -999 -999 -999 -999 -999 -999 -999 -999 -999 -999 -999 -999 -999 -999 -999 -999 -999 -999 -999 -999 -999 -999 -999 -999 -999 -999 -999 -999 -999 -999 -999 -999 -999
36 39 44 53 59 59 63 70 58 65 61 48 42 42 45 47 45 44 42 42 42 41 41 41 42 46 51 55 46 42 49 61 56 54 51 49 53 57 47 62 65 59 59 57 65 59 56 56 59 58 64 -999 -999 -999 -999 -999 -999 -999 -999 -999 -999 -999 -999 -999 -999 -999 -999 -999 -999 -999 -999 -999 -999 -999 -999 -999 -999 -999 -999 -999 -999 -999 -999 -999 -999 -999 -999 -999 -999 -999 -999 -999 -999 -999 -999 -999
36 40 56 50 65 53 54 61 50 53 51 42 42 42 42 49 42 45 44 43 46 45 46 47 47 50 49 46 41 53 53 49 53 47 50 53 50 59 58 61 59 59 62 62 61 62 65 67 62 53 50 -999 -999 -999 -999 -999 -999 -999 -999 -999 -999 -999 -999 -999 -999 -999 -999 -999 -999 -999 -999 -999 -999 -999 -999 -999 -999 -999 -999 -999 -999 -999 -999 -999 -999 -999 -999 -999 -999 -999 -999 -999 -999 -999 -999 -999
36 38 43 43 47 52 51 56 52 44 42 42 42 42 42 42 42 52 58 56 54 64 55 48 49 45 52 45 42 42 44 45 51 50 -999 -999 59 62 63 -999 -999 -999 -999 -999 -999 -999 -999 -999 -999 -999 -999 -999 -999 -999 -999 -999 -999 -999 -999 -999 -999 -999 -999 -999 -999 -999 -999 -999 -999 -999 -999 -999 -999 -999 -999 -999 -999 -999 -999 -999 -999 -999 -999 -999 -999 -999 -999 -999 -999 -999 -999 -999 -999 -999 -999 -999
37 45 43 44 46 45 47 54 51 42 44 42 42 42 44 48 48 49 56 53 54 48 51 49 57 53 43 42 47 45 47 51 50 -999 -999 -999 -999 -999 -999 -999 -999 -999 -999 -999 -999 -999 -999 -999 -999 -999 -999 -999 -999 -999 -999 -999 -999 -999 -999 -999 -999 -999 -999 -999 -999 -999 -999 -999 -999 -999 -999 -999 -999 -999 -999 -999 -999 -999 -999 -999 -999 -999 -999 -999 -999 -999 -999 -999 -999 -999 -999 -999 -999 -999 -999 -999
44 45 61 50 50 52 52 44 48 43 42 42 42 50 57 49 56 53 53 55 51 49 45 43 42 42 42 42 46 55 61 46 -999 -999 -999 -999 -999 -999 -999 -999 -999 -999 -999 -999 -999 -999 -999 -999 -999 -999 -999 -999 -999 -999 -999 -999 -999 -999 -999 -999 -999 -999 -999 -999 -999 -999 -999 -999 -999 -999 -999 -999 -999 -999 -999 -999 -999 -999 -999 -999 -999 -999 -999 -999 -999 -999 -999 -999 -999 -999 -999 -999 -999 -999 -999 -999
55 56 60 58 53 72 61 50 41 45 44 44 51 56 48 53 53 51 45 42 42 41 42 43 47 48 46 44 54 67 50 -999 -999 -999 -999 -999 -999 -999 -999 -999 -999 -999 -999 -999 -999 -999 -999 -999 -999 -999 -999 -999 -999 -999 -999 -999 -999 -999 -999 -999 -999 -999 -999 -999 -999 -999 -999 -999 -999 -999 -999 -999 -999 -999 -999 -999 -999 -999 -999 -999 -999 -999 -999 -999 -999 -999 -999 -999 -999 -999 -999 -999 -999 -999 -999 -999
68 70 67 70 65 62 58 50 46 48 49 50 52 47 44 42 42 43 42 42 43 48 57 61 52 48 44 50 68 70 70 -999 -999 -999 -999 -999 -999 -999 -999 -999 -999 -999 -999 -999 -999 -999 -999 -999 -999 -999 -999 -999 -999 -999 -999 -999 -999 -999 -999 -999 -999 -999 -999 -999 -999 -999 -999 -999 -999 -999 -999 -999 -999 -999 -999 -999 -999 -999 -999 -999 -999 -999 -999 -999 -999 -999 -999 -999 -999 -999 -999 -999 -999 -999 -999 -999
75 67 70 65 63 56 52 44 44 51 52 53 54 43 45 52 58 60 48 42 50 65 62 49 48 55 52 47 54 63 57 -999 -999 -999 -999 -999 -999 -999 -999 -999 -999 -999 -999 -999 -999 -999 -999 -999 -999 -999 -999 -999 -999 -999 -999 -999 -999 -999 -999 -999 -999 -999 -999 -999 -999 -999 -999 -999 -999 -999 -999 -999 -999 -999 -999 -999 -999 -999 -999 -999 -999 -999 -999 -999 -999 -999 -999 -999 -999 -999 -999 -999 -999 -999 -999 -999
65 64 60 60 62 54 50 44 46 49 49 44 42 54 57 61 51 44 50 44 54 61 56 57 53 69 53 54 44 49 -999 -999 -999 -999 -999 -999 -999 -999 -999 -999 -999 -999 -999 -999 -999 -999 -999 -999 -999 -999 -999 -999 -999 -999 -999 -999 -999 -999 -999 -999 -999 -999 -999 -999 -999 -999 -999 -999 -999 -999 -999 -999 -999 -999 -999 -999 -999 -999 -999 -999 -999 -999 -999 -999 -999 -999 -999 -999 -999 -999 -999 -999 -999 -999 -999 -999
58 59 52 54 55 50 53 44 46 43 42 46 48 67 55 50 54 61 49 43 54 63 61 66 53 66 53 58 60 54 -999 -999 -999 -999 -999 -999 -999 -999 -999 -999 -999 -999 -999 -999 -999 -999 -999 -999 -999 -999 -999 -999 -999 -999 -999 -999 -999 -999 -999 -999 -999 -999 -999 -999 -999 -999 -999 -999 -999 -999 -999 -999 -999 -999 -999 -999 -999 -999 -999 -999 -999 -999 -999 -999 -999 -999 -999 -999 -999 -999 -999 -999 -999 -999 -999 -999
54 50 48 50 50 47 45 43 43 43 47 53 59 53 51 58 68 59 48 -999 -999 62 72 75 53 67 65 65 69 -999 -999 -999 -999 -999 -999 -999 -999 -999 -999 -999 -999 -999 -999 -999 -999 -999 -999 -999 -999 -999 -999 -999 -999 -999 -999 -999 -999 -999 -999 -999 -999 -999 -999 -999 -999 -999 -999 -999 -999 -999 -999 -999 -999 -999 -999 -999 -999 -999 -999 -999 -999 -999 -999 -999 -999 -999 -999 -999 -999 -999 -999 -999 -999 -999 -999 -999
62 57 51 51 47 43 42 43 43 47 48 65 61 61 61 71 65 50 -999 -999 -999 -999 -999 -999 -999 -999 -999 -999 -999 -999 -999 -999 -999 -999 -999 -999 -999 -999 -999 -999 -999 -999 -999 -999 -999 -999 -999 -999 -999 -999 -999 -999 -999 -999 -999 -999 -999 -999 -999 -999 -999 -999 -999 -999 -999 -999 -999 -999 -999 -999 -999 -999 -999 -999 -999 -999 -999 -999 -999 -999 -999 -999 -999 -999 -999 -999 -999 -999 -999 -999 -999 -999 -999 -999 -999 -999
54 50 57 51 44 43 43 42 48 56 57 71 58 72 72 69 57 -999 -999 -999 -999 -999 -999 -999 -999 -999 -999 -999 -999 -999 -999 -999 -999 -999 -999 -999 -999 -999 -999 -999 -999 -999 -999 -999 -999 -999 -999 -999 -999 -999 -999 -999 -999 -999 -999 -999 -999 -999 -999 -999 -999 -999 -999 -999 -999 -999 -999 -999 -999 -999 -999 -999 -999 -999 -999 -999 -999 -999 -999 -999 -999 -999 -999 -999 -999 -999 -999 -999 -999 -999 -999 -999 -999 -999 -999 -999
45 44 44 45 44 43 44 42 49 62 61 71 64 74 62 54 -999 -999 -999 -999 -999 -999 -999 -999 -999 -999 -999 -999 -999 -999 -999 -999 -999 -999 -999 -999 -999 -999 -999 -999 -999 -999 -999 -999 -999 -999 -999 -999 -999 -999 -999 -999 -999 -999 -999 -999 -999 -999 -999 -999 -999 -999 -999 -999 -999 -999 -999 -999 -999 -999 -999 -999 -999 -999 -999 -999 -999 -999 -999 -999 -999 -999 -999 -999 -999 -999 -999 -999 -999 -999 -999 -999 -999 -999 -999 -999
42 44 47 43 46 44 45 44 48 70 63 77 74 73 59 55 -999 -999 -999 -999 -999 -999 -999 -999 -999 -999 -999 -999 -999 -999 -999 -999 -999 -999 -999 -999 -999 -999 -999 -999 -999 -999 -999 -999 -999 -999 -999 -999 -999 -999 -999 -999 -999 -999 -999 -999 -999 -999 -999 -999 -999 -999 -999 -999 -999 -999 -999 -999 -999 -999 -999 -999 -999 -999 -999 -999 -999 -999 -999 -999 -999 -999 -999 -999 -999 -999 -999 -999 -999 -999 -999 -999 -999 -999 -999 -999
50 47 48 46 45 44 45 43 48 53 59 68 73 58 52 52 -999 -999 -999 -999 -999 -999 -999 -999 -999 -999 -999 -999 -999 -999 -999 -999 -999 -999 -999 -999 -999 -999 -999 -999 -999 -999 -999 -999 -999 -999 -999 -999 -999 -999 -999 -999 -999 -999 -999 -999 -999 -999 -999 -999 -999 -999 -999 -999 -999 -999 -999 -999 -999 -999 -999 -999 -999 -999 -999 -999 -999 -999 -999 -999 -999 -999 -999 -999 -999 -999 -999 -999 -999 -999 -999 -999 -999 -999 -999 -999
44 46 47 47 48 46 45 43 50 59 57 57 60 66 56 61 61 -999 -999 -999 -999 -999 -999 -999 -999 -999 -999 -999 -999 -999 -999 -999 -999 -999 -999 -999 -999 -999 -999 -999 -999 -999 -999 -999 -999 -999 -999 -999 -999 -999 -999 -999 -999 -999 -999 -999 -999 -999 -999 -999 -999 -999 -999 -999 -999 -999 -999 -999 -999 -999 -999 -999 -999 -999 -999 -999 -999 -999 -999 -999 -999 -999 -999 -999 -999 -999 -999 -999 -999 -999 -999 -999 -999 -999 -999 -999
44 52 53 53 50 46 44 43 59 60 69 67 67 72 63 70 76 73 -999 -999 -999 -999 -999 -999 -999 -999 -999 -999 -999 -999 -999 -999 -999 -999 -999 -999 -999 -999 -999 -999 -999 -999 -999 -999 -999 -999 -999 -999 -999 -999 -999 -999 -999 -999 -999 -999 -999 -999 -999 -999 -999 -999 -999 -999 -999 -999 -999 -999 -999 -999 -999 -999 -999 -999 -999 -999 -999 -999 -999 -999 -999 -999 -999 -999 -999 -999 -999 -999 -999 -999 -999 -999 -999 -999 -999 -999
49 47 54 55 49 46 42 50 52 56 66 87 88 -999 -999 -999 -999 -999 -999 -999 -999 -999 -999 -999 -999 -999 -999 -999 -999 -999 -999 -999 -999 -999 -999 -999 -999 -999 -999 -999 -999 -999 -999 -999 -999 -999 -999 -999 -999 -999 -999 -999 -999 -999 -999 -999 -999 -999 -999 -999 -999 -999 -999 -999 -999 -999 -999 -999 -999 -999 -999 -999 -999 -999 -999 -999 -999 -999 -999 -999 -999 -999 -999 -999 -999 -999 -999 -999 -999 -999 -999 -999 -999 -999 -999 -999
50 47 47 47 46 43 43 52 69 62 77 -999 -999 -999 -999 -999 -999 -999 -999 -999 -999 -999 -999 -999 -999 -999 -999 -999 -999 -999 -999 -999 -999 -999 -999 -999 -999 -999 -999 -999 -999 -999 -999 -999 -999 -999 -999 -999 -999 -999 -999 -999 -999 -999 -999 -999 -999 -999 -999 -999 -999 -999 -999 -999 -999 -999 -999 -999 -999 -999 -999 -999 -999 -999 -999 -999 -999 -999 -999 -999 -999 -999 -999 -999 -999 -999 -999 -999 -999 -999 -999 -999 -999 -999 -999 -999
68 -999 -999 -999 -999 43 46 66 77 76 -999 -999 -999 -999 -999 -999 -999 -999 -999 -999 -999 -999 -999 -999 -999 -999 -999 -999 -999 -999 -999 -999 -999 -999 -999 -999 -999 -999 -999 -999 -999 -999 -999 -999 -999 -999 -999 -999 -999 -999 -999 -999 -999 -999 -999 -999 -999 -999 -999 -999 -999 -999 -999 -999 -999 -999 -999 -999 -999 -999 -999 -999 -999 -999 -999 -999 -999 -999 -999 -999 -999 -999 -999 -999 -999 -999 -999 -999 -999 -999 -999 -999 -999 -999 -999 -999
-999 -999 -999 -999 -999 42 51 68 -999 -999 -999 -999 -999 -999 -999 -999 -999 -999 -999 -999 -999 -999 -999 -999 -999 -999 -999 -999 -999 -999 -999 -999 -999 -999 -999 -999 -999 -999 -999 -999 -999 -999 -999 -999 -999 -999 -999 -999 -999 -999 -999 -999 -999 -999 -999 -999 -999 -999 -999 -999 -999 -999 -999 -999 -999 -999 -999 -999 -999 -999 -999 -999 -999 -999 -999 -999 -999 -999 -999 -999 -999 -999 -999 -999 -999 -999 -999 -999 -999 -999 -999 -999 -999 -999 -999 -999
