DE_sunshineduration/2018_11_sunshineduration.asc
NCOLS 654
NROWS 866
XLLCORNER 3280414.711633467
YLLCORNER 5237500.62890625
CELLSIZE 1000
NODATA_VALUE -999
[rows 530 to 582 of 866, columns 0 to 95 of 654]
-999 -999 -999 -999 -999 -999 -999 -999 -999 -999 -999 -999 -999 -999 -999 -999 -999 -999 -999 -999 -999 88 88 90 88 89 90 89 89 89 90 92 92 89 88 87 88 86 88 86 88 88 89 88 85 85 84 83 83 83 83 81 80 82 83 84 83 85 84 85 81 83 83 83 85 85 84 83 83 83 84 84 85 86 83 82 83 82 81 81 79 77 77 83 80 78 77 79 78 76 74 76 76 76 75 74
-999 -999 -999 -999 -999 -999 -999 -999 -999 -999 -999 -999 -999 -999 -999 -999 -999 -999 -999 -999 85 86 87 86 86 88 88 88 87 89 91 92 88 88 88 86 87 87 85 88 89 89 89 87 84 84 82 84 81 82 82 81 79 79 81 81 82 84 84 85 80 82 82 83 83 82 83 81 80 83 84 82 80 81 83 81 81 80 81 79 77 78 80 81 79 77 81 80 79 78 73 74 74 75 73 74
-999 -999 -999 -999 -999 -999 -999 -999 -999 -999 -999 -999 -999 -999 -999 -999 -999 -999 -999 -999 87 87 87 87 86 86 87 87 88 90 90 87 88 88 88 86 87 87 85 85 86 88 87 87 86 83 82 82 82 84 82 82 79 80 80 79 80 80 83 83 83 81 82 82 83 83 80 81 82 82 82 82 80 82 80 81 81 80 79 79 77 79 79 80 81 79 78 80 79 79 76 75 74 72 72 71
-999 -999 -999 -999 -999 -999 -999 -999 -999 -999 -999 -999 -999 -999 -999 -999 -999 -999 87 87 86 88 85 86 86 85 86 86 89 91 87 87 87 85 86 85 88 85 86 87 86 86 86 85 83 82 81 82 84 78 82 82 81 79 77 77 81 81 81 83 82 82 82 80 81 80 79 80 80 81 81 81 80 80 81 80 80 80 81 79 80 80 80 82 82 79 78 79 78 78 77 76 76 76 76 73
-999 -999 -999 -999 -999 -999 -999 -999 -999 -999 -999 -999 -999 -999 -999 -999 -999 84 86 87 86 86 85 86 86 86 86 86 88 88 87 85 87 84 84 88 87 84 86 85 85 84 84 83 83 83 81 83 82 80 81 79 78 78 77 78 79 80 80 80 83 81 79 80 78 78 77 78 80 81 81 80 79 79 81 80 80 79 79 80 80 83 83 83 81 79 79 80 78 76 76 75 75 75 75 74
-999 -999 -999 -999 -999 -999 -999 -999 -999 -999 -999 -999 -999 -999 -999 -999 -999 83 83 86 87 87 87 86 86 84 85 87 87 87 86 84 85 84 86 86 85 84 85 84 83 84 84 84 83 80 82 80 78 78 77 76 78 79 75 78 78 80 80 80 82 79 79 79 77 76 76 78 80 81 80 78 77 78 79 80 79 80 80 82 80 81 81 80 81 79 78 78 78 77 76 75 74 73 74 74
-999 -999 -999 -999 -999 -999 -999 -999 -999 -999 -999 -999 -999 -999 -999 -999 -999 84 85 84 84 86 88 87 86 84 85 85 85 86 86 84 86 83 86 85 84 85 83 84 83 84 84 83 82 83 82 81 80 79 77 75 76 77 76 75 76 79 80 81 79 77 79 77 76 75 78 78 78 78 79 78 77 77 78 77 78 78 81 80 78 81 78 81 80 80 78 76 76 76 76 75 74 73 73 72
-999 -999 -999 -999 -999 -999 -999 -999 -999 -999 -999 -999 -999 -999 -999 85 83 85 86 86 88 86 86 86 85 85 85 85 86 84 84 85 85 85 84 83 86 83 83 83 83 84 82 83 84 86 82 81 80 79 77 78 77 77 79 78 76 80 79 80 79 76 74 77 76 75 77 78 78 77 78 78 78 76 78 77 78 77 78 79 78 78 79 78 80 80 78 76 76 74 75 75 74 74 74 73
-999 -999 -999 -999 -999 -999 -999 -999 -999 -999 -999 -999 -999 -999 86 86 84 86 88 89 87 88 86 87 85 86 84 84 85 85 82 84 84 83 82 84 85 83 83 82 83 83 82 83 84 82 82 81 80 79 78 78 77 78 79 78 79 76 77 76 78 76 73 76 74 75 76 75 77 77 77 77 76 76 77 77 79 77 78 78 77 76 77 75 77 77 78 78 76 76 75 74 72 74 73 73
-999 -999 -999 -999 -999 -999 -999 -999 -999 -999 -999 -999 -999 -999 86 83 83 86 87 88 88 89 87 86 85 84 85 82 84 84 83 82 82 84 84 84 83 82 82 83 82 82 83 84 83 83 80 79 78 78 78 76 77 78 75 79 79 77 77 78 77 76 75 72 74 74 75 77 77 76 77 77 77 76 76 77 78 78 77 75 76 77 77 75 76 76 77 77 77 76 75 75 74 73 71 68
-999 -999 -999 -999 -999 -999 -999 -999 -999 -999 -999 -999 -999 86 86 83 85 88 88 88 88 88 87 87 88 86 83 83 83 84 82 84 86 85 84 86 83 82 82 81 82 82 82 83 83 82 81 78 79 78 76 76 76 77 78 78 79 78 78 74 74 74 75 75 72 74 76 77 76 76 77 78 76 77 75 78 77 78 78 78 76 77 78 76 71 77 77 76 75 75 75 75 73 73 72 71
-999 -999 -999 -999 -999 -999 -999 -999 -999 -999 -999 -999 -999 85 86 83 85 86 88 88 88 87 87 88 87 85 85 83 83 84 83 86 84 86 85 85 83 82 81 81 82 81 82 83 81 81 80 81 79 74 76 77 78 75 77 80 78 77 77 74 72 76 75 72 71 75 74 75 75 75 76 78 77 75 77 77 78 78 77 77 78 78 78 78 75 71 75 75 75 73 72 73 73 70 69 71
-999 -999 -999 -999 -999 -999 -999 -999 -999 -999 -999 -999 -999 86 83 83 84 86 88 86 86 86 86 87 87 84 84 83 83 81 83 84 84 84 85 84 81 82 81 80 81 82 82 82 82 81 81 78 79 74 78 79 77 78 78 81 78 76 75 72 74 75 73 70 72 72 74 73 73 75 76 75 75 76 74 76 77 76 77 77 76 77 77 76 76 75 70 71 74 74 73 71 68 66 66 65
-999 -999 -999 -999 -999 -999 -999 -999 -999 -999 -999 -999 -999 86 85 81 84 86 86 86 87 86 87 86 86 85 83 82 83 82 82 82 83 83 84 82 81 81 80 81 84 83 81 81 82 81 78 78 74 75 74 74 78 78 79 75 73 73 74 73 73 73 73 72 71 72 73 73 71 72 74 76 76 75 75 74 75 75 76 76 77 77 76 74 74 75 73 70 73 66 66 67 70 70 70 70
-999 -999 -999 -999 -999 -999 -999 -999 -999 -999 -999 -999 -999 84 82 85 86 85 85 86 86 87 85 84 85 85 84 84 83 81 80 83 81 82 83 82 82 80 82 84 81 81 80 81 82 83 80 79 75 75 76 75 75 80 76 74 73 73 73 72 73 72 72 68 72 72 73 71 71 72 75 75 75 75 74 74 74 76 76 76 77 76 76 73 74 74 73 69 71 68 70 71 71 71 71 70
-999 -999 -999 -999 -999 -999 -999 -999 -999 -999 -999 -999 -999 85 85 85 85 86 87 87 87 87 85 85 86 84 84 82 82 81 81 83 85 86 84 81 79 82 82 81 81 83 81 82 82 79 77 74 77 77 77 78 79 77 75 73 74 73 70 70 72 72 69 67 71 72 72 72 71 72 73 75 75 76 75 75 73 76 75 76 76 76 74 73 73 74 73 72 68 67 69 65 65 64 70 70
-999 -999 -999 -999 -999 -999 -999 -999 -999 -999 -999 -999 -999 85 82 85 84 85 87 86 84 84 84 86 85 85 86 84 81 80 82 83 85 83 84 82 81 80 81 81 80 80 81 81 81 79 78 74 75 77 79 78 77 75 74 73 73 71 68 71 70 67 66 68 70 70 71 71 71 71 73 73 75 73 74 74 73 75 75 76 73 74 73 71 72 72 73 70 68 67 70 69 63 68 70 67
-999 -999 -999 -999 -999 -999 -999 -999 -999 -999 -999 -999 -999 82 83 85 85 84 85 85 84 83 85 85 86 86 85 83 83 81 82 81 82 82 85 84 81 78 80 79 79 81 80 81 81 81 79 73 73 76 78 76 77 76 75 74 73 72 70 70 70 68 66 69 68 69 71 71 71 71 72 73 72 73 73 74 75 75 74 74 73 72 69 67 72 72 72 72 70 70 70 69 63 68 70 66
-999 -999 -999 -999 -999 -999 -999 -999 -999 -999 -999 -999 -999 82 85 86 87 86 82 84 82 84 85 86 86 86 85 83 80 80 83 79 83 82 84 82 81 80 78 80 79 79 79 82 82 81 80 73 74 73 76 75 74 75 74 71 73 72 71 67 68 67 65 66 69 70 70 71 71 71 71 73 71 72 72 75 74 74 73 74 74 72 72 67 70 68 68 70 70 69 69 67 64 70 67 68
-999 -999 -999 -999 -999 -999 -999 -999 -999 -999 -999 -999 -999 83 85 85 86 87 84 81 81 84 85 85 85 86 85 84 81 81 79 81 82 83 81 82 82 79 76 80 78 81 80 80 81 78 79 73 74 76 76 77 75 74 73 71 72 72 66 68 66 67 64 68 69 70 70 71 69 71 72 70 71 73 71 74 75 74 71 74 74 74 70 73 71 69 67 70 71 68 63 63 63 65 67 66
-999 -999 -999 -999 -999 -999 -999 -999 -999 -999 -999 -999 -999 80 85 85 84 85 83 81 84 86 84 84 84 84 85 84 84 82 79 81 81 83 83 83 81 81 80 77 80 77 81 80 79 79 79 74 74 78 77 77 75 72 73 72 74 73 67 69 68 66 66 67 67 69 69 70 71 71 72 71 71 72 71 73 70 74 73 76 73 74 72 72 64 65 63 64 68 67 64 70 66 66 67 66
-999 -999 -999 -999 -999 -999 -999 -999 -999 -999 -999 -999 -999 81 84 84 84 84 81 81 85 85 83 84 86 85 84 83 82 81 80 79 78 81 83 81 80 80 80 79 79 79 79 79 77 79 76 73 75 78 77 76 75 72 71 72 73 72 70 68 69 66 67 66 68 69 70 71 70 69 71 71 71 72 72 74 72 74 71 72 73 73 73 70 67 65 67 63 62 64 61 63 66 67 68 68
-999 -999 -999 -999 -999 -999 -999 -999 -999 -999 -999 -999 -999 80 84 83 84 83 81 85 84 84 83 84 85 85 83 83 82 81 83 79 78 81 83 81 80 80 80 79 76 79 79 78 76 76 78 73 77 77 76 75 74 73 74 73 73 70 71 69 68 67 67 64 67 68 68 70 70 69 72 72 72 71 73 72 69 72 73 71 69 73 69 71 69 63 64 68 68 61 61 65 69 66 68 69
-999 -999 -999 -999 -999 -999 -999 -999 -999 -999 -999 -999 -999 78 83 83 83 83 82 83 84 85 82 83 84 83 82 83 84 84 84 84 83 79 79 82 79 79 79 78 76 77 78 77 77 76 78 72 77 77 76 75 74 74 70 70 72 70 69 69 67 66 64 66 68 69 69 70 70 71 69 72 72 69 73 73 73 69 69 69 68 72 69 71 69 62 67 64 64 66 68 70 69 68 68 67
-999 -999 -999 -999 -999 -999 -999 -999 -999 -999 -999 -999 -999 -999 81 83 83 82 83 80 84 84 83 83 83 84 81 84 82 84 84 83 83 81 77 77 80 79 77 78 76 76 78 75 74 75 76 73 75 75 75 74 74 73 71 71 72 71 69 69 68 67 66 68 69 69 70 70 70 71 70 71 72 72 73 74 72 69 73 71 70 67 64 64 71 62 67 66 67 69 70 70 70 69 69 67
-999 -999 -999 -999 -999 -999 -999 -999 -999 -999 -999 -999 -999 -999 80 83 80 80 79 79 83 84 82 81 80 84 79 83 83 81 82 83 82 78 76 79 79 79 76 77 75 76 77 75 74 77 72 74 75 76 75 74 73 73 72 70 70 71 70 69 69 67 66 66 69 69 69 70 70 71 72 70 73 70 74 74 73 74 73 71 70 73 68 65 63 62 66 68 69 69 70 70 69 70 69 67
-999 -999 -999 -999 -999 -999 -999 -999 -999 -999 -999 -999 -999 -999 79 80 78 83 81 81 83 84 84 83 80 82 81 82 79 79 83 84 82 81 77 78 79 78 77 76 74 77 76 75 72 75 75 75 76 76 75 74 73 72 72 71 70 68 69 69 68 67 66 66 68 69 70 68 71 72 74 74 73 69 74 74 75 73 75 74 72 70 69 63 66 62 63 63 65 63 65 68 71 69 68 66
-999 -999 -999 -999 -999 -999 -999 -999 -999 -999 -999 -999 -999 -999 80 82 79 84 84 84 83 82 84 83 83 80 83 84 82 80 83 83 81 78 75 78 78 78 77 77 74 76 77 75 73 73 74 75 75 75 74 74 72 72 71 71 71 71 67 68 67 67 67 66 67 68 69 71 72 74 73 71 72 69 72 75 74 75 72 70 69 67 67 64 62 64 62 64 61 68 71 69 71 70 69 68
-999 -999 -999 -999 -999 -999 -999 -999 -999 -999 -999 -999 -999 -999 80 80 82 83 82 84 82 84 85 85 84 78 82 82 82 82 82 81 80 78 77 75 77 77 76 76 75 77 77 76 73 73 75 74 74 74 74 73 72 72 71 68 71 71 70 66 67 67 69 70 70 67 71 71 73 71 70 70 71 71 69 70 71 71 70 69 67 68 65 66 63 67 64 66 65 62 66 70 65 69 69 68
-999 -999 -999 -999 -999 -999 -999 -999 -999 -999 -999 -999 -999 -999 78 78 81 81 83 81 82 84 84 84 83 82 79 81 80 81 81 79 79 78 78 80 77 76 76 77 75 77 77 77 76 72 75 74 74 74 73 73 72 71 72 70 70 71 70 69 69 68 70 70 71 68 66 67 69 69 69 70 70 69 69 69 69 68 68 69 67 65 69 71 64 68 67 61 62 63 63 63 66 69 67 66
-999 -999 -999 -999 -999 -999 -999 -999 -999 -999 -999 -999 -999 -999 -999 79 76 80 84 82 82 83 82 84 81 80 78 80 80 79 80 79 77 79 75 78 75 75 76 76 76 77 76 76 75 73 75 74 74 74 74 72 72 73 72 71 71 72 70 69 69 68 70 70 71 71 71 66 69 67 69 69 68 68 68 68 67 67 67 67 67 69 73 71 65 68 69 69 67 64 65 67 69 65 67 66
-999 -999 -999 -999 -999 -999 -999 -999 -999 -999 -999 -999 -999 -999 -999 77 76 81 83 84 82 84 83 81 81 82 78 79 79 79 79 78 79 78 77 75 74 76 74 76 75 76 77 75 74 72 74 74 73 73 73 72 71 72 73 72 71 72 71 70 70 71 70 71 71 70 68 66 67 68 67 67 67 67 68 67 67 68 68 70 70 73 73 71 63 69 70 71 70 70 65 62 67 67 66 68
-999 -999 -999 -999 -999 -999 -999 -999 -999 -999 -999 -999 -999 -999 -999 80 76 81 79 83 82 82 81 82 80 82 79 77 78 79 79 78 76 77 77 74 75 76 76 75 74 76 76 75 74 72 73 73 74 73 73 73 72 72 73 73 70 69 71 70 71 69 73 71 71 69 68 67 67 67 68 68 68 68 68 68 69 70 73 75 74 74 72 71 63 68 70 70 69 68 70 69 68 68 66 66
-999 -999 -999 -999 -999 -999 -999 -999 -999 -999 -999 -999 -999 -999 -999 79 77 77 76 82 83 80 82 78 79 80 78 77 78 80 79 78 78 75 75 76 77 77 75 75 74 76 76 75 75 75 72 74 73 73 71 72 72 73 72 74 72 70 69 70 73 72 72 72 70 68 68 68 68 68 68 68 69 69 68 69 71 69 69 73 71 68 65 64 67 64 64 67 66 65 66 68 69 70 68 70
-999 -999 -999 -999 -999 -999 -999 -999 -999 -999 -999 -999 -999 -999 -999 82 79 78 77 80 83 80 79 79 78 77 79 76 77 80 80 79 78 77 75 76 77 77 74 75 76 76 76 76 76 77 73 71 72 72 72 71 71 73 73 73 72 71 72 73 73 70 73 72 71 70 70 70 70 69 69 68 69 69 71 70 67 68 69 66 67 67 65 65 68 63 65 66 70 70 68 70 69 71 71 72
-999 -999 -999 -999 -999 -999 -999 -999 -999 -999 -999 -999 -999 -999 -999 -999 81 82 81 79 79 78 77 78 78 77 78 78 78 80 79 78 77 76 74 75 76 76 74 74 74 75 76 77 77 77 76 73 73 69 72 72 72 73 73 73 73 73 73 73 70 74 73 72 70 70 72 71 71 69 69 68 68 69 71 75 68 72 72 69 68 68 68 66 68 64 65 70 71 71 71 68 69 71 71 72
-999 -999 -999 -999 -999 -999 -999 -999 -999 -999 -999 -999 -999 -999 -999 -999 80 83 79 76 77 77 77 77 79 77 79 78 75 76 78 77 75 74 76 76 77 75 75 74 75 76 76 77 77 77 77 73 74 72 73 74 73 73 73 74 75 74 73 74 73 73 72 71 71 72 73 71 71 70 70 70 71 74 77 74 69 71 73 75 74 70 74 67 66 64 71 70 72 71 70 69 72 71 72 73
-999 -999 -999 -999 -999 -999 -999 -999 -999 -999 -999 -999 -999 -999 -999 -999 -999 80 80 78 76 77 78 76 78 78 78 78 79 76 78 76 75 73 75 76 77 74 73 74 74 76 77 77 77 77 77 76 73 74 75 75 75 75 75 76 75 74 75 75 74 74 71 71 76 72 71 71 71 71 73 71 72 72 73 74 77 73 69 72 76 75 75 73 66 71 72 71 68 71 71 71 72 73 73 73
-999 -999 -999 -999 -999 -999 -999 -999 -999 -999 -999 -999 -999 -999 -999 -999 -999 77 78 77 76 75 77 76 77 78 79 79 78 78 75 76 76 74 75 78 77 75 73 74 75 76 77 77 77 77 74 73 73 76 75 75 75 75 75 76 76 75 75 76 77 76 74 72 72 71 71 72 72 73 76 74 73 73 73 73 73 73 75 71 69 76 76 70 69 72 72 73 71 72 71 71 72 73 73 72
-999 -999 -999 -999 -999 -999 -999 -999 -999 -999 -999 -999 -999 -999 -999 -999 -999 -999 -999 76 76 77 77 76 76 76 78 78 78 77 77 74 75 73 75 78 77 74 73 74 74 75 76 77 77 77 75 75 72 77 77 76 76 76 77 77 77 76 75 78 77 77 75 74 71 72 73 73 74 78 75 73 72 73 73 72 73 73 75 74 70 70 76 71 68 73 74 73 73 73 73 72 74 74 74 73
-999 -999 -999 -999 -999 -999 -999 -999 -999 -999 -999 -999 -999 -999 -999 -999 -999 -999 -999 77 75 75 78 76 77 79 78 77 77 76 74 77 74 76 78 78 74 74 75 75 76 77 77 77 77 76 77 74 75 76 77 76 77 77 77 78 78 78 76 75 77 75 73 72 72 73 74 74 76 76 78 75 73 74 73 73 73 74 75 75 75 70 73 77 72 68 69 72 73 73 74 75 74 74 73 73
-999 -999 -999 -999 -999 -999 -999 -999 -999 -999 -999 -999 -999 -999 -999 -999 -999 -999 -999 -999 79 75 77 78 78 77 76 77 76 75 74 73 75 74 78 78 74 74 74 75 76 76 77 77 77 76 76 76 74 75 76 78 78 78 79 78 76 76 78 75 77 74 73 73 73 75 75 76 78 81 81 81 72 73 71 72 73 72 71 72 73 77 77 76 72 76 73 72 74 75 75 75 74 74 73 73
-999 -999 -999 -999 -999 -999 -999 -999 -999 -999 -999 -999 -999 -999 -999 -999 -999 -999 -999 -999 76 78 75 74 75 77 78 77 76 78 77 75 74 73 74 78 75 74 76 75 75 77 75 77 76 77 74 76 76 76 77 78 78 78 78 78 77 78 79 78 75 73 73 75 73 74 77 81 80 83 78 74 73 76 75 74 73 78 74 77 80 78 77 77 77 76 75 75 73 75 76 74 74 73 74 74
-999 -999 -999 -999 -999 -999 -999 -999 -999 -999 -999 -999 -999 -999 -999 -999 -999 -999 -999 -999 -999 77 74 73 76 77 76 78 78 78 79 79 78 77 73 77 73 75 74 76 77 78 78 76 76 76 74 73 71 76 76 77 78 78 79 79 78 78 79 77 73 74 73 74 73 75 81 81 74 74 74 74 76 78 78 75 75 80 81 82 82 80 79 79 76 75 78 76 76 76 77 76 75 74 73 74
-999 -999 -999 -999 -999 -999 -999 -999 -999 -999 -999 -999 -999 -999 -999 -999 -999 -999 -999 -999 -999 -999 75 74 74 75 77 78 75 77 79 78 78 78 75 77 73 74 75 77 77 78 78 77 75 77 75 75 76 72 76 77 78 79 77 78 77 78 77 74 74 73 73 75 73 80 81 79 75 76 75 75 81 79 78 76 77 81 79 80 81 83 83 81 81 81 79 81 79 78 78 77 76 76 76 76
-999 -999 -999 -999 -999 -999 -999 -999 -999 -999 -999 -999 -999 -999 -999 -999 -999 -999 -999 -999 -999 -999 -999 78 79 78 73 78 77 75 78 78 78 78 77 73 75 75 76 76 76 77 77 75 74 77 75 75 76 72 73 77 77 76 76 78 76 77 75 74 74 74 75 77 74 80 79 80 76 79 76 75 81 81 80 80 85 86 85 85 84 82 83 84 84 83 81 82 83 82 80 78 78 78 80 81
-999 -999 -999 -999 -999 -999 -999 -999 -999 -999 -999 -999 -999 -999 -999 -999 -999 -999 -999 -999 -999 -999 -999 -999 80 79 72 78 73 72 75 77 78 78 77 72 72 71 75 75 77 77 77 76 75 74 73 73 73 73 73 74 75 74 76 76 76 76 73 74 74 74 76 75 76 77 79 76 77 76 81 81 84 85 81 85 86 87 87 87 86 86 85 84 85 87 83 83 83 84 81 79 80 81 82 84
-999 -999 -999 -999 -999 -999 -999 -999 -999 -999 -999 -999 -999 -999 -999 -999 -999 -999 -999 -999 -999 -999 -999 -999 -999 78 72 74 75 76 73 77 77 76 76 76 72 72 74 76 77 78 78 77 76 77 74 76 73 71 72 77 75 73 73 76 77 73 73 74 74 75 77 78 76 79 81 76 79 81 81 81 84 87 85 86 84 86 90 91 90 90 89 86 86 86 87 86 84 84 84 83 83 85 86 82
-999 -999 -999 -999 -999 -999 -999 -999 -999 -999 -999 -999 -999 -999 -999 -999 -999 -999 -999 -999 -999 -999 -999 -999 -999 -999 77 73 78 78 76 73 77 77 77 74 74 71 76 76 77 78 76 77 78 76 75 74 71 70 73 75 78 74 75 75 72 72 73 74 77 77 74 78 75 75 76 80 80 82 79 84 87 89 91 89 91 90 93 96 93 90 90 89 88 88 88 86 85 86 86 88 87 87 85 82
-999 -999 -999 -999 -999 -999 -999 -999 -999 -999 -999 -999 -999 -999 -999 -999 -999 -999 -999 -999 -999 -999 -999 -999 -999 -999 -999 74 78 78 77 76 73 75 76 73 73 71 75 76 77 75 76 78 78 77 75 76 76 73 72 72 76 73 71 75 72 72 72 75 78 79 77 74 75 76 76 82 79 84 82 85 88 90 92 94 96 97 95 94 92 90 89 90 89 88 87 86 87 87 89 91 90 86 85 80
-999 -999 -999 -999 -999 -999 -999 -999 -999 -999 -999 -999 -999 -999 -999 -999 -999 -999 -999 -999 -999 -999 -999 -999 -999 -999 -999 -999 -999 77 76 77 76 72 74 72 71 -999 71 71 76 72 76 76 77 77 77 77 76 72 71 72 73 74 71 72 71 71 73 75 80 76 76 77 75 78 77 78 79 86 85 88 90 92 95 96 97 97 94 93 93 90 89 90 90 88 87 87 89 90 91 90 89 88 83 81
-999 -999 -999 -999 -999 -999 -999 -999 -999 -999 -999 -999 -999 -999 -999 -999 -999 -999 -999 -999 -999 -999 -999 -999 -999 -999 -999 -999 -999 -999 -999 77 74 73 72 -999 -999 -999 -999 72 71 71 77 78 77 76 77 77 78 77 72 73 71 70 70 71 71 71 72 76 79 78 78 77 75 81 81 79 81 82 88 89 84 93 97 96 94 95 95 93 92 91 92 91 90 89 88 89 90 93 92 88 88 85 84 81
-999 -999 -999 -999 -999 -999 -999 -999 -999 -999 -999 -999 -999 -999 -999 -999 -999 -999 -999 -999 -999 -999 -999 -999 -999 -999 -999 -999 -999 -999 -999 -999 -999 72 -999 -999 -999 -999 -999 -999 71 72 76 77 77 76 77 76 75 75 73 74 73 70 71 71 71 74 72 72 73 76 77 78 75 80 84 85 84 89 89 93 92 90 93 96 93 95 94 95 93 94 93 91 90 90 91 92 95 94 90 90 86 86 85 82
