DE_sunshineduration/2018_11_sunshineduration.asc
NCOLS 654
NROWS 866
XLLCORNER 3280414.711633467
YLLCORNER 5237500.62890625
CELLSIZE 1000
NODATA_VALUE -999
[rows 265 to 317 of 866, columns 480 to 575 of 654]
67 67 67 67 67 67 67 67 67 67 67 67 67 67 67 66 66 66 65 64 63 63 62 62 61 61 60 59 60 59 58 58 58 58 60 60 60 61 62 63 63 64 64 65 65 66 66 67 67 67 68 68 68 68 68 68 68 68 69 69 69 69 69 69 69 69 70 70 70 70 70 70 70 71 71 71 72 71 72 73 72 72 71 71 72 72 71 72 71 71 72 72 73 73 73 72
67 67 67 67 67 67 67 67 67 67 67 67 67 67 67 67 66 66 65 65 64 63 63 62 62 61 60 60 59 58 58 58 58 58 58 59 60 60 61 62 62 64 65 65 66 66 67 67 67 67 68 68 68 68 68 68 69 69 69 69 69 70 70 70 70 70 70 70 70 70 71 71 71 71 71 71 73 72 72 73 73 72 71 71 71 72 72 72 73 73 72 73 73 73 73 73
67 67 67 67 67 67 67 67 67 67 67 67 67 67 67 67 67 66 66 65 65 64 63 62 62 61 60 59 59 58 58 57 57 57 58 59 59 60 61 62 64 64 65 66 67 67 67 67 67 67 68 68 68 68 68 69 69 69 69 70 70 70 70 70 70 70 70 70 70 70 71 71 72 72 72 72 72 72 72 73 73 71 71 72 73 73 72 72 73 73 72 73 73 73 73 73
67 67 67 67 67 67 67 67 67 67 67 67 67 67 67 67 67 67 66 65 65 65 63 62 62 62 60 59 59 59 58 57 56 57 58 59 59 60 61 64 64 65 66 67 67 67 67 67 67 67 68 68 68 68 69 69 69 69 70 70 70 70 70 70 70 70 70 70 70 70 71 72 72 72 72 72 72 72 72 72 72 71 73 73 72 73 73 73 73 73 73 73 73 73 73 73
67 67 67 67 67 67 67 67 67 67 67 67 67 67 67 67 67 67 66 66 65 65 64 63 62 62 61 60 59 58 58 58 57 57 58 59 60 60 62 64 64 65 66 67 67 67 67 67 67 67 68 68 68 68 69 69 69 69 70 70 70 70 70 70 70 70 70 70 70 71 71 72 72 72 72 72 72 72 72 72 72 72 73 73 73 73 73 73 73 73 73 73 73 73 73 73
68 67 67 67 67 67 67 67 67 67 67 67 67 67 67 67 67 67 66 66 65 65 64 64 63 62 61 60 59 58 58 58 58 59 59 60 61 61 62 63 64 66 66 67 67 67 67 67 67 68 68 68 68 69 69 69 69 70 70 70 70 70 70 70 70 71 71 71 71 70 72 72 72 72 72 72 72 72 72 72 71 73 73 73 73 73 73 73 73 73 73 73 73 73 73 73
67 67 67 67 67 67 67 67 67 67 67 67 67 67 67 67 67 67 66 66 66 65 65 64 64 63 61 60 60 59 58 59 59 59 60 61 62 62 63 64 65 66 66 67 67 67 67 68 68 68 68 69 69 69 69 70 70 70 70 69 70 70 70 71 71 71 71 71 72 72 72 72 72 72 72 72 72 72 72 73 72 73 73 73 73 73 73 73 73 73 73 73 73 74 73 73
67 67 67 67 67 67 67 67 67 67 67 67 67 67 67 67 67 67 67 66 66 66 65 64 64 64 62 61 60 60 60 60 60 60 61 62 62 62 63 64 65 65 66 67 67 67 67 68 68 68 68 69 69 69 69 70 70 69 70 70 70 70 70 71 71 71 71 72 71 72 72 72 72 72 72 72 72 72 72 72 73 73 73 73 73 73 73 73 73 73 73 73 74 74 74 73
67 67 67 67 67 67 67 67 67 67 67 68 67 67 67 67 67 67 67 66 66 66 66 65 64 64 63 62 61 61 62 61 61 61 62 63 63 63 64 65 65 65 66 67 67 67 68 67 68 68 68 69 69 69 70 70 69 70 70 70 70 70 71 71 71 71 71 71 71 72 72 72 72 72 72 72 72 72 73 72 73 73 73 73 73 73 73 73 73 73 73 73 74 74 74 74
67 67 67 67 67 67 67 67 67 67 67 68 67 67 67 67 67 67 67 67 67 66 66 66 65 65 65 65 65 64 63 63 64 63 63 64 64 64 64 65 65 65 66 66 66 66 67 67 67 68 68 68 69 70 70 70 69 70 70 69 71 71 71 71 71 71 71 71 72 72 72 72 72 72 72 72 71 72 72 73 72 72 72 73 73 73 73 73 73 73 73 74 73 74 73 74
68 68 68 68 68 68 67 67 67 67 67 67 68 67 67 68 68 68 67 67 67 68 66 68 67 66 67 68 68 67 66 66 67 66 65 65 65 64 64 65 65 65 65 66 66 66 67 67 68 68 68 69 69 69 69 71 71 71 71 70 70 71 71 72 72 71 72 71 72 72 72 72 72 72 72 73 72 72 73 73 72 72 72 72 73 73 73 73 73 73 73 74 74 74 74 74
68 68 68 69 68 68 67 67 67 67 67 67 67 68 67 68 68 68 68 67 67 67 68 68 67 68 68 68 69 68 68 68 68 68 66 65 65 65 65 65 65 65 65 66 66 66 67 68 68 68 68 69 69 69 69 70 70 71 70 70 71 71 71 72 71 71 71 72 72 72 72 72 72 72 72 72 72 73 73 72 72 72 73 73 73 73 73 74 73 73 73 74 74 74 74 75
68 68 68 68 68 68 68 67 67 67 67 67 67 67 68 68 68 68 68 67 67 67 68 68 68 69 69 69 70 70 71 70 69 69 68 67 65 65 64 65 65 65 65 66 66 67 67 68 68 68 69 69 69 69 70 70 70 70 70 70 71 71 72 72 71 71 72 72 72 72 72 71 71 71 72 72 72 72 72 72 73 73 73 73 73 73 73 73 73 73 74 74 74 74 74 74
68 68 68 68 68 68 68 68 68 67 68 67 68 68 69 68 69 68 68 68 68 68 68 68 69 70 71 72 72 72 73 74 72 72 69 67 66 64 64 64 65 65 65 66 67 67 68 68 68 69 69 69 69 69 70 70 70 71 71 71 71 72 72 71 71 73 73 73 72 73 72 72 72 72 72 72 72 72 74 73 73 73 74 73 73 73 74 74 75 74 74 74 74 74 74 74
68 68 68 68 68 68 68 68 68 68 68 68 68 68 68 69 69 68 68 69 69 69 70 70 70 71 72 74 74 74 76 77 75 74 70 68 66 64 63 64 65 65 66 66 67 67 68 68 69 69 69 69 69 69 70 70 71 71 71 71 71 72 72 72 73 73 73 73 73 72 72 72 72 72 72 73 73 73 74 74 74 74 74 74 74 75 74 74 74 74 74 74 74 74 74 74
68 68 68 68 68 68 68 68 68 68 68 68 68 68 68 69 68 68 68 69 69 69 70 70 70 71 73 74 74 76 77 77 77 76 71 68 66 65 64 65 65 65 66 67 67 67 68 69 69 69 69 69 69 69 70 71 71 71 71 71 72 72 72 72 73 73 72 72 72 72 72 72 72 72 72 73 73 73 73 74 74 74 74 74 74 74 74 74 74 74 74 74 74 74 74 74
68 68 68 68 68 68 68 68 68 68 68 68 68 68 68 68 69 68 68 69 69 69 70 70 70 72 74 74 75 77 79 80 77 76 73 69 68 66 65 65 65 66 67 67 67 68 68 69 69 69 69 69 69 70 70 71 71 71 71 71 71 71 72 72 72 72 72 72 72 72 72 72 72 72 73 73 73 73 74 74 74 74 74 74 74 74 74 74 74 74 74 74 74 74 74 74
69 69 69 69 68 68 68 68 68 68 68 68 68 68 68 68 69 68 68 69 70 71 70 70 72 72 73 74 75 76 77 78 76 75 73 71 69 67 67 66 67 67 67 68 68 68 69 69 69 69 69 69 70 70 70 71 71 71 71 72 72 72 72 72 72 72 72 72 72 72 72 72 73 73 73 73 73 73 73 73 74 74 74 74 74 74 74 74 74 75 75 75 75 75 75 75
69 69 69 69 69 69 68 68 68 68 68 68 68 68 68 68 68 68 68 70 70 69 70 71 72 72 73 74 75 75 76 76 75 75 73 71 70 69 68 68 68 68 68 68 69 69 69 69 69 69 69 70 71 70 70 71 71 71 72 72 72 72 72 72 72 72 72 72 72 72 72 73 73 73 73 73 73 73 73 74 74 74 73 74 74 74 74 75 75 75 75 75 75 75 75 75
69 69 69 69 69 69 69 68 68 68 68 68 68 68 68 68 69 68 68 69 69 69 70 71 72 72 73 75 75 75 75 75 75 75 73 72 71 70 69 68 68 68 68 69 69 69 69 69 70 70 70 70 70 70 71 71 71 71 72 72 72 72 72 72 72 72 72 72 72 72 72 73 73 73 73 73 73 73 73 73 73 74 74 74 74 74 75 75 75 75 75 75 75 75 75 75
69 69 69 69 69 69 68 68 68 68 68 68 68 68 68 69 68 68 68 69 69 71 71 71 72 73 74 75 75 75 75 75 75 74 74 72 71 71 70 69 69 69 69 69 69 69 69 69 69 69 70 70 70 70 71 71 71 71 72 72 72 72 72 72 72 72 72 72 72 72 73 73 73 73 73 73 73 73 73 73 73 73 75 74 74 75 75 74 74 74 74 75 75 75 75 75
69 69 70 70 69 69 69 68 68 68 68 68 68 68 68 69 68 68 69 71 71 70 71 71 72 73 73 74 74 75 75 75 74 74 73 72 72 71 70 70 69 69 69 69 69 69 69 69 70 70 70 70 70 70 71 71 71 73 72 72 72 72 72 72 72 72 72 72 72 73 73 73 73 73 73 73 73 73 74 74 74 74 74 74 74 74 74 74 74 74 74 74 75 76 76 76
69 69 69 69 69 69 68 68 68 68 68 68 68 68 69 68 68 68 68 70 70 70 70 71 72 72 74 74 74 74 75 74 74 74 73 72 72 72 72 70 70 70 70 70 70 71 70 70 70 70 70 70 70 70 71 71 72 72 72 72 72 72 73 72 72 72 72 73 73 73 73 73 73 73 73 73 74 74 74 74 75 75 74 75 75 75 75 75 75 75 74 75 75 76 76 76
69 69 69 69 69 69 69 68 68 68 68 68 68 68 68 68 68 68 68 69 69 69 70 72 73 72 73 74 74 74 74 75 74 74 73 73 73 72 72 70 70 70 70 70 70 70 70 70 70 70 70 70 70 70 71 72 72 72 72 72 72 72 72 73 72 72 72 73 73 73 73 73 73 73 74 74 74 74 74 75 75 75 75 75 75 75 75 75 75 75 75 75 75 75 76 76
69 69 69 69 69 69 69 68 68 68 68 68 68 68 68 68 68 68 68 69 69 70 70 71 72 72 73 73 75 74 74 74 74 74 73 72 72 72 71 71 70 70 70 70 71 70 70 70 70 70 70 70 70 71 71 72 72 72 72 72 72 72 72 72 72 72 73 73 73 73 73 73 73 73 74 74 74 75 75 75 75 76 77 77 76 76 76 76 76 76 76 76 76 76 76 76
71 70 69 69 69 69 70 69 68 68 69 68 68 68 68 68 68 67 68 68 69 70 70 71 71 72 72 73 73 73 73 73 73 73 73 72 72 72 71 71 72 70 70 70 70 70 70 70 70 70 70 70 71 71 71 72 72 72 72 72 72 72 72 72 73 73 73 73 73 73 73 73 74 74 74 75 75 75 76 76 76 77 78 78 77 77 77 77 77 77 77 77 77 77 77 77
71 71 70 69 69 69 69 69 69 69 69 68 68 68 69 69 69 68 68 69 69 69 70 71 71 71 72 72 72 73 73 73 73 73 74 72 72 72 72 72 72 71 70 70 70 70 70 70 70 70 70 71 71 71 71 72 72 72 72 72 72 72 72 73 73 73 73 73 73 73 73 74 74 74 75 75 76 76 76 76 77 77 78 80 79 79 78 78 78 78 78 78 78 78 78 78
71 71 71 70 69 69 69 69 69 69 68 68 68 68 69 69 70 68 68 69 69 69 70 71 71 71 72 72 72 72 73 73 73 73 72 72 72 72 71 71 72 71 71 70 70 70 70 70 70 70 71 71 71 71 71 72 72 72 72 72 72 72 72 73 73 73 73 73 73 73 74 75 74 74 75 76 76 76 76 77 77 78 79 82 81 80 80 80 80 79 79 79 79 79 79 79
71 71 71 70 70 70 69 69 69 69 69 68 68 69 69 69 69 68 69 69 69 70 70 71 71 71 72 72 72 72 73 73 73 73 72 72 72 72 72 71 71 71 71 71 70 70 70 70 70 71 72 71 71 72 72 72 72 72 73 72 72 72 73 73 73 73 73 73 73 73 74 74 74 75 75 76 77 77 77 77 77 79 82 81 80 81 81 82 83 81 81 80 80 80 80 80
71 71 71 71 71 70 70 69 69 69 69 69 69 69 69 69 70 69 69 69 69 70 70 71 71 71 72 71 73 73 72 72 72 72 72 72 72 72 73 72 71 71 71 71 71 71 71 72 71 71 71 71 72 72 73 72 73 72 72 72 72 73 73 73 73 73 73 73 74 74 74 74 75 75 76 76 77 78 78 79 79 81 81 80 81 81 82 82 82 82 83 82 81 81 82 80
72 72 71 71 71 71 70 69 69 69 70 69 69 70 70 70 70 69 69 70 70 70 70 71 71 71 71 71 71 72 72 72 72 72 72 72 72 72 72 72 72 72 72 72 72 71 71 71 71 71 71 71 71 72 73 73 72 73 73 74 73 73 73 73 73 73 73 74 74 74 74 75 75 75 76 76 77 77 79 79 80 80 81 80 81 82 82 83 83 84 84 84 83 83 82 82
72 72 71 71 71 71 70 69 69 69 69 69 70 70 70 69 69 70 70 70 70 70 70 71 71 71 71 71 71 71 73 72 72 72 72 72 72 72 72 73 72 72 73 72 72 72 71 71 71 72 72 71 71 72 73 73 72 72 72 73 73 73 73 73 73 73 74 74 74 74 74 75 75 75 76 77 78 78 79 79 80 80 81 81 81 82 83 84 85 85 85 85 85 84 82 82
71 72 72 71 71 71 71 69 69 69 69 69 70 70 70 70 69 69 70 70 70 70 71 71 71 71 71 71 71 71 71 72 72 72 72 72 72 72 72 73 73 72 72 72 72 72 73 71 71 71 72 71 71 72 72 72 72 72 73 73 73 73 73 73 73 73 74 74 74 74 75 75 75 76 76 77 77 78 79 80 80 81 80 81 81 82 84 84 85 86 86 86 85 84 84 83
71 71 72 72 71 71 71 70 71 71 71 71 71 71 71 70 70 71 71 70 72 70 71 71 71 71 71 71 71 71 71 71 71 72 72 72 72 72 72 72 72 73 72 72 73 72 72 72 72 72 72 72 72 72 72 72 72 73 74 74 73 73 73 73 74 74 74 74 74 75 75 75 76 76 76 77 77 77 79 79 80 81 82 82 82 83 84 85 85 85 86 86 86 86 85 83
71 71 71 72 72 72 71 71 72 72 71 71 71 71 71 71 71 71 71 71 70 70 71 71 71 71 71 71 71 71 71 71 71 71 72 72 72 72 72 72 72 72 72 72 72 72 72 72 72 72 72 72 73 73 73 73 73 74 74 74 73 73 73 74 74 74 74 75 75 75 75 76 76 76 77 77 77 77 79 79 80 81 82 83 83 83 85 85 86 87 87 87 87 86 85 83
71 71 71 71 72 72 71 71 71 71 71 71 71 71 71 71 71 71 71 71 70 70 71 71 71 71 71 71 71 71 71 71 71 71 72 72 72 72 72 72 72 72 72 72 72 72 72 73 72 72 72 73 73 73 73 73 73 73 74 73 73 73 74 74 74 74 74 75 75 75 75 76 76 76 77 77 77 77 78 79 80 81 83 83 83 83 85 87 86 87 87 87 87 87 84 83
72 72 71 72 72 72 72 71 71 71 71 71 71 71 71 70 70 70 71 71 70 70 71 71 71 71 71 71 71 71 71 71 71 71 72 72 72 72 72 72 72 72 72 72 72 72 72 72 72 72 73 73 73 74 73 73 73 73 73 73 73 73 74 74 74 74 75 75 75 75 76 76 76 77 77 77 77 78 78 79 80 81 82 82 83 85 85 87 87 87 87 87 87 86 85 84
72 72 72 72 72 72 72 72 72 71 71 71 70 70 70 70 70 71 71 71 71 71 71 71 71 71 71 71 71 71 71 71 71 72 72 72 72 73 74 73 72 72 72 72 72 72 72 72 73 73 73 73 73 74 75 75 73 73 74 74 74 74 74 74 74 75 75 75 75 76 76 76 77 77 77 77 78 78 79 79 81 82 83 83 83 85 86 87 87 87 87 87 87 86 85 84
72 72 72 72 72 72 72 72 72 72 71 71 71 70 70 70 70 70 70 72 71 71 71 71 71 71 71 71 71 72 72 72 72 72 72 73 74 73 74 74 73 73 73 73 73 73 73 73 73 73 73 74 75 75 74 74 74 74 74 74 74 74 74 75 75 75 75 76 77 76 76 77 77 77 77 78 78 78 79 80 81 82 83 83 84 85 86 86 88 88 88 87 87 86 85 84
72 72 72 72 72 72 72 72 72 72 72 70 71 70 70 71 71 70 71 71 71 71 71 72 72 72 71 71 72 72 72 72 72 72 74 73 74 74 74 74 74 73 73 73 73 73 73 73 73 73 74 74 74 74 74 74 74 74 74 74 74 74 75 75 75 75 75 76 76 77 76 77 77 77 77 78 78 78 79 80 81 82 82 83 85 85 86 87 88 88 88 87 87 86 85 84
72 72 72 72 72 72 72 72 72 72 71 71 70 70 71 71 71 71 71 72 71 71 71 71 71 71 72 71 71 72 72 72 72 73 73 73 73 74 75 74 73 74 74 74 73 74 74 74 73 74 74 74 74 74 75 74 74 74 75 74 74 76 75 75 75 75 76 76 76 76 77 77 77 77 78 78 78 79 80 81 81 82 82 84 85 85 86 86 88 88 88 87 87 86 85 84
73 73 73 73 72 73 73 73 72 72 71 71 71 71 71 71 71 72 71 71 71 72 72 72 72 72 72 72 72 72 73 73 73 73 74 75 74 74 74 74 74 74 75 74 74 74 75 74 75 75 75 75 75 76 76 75 75 76 76 76 75 75 75 75 76 76 76 76 76 76 77 77 77 77 78 78 79 79 80 81 82 82 82 84 84 85 85 86 87 87 87 87 86 85 85 84
73 73 73 73 73 73 73 72 72 72 72 72 72 72 71 72 72 72 72 72 72 72 72 72 73 74 72 73 73 74 73 73 74 74 74 74 75 75 76 76 76 75 75 75 76 76 76 76 77 77 76 77 76 77 76 76 76 76 75 77 76 76 77 76 76 76 76 77 76 76 76 77 77 77 78 78 79 80 81 82 82 81 83 84 84 85 85 85 86 87 87 86 85 85 85 84
73 73 73 73 73 73 73 72 72 72 72 72 72 72 72 72 73 72 72 72 72 72 72 73 74 74 73 73 73 73 73 74 75 75 75 75 75 75 75 76 76 76 76 76 76 77 77 78 78 78 77 77 76 77 77 76 76 76 77 76 76 76 77 77 76 76 76 76 77 77 78 78 78 77 78 80 80 80 81 82 82 82 83 84 84 84 85 85 85 85 85 85 85 85 84 84
73 73 73 73 73 73 72 72 72 72 72 73 73 73 73 72 72 72 72 72 73 73 73 73 73 73 73 74 74 73 74 75 75 75 76 75 75 75 76 76 76 76 77 76 76 78 79 78 78 78 78 77 77 76 77 76 76 76 76 76 76 76 76 76 76 76 76 76 76 77 78 79 78 79 79 80 79 79 81 81 81 82 83 83 84 84 84 84 85 85 84 85 85 84 84 84
73 73 74 73 73 73 72 72 72 72 72 73 73 73 74 72 72 72 73 72 74 74 74 73 73 73 73 73 74 74 74 74 75 76 75 75 75 76 76 76 77 77 77 77 78 78 78 79 79 79 79 78 77 77 77 77 77 76 77 76 76 76 77 76 76 76 77 76 77 77 79 78 79 79 79 80 80 79 81 80 81 82 83 83 83 84 84 84 84 84 84 84 84 84 84 84
73 74 73 73 73 73 72 72 72 72 72 74 74 74 74 73 73 73 73 73 73 73 73 73 73 73 73 74 74 74 74 75 75 75 75 76 76 76 76 77 77 77 78 78 78 79 79 79 79 80 78 78 78 77 77 77 77 77 77 77 77 77 77 77 77 77 77 77 77 77 78 79 79 79 79 80 80 80 81 81 81 81 82 83 83 83 83 83 83 83 83 83 83 83 83 83
73 73 73 73 73 73 73 72 72 72 73 74 74 74 74 73 73 73 73 73 73 73 73 73 73 73 74 74 74 74 75 75 75 75 75 76 76 76 77 77 77 77 78 79 80 80 79 79 79 79 78 78 78 78 77 77 77 77 77 77 77 77 77 77 77 77 77 77 77 77 77 79 79 79 79 80 80 80 80 81 81 80 82 83 83 83 83 83 83 83 82 83 83 83 83 83
73 73 73 73 73 73 73 72 72 72 73 73 74 74 74 74 73 73 73 73 73 73 73 73 73 74 74 74 74 74 75 75 75 75 76 76 76 76 77 78 77 78 78 79 79 80 80 80 79 79 80 78 78 79 79 77 77 77 77 77 77 77 77 77 77 77 77 77 77 77 78 79 79 79 79 79 80 80 80 80 81 81 82 82 82 83 83 83 82 82 83 83 83 83 83 83
73 73 73 73 73 73 73 73 73 73 73 73 74 74 74 73 74 73 73 73 74 74 74 74 74 74 74 74 75 75 75 75 75 75 76 76 77 77 78 79 79 78 79 79 79 79 80 79 79 80 79 79 80 80 78 78 79 77 77 77 77 77 77 77 77 77 77 77 77 78 78 79 79 79 79 78 79 79 79 79 81 82 81 81 82 82 83 82 82 83 83 83 82 82 83 82
73 73 73 73 73 73 73 74 74 74 73 73 74 74 74 74 73 73 73 74 74 75 75 75 75 75 75 75 75 75 75 75 75 75 76 76 77 77 78 79 80 80 79 79 79 79 79 79 80 80 80 80 81 79 79 78 78 78 77 77 77 77 77 77 77 77 77 79 79 78 79 79 79 78 78 78 78 78 79 79 80 81 80 82 81 82 82 83 83 83 83 82 83 82 83 82
73 73 73 73 73 73 73 74 74 74 73 73 74 74 74 74 73 74 74 74 74 75 75 76 75 75 75 75 75 75 75 75 75 75 77 78 77 78 78 80 80 80 79 79 79 79 79 80 81 80 81 80 80 80 79 78 78 79 78 78 77 77 77 77 77 77 77 78 78 78 78 78 79 79 78 78 78 78 79 79 79 79 80 82 81 82 82 82 82 82 82 82 82 82 82 82
73 73 73 73 73 73 74 74 75 75 74 73 74 74 74 74 74 75 75 74 74 75 76 75 75 75 75 75 75 75 75 75 75 76 77 78 77 78 78 79 80 80 80 80 79 79 80 80 80 81 81 81 81 80 80 80 78 79 79 78 78 77 77 77 77 77 78 78 78 78 78 79 79 78 78 78 78 78 79 79 79 79 80 80 81 81 81 82 82 82 82 82 82 82 82 83
