DE_sunshineduration/2018_02_sunshineduration.asc
NCOLS 654
NROWS 866
XLLCORNER 3280414.711633467
YLLCORNER 5237500.62890625
CELLSIZE 1000
NODATA_VALUE -999
[rows 430 to 472 of 866, columns 480 to 575 of 654]
120 120 121 121 121 120 122 122 122 124 124 124 125 125 125 126 126 126 127 126 126 126 124 124 125 125 126 125 126 126 127 128 128 129 129 128 129 129 129 128 128 130 130 129 130 130 130 129 129 129 129 129 129 130 131 131 131 130 129 129 129 129 129 129 130 130 130 131 131 131 132 133 132 132 133 133 133 132 133 133 133 133 133 133 133 133 132 132 132 131 132 131 133 133 133 132
120 121 120 121 121 121 122 122 123 124 124 125 125 126 126 127 127 127 127 127 126 125 124 125 125 126 127 126 127 127 127 128 128 128 128 129 129 128 129 129 129 130 130 131 131 130 130 130 129 130 130 129 130 130 130 131 131 131 130 130 130 129 129 129 129 129 130 130 130 130 131 131 131 131 132 133 132 132 132 132 132 132 132 133 133 133 133 131 131 131 132 131 132 131 133 133
120 120 120 121 121 121 121 122 123 124 124 125 125 126 127 127 127 127 127 126 126 126 125 126 126 126 127 127 126 126 127 128 128 128 129 129 129 129 129 129 130 131 131 130 131 131 131 130 129 130 130 130 130 130 130 131 131 130 131 130 131 129 130 129 129 129 129 130 130 130 130 130 131 131 130 131 132 132 132 132 132 132 132 132 132 132 133 132 131 131 132 131 132 132 132 132
121 120 120 121 121 121 122 123 124 124 123 125 125 125 127 127 127 126 126 126 126 125 126 127 126 126 127 127 127 126 127 129 129 129 129 130 129 129 130 130 130 130 130 131 131 131 131 130 129 130 131 130 130 130 130 131 131 131 131 131 131 131 131 131 131 130 129 130 130 130 129 129 130 129 129 130 130 132 132 132 132 133 132 133 133 133 132 132 132 131 132 131 132 131 131 132
120 120 120 120 121 121 121 122 123 124 124 125 125 126 127 127 127 127 127 126 126 125 126 126 126 126 127 127 127 127 126 127 128 129 128 130 129 130 130 130 130 130 130 130 131 130 130 130 130 129 131 131 131 130 131 131 131 130 131 131 131 130 131 131 131 130 129 130 129 129 129 129 129 129 128 128 128 130 130 131 132 132 132 132 132 132 132 131 131 131 131 131 131 131 131 132
120 120 120 120 120 120 120 123 123 125 125 125 126 125 127 127 127 127 126 126 126 125 126 125 126 126 127 127 127 127 127 126 127 127 127 128 129 129 130 131 132 132 131 131 130 130 129 130 130 130 130 130 130 129 131 131 131 130 131 131 131 131 131 130 130 130 130 129 129 128 129 128 128 128 128 128 128 128 131 131 131 132 132 132 132 131 131 131 131 131 131 131 131 131 131 133
121 120 120 120 120 120 121 123 123 124 125 125 125 125 126 127 127 126 126 126 126 125 126 126 126 126 126 128 128 127 126 127 126 128 128 129 129 129 130 131 131 131 130 130 130 130 129 130 130 130 129 130 130 129 130 131 131 131 130 131 131 131 131 131 130 130 130 130 129 129 129 128 128 128 128 128 128 128 129 130 130 132 132 132 132 132 131 131 131 130 131 131 131 131 132 133
121 121 120 120 120 120 121 122 123 123 124 125 126 126 126 127 127 127 127 126 126 126 126 126 127 127 126 127 128 128 126 128 127 128 129 130 129 130 130 132 132 131 132 130 130 130 130 131 131 130 130 130 130 130 130 131 131 131 131 131 131 131 131 131 131 130 129 129 130 129 129 129 128 128 128 128 128 128 128 128 130 131 132 132 133 133 132 131 132 132 131 132 131 131 132 134
121 121 120 120 120 119 121 121 122 123 124 124 124 126 126 126 126 127 126 126 126 126 127 126 127 127 127 127 128 127 127 128 129 129 130 130 130 131 130 132 133 131 131 130 131 131 131 131 129 129 130 130 130 130 130 130 130 131 131 131 131 131 131 131 130 131 130 130 128 128 129 129 129 129 128 128 128 128 128 128 128 130 131 132 132 130 132 131 131 131 130 132 132 133 133 133
120 120 120 120 120 119 121 121 122 123 122 124 124 125 126 126 126 126 125 125 125 126 126 126 126 127 127 128 127 128 126 129 129 129 130 130 130 130 131 131 132 131 130 131 131 131 131 130 131 130 129 129 129 129 131 130 130 130 130 130 131 130 129 128 128 128 129 127 128 130 129 128 128 128 129 128 128 128 128 128 128 128 128 129 129 129 128 129 129 129 130 131 132 133 134 134
120 120 120 121 121 120 120 122 122 122 123 124 124 125 125 126 126 126 126 126 124 126 126 126 126 126 127 128 128 128 127 129 129 129 130 130 130 131 130 131 131 132 131 130 131 131 131 131 130 130 129 129 129 129 129 130 131 130 130 130 130 130 129 129 129 128 128 128 130 129 129 129 129 129 128 129 129 128 128 128 128 128 127 128 128 129 128 129 129 129 130 131 132 132 132 134
120 120 121 121 120 120 120 121 122 122 123 123 125 125 125 126 126 126 124 125 125 125 126 126 126 126 127 127 128 128 128 128 129 130 130 130 131 131 131 131 132 132 130 131 131 130 130 131 131 130 130 130 129 129 130 130 131 130 130 129 129 129 129 129 129 127 126 130 129 130 130 129 129 129 129 128 129 129 127 128 128 128 127 127 128 128 128 129 129 129 129 131 131 131 132 133
120 121 120 122 119 119 120 122 122 123 123 124 124 124 125 125 125 125 125 124 126 126 126 126 126 127 127 127 127 127 128 127 128 128 130 130 129 129 131 131 131 131 130 130 130 129 129 129 130 130 130 130 130 128 130 130 130 129 129 128 127 129 130 128 128 127 128 127 128 128 129 129 129 128 128 128 128 128 128 128 127 127 127 127 128 127 128 128 129 129 129 130 130 131 132 131
120 119 120 120 119 119 121 122 122 122 122 122 123 123 124 125 125 125 124 123 124 125 126 126 126 126 127 126 126 127 127 127 126 128 129 128 128 129 130 130 130 130 131 130 129 129 130 129 129 129 129 129 129 129 128 129 128 130 129 128 127 128 128 128 125 127 129 128 128 127 129 129 128 129 128 126 127 128 128 128 127 126 126 126 126 126 127 128 128 129 130 130 129 130 131 130
119 119 119 120 118 119 121 122 122 122 122 122 122 122 123 125 125 125 125 124 124 125 125 126 126 126 127 127 126 126 127 128 127 127 127 128 128 128 130 130 130 130 129 129 129 129 128 129 129 129 129 129 129 129 129 128 128 128 128 128 128 128 127 126 125 128 129 130 129 128 128 128 128 127 127 128 128 127 127 128 128 128 126 126 126 126 127 126 128 129 129 130 129 127 130 130
119 119 118 120 118 119 121 121 123 122 122 122 122 123 123 124 125 125 125 125 125 124 125 127 126 126 127 127 126 127 126 128 127 127 127 128 128 129 129 129 131 129 128 129 129 129 129 128 129 129 129 130 129 129 129 129 128 128 128 127 128 127 127 127 128 127 127 128 130 130 130 128 128 127 126 126 128 128 127 127 128 127 128 128 127 127 126 127 128 128 128 129 129 130 131 130
119 120 120 119 119 119 121 121 121 123 123 123 123 123 123 124 124 124 124 124 124 125 125 126 126 126 126 126 126 126 127 127 126 128 128 127 128 129 129 129 129 129 127 128 128 128 128 128 127 128 129 130 128 129 129 128 127 127 128 127 128 125 127 128 127 126 127 128 128 129 129 128 127 126 125 125 126 128 127 127 128 127 127 127 127 126 126 126 128 127 127 126 129 128 130 130
119 119 119 119 118 120 119 120 121 121 122 123 123 123 123 123 123 123 124 124 124 124 125 126 126 126 126 125 126 125 127 127 127 127 127 127 128 128 128 129 129 128 127 128 126 127 128 129 128 128 128 128 129 129 128 128 127 127 127 126 126 127 127 127 126 127 126 128 127 128 129 126 126 125 125 125 126 127 127 127 127 127 128 127 127 126 127 126 127 128 128 127 128 129 129 129
118 119 119 119 119 119 120 122 122 122 123 123 123 123 123 123 123 123 124 124 123 124 125 126 126 126 126 126 125 126 126 127 127 127 126 128 128 128 128 129 128 128 128 128 126 127 127 129 129 128 129 129 129 129 128 127 127 127 127 126 125 126 127 127 126 126 126 127 128 127 127 128 128 127 126 124 126 127 127 128 127 128 128 128 127 126 126 126 125 127 127 128 129 129 129 133
118 118 118 118 118 119 121 121 122 122 123 123 123 123 124 123 124 123 123 125 124 124 125 126 126 126 126 126 125 127 126 126 128 127 127 127 129 129 128 129 129 129 127 128 128 128 127 127 129 127 127 128 128 129 128 128 128 126 126 126 125 125 126 126 126 127 126 128 128 128 126 126 128 127 126 125 127 127 126 125 127 127 127 127 127 126 126 127 126 125 127 128 129 129 130 131
118 118 118 118 118 121 121 119 121 122 123 123 123 123 123 124 124 123 124 124 123 123 125 124 125 126 126 126 126 127 127 126 127 128 128 126 127 128 128 128 128 128 128 128 128 128 128 127 128 127 127 127 127 128 127 127 127 127 126 125 125 125 125 126 126 126 125 125 126 126 125 126 126 126 126 126 126 125 124 124 126 125 125 126 125 126 126 126 127 127 127 129 130 130 130 129
118 118 118 119 119 119 120 122 121 121 122 123 123 123 123 123 124 124 123 124 124 124 124 125 125 124 126 126 126 126 127 127 127 128 127 127 126 128 128 128 128 128 128 129 128 128 128 127 127 127 127 127 126 126 126 127 126 127 125 127 127 126 126 126 125 125 124 123 123 124 124 126 125 124 125 126 125 125 123 125 125 123 125 125 124 124 126 127 127 128 127 128 130 131 129 130
118 118 119 118 119 120 121 122 122 122 122 123 123 124 124 124 123 124 125 125 124 124 124 123 124 124 125 126 126 126 127 128 128 128 127 127 126 126 126 128 128 129 128 129 128 128 128 127 127 127 127 126 126 127 126 126 126 127 125 127 127 125 125 124 124 124 123 122 123 123 123 125 125 124 124 125 125 125 124 124 124 122 124 125 124 124 126 126 127 127 126 128 128 130 128 131
118 117 118 119 120 121 121 122 122 122 123 123 123 123 123 124 124 124 125 125 124 124 123 123 124 124 124 126 127 127 127 128 128 128 128 127 127 127 127 127 128 128 128 129 128 127 127 127 127 126 127 126 126 125 126 126 126 127 126 125 126 126 124 123 123 122 122 121 122 123 122 124 124 123 123 123 124 121 123 124 123 123 123 122 122 123 126 126 127 126 127 127 129 130 129 130
118 118 120 119 120 121 122 122 123 123 124 123 123 123 124 124 124 125 125 125 124 123 123 123 124 125 125 126 126 127 127 128 128 128 128 125 127 127 126 127 128 128 128 128 128 128 127 126 125 127 127 125 125 126 126 125 126 125 126 125 124 124 124 123 122 121 120 120 119 121 121 122 122 120 122 122 122 121 121 121 121 121 122 122 122 121 123 123 124 126 126 128 129 130 129 132
119 119 120 120 121 121 122 122 124 124 124 124 123 123 123 124 125 125 124 124 124 123 123 124 124 124 124 125 126 127 127 127 127 126 126 127 127 127 126 126 126 127 129 127 128 127 127 126 125 126 126 125 124 125 126 125 125 124 125 124 123 123 123 122 120 119 119 119 117 119 120 119 119 119 120 120 118 119 117 120 118 118 120 120 119 120 122 122 123 124 127 127 129 129 130 130
118 119 120 121 122 122 122 123 124 124 124 124 123 123 125 125 125 125 124 124 124 124 123 125 125 125 125 126 126 128 127 127 127 127 127 127 127 127 126 128 126 127 127 127 128 127 126 125 125 125 127 125 125 126 125 125 125 125 124 123 123 122 123 121 119 120 118 116 118 119 118 118 118 118 118 119 118 116 115 118 116 118 119 119 119 121 122 121 123 124 125 128 129 130 129 130
119 120 121 122 121 122 123 124 125 124 124 124 123 124 124 125 125 125 124 124 125 124 124 124 125 126 126 127 127 127 128 128 127 126 127 128 128 128 127 128 127 127 127 127 128 126 127 126 125 124 125 126 125 124 124 125 124 124 123 124 123 121 121 120 118 119 118 116 116 118 117 117 117 115 114 112 113 115 113 115 116 117 117 118 118 119 120 120 123 125 125 127 129 129 129 128
120 121 121 121 122 123 123 123 124 124 125 125 124 124 124 124 125 125 126 125 124 124 124 123 124 125 125 126 127 124 126 126 125 125 127 128 127 127 127 128 126 126 127 127 127 126 127 126 124 126 126 125 124 124 123 123 122 122 122 121 121 121 120 119 119 118 118 117 115 114 116 115 114 111 111 110 112 112 113 112 115 115 115 117 118 119 121 120 122 123 125 126 127 129 130 129
121 121 121 122 122 122 123 124 124 124 125 125 126 125 125 125 126 126 126 125 125 125 124 124 123 124 124 124 124 123 125 125 124 125 126 127 127 127 127 127 127 127 127 127 126 126 126 126 124 123 124 125 124 124 123 123 121 121 121 120 120 120 119 117 118 117 116 114 113 112 113 113 113 111 112 108 109 110 111 111 112 115 116 117 118 117 120 119 121 121 122 126 126 128 129 129
121 121 121 122 122 122 123 124 125 124 125 126 126 125 125 125 125 126 127 126 126 125 125 125 125 124 124 123 123 123 123 124 124 126 126 126 127 127 127 127 127 126 127 127 126 126 126 124 123 123 123 124 124 124 124 122 122 122 121 119 118 119 118 118 118 118 116 115 112 113 110 110 110 110 109 107 107 109 110 111 112 113 114 117 118 119 118 121 120 120 122 125 126 125 125 128
121 121 122 122 122 122 124 125 124 125 124 126 126 126 125 125 125 125 126 127 126 126 126 126 125 125 123 123 124 125 124 125 125 126 127 126 126 126 127 128 127 127 127 126 127 126 125 125 125 123 123 123 124 124 123 122 121 122 121 119 119 118 119 117 117 117 116 114 112 112 111 109 109 109 108 107 104 106 108 110 110 112 114 116 118 118 119 120 119 -999 -999 -999 -999 -999 -999 -999
120 121 122 121 123 124 125 125 125 125 126 126 125 126 126 126 125 126 126 126 126 126 127 126 126 125 123 125 125 124 122 123 124 125 125 125 126 125 127 127 127 127 127 127 126 125 125 125 125 124 123 124 123 123 123 122 121 121 121 119 120 119 119 117 117 117 115 114 112 110 113 108 108 108 106 105 104 104 106 107 110 111 114 116 117 118 120 121 120 -999 -999 -999 -999 -999 -999 -999
120 121 122 123 123 125 125 125 125 125 126 125 126 127 126 126 126 126 126 126 127 128 126 127 127 126 123 123 124 123 123 124 125 123 123 125 126 126 127 126 127 128 128 126 125 125 126 125 125 124 124 125 122 124 122 120 120 121 121 120 118 118 118 118 116 116 115 113 110 110 111 109 107 107 105 102 101 103 104 108 109 111 113 115 116 118 120 121 -999 -999 -999 -999 -999 -999 -999 -999
120 121 122 123 124 124 124 125 125 125 126 127 126 126 126 126 126 127 127 126 128 128 129 127 126 126 123 123 124 124 123 124 126 125 125 124 125 125 125 126 127 127 126 125 125 125 125 125 125 125 123 123 124 122 122 121 120 120 120 120 120 119 118 118 117 117 115 111 110 111 108 107 107 106 105 103 104 104 105 106 107 110 112 115 116 -999 -999 -999 -999 -999 -999 -999 -999 -999 -999 -999
121 122 123 123 124 123 124 125 125 126 126 127 127 127 126 126 127 127 128 127 127 128 128 126 125 124 123 124 125 124 123 123 124 125 125 126 125 125 126 126 125 126 125 125 125 125 125 125 126 123 125 124 124 123 122 122 121 120 118 119 119 119 119 118 116 115 113 112 110 111 110 106 108 104 105 104 104 101 103 105 108 110 112 115 -999 -999 -999 -999 -999 -999 -999 -999 -999 -999 -999 -999
122 123 123 123 123 123 124 125 125 126 127 127 127 127 126 127 127 127 128 128 128 129 127 125 126 123 123 124 125 124 124 124 123 124 125 126 126 126 125 125 124 125 125 125 125 126 126 125 125 124 123 124 124 123 120 119 121 120 120 120 119 118 119 117 116 114 112 111 108 108 108 106 107 105 104 104 105 103 105 105 108 108 112 114 -999 -999 -999 -999 -999 -999 -999 -999 -999 -999 -999 -999
121 121 122 122 123 123 124 126 127 126 128 128 129 129 127 126 126 126 127 127 128 128 127 126 127 125 125 123 123 124 126 125 124 124 124 125 125 126 126 125 125 125 126 127 126 126 127 125 125 125 123 123 122 122 122 120 118 119 119 120 119 118 118 117 116 115 113 110 108 109 107 106 104 105 104 103 103 103 105 106 108 107 110 113 115 -999 -999 -999 -999 -999 -999 -999 -999 -999 -999 -999
120 120 121 122 122 122 124 126 127 127 128 128 129 129 127 127 127 128 127 126 127 129 128 127 127 126 125 124 124 126 126 126 124 124 124 125 126 126 126 125 126 127 126 126 126 126 126 126 125 126 124 122 121 122 122 121 119 120 120 120 120 119 118 117 114 115 112 108 109 106 107 104 104 105 105 104 103 102 105 106 107 107 109 113 115 -999 -999 -999 -999 -999 -999 -999 -999 -999 -999 -999
119 119 120 121 122 123 125 126 127 127 127 128 128 127 127 127 127 128 127 128 126 127 128 128 127 126 126 125 123 126 126 126 126 125 124 125 126 126 125 126 125 126 126 125 126 126 126 126 126 126 125 123 123 121 122 122 119 118 120 119 120 120 117 118 115 114 112 108 109 108 104 104 105 105 103 103 105 104 104 107 108 109 110 -999 -999 -999 -999 -999 -999 -999 -999 -999 -999 -999 -999 -999
119 119 121 121 122 124 125 125 126 126 127 127 127 127 127 127 128 127 127 127 126 127 129 128 127 127 126 126 123 123 126 128 126 124 125 124 125 126 126 125 125 126 125 125 126 126 127 127 126 124 124 123 122 121 122 121 120 119 119 118 118 118 117 117 116 113 113 111 109 107 105 103 104 102 102 103 104 105 105 107 108 110 110 -999 -999 -999 -999 -999 -999 -999 -999 -999 -999 -999 -999 -999
119 119 121 122 123 124 124 125 125 126 126 126 126 126 127 127 129 129 129 128 126 127 127 128 127 127 126 126 124 125 125 127 128 127 126 124 125 126 125 124 124 124 126 126 126 127 127 127 126 125 125 124 124 123 122 123 122 120 121 117 116 116 114 112 112 111 112 111 110 109 106 104 102 -999 -999 -999 -999 -999 -999 -999 109 -999 -999 -999 -999 -999 -999 -999 -999 -999 -999 -999 -999 -999 -999 -999
119 118 120 121 122 123 124 125 124 124 125 127 127 127 128 129 129 128 128 127 126 126 128 128 127 127 124 124 124 126 127 128 128 127 125 125 125 126 125 124 124 126 125 126 126 126 126 125 125 126 126 124 124 124 121 123 122 121 121 119 119 118 116 115 114 112 111 -999 -999 -999 -999 -999 -999 -999 -999 -999 -999 -999 -999 -999 -999 -999 -999 -999 -999 -999 -999 -999 -999 -999 -999 -999 -999 -999 -999 -999
