DE_sunshineduration/2018_10_sunshineduration.asc
NCOLS 654
NROWS 866
XLLCORNER 3280414.711633467
YLLCORNER 5237500.62890625
CELLSIZE 1000
NODATA_VALUE -999
[rows 820 to 860 of 866, columns 282 to 375 of 654]
168 168 169 170 169 169 170 170 172 171 172 172 172 172 173 173 173 173 172 173 175 176 176 175 175 175 175 177 176 176 175 177 175 173 172 172 172 172 173 173 174 176 176 177 177 177 177 178 177 177 178 177 176 176 176 176 176 175 175 175 175 176 177 176 176 176 176 176 176 176 176 175 176 176 176 177 176 175 175 175 176 175 174 175 173 171 170 171 170 166 166 165 162 160
169 169 169 168 170 170 170 170 170 172 172 173 172 173 175 173 173 173 174 173 173 175 175 176 175 177 178 177 177 176 176 175 174 173 172 172 172 173 173 173 174 176 178 176 177 178 178 178 177 177 177 176 176 176 176 176 176 176 175 175 176 176 177 177 177 177 176 176 176 175 176 175 175 176 176 177 175 176 175 176 178 176 176 174 173 171 169 169 168 167 168 168 166 164
169 169 169 169 169 169 169 170 171 172 172 172 174 174 174 174 173 173 174 173 173 173 176 177 180 177 176 177 177 176 176 174 173 173 172 173 172 173 173 173 177 178 177 177 177 176 178 176 177 177 177 177 177 176 176 176 176 176 176 176 176 178 178 177 179 177 176 176 176 176 177 176 177 177 176 175 175 175 176 176 177 178 177 175 173 171 169 169 168 167 170 175 173 175
168 169 169 169 170 170 170 169 169 170 170 172 171 172 174 174 173 173 174 175 176 177 178 177 175 175 176 176 177 176 175 175 173 173 172 172 172 172 173 175 176 177 176 176 177 178 178 177 177 177 176 177 177 177 176 176 177 178 177 176 176 178 176 180 179 177 176 176 176 176 176 176 177 175 175 175 175 179 181 182 182 180 180 178 174 171 169 169 168 167 171 175 174 175
168 169 169 169 169 170 171 171 169 171 170 171 171 172 171 173 173 175 176 174 175 174 174 174 174 174 175 176 176 177 173 174 172 172 173 172 172 173 174 176 175 176 177 178 180 179 179 177 177 178 176 177 177 177 176 176 176 176 176 176 177 177 177 178 179 178 177 176 176 176 176 176 177 175 175 176 177 186 186 186 188 183 187 184 177 171 176 174 168 167 167 168 171 173
168 169 169 169 170 171 171 171 170 172 171 172 172 172 174 173 176 178 176 174 174 175 175 176 175 175 176 177 178 177 173 172 172 173 172 172 172 174 175 175 175 177 178 182 179 178 177 177 176 177 176 177 177 177 177 177 177 177 176 177 177 176 177 177 178 177 177 176 176 176 180 176 176 175 175 177 183 187 184 184 185 188 182 179 178 174 177 178 174 168 167 167 170 173
169 169 170 170 171 170 170 170 171 171 170 172 172 172 175 174 174 176 174 175 176 176 176 177 178 180 180 178 176 174 173 173 173 173 172 172 173 174 174 175 177 178 180 181 180 177 176 177 177 177 176 176 177 177 178 177 178 178 176 176 176 176 176 177 179 177 177 176 176 176 176 176 176 176 176 185 187 182 183 186 181 181 180 175 176 173 174 176 172 170 168 168 167 167
169 170 171 171 172 172 171 171 171 171 171 171 172 174 174 173 173 174 174 175 174 176 178 182 180 181 179 177 177 175 174 172 172 173 173 172 175 177 175 175 177 181 180 178 177 177 176 177 178 179 178 178 177 177 177 177 179 178 177 176 176 176 176 176 176 177 176 176 176 176 176 176 176 177 181 179 178 179 181 184 183 181 180 177 177 176 178 178 175 170 175 169 168 168
170 171 172 173 173 173 171 170 171 171 171 172 173 173 174 176 175 173 176 176 175 178 180 180 177 177 178 178 176 175 174 172 172 173 173 175 179 176 175 176 178 180 179 177 177 177 179 181 180 182 184 184 178 176 176 177 177 178 177 176 177 177 176 176 176 176 176 176 176 176 176 176 176 181 182 180 178 181 182 183 183 181 180 181 180 178 178 179 181 178 178 173 169 168
173 173 172 172 172 172 170 170 171 172 173 174 173 174 174 176 177 175 174 180 177 175 176 177 178 179 178 177 176 174 173 172 172 173 173 179 176 175 175 179 179 179 178 178 178 179 183 187 181 186 187 186 183 177 177 176 177 178 177 176 177 176 176 176 176 176 176 176 176 176 176 176 179 184 186 183 181 184 182 191 185 186 186 184 183 184 187 186 181 180 181 181 181 171
171 172 173 173 172 171 169 170 172 172 175 173 174 174 176 176 176 175 175 176 177 178 177 176 176 177 177 175 175 174 173 172 172 172 176 176 175 176 178 179 179 177 179 177 179 179 181 187 183 187 185 182 181 177 177 176 177 177 176 176 176 176 176 176 176 176 176 176 176 176 176 179 181 186 185 181 187 190 193 191 193 195 189 186 184 187 185 184 184 174 173 172 172 172
173 173 173 172 171 169 170 171 173 173 173 174 174 174 173 175 177 179 178 179 179 179 179 179 176 175 174 174 174 173 173 172 172 173 176 175 176 178 181 180 179 180 182 182 177 177 179 182 183 182 180 177 178 180 176 176 179 178 177 175 176 176 176 176 176 176 176 176 176 176 178 182 184 187 188 184 183 186 192 188 183 184 185 184 179 177 178 178 175 177 178 176 179 181
173 173 172 171 170 169 171 173 174 173 173 175 173 174 174 177 177 177 178 182 182 179 177 174 173 173 173 173 174 175 173 172 173 173 173 175 180 183 184 181 180 181 182 185 182 178 180 182 180 178 180 187 186 178 176 176 177 178 182 181 178 177 178 176 177 176 177 177 177 176 181 191 194 187 186 194 188 188 193 189 190 186 181 178 179 179 177 177 177 190 183 183 194 193
174 172 171 171 169 170 173 174 174 173 173 176 174 175 174 174 175 178 178 178 175 173 173 173 174 177 177 174 173 173 172 173 173 173 173 176 183 188 184 180 181 182 184 187 182 178 182 186 178 188 185 179 178 183 183 178 176 184 -999 -999 181 178 178 177 179 183 179 177 184 181 185 187 190 191 192 194 199 196 194 194 191 185 182 181 184 184 179 180 191 189 184 189 193 185
175 171 171 170 169 170 174 173 175 174 173 174 175 176 174 178 173 173 173 173 173 174 177 180 181 183 185 185 179 174 172 172 172 173 173 179 189 186 183 178 179 186 189 185 179 178 187 -999 -999 183 181 179 186 191 195 189 182 -999 -999 -999 -999 -999 -999 -999 -999 -999 -999 177 182 186 183 186 197 194 192 196 195 191 194 189 187 182 186 190 195 193 184 187 200 190 194 199 197 189
172 171 171 169 169 173 174 175 176 174 171 173 175 174 172 173 178 177 177 175 177 179 181 183 185 186 185 182 178 181 175 173 173 173 174 181 184 180 178 179 183 187 187 183 179 179 180 -999 -999 -999 184 178 182 184 191 189 186 -999 -999 -999 -999 -999 -999 -999 -999 -999 -999 -999 -999 -999 193 184 186 187 191 190 191 185 185 186 183 187 199 199 192 186 185 195 201 201 203 194 190 186
-999 -999 170 168 -999 -999 175 177 176 173 171 173 171 171 174 174 177 177 177 180 183 185 184 183 184 186 181 180 183 183 177 175 173 173 173 177 176 178 179 183 189 187 182 182 180 180 -999 -999 -999 -999 -999 -999 -999 -999 -999 -999 -999 -999 -999 -999 -999 -999 -999 -999 -999 -999 -999 -999 -999 -999 197 189 193 191 196 -999 -999 -999 -999 -999 185 198 200 192 188 191 187 189 199 199 194 193 195 192
-999 -999 -999 168 -999 -999 -999 -999 -999 -999 169 170 175 175 176 175 175 175 182 185 183 179 182 180 184 187 186 190 183 180 176 175 173 173 173 173 178 182 183 185 186 187 190 184 180 182 -999 -999 -999 -999 -999 -999 -999 -999 -999 -999 -999 -999 -999 -999 -999 -999 -999 -999 -999 -999 -999 -999 -999 -999 194 -999 -999 -999 -999 -999 -999 -999 -999 -999 -999 196 198 198 197 200 192 188 197 200 202 204 206 198
-999 -999 -999 -999 -999 -999 -999 -999 -999 -999 169 176 178 178 177 177 174 183 180 178 177 182 184 184 190 190 186 182 178 176 178 174 173 173 173 173 176 178 179 180 179 181 182 181 182 185 -999 -999 -999 -999 -999 -999 -999 -999 -999 -999 -999 -999 -999 -999 -999 -999 -999 -999 -999 -999 -999 -999 -999 -999 -999 -999 -999 -999 -999 -999 -999 -999 -999 -999 -999 198 198 189 197 198 191 191 198 197 201 201 197 192
-999 -999 -999 -999 -999 -999 -999 -999 -999 -999 -999 176 179 183 182 181 177 175 176 181 186 185 191 189 186 182 179 177 179 181 177 173 173 173 174 174 173 174 175 175 175 175 177 184 187 195 -999 -999 -999 -999 -999 -999 -999 -999 -999 -999 -999 -999 -999 -999 -999 -999 -999 -999 -999 -999 -999 -999 -999 -999 -999 -999 -999 -999 -999 -999 -999 -999 -999 194 196 196 188 194 186 189 189 196 204 195 193 192 189 189
-999 -999 -999 -999 -999 -999 -999 -999 -999 -999 -999 -999 184 180 181 179 179 182 185 187 193 187 185 179 179 181 180 178 183 182 176 174 175 173 174 175 176 177 176 176 175 174 175 184 192 190 -999 -999 -999 -999 -999 -999 -999 -999 -999 -999 -999 -999 -999 -999 -999 -999 -999 -999 -999 -999 -999 -999 -999 -999 -999 -999 -999 -999 -999 -999 -999 -999 182 193 192 187 186 180 182 183 192 194 194 186 186 187 188 190
-999 -999 -999 -999 -999 -999 -999 -999 -999 -999 -999 -999 182 183 183 185 187 188 191 189 186 183 181 184 184 183 182 180 183 181 175 174 174 173 174 176 177 179 182 184 184 177 178 182 187 190 -999 -999 -999 -999 -999 -999 -999 -999 -999 -999 -999 -999 -999 -999 -999 -999 -999 -999 -999 -999 -999 -999 -999 -999 -999 -999 -999 -999 -999 -999 -999 -999 181 182 -999 -999 -999 180 182 182 181 182 183 185 186 187 188 190
-999 -999 -999 -999 -999 -999 -999 -999 -999 -999 -999 -999 -999 186 -999 -999 184 182 184 181 186 188 190 189 185 183 180 184 187 181 175 174 174 173 175 177 178 181 184 183 181 179 178 175 182 183 187 190 -999 -999 -999 -999 -999 -999 -999 -999 -999 -999 -999 -999 -999 -999 -999 -999 -999 -999 -999 -999 -999 -999 -999 -999 -999 -999 -999 -999 -999 -999 -999 -999 -999 -999 -999 179 183 185 184 185 183 185 186 186 190 193
-999 -999 -999 -999 -999 -999 -999 -999 -999 -999 -999 -999 -999 -999 -999 -999 -999 181 183 187 185 185 183 189 185 181 185 184 189 184 176 174 174 173 174 177 179 183 188 181 184 192 189 179 175 178 187 191 -999 -999 -999 -999 -999 -999 -999 -999 -999 -999 -999 -999 -999 -999 -999 -999 -999 -999 -999 -999 -999 -999 -999 -999 -999 -999 -999 -999 -999 -999 -999 -999 -999 -999 -999 188 187 185 185 184 183 191 192 188 194 198
-999 -999 -999 -999 -999 -999 -999 -999 -999 -999 -999 -999 -999 -999 -999 -999 -999 186 182 180 179 179 182 185 189 186 190 189 188 182 176 174 174 173 174 176 181 187 187 180 192 192 188 183 179 177 184 189 -999 -999 -999 -999 -999 -999 -999 -999 -999 -999 -999 -999 -999 -999 -999 -999 -999 -999 -999 -999 -999 -999 -999 -999 -999 -999 -999 -999 -999 -999 -999 -999 -999 -999 -999 -999 -999 183 183 183 186 202 208 189 204 198
-999 -999 -999 -999 -999 -999 -999 -999 -999 -999 -999 -999 -999 -999 -999 -999 -999 -999 -999 -999 181 182 179 183 189 188 185 186 182 181 175 175 176 173 174 176 186 191 187 181 187 193 191 189 189 179 183 186 -999 -999 -999 -999 -999 -999 -999 -999 -999 -999 -999 -999 -999 -999 -999 -999 -999 -999 -999 -999 -999 -999 -999 -999 -999 -999 -999 -999 -999 -999 -999 -999 -999 -999 -999 -999 -999 190 186 188 189 201 195 203 204 200
-999 -999 -999 -999 -999 -999 -999 -999 -999 -999 -999 -999 -999 -999 -999 -999 -999 -999 -999 -999 183 186 183 181 186 189 188 190 185 181 177 175 175 174 174 176 187 191 187 183 190 197 197 192 190 179 185 193 197 -999 -999 -999 -999 -999 -999 -999 -999 -999 -999 -999 -999 -999 -999 -999 -999 -999 -999 -999 -999 -999 -999 -999 -999 -999 -999 -999 -999 -999 -999 -999 -999 -999 -999 -999 -999 -999 192 194 206 200 201 213 209 203
-999 -999 -999 -999 -999 -999 -999 -999 -999 -999 -999 -999 -999 -999 -999 -999 -999 -999 -999 -999 183 187 183 180 183 186 186 185 182 180 181 174 177 173 173 177 179 191 193 186 193 199 193 190 183 180 187 193 197 -999 -999 -999 -999 -999 -999 -999 -999 -999 -999 -999 -999 -999 -999 -999 -999 -999 -999 -999 -999 -999 -999 -999 -999 -999 -999 -999 -999 -999 -999 -999 -999 -999 -999 -999 -999 -999 -999 208 202 216 214 211 209 201
-999 -999 -999 -999 -999 -999 -999 -999 -999 -999 -999 -999 -999 -999 -999 -999 -999 -999 -999 -999 183 186 182 184 183 183 187 188 187 180 179 174 176 173 173 178 193 187 192 194 198 191 187 184 179 192 189 198 -999 -999 -999 -999 -999 -999 -999 -999 -999 -999 -999 -999 -999 -999 -999 -999 -999 -999 -999 -999 -999 -999 -999 -999 -999 -999 -999 -999 -999 -999 -999 -999 -999 -999 -999 -999 -999 -999 -999 217 211 204 204 193 193 188
-999 -999 -999 -999 -999 -999 -999 -999 -999 -999 -999 -999 -999 -999 -999 -999 -999 -999 -999 -999 180 185 187 187 185 184 185 183 183 183 177 180 175 173 173 178 187 194 194 197 190 189 185 188 182 194 195 -999 -999 -999 -999 -999 -999 -999 -999 -999 -999 -999 -999 -999 -999 -999 -999 -999 -999 -999 -999 -999 -999 -999 -999 -999 -999 -999 -999 -999 -999 -999 -999 -999 -999 -999 -999 -999 -999 -999 211 207 205 196 190 195 196 203
-999 -999 -999 -999 -999 -999 -999 -999 -999 -999 -999 -999 -999 -999 -999 -999 -999 -999 176 180 183 185 186 186 184 180 180 178 178 177 174 175 174 173 174 177 182 183 188 194 194 185 192 190 185 194 -999 -999 -999 -999 -999 -999 -999 -999 -999 -999 -999 -999 -999 -999 -999 -999 -999 -999 -999 -999 -999 -999 -999 -999 -999 -999 -999 -999 -999 -999 -999 -999 -999 -999 -999 -999 -999 -999 -999 -999 211 208 203 -999 -999 210 -999 -999
-999 -999 -999 -999 -999 -999 -999 -999 -999 -999 -999 -999 -999 -999 -999 -999 -999 -999 -999 177 179 181 182 182 180 181 184 183 181 178 175 174 174 173 175 177 190 191 189 195 193 193 198 185 188 201 -999 -999 -999 -999 -999 -999 -999 -999 -999 -999 -999 -999 -999 -999 -999 -999 -999 -999 -999 -999 -999 -999 -999 -999 -999 -999 -999 -999 -999 -999 -999 -999 -999 -999 -999 -999 -999 -999 -999 -999 -999 -999 -999 -999 -999 -999 -999 -999
-999 -999 -999 -999 -999 -999 -999 -999 -999 -999 -999 -999 -999 -999 -999 -999 -999 -999 -999 182 181 179 184 186 185 183 181 181 180 181 176 181 176 173 173 174 176 177 177 183 193 194 195 186 200 201 -999 -999 -999 -999 -999 -999 -999 -999 -999 -999 -999 -999 -999 -999 -999 -999 -999 -999 -999 -999 -999 -999 -999 -999 -999 -999 -999 -999 -999 -999 -999 -999 -999 -999 -999 -999 -999 -999 -999 -999 -999 -999 -999 -999 -999 -999 -999 -999
-999 -999 -999 -999 -999 -999 -999 -999 -999 -999 -999 -999 -999 -999 -999 -999 -999 -999 -999 -999 194 192 193 194 192 186 -999 -999 -999 -999 -999 183 180 176 174 175 187 188 188 181 179 198 195 195 202 -999 -999 -999 -999 -999 -999 -999 -999 -999 -999 -999 -999 -999 -999 -999 -999 -999 -999 -999 -999 -999 -999 -999 -999 -999 -999 -999 -999 -999 -999 -999 -999 -999 -999 -999 -999 -999 -999 -999 -999 -999 -999 -999 -999 -999 -999 -999 -999 -999
-999 -999 -999 -999 -999 -999 -999 -999 -999 -999 -999 -999 -999 -999 -999 -999 -999 -999 -999 -999 192 195 197 195 190 181 -999 -999 -999 -999 -999 186 179 174 182 177 180 189 195 191 190 190 204 -999 -999 -999 -999 -999 -999 -999 -999 -999 -999 -999 -999 -999 -999 -999 -999 -999 -999 -999 -999 -999 -999 -999 -999 -999 -999 -999 -999 -999 -999 -999 -999 -999 -999 -999 -999 -999 -999 -999 -999 -999 -999 -999 -999 -999 -999 -999 -999 -999 -999 -999
-999 -999 -999 -999 -999 -999 -999 -999 -999 -999 -999 -999 -999 -999 -999 -999 -999 -999 -999 -999 197 -999 -999 -999 -999 -999 -999 -999 -999 -999 194 185 176 178 192 178 180 185 183 196 187 191 -999 -999 -999 -999 -999 -999 -999 -999 -999 -999 -999 -999 -999 -999 -999 -999 -999 -999 -999 -999 -999 -999 -999 -999 -999 -999 -999 -999 -999 -999 -999 -999 -999 -999 -999 -999 -999 -999 -999 -999 -999 -999 -999 -999 -999 -999 -999 -999 -999 -999 -999 -999
-999 -999 -999 -999 -999 -999 -999 -999 -999 -999 -999 -999 -999 -999 -999 -999 -999 -999 -999 -999 -999 -999 -999 -999 -999 -999 -999 -999 -999 -999 190 185 177 177 190 180 182 192 188 185 196 198 -999 -999 -999 -999 -999 -999 -999 -999 -999 -999 -999 -999 -999 -999 -999 -999 -999 -999 -999 -999 -999 -999 -999 -999 -999 -999 -999 -999 -999 -999 -999 -999 -999 -999 -999 -999 -999 -999 -999 -999 -999 -999 -999 -999 -999 -999 -999 -999 -999 -999 -999 -999
-999 -999 -999 -999 -999 -999 -999 -999 -999 -999 -999 -999 -999 -999 -999 -999 -999 -999 -999 -999 -999 -999 -999 -999 -999 -999 -999 -999 -999 194 189 185 178 176 193 182 180 180 190 195 197 -999 -999 -999 -999 -999 -999 -999 -999 -999 -999 -999 -999 -999 -999 -999 -999 -999 -999 -999 -999 -999 -999 -999 -999 -999 -999 -999 -999 -999 -999 -999 -999 -999 -999 -999 -999 -999 -999 -999 -999 -999 -999 -999 -999 -999 -999 -999 -999 -999 -999 -999 -999 -999
-999 -999 -999 -999 -999 -999 -999 -999 -999 -999 -999 -999 -999 -999 -999 -999 -999 -999 -999 -999 -999 -999 -999 -999 -999 -999 -999 -999 -999 190 186 188 181 176 189 186 180 188 185 195 -999 -999 -999 -999 -999 -999 -999 -999 -999 -999 -999 -999 -999 -999 -999 -999 -999 -999 -999 -999 -999 -999 -999 -999 -999 -999 -999 -999 -999 -999 -999 -999 -999 -999 -999 -999 -999 -999 -999 -999 -999 -999 -999 -999 -999 -999 -999 -999 -999 -999 -999 -999 -999 -999
-999 -999 -999 -999 -999 -999 -999 -999 -999 -999 -999 -999 -999 -999 -999 -999 -999 -999 -999 -999 -999 -999 -999 -999 -999 -999 -999 -999 196 191 190 196 182 177 188 188 183 197 198 199 -999 -999 -999 -999 -999 -999 -999 -999 -999 -999 -999 -999 -999 -999 -999 -999 -999 -999 -999 -999 -999 -999 -999 -999 -999 -999 -999 -999 -999 -999 -999 -999 -999 -999 -999 -999 -999 -999 -999 -999 -999 -999 -999 -999 -999 -999 -999 -999 -999 -999 -999 -999 -999 -999
-999 -999 -999 -999 -999 -999 -999 -999 -999 -999 -999 -999 -999 -999 -999 -999 -999 -999 -999 -999 -999 -999 -999 -999 -999 -999 -999 -999 -999 195 195 198 186 182 191 194 188 191 197 208 -999 -999 -999 -999 -999 -999 -999 -999 -999 -999 -999 -999 -999 -999 -999 -999 -999 -999 -999 -999 -999 -999 -999 -999 -999 -999 -999 -999 -999 -999 -999 -999 -999 -999 -999 -999 -999 -999 -999 -999 -999 -999 -999 -999 -999 -999 -999 -999 -999 -999 -999 -999 -999 -999
