DE_sunshineduration/2018_06_sunshineduration.asc
NCOLS 654
NROWS 866
XLLCORNER 3280414.711633467
YLLCORNER 5237500.62890625
CELLSIZE 1000
NODATA_VALUE -999
[rows 533 to 573 of 866, columns 376 to 469 of 654]
209 208 209 209 208 206 206 206 207 207 209 206 207 208 207 208 205 202 205 202 201 202 202 204 203 202 202 201 201 200 200 200 199 199 199 197 197 197 197 197 196 195 196 195 196 196 195 195 194 195 196 197 197 197 197 197 196 196 197 197 197 196 197 197 196 197 197 196 196 196 -999 -999 -999 -999 -999 -999 -999 -999 195 195 195 195 -999 -999 -999 -999 -999 -999 -999 -999 -999 -999 -999 -999
210 207 206 208 206 206 205 207 207 209 208 207 208 206 207 209 207 205 204 202 203 204 204 204 203 203 201 203 203 203 201 201 200 199 199 198 199 198 198 198 197 196 197 198 198 198 197 197 197 197 197 197 198 198 198 198 198 197 197 197 197 198 198 197 196 197 197 197 197 196 -999 -999 -999 -999 -999 -999 -999 -999 194 195 196 -999 -999 -999 -999 -999 -999 -999 -999 -999 -999 -999 -999 -999
209 210 208 206 205 206 206 206 208 208 208 210 209 208 207 207 209 207 205 204 204 204 205 204 204 204 203 204 205 202 203 203 200 200 199 200 200 199 200 198 199 198 199 200 200 199 199 199 199 198 197 198 199 198 199 199 199 198 198 199 198 198 197 196 198 198 198 198 198 197 196 -999 -999 -999 -999 -999 -999 -999 194 195 195 -999 -999 -999 -999 -999 -999 -999 -999 -999 -999 -999 -999 -999
210 210 208 206 207 206 207 207 209 206 208 208 209 208 207 207 207 208 208 207 204 205 205 204 205 205 204 206 203 203 204 202 202 202 200 199 200 200 200 199 199 199 199 200 201 202 200 199 200 200 200 198 198 198 199 200 200 200 200 200 199 199 199 198 199 199 198 197 198 198 198 -999 -999 -999 -999 -999 -999 194 195 194 196 197 -999 -999 -999 -999 -999 -999 -999 -999 -999 -999 -999 -999
210 210 209 209 208 208 210 209 209 207 208 207 207 208 208 207 207 207 208 208 205 206 204 205 205 207 204 207 205 203 204 204 203 202 201 201 201 200 201 200 201 201 201 201 201 201 202 200 200 200 200 201 199 200 201 201 201 200 200 200 199 200 201 200 199 199 199 199 198 198 198 197 -999 -999 -999 -999 -999 -999 196 197 197 -999 -999 -999 -999 -999 -999 -999 -999 -999 -999 -999 -999 -999
211 210 210 209 210 210 210 210 210 209 209 208 208 210 209 208 207 208 209 208 209 206 206 207 208 209 207 207 206 205 204 205 204 204 203 203 202 202 203 202 201 202 202 203 202 202 202 202 202 201 202 201 201 202 202 202 201 200 199 199 200 201 201 201 201 202 201 201 201 199 199 198 -999 -999 -999 -999 -999 -999 -999 198 198 -999 -999 -999 -999 -999 -999 -999 -999 -999 -999 -999 -999 -999
211 211 210 210 211 211 210 210 210 208 208 210 208 208 208 210 207 208 208 209 211 208 208 209 209 205 207 208 206 206 206 205 205 205 204 204 203 203 203 202 202 203 203 203 203 203 203 202 203 203 202 203 202 202 201 203 203 200 200 201 203 202 202 203 203 203 202 202 202 201 199 199 199 -999 -999 -999 -999 -999 -999 -999 -999 -999 -999 -999 -999 -999 -999 -999 -999 -999 -999 -999 -999 -999
212 211 211 211 211 211 210 210 210 209 208 209 208 209 207 208 208 207 208 210 210 211 208 207 207 206 207 206 206 206 206 206 205 206 204 204 204 204 203 203 204 204 203 203 203 203 203 204 203 203 202 202 203 203 203 203 204 203 202 202 203 203 204 204 204 204 203 202 201 201 201 199 199 -999 -999 -999 -999 -999 -999 -999 -999 -999 -999 -999 -999 -999 -999 -999 -999 -999 -999 -999 -999 -999
212 211 211 211 209 210 210 209 210 209 208 209 207 207 208 209 208 210 209 209 210 211 212 210 207 207 208 206 205 206 207 207 206 206 206 206 204 205 205 204 204 204 203 203 204 204 203 205 202 202 202 202 203 205 205 205 204 205 204 203 203 203 205 205 205 204 204 203 202 202 202 200 -999 -999 -999 -999 -999 -999 -999 -999 -999 -999 -999 -999 -999 -999 -999 -999 -999 -999 -999 -999 -999 -999
211 211 211 208 210 210 211 210 210 208 209 209 209 207 208 209 210 210 209 210 210 211 212 212 211 209 209 207 207 207 207 208 207 207 206 207 206 206 205 204 204 205 205 205 205 205 204 202 202 200 202 204 205 206 206 205 205 205 205 204 204 204 205 205 205 206 205 204 203 203 201 200 -999 -999 -999 -999 -999 -999 -999 -999 -999 -999 -999 -999 -999 -999 -999 -999 -999 -999 -999 -999 -999 -999
213 212 211 210 210 210 210 210 211 210 209 210 211 210 209 210 210 210 211 210 211 211 211 213 213 209 210 209 208 208 208 208 208 206 207 207 206 207 206 206 205 205 205 205 205 205 204 202 203 203 202 205 207 206 206 206 207 207 206 206 206 206 206 206 206 206 206 206 205 205 204 202 202 -999 -999 -999 -999 -999 -999 -999 -999 -999 -999 -999 -999 -999 -999 -999 -999 -999 -999 -999 -999 -999
211 213 212 211 212 211 212 212 212 212 211 210 211 210 210 210 212 212 210 210 212 211 212 214 213 213 209 209 208 208 210 209 207 208 209 207 207 208 208 206 206 206 205 205 204 205 205 202 202 203 204 206 207 208 208 208 208 208 207 206 206 207 207 207 208 207 206 206 206 206 204 202 202 -999 -999 -999 -999 -999 -999 -999 -999 -999 -999 -999 -999 -999 -999 -999 -999 -999 -999 -999 -999 -999
212 213 213 213 213 213 213 213 213 212 212 212 212 211 211 211 212 213 213 212 212 212 212 212 214 214 214 211 209 210 211 210 209 209 209 208 206 208 209 208 207 207 207 206 205 205 205 203 205 204 207 207 208 209 210 209 209 209 209 208 207 208 208 208 207 207 207 206 205 205 205 205 203 -999 -999 -999 -999 -999 -999 -999 -999 -999 -999 -999 -999 -999 -999 -999 -999 -999 -999 -999 -999 -999
212 212 212 212 214 214 214 213 214 214 215 214 214 214 214 214 215 216 216 215 214 214 215 216 214 215 215 215 214 212 212 212 210 211 211 210 209 210 210 209 208 208 208 207 206 205 205 206 207 207 208 209 209 210 209 211 210 210 210 209 209 209 208 208 208 207 208 207 206 206 205 207 204 205 -999 -999 -999 -999 -999 -999 -999 -999 -999 -999 -999 -999 -999 -999 -999 -999 -999 -999 -999 -999
214 214 214 214 215 215 215 215 216 216 216 217 216 217 216 217 217 217 217 218 218 218 218 218 215 216 216 217 217 216 215 213 214 213 212 211 211 212 211 210 210 209 208 208 206 205 206 208 208 209 210 209 210 210 210 211 212 212 211 211 211 211 209 209 208 208 208 208 206 207 206 203 205 204 204 -999 -999 -999 -999 -999 -999 -999 -999 -999 -999 -999 -999 -999 -999 -999 -999 -999 -999 -999
214 214 214 215 215 215 215 216 215 216 217 218 218 218 218 219 219 219 219 218 217 216 216 219 217 217 217 218 218 218 216 214 213 215 213 212 212 213 212 211 211 210 209 209 208 208 208 209 210 210 209 211 211 211 211 212 212 213 212 211 212 211 211 209 209 209 208 208 208 207 206 204 205 206 205 205 205 -999 -999 -999 -999 -999 -999 -999 -999 -999 -999 -999 -999 -999 -999 -999 -999 -999
213 212 212 213 215 215 214 214 215 216 217 218 218 219 219 219 219 220 219 220 218 217 217 219 220 217 218 219 219 219 218 215 215 214 214 213 212 213 213 213 210 208 208 208 208 208 209 209 209 210 210 210 211 211 212 214 212 214 213 212 211 210 211 210 209 209 210 209 208 209 207 206 205 206 207 205 204 204 -999 -999 -999 -999 -999 -999 -999 -999 -999 -999 -999 -999 -999 -999 -999 -999
212 213 213 214 216 215 215 214 214 217 218 219 218 219 219 220 220 220 221 219 219 219 217 218 220 221 220 219 220 220 219 216 215 216 215 214 213 213 213 212 211 209 207 207 207 208 208 208 209 208 210 211 211 213 213 214 215 215 214 213 213 212 211 211 210 210 209 210 209 208 209 207 207 208 206 206 204 205 -999 -999 -999 -999 -999 -999 -999 -999 -999 -999 -999 -999 -999 -999 -999 -999
215 214 214 216 216 216 215 215 216 217 218 220 219 221 220 221 222 221 221 221 221 220 218 218 219 220 222 220 221 221 221 218 217 217 216 216 214 215 213 213 212 210 209 208 207 207 207 209 208 208 210 212 213 213 213 215 214 215 215 215 214 214 213 213 212 211 210 209 210 210 209 209 209 207 207 205 206 205 -999 -999 -999 -999 -999 -999 -999 -999 -999 -999 -999 -999 -999 -999 -999 -999
214 215 215 216 215 215 216 215 215 216 219 219 220 220 220 221 221 222 222 222 221 221 219 220 219 220 222 221 222 222 221 220 218 216 217 216 216 216 213 211 210 209 210 212 211 210 209 206 205 209 211 213 213 213 214 216 216 216 214 215 216 215 214 212 213 212 211 210 211 210 209 208 208 206 205 206 206 206 204 204 205 -999 -999 -999 -999 -999 -999 -999 -999 -999 -999 -999 -999 -999
214 213 216 214 214 215 214 214 214 218 219 220 219 220 221 220 221 221 223 223 223 222 221 223 222 223 223 221 222 222 222 222 218 217 218 217 218 216 213 211 211 212 211 210 210 211 209 205 204 209 211 212 213 214 215 215 215 215 215 217 216 216 214 214 213 212 212 211 211 211 210 208 206 207 207 206 206 205 205 205 204 205 -999 -999 -999 -999 -999 -999 -999 -999 -999 -999 -999 -999
214 213 214 215 215 216 215 215 216 217 219 219 219 221 221 221 221 223 222 224 223 223 224 223 224 224 221 221 221 222 223 222 221 221 220 220 217 217 216 214 210 209 209 210 208 207 209 208 207 208 212 212 214 216 216 215 216 216 217 217 217 216 216 215 214 214 212 212 211 211 210 209 207 208 208 207 206 206 205 205 206 206 206 205 -999 -999 -999 -999 -999 -999 -999 -999 -999 -999
214 215 215 217 216 216 216 216 217 217 217 219 221 221 221 221 222 222 223 225 224 224 223 224 222 225 223 220 220 221 222 223 223 222 221 219 217 216 214 211 210 208 209 208 205 205 207 210 209 206 210 213 214 216 216 216 217 217 217 216 217 216 216 214 215 215 214 213 212 211 210 208 207 207 207 207 206 206 205 206 206 206 206 206 -999 -999 -999 -999 -999 -999 -999 -999 -999 -999
213 214 216 216 215 216 217 217 217 217 217 219 221 219 221 222 221 221 223 226 226 225 225 225 226 226 225 224 223 221 221 223 223 223 221 219 219 219 215 211 211 210 210 209 207 206 208 208 210 209 209 214 216 217 217 218 218 218 216 216 217 216 215 214 215 215 213 212 210 210 209 207 207 207 206 206 207 207 205 206 207 208 206 205 206 206 -999 -999 -999 -999 -999 -999 -999 -999
214 215 215 216 216 217 217 217 218 217 218 219 219 218 221 221 221 223 225 226 226 227 226 227 226 226 225 224 224 223 222 223 222 222 222 220 220 217 215 212 210 210 211 211 209 209 209 210 210 211 210 212 216 217 217 218 217 217 215 216 216 214 215 215 215 214 214 213 210 209 208 206 207 207 207 207 207 207 208 207 207 208 207 205 205 205 205 205 203 202 -999 -999 -999 -999
215 216 215 215 216 216 216 218 218 217 218 218 218 220 222 221 223 224 225 226 226 228 228 228 227 226 226 226 225 224 221 223 223 223 222 222 218 217 215 212 210 210 213 211 211 211 211 210 211 213 213 213 214 215 216 216 215 213 212 215 216 214 215 216 215 214 213 212 210 209 208 208 208 208 207 208 207 206 207 208 207 207 206 206 205 206 206 205 205 204 -999 -999 -999 -999
216 216 216 216 217 217 217 218 218 218 219 218 219 220 219 221 223 224 225 226 228 228 229 230 229 228 227 226 227 226 224 223 224 223 223 222 220 219 214 212 209 211 213 215 213 211 211 213 213 213 213 214 213 212 214 215 216 212 213 215 213 215 213 215 215 214 212 210 211 209 209 208 208 208 208 208 208 207 208 208 209 208 207 206 206 205 205 205 206 205 204 203 203 202
216 216 217 217 217 217 218 218 218 218 218 219 219 220 220 221 222 223 224 225 227 228 229 231 230 228 228 227 227 227 225 222 223 224 223 222 220 216 214 212 209 213 214 213 211 211 212 213 214 214 213 214 215 214 214 214 212 211 213 214 214 215 215 214 214 214 212 211 211 211 210 209 208 209 207 208 207 208 208 208 208 208 206 206 205 206 205 205 206 205 205 204 203 201
216 217 217 217 217 217 218 218 218 218 218 219 219 220 221 221 220 224 225 227 228 228 230 232 232 231 228 228 227 227 227 225 222 223 222 222 220 216 214 211 209 214 212 212 210 211 213 214 214 214 213 215 215 215 214 214 214 212 214 214 216 215 215 214 213 212 212 211 211 211 211 210 209 208 207 209 208 208 208 208 207 207 207 206 205 204 206 206 205 204 205 204 202 200
217 217 217 217 218 218 218 218 219 218 219 219 219 221 221 220 222 224 226 228 228 229 230 232 233 232 231 229 227 227 227 226 225 224 222 221 220 219 218 217 213 215 212 211 210 210 211 212 213 214 214 214 214 216 215 214 214 214 213 213 215 215 214 214 211 212 211 210 211 210 209 210 211 208 209 208 209 208 209 208 208 207 206 206 207 205 204 206 205 204 205 204 201 -999
218 218 218 218 218 218 218 219 220 218 218 219 221 221 221 222 223 224 225 227 228 230 231 232 233 234 231 229 228 229 228 227 224 222 224 222 223 221 220 217 215 217 212 211 211 212 210 210 212 213 214 214 214 215 214 213 213 214 213 213 213 214 214 212 212 211 211 210 210 210 209 210 211 209 210 209 209 209 209 208 208 208 207 207 207 206 204 206 205 202 204 203 203 -999
218 218 218 218 219 218 219 219 220 219 218 220 221 221 223 223 222 222 225 227 228 230 230 231 233 232 231 230 230 229 228 226 225 225 223 221 221 221 220 218 215 217 215 214 212 214 212 212 210 211 214 215 215 214 215 214 213 214 214 213 213 213 214 211 211 210 210 208 210 211 211 210 211 211 210 209 209 209 209 207 208 208 207 207 206 206 205 204 206 204 203 203 203 202
218 218 218 218 218 219 219 220 219 220 220 220 221 222 222 223 223 223 225 226 227 229 229 231 231 231 231 230 230 229 228 227 224 224 223 220 221 221 220 219 218 216 215 212 212 212 213 213 212 212 213 214 214 215 215 214 214 214 214 213 213 213 212 210 210 210 208 209 211 212 211 210 211 211 210 210 209 208 209 209 208 208 208 207 207 206 206 205 206 205 205 204 203 203
218 219 219 219 219 220 220 220 220 220 220 220 221 222 222 223 223 223 225 225 227 228 228 229 230 230 230 229 229 228 227 227 225 224 222 221 220 221 219 219 218 218 217 216 214 212 212 214 214 215 215 214 215 215 215 215 214 214 214 213 212 212 211 210 208 209 210 210 210 211 212 212 211 211 211 210 210 210 210 210 209 209 209 208 208 208 208 207 207 207 206 206 205 204
219 219 219 219 219 220 220 221 221 220 220 221 221 222 224 222 223 223 224 225 225 226 228 230 228 229 229 228 228 227 226 227 227 225 223 221 221 220 220 217 217 216 216 215 216 215 214 215 214 215 215 214 214 214 214 214 215 215 214 212 211 210 210 207 207 210 209 210 212 212 211 210 211 211 211 211 211 210 210 210 209 209 209 209 209 208 208 208 208 208 207 206 206 206
219 219 219 219 219 219 220 221 221 221 221 223 222 222 223 224 224 224 225 225 225 225 227 228 229 228 227 227 227 227 226 226 227 225 224 221 221 220 219 218 216 217 216 216 216 216 216 215 216 216 216 215 213 214 213 213 215 213 213 211 210 209 207 207 209 210 211 211 211 212 211 211 211 211 211 211 211 211 210 210 210 210 209 208 208 208 209 208 208 208 208 207 207 206
219 219 219 219 219 220 221 221 221 222 221 223 221 223 223 223 223 223 223 224 225 225 227 227 228 227 227 227 227 225 226 226 225 225 225 224 222 221 219 218 216 217 215 216 216 216 216 216 216 216 216 216 216 214 214 213 214 215 212 211 210 207 208 206 212 213 212 211 212 212 212 211 211 211 211 211 211 211 211 210 210 210 210 209 208 208 208 208 208 208 208 206 206 206
219 219 219 220 220 221 221 221 222 222 222 222 221 222 224 223 223 223 225 225 225 225 225 227 227 227 226 226 226 227 226 226 225 223 223 224 223 222 220 219 217 217 215 216 216 216 216 217 216 216 216 216 215 215 215 213 212 213 212 211 210 208 208 209 212 212 211 213 211 211 212 211 211 211 211 211 211 212 212 212 210 210 210 209 210 209 208 208 208 208 207 207 206 206
218 219 219 221 220 220 221 222 222 222 223 223 222 221 223 223 224 222 224 225 224 224 224 225 226 226 226 225 226 226 226 225 225 224 223 224 223 222 220 219 218 217 216 216 216 217 216 217 216 216 217 215 216 215 215 211 211 214 213 212 211 209 208 211 213 213 212 213 212 212 212 211 211 211 211 212 212 212 211 211 211 211 210 210 210 210 209 208 208 207 207 205 206 205
218 218 220 220 220 220 221 222 222 222 224 224 224 224 222 222 222 222 222 224 224 223 225 225 226 225 225 225 224 225 225 225 224 224 224 223 222 222 221 220 218 218 218 217 217 217 217 216 216 216 216 215 215 215 215 213 211 212 214 214 212 211 210 211 213 214 213 212 212 212 212 211 211 211 211 211 212 211 211 211 211 211 210 210 210 210 209 208 207 207 206 205 204 204
218 219 220 221 220 220 221 221 221 222 223 224 224 223 222 222 224 223 222 224 224 222 223 225 225 224 224 224 224 224 224 224 224 223 224 223 223 222 220 220 217 218 218 217 217 217 217 217 217 217 216 216 216 215 215 213 211 211 212 214 213 211 211 212 213 214 213 213 212 212 210 211 211 211 211 212 211 212 211 212 211 211 211 210 210 210 209 208 207 206 206 203 204 204
