DE_sunshineduration/2018_04_sunshineduration.asc
NCOLS 654
NROWS 866
XLLCORNER 3280414.711633467
YLLCORNER 5237500.62890625
CELLSIZE 1000
NODATA_VALUE -999
[rows 164 to 204 of 866, columns 376 to 469 of 654]
210 209 209 209 209 209 210 211 211 212 213 214 214 214 214 214 214 214 214 215 215 215 216 217 217 217 218 219 219 219 219 219 219 219 220 220 220 220 221 221 221 221 222 222 222 222 222 222 222 222 222 223 223 223 223 224 224 224 224 224 224 224 224 224 224 224 225 226 226 226 227 228 228 228 228 228 228 228 229 230 230 230 231 232 232 232 232 232 232 232 232 232 232 232
210 210 209 209 209 210 210 211 211 213 213 214 214 214 214 213 214 215 215 216 215 217 216 217 217 218 218 220 219 219 219 219 219 219 220 220 220 220 221 221 221 221 222 222 222 222 222 222 222 222 223 223 223 223 223 224 224 224 224 224 224 224 224 224 224 225 225 226 226 227 227 228 228 228 228 228 228 228 229 230 230 230 231 232 232 232 232 232 232 232 232 232 232 232
210 210 211 211 210 210 211 211 211 212 213 214 214 214 214 213 215 215 215 216 215 216 218 218 217 219 219 220 219 219 219 219 219 219 220 220 220 221 221 221 221 221 222 222 222 222 222 222 222 222 224 223 223 223 224 224 224 224 224 224 224 224 224 225 225 225 226 226 226 227 227 228 228 228 228 228 229 229 229 230 230 231 231 232 232 232 232 232 232 232 232 232 232 232
211 211 211 211 212 212 211 212 212 213 213 214 214 214 214 215 214 214 216 215 216 216 218 218 218 219 219 219 219 219 219 219 219 219 220 220 221 221 221 221 221 221 222 222 222 222 222 222 222 222 223 223 223 223 223 224 224 224 224 224 224 224 225 225 226 226 226 227 227 227 227 228 228 228 228 229 229 229 229 230 230 230 231 232 232 232 232 232 232 232 232 232 232 232
211 211 211 212 212 212 212 213 213 213 214 214 214 214 215 215 215 215 216 217 216 217 218 219 219 219 218 219 219 219 219 219 219 219 220 221 221 221 221 221 221 221 222 222 222 222 222 222 222 222 222 223 223 223 223 224 224 224 224 224 224 224 225 226 226 226 226 227 227 227 227 228 228 228 228 229 229 229 229 230 230 230 231 232 232 232 232 232 232 232 232 232 232 232
211 212 212 212 212 213 213 213 213 213 214 214 214 214 215 215 215 216 216 217 217 218 218 219 219 219 220 219 219 219 219 219 219 220 220 221 221 221 221 221 221 221 222 222 222 222 222 223 222 222 223 223 223 223 223 224 224 224 224 224 224 225 225 226 226 226 226 227 227 227 228 228 228 228 229 229 229 229 230 230 230 230 231 232 232 232 232 232 232 232 232 232 232 232
212 212 213 213 213 213 213 213 214 214 214 214 215 215 215 216 216 216 217 217 217 218 218 219 219 219 220 219 219 219 219 219 220 220 220 221 221 221 221 221 221 221 222 222 222 222 222 222 222 222 223 223 223 223 224 224 224 224 224 224 225 225 225 226 226 226 227 227 227 227 228 228 228 228 229 229 229 230 230 230 230 231 231 231 231 232 232 232 232 232 232 232 232 232
213 213 213 213 214 214 214 214 214 214 214 215 215 215 216 216 217 217 217 218 218 218 218 218 219 219 218 219 219 219 219 220 220 220 220 221 221 221 221 221 221 221 221 222 222 222 222 222 222 222 223 223 223 223 223 224 224 224 224 225 225 225 225 226 226 226 226 227 227 227 228 228 228 228 229 229 230 230 230 231 231 231 231 231 231 231 232 232 232 232 232 232 232 232
213 213 213 214 214 214 214 214 214 214 215 215 215 215 216 217 217 217 217 218 218 218 218 219 219 219 220 220 219 219 219 220 220 220 220 221 221 221 221 221 221 221 221 222 222 222 222 222 222 222 222 223 223 223 224 224 224 224 225 225 225 225 226 226 226 226 227 227 227 227 228 228 228 228 229 230 230 230 230 231 231 231 231 231 231 231 232 232 232 232 232 232 232 232
213 214 214 214 214 214 214 214 214 215 215 215 215 216 216 217 217 217 218 218 218 218 219 219 219 219 220 220 219 219 219 220 220 220 220 221 221 221 221 221 221 221 221 222 222 222 222 222 222 222 223 223 223 223 224 224 224 224 225 225 225 225 226 226 226 226 227 227 227 227 228 228 228 229 229 230 230 230 231 231 231 231 231 231 231 231 231 232 232 232 232 232 232 232
214 214 214 214 214 215 215 215 215 215 216 216 216 216 217 217 217 218 218 218 218 218 219 219 219 220 220 220 219 219 220 220 220 220 220 220 221 221 222 221 222 221 221 221 221 222 222 222 222 222 223 223 223 223 224 224 224 225 225 225 225 226 226 226 226 227 227 227 227 228 228 228 229 229 229 230 230 230 231 231 231 231 231 231 231 231 232 232 232 232 232 232 232 232
215 215 215 215 215 215 215 215 216 216 216 216 217 217 217 218 218 218 218 218 218 218 219 219 220 220 220 220 220 220 220 220 220 220 220 220 220 220 221 221 221 221 221 221 221 221 222 222 222 222 223 223 223 223 224 224 225 225 225 226 226 226 226 227 227 227 227 228 228 228 228 229 229 229 229 230 230 230 231 231 231 231 231 231 231 231 231 232 232 232 232 232 232 232
215 215 215 215 215 215 215 216 216 216 216 217 217 217 217 218 218 218 218 218 218 218 219 220 220 220 220 220 220 220 221 221 221 221 220 220 220 221 221 221 221 221 221 222 221 221 222 222 222 222 222 223 223 223 224 225 225 225 225 226 226 226 226 227 227 227 227 228 228 228 229 229 229 229 230 230 230 230 230 231 231 231 231 231 231 231 232 232 232 232 232 232 232 232
215 215 215 215 215 215 216 216 216 216 217 217 217 217 218 218 218 218 218 218 218 219 219 220 220 220 220 220 220 220 220 221 221 221 220 220 220 220 221 221 221 221 221 221 222 221 221 222 222 222 223 223 223 223 224 225 225 225 226 226 226 226 226 227 227 227 228 228 228 228 229 229 229 229 230 230 230 230 230 231 231 231 231 231 231 231 232 232 232 232 232 232 232 232
215 215 215 215 216 216 216 216 216 217 217 217 218 218 218 218 218 218 218 218 219 219 219 220 220 220 220 220 221 221 221 221 221 221 220 220 220 221 221 221 221 222 221 221 222 221 222 222 222 222 223 223 223 224 224 225 225 226 226 226 226 226 226 227 227 227 228 228 228 229 229 229 230 230 230 230 230 230 230 231 231 231 231 231 231 232 232 232 232 232 232 232 232 232
215 215 215 216 216 216 216 217 217 217 217 218 218 218 218 218 218 218 218 219 219 219 219 220 220 220 220 221 221 221 220 221 220 220 220 220 220 220 221 221 221 221 221 221 221 221 221 222 222 222 223 223 223 224 224 225 226 226 226 226 226 226 226 227 227 227 228 228 229 229 229 230 230 230 230 230 230 230 230 231 231 231 231 232 232 232 232 232 232 232 232 232 232 232
215 215 215 216 216 216 216 217 217 217 217 218 218 218 218 218 218 218 219 219 219 219 219 220 220 220 220 220 220 220 220 220 220 220 220 221 221 221 220 221 222 222 222 221 222 221 221 222 222 222 222 223 223 223 224 225 226 226 226 226 226 226 227 227 227 227 228 229 229 229 229 230 230 230 230 230 230 230 231 231 231 231 231 232 232 232 232 232 232 232 232 232 232 232
215 215 216 216 216 216 217 217 217 217 218 218 218 218 218 218 218 218 219 219 219 219 220 220 219 219 220 220 220 220 220 220 220 220 221 221 221 220 220 221 222 222 222 222 222 222 221 222 222 222 223 223 223 224 224 225 226 226 226 226 226 226 227 227 227 228 228 229 229 229 230 230 230 230 230 230 230 230 231 231 231 231 231 232 232 232 232 232 232 232 232 232 232 232
215 216 216 216 216 217 217 217 217 218 218 218 218 218 218 218 218 219 219 219 219 220 220 219 219 219 220 220 220 220 220 220 220 220 220 220 220 220 220 221 222 222 222 222 222 221 222 222 222 222 223 223 223 224 224 225 225 226 226 226 226 227 227 227 228 228 228 229 229 229 230 230 230 230 230 230 230 231 231 231 231 231 232 232 232 232 232 232 232 232 232 232 233 233
216 216 216 217 217 217 217 218 218 218 218 218 218 218 218 219 219 219 219 220 220 220 220 219 219 219 220 220 220 220 220 220 220 220 220 220 220 220 220 220 221 221 221 221 221 221 221 222 222 222 223 223 223 223 224 225 225 226 226 226 227 227 227 228 228 228 228 229 229 229 230 230 230 230 230 231 231 231 231 231 231 231 231 232 232 232 232 232 232 232 232 233 233 233
216 216 216 217 217 217 217 218 218 218 218 218 218 218 219 219 219 219 219 220 220 220 219 219 219 219 220 220 220 220 220 220 220 220 220 220 220 220 220 220 220 220 220 221 221 221 221 222 222 222 222 223 223 223 224 225 225 225 226 227 227 227 227 228 228 228 228 229 229 229 230 230 230 230 230 231 231 231 231 231 231 231 232 232 232 232 232 232 232 232 233 233 233 233
216 216 217 217 217 217 218 218 218 218 218 218 218 218 219 219 219 219 220 220 220 220 220 220 219 219 220 220 220 220 220 220 220 220 220 220 220 220 220 220 220 220 220 221 221 221 221 222 222 222 223 223 223 223 224 225 225 226 226 227 227 227 228 228 228 228 228 229 229 229 229 230 230 230 231 231 231 231 231 231 231 231 232 232 232 232 232 232 232 232 233 233 233 233
216 217 217 217 217 218 218 218 218 218 218 218 219 219 219 219 219 220 220 220 220 220 220 220 220 220 220 220 220 220 220 220 220 220 220 220 219 219 219 219 220 220 220 221 221 221 222 222 222 222 223 223 223 224 224 225 225 226 227 227 227 228 228 228 228 228 229 229 229 229 230 230 230 230 231 231 231 231 232 231 232 232 232 232 232 232 233 232 233 233 233 233 234 234
217 216 217 218 218 218 218 218 218 218 218 219 219 219 219 220 220 220 220 220 220 220 220 221 221 220 220 220 220 220 220 221 220 220 220 219 219 219 219 219 219 219 220 221 221 221 221 222 222 222 223 223 223 224 224 225 226 226 227 227 228 228 228 228 228 228 228 229 229 229 229 230 230 230 231 231 232 232 232 232 232 232 232 233 233 233 233 233 233 233 233 234 234 234
216 216 217 218 218 218 218 218 218 218 219 219 219 219 220 220 220 220 220 220 220 220 221 221 221 220 220 220 220 221 221 221 220 220 219 219 219 219 219 219 219 219 220 221 221 221 221 222 222 222 223 223 223 223 225 226 226 226 227 228 228 228 228 228 228 228 229 229 229 229 230 230 230 230 231 232 232 232 232 232 232 232 232 233 233 233 233 233 233 233 234 234 234 234
216 216 218 218 218 218 218 218 218 218 219 219 219 219 220 220 220 220 220 220 220 220 221 221 221 221 220 221 221 221 221 220 220 220 219 219 219 219 218 219 219 219 220 221 221 221 221 222 222 222 223 223 223 224 225 226 226 227 227 228 228 228 228 228 228 228 229 229 229 229 230 230 230 231 231 232 232 232 232 232 232 232 233 233 233 233 233 233 233 234 234 234 234 234
216 217 218 218 218 218 218 218 219 219 219 219 220 220 220 220 220 220 221 220 221 221 221 221 221 221 221 221 221 221 221 221 220 220 219 219 218 218 218 218 219 219 220 220 221 221 222 222 222 222 223 223 224 224 225 226 226 227 227 228 228 228 228 228 229 229 229 229 230 230 230 230 231 231 231 232 232 232 232 232 233 233 233 233 233 234 234 234 234 234 234 234 235 235
218 218 218 218 218 218 218 219 219 219 219 220 220 220 220 221 221 221 221 221 221 221 221 221 221 221 221 222 222 222 221 221 220 220 219 219 219 219 218 219 219 219 220 221 221 221 221 222 222 222 223 223 224 224 225 226 227 227 227 228 228 228 228 229 229 229 229 230 230 230 230 231 231 231 231 232 232 232 232 233 233 233 233 234 234 234 234 234 235 235 235 235 235 235
218 218 218 218 218 218 219 219 219 219 220 220 220 220 221 221 221 221 221 221 221 221 221 221 221 221 222 222 222 222 222 221 220 220 220 219 219 219 219 219 219 219 220 221 221 221 221 222 222 222 223 224 224 224 225 227 227 227 228 228 228 228 228 229 229 229 230 230 230 230 231 231 231 231 232 232 232 232 232 233 233 233 234 234 234 234 234 235 235 235 235 235 235 235
218 218 218 218 218 218 219 219 219 220 220 220 220 220 221 221 221 221 221 221 221 221 221 221 221 221 222 222 222 222 222 221 220 220 220 219 219 219 219 219 219 220 220 221 221 221 221 222 222 222 223 224 224 225 226 227 227 227 228 228 228 228 229 229 229 229 230 230 230 230 231 231 231 231 232 232 232 232 233 233 233 233 234 234 234 234 235 235 235 235 235 235 235 235
218 218 218 218 219 219 219 220 220 220 220 220 221 221 221 221 221 221 221 221 221 222 222 222 222 222 222 222 222 222 222 222 221 220 220 220 220 220 220 220 220 220 221 221 221 221 221 222 222 223 223 224 225 225 226 227 227 228 228 228 228 228 229 229 229 230 230 230 230 231 231 231 232 232 232 232 232 232 233 233 233 234 234 234 234 235 235 235 235 235 235 235 235 235
218 218 218 219 219 219 220 220 221 221 221 221 221 221 221 221 221 221 221 222 222 222 222 222 222 222 222 222 222 222 222 222 222 221 221 221 221 221 220 221 221 221 221 221 221 221 221 222 222 223 223 224 225 225 226 227 228 228 228 228 228 228 229 229 230 230 230 231 231 231 231 232 232 232 232 232 232 232 233 233 234 234 234 235 235 235 235 235 235 235 235 235 235 235
218 218 219 219 219 219 220 221 221 221 221 221 221 221 221 221 221 221 222 222 222 222 222 222 222 222 222 222 222 222 222 222 222 221 221 221 221 221 221 221 221 221 221 221 221 221 222 222 222 223 224 225 225 225 226 228 228 228 228 228 228 228 229 230 230 230 230 231 231 231 231 232 232 232 232 232 232 232 233 234 234 234 234 235 235 235 235 235 235 235 235 235 235 235
218 219 219 219 219 220 220 221 221 221 221 221 221 221 221 221 221 221 222 222 222 222 222 222 222 222 222 222 222 222 222 222 222 222 222 221 221 221 221 221 221 221 221 221 221 221 222 222 222 223 224 225 225 226 227 227 228 228 228 228 228 229 229 230 230 230 231 231 231 231 232 232 232 232 232 232 232 233 233 234 234 234 234 235 235 235 235 235 235 235 235 235 235 236
219 219 219 220 220 220 221 221 221 222 221 221 221 221 221 221 222 222 222 222 222 222 223 222 222 222 222 222 222 222 222 222 222 222 223 221 221 221 222 221 222 222 222 222 222 222 222 223 223 224 224 225 225 226 227 227 228 228 228 229 229 229 230 230 230 231 231 231 231 232 232 232 232 232 232 233 233 233 233 234 234 234 235 235 235 235 235 235 235 236 236 236 236 236
220 220 220 220 221 221 221 222 222 222 222 222 222 222 222 222 222 222 222 223 223 223 223 223 223 223 223 223 223 223 223 223 223 223 222 222 222 222 222 222 222 222 222 222 223 223 223 223 224 224 225 225 226 226 227 228 228 228 229 229 230 230 230 230 231 231 231 232 232 232 232 232 232 232 233 233 234 234 234 234 234 234 234 235 235 235 235 236 236 236 236 236 237 237
220 220 220 221 221 221 221 222 222 222 222 222 222 222 222 222 222 222 223 223 223 223 223 223 223 223 223 223 223 223 223 223 223 223 222 222 222 222 222 222 222 222 223 223 223 223 224 224 224 224 225 226 226 226 227 228 228 228 229 230 230 230 230 231 231 231 231 232 232 232 232 232 232 232 233 234 234 234 234 234 234 234 235 235 235 235 236 236 236 236 236 237 237 237
220 220 221 221 221 221 222 222 222 222 222 222 222 222 222 222 222 223 223 222 223 223 223 223 223 223 223 223 223 223 224 223 222 222 223 223 222 222 223 222 222 223 223 224 224 225 224 224 224 225 225 226 226 227 227 228 228 229 229 230 230 230 231 231 231 231 232 232 232 232 232 232 232 233 233 234 234 234 234 234 234 235 235 235 235 235 236 236 236 236 237 237 237 237
221 221 221 221 222 222 222 222 222 222 223 222 223 223 223 223 223 223 222 223 222 223 224 224 224 224 224 224 224 224 224 223 224 224 224 224 224 224 223 223 223 223 224 225 225 226 225 225 225 225 226 226 227 227 228 228 229 229 230 230 230 231 231 231 231 232 232 232 232 233 233 233 233 233 234 234 234 235 235 235 235 235 235 235 236 236 236 236 236 237 237 237 237 237
222 222 222 222 222 222 222 223 223 223 223 223 223 223 223 223 224 223 223 223 224 224 223 224 224 224 224 224 225 225 224 224 224 225 223 224 224 225 224 224 224 224 224 226 225 226 226 226 226 226 226 227 227 227 228 228 229 229 230 230 231 231 231 232 232 232 232 233 233 233 233 233 234 234 234 235 235 235 235 235 236 236 236 236 236 236 236 237 237 237 237 238 238 238
222 222 222 222 222 222 222 223 223 223 223 223 223 223 223 224 224 224 223 224 224 224 224 224 224 224 225 225 225 225 225 224 224 224 224 224 224 225 224 224 224 224 225 226 226 226 227 227 227 227 228 227 227 227 228 229 229 229 230 231 231 231 231 232 232 232 232 233 233 233 233 234 234 234 234 235 235 235 235 236 236 236 236 236 236 236 237 237 237 237 238 238 238 238
