DE_sunshineduration/2018_04_sunshineduration.asc
NCOLS 654
NROWS 866
XLLCORNER 3280414.711633467
YLLCORNER 5237500.62890625
CELLSIZE 1000
NODATA_VALUE -999
[rows 410 to 450 of 866, columns 0 to 93 of 654]
-999 -999 -999 -999 -999 -999 -999 -999 -999 -999 -999 -999 -999 -999 -999 -999 -999 -999 -999 -999 -999 -999 -999 -999 174 174 174 174 174 173 173 173 173 174 174 174 174 174 174 174 174 173 173 173 173 172 172 171 170 169 169 168 168 167 167 166 166 165 165 165 165 164 164 164 164 164 165 166 167 167 168 169 170 171 172 173 174 174 175 175 174 174 176 175 175 175 176 176 177 176 177 177 178 178
-999 -999 -999 -999 -999 -999 -999 -999 -999 -999 -999 -999 -999 -999 -999 -999 -999 -999 -999 -999 -999 -999 175 175 175 175 175 175 175 174 173 173 173 174 174 174 174 174 174 174 174 174 173 173 173 172 171 170 169 169 168 168 167 167 166 165 165 164 164 163 163 163 163 162 162 163 164 165 165 166 167 169 169 170 172 173 173 174 174 174 174 174 175 175 175 175 176 177 176 176 177 177 178 178
-999 -999 -999 -999 -999 -999 -999 -999 -999 -999 -999 -999 -999 -999 -999 -999 -999 -999 -999 -999 -999 -999 175 175 175 175 175 175 175 175 174 173 173 174 174 174 174 174 174 174 174 174 173 173 173 173 171 170 169 169 168 167 167 167 166 164 164 164 163 162 162 162 161 161 161 161 163 164 165 166 167 168 169 170 171 172 173 173 173 175 174 174 174 175 175 175 177 176 176 176 177 178 179 178
-999 -999 -999 -999 -999 -999 -999 -999 -999 -999 -999 -999 -999 -999 -999 -999 -999 -999 -999 -999 -999 175 175 175 175 175 175 175 175 175 175 174 173 173 174 174 174 174 174 174 174 174 173 173 173 172 171 170 169 169 168 167 167 166 165 164 164 163 162 162 161 161 160 160 160 161 161 163 165 166 166 168 169 170 171 171 173 172 174 173 174 174 174 175 175 175 177 176 175 177 177 178 178 179
-999 -999 -999 -999 -999 -999 -999 -999 -999 -999 -999 -999 -999 -999 -999 -999 -999 -999 -999 -999 -999 175 175 175 176 175 176 175 175 175 174 174 174 174 175 175 174 174 174 174 174 174 174 173 173 172 171 170 170 169 168 167 166 166 165 164 163 162 162 161 160 159 159 158 159 159 161 162 164 165 166 167 168 169 170 171 171 173 173 173 173 174 175 175 175 176 176 177 177 177 178 178 178 178
-999 -999 -999 -999 -999 -999 -999 -999 -999 -999 -999 -999 -999 -999 -999 -999 -999 -999 -999 -999 176 175 175 176 176 176 176 176 175 176 176 176 175 174 174 175 175 175 174 174 174 174 173 173 173 172 171 170 170 169 168 167 166 165 164 163 162 162 161 160 159 158 157 157 157 158 160 162 163 165 165 167 168 169 170 171 171 172 173 174 174 174 174 175 176 176 177 177 178 178 177 179 179 178
-999 -999 -999 -999 -999 -999 -999 -999 -999 -999 -999 -999 -999 -999 -999 -999 -999 -999 -999 176 175 175 175 176 176 176 176 175 176 176 176 175 175 175 174 175 175 175 174 174 174 174 173 173 173 173 172 171 170 170 168 167 166 166 164 163 162 162 161 160 159 159 157 156 156 157 160 162 163 164 166 167 168 169 170 171 170 171 173 173 174 173 175 176 176 176 177 178 178 178 177 178 179 179
-999 -999 -999 -999 -999 -999 -999 -999 -999 -999 -999 -999 -999 -999 -999 -999 -999 -999 -999 176 175 175 175 175 175 175 175 175 176 176 175 175 175 175 175 174 175 175 175 174 174 174 173 173 173 173 172 171 170 170 169 167 166 165 164 163 162 161 161 159 159 158 157 157 157 158 160 162 163 165 166 167 168 169 170 171 171 172 171 172 173 174 174 175 176 176 177 178 178 178 179 178 178 178
-999 -999 -999 -999 -999 -999 -999 -999 -999 -999 -999 -999 -999 -999 -999 -999 -999 -999 177 176 176 176 176 176 175 176 176 176 177 177 176 176 175 175 175 175 175 175 175 174 174 174 173 173 173 173 172 172 171 170 169 168 167 166 165 163 162 161 161 160 159 159 158 158 159 159 161 162 164 166 166 168 169 170 170 171 171 172 172 172 173 174 175 175 176 177 177 178 177 178 178 179 179 179
-999 -999 -999 -999 -999 -999 -999 -999 -999 -999 -999 -999 -999 -999 -999 -999 -999 177 177 176 176 176 177 176 176 177 176 176 177 177 177 176 176 176 175 175 175 175 175 174 174 174 173 173 173 173 173 172 172 171 169 168 168 166 165 163 162 162 161 160 160 159 159 160 160 161 161 163 164 165 166 169 170 170 171 171 171 170 171 172 173 174 174 175 176 177 178 178 178 178 179 179 179 179
-999 -999 -999 -999 -999 -999 -999 -999 -999 -999 -999 -999 -999 -999 -999 -999 177 176 176 176 176 177 177 176 176 177 177 176 176 176 177 177 176 176 175 175 175 175 175 174 174 174 174 173 173 173 173 172 172 171 170 168 168 167 165 163 162 162 161 160 160 160 160 161 161 161 162 164 164 165 167 169 170 170 171 171 171 170 171 173 173 174 175 176 176 176 178 179 179 179 179 179 179 179
-999 -999 -999 -999 -999 -999 -999 -999 -999 -999 -999 -999 -999 -999 -999 177 176 176 177 177 177 177 177 177 177 177 177 176 176 176 176 176 176 176 176 175 175 175 175 175 174 174 174 173 173 173 173 172 172 171 170 169 168 167 165 164 163 162 162 161 161 161 161 161 162 162 164 165 164 165 167 169 170 170 171 171 171 172 173 173 173 174 175 177 176 177 178 179 179 179 179 179 179 179
-999 -999 -999 -999 -999 -999 -999 -999 -999 -999 -999 -999 -999 -999 -999 177 177 177 177 177 176 177 178 177 177 177 177 176 176 176 176 176 176 176 176 175 175 175 174 175 175 174 174 174 173 173 173 173 172 171 170 169 168 167 166 164 164 163 162 162 162 162 162 162 162 163 164 164 165 166 167 168 169 170 171 171 172 172 173 173 174 174 176 177 176 177 178 178 179 179 179 179 180 179
-999 -999 -999 -999 -999 -999 -999 -999 -999 -999 -999 -999 -999 -999 177 177 177 176 176 177 177 177 178 178 177 178 176 176 177 176 176 176 176 176 176 175 175 175 174 175 175 175 174 174 174 173 173 172 172 171 170 169 168 167 166 165 164 163 163 163 163 162 162 163 163 163 164 166 167 166 167 168 169 170 171 171 172 172 173 173 174 174 175 176 177 177 178 179 179 179 178 179 179 179
-999 -999 -999 -999 -999 -999 -999 -999 -999 -999 -999 -999 -999 -999 178 176 176 176 177 177 177 177 177 177 177 178 176 176 176 176 176 176 176 176 176 175 175 175 175 174 175 175 175 174 174 174 173 172 172 172 170 169 168 168 166 165 164 164 164 163 163 163 163 163 163 164 165 167 167 168 169 170 170 170 171 172 172 173 174 174 175 174 176 177 177 177 178 178 179 178 178 179 179 179
-999 -999 -999 -999 -999 -999 -999 -999 -999 -999 -999 -999 -999 -999 -999 177 176 176 177 177 177 177 177 177 177 178 177 176 176 176 176 176 176 176 176 175 175 175 175 175 174 175 175 175 174 174 173 173 172 172 171 169 168 168 167 166 165 165 165 164 164 164 165 164 164 165 166 167 167 168 168 169 169 170 171 172 172 173 174 175 175 176 177 177 177 178 179 179 178 178 179 179 179 179
-999 -999 -999 -999 -999 -999 -999 -999 -999 -999 -999 -999 -999 -999 -999 177 177 177 177 177 177 177 177 177 177 177 178 177 177 177 177 177 176 176 176 176 176 175 175 175 175 176 176 175 175 174 174 173 172 172 171 170 169 169 168 167 167 166 166 166 166 166 166 166 166 167 167 168 169 169 170 170 171 171 172 173 173 174 175 175 175 176 176 177 177 177 178 179 179 178 179 180 179 180
-999 -999 -999 -999 -999 -999 -999 -999 -999 -999 -999 -999 -999 -999 -999 178 178 178 177 177 177 177 177 177 177 177 177 178 178 177 177 177 177 177 176 176 176 176 176 176 176 176 176 176 176 175 174 173 173 172 171 171 171 170 169 169 168 168 167 168 168 168 167 168 168 168 168 169 170 170 171 172 173 173 173 174 175 175 175 175 176 176 177 177 178 177 178 179 179 178 180 180 181 181
-999 -999 -999 -999 -999 -999 -999 -999 -999 -999 -999 -999 -999 -999 -999 179 178 -999 -999 177 177 177 177 177 177 177 177 177 177 177 177 177 177 177 176 176 176 176 176 176 176 177 176 176 176 176 175 174 173 173 172 171 171 171 170 169 169 169 169 169 169 169 169 169 169 169 170 170 170 171 172 173 173 174 175 175 175 175 176 176 176 176 177 178 178 178 179 179 179 179 180 181 181 181
-999 -999 -999 -999 -999 -999 -999 -999 -999 -999 -999 -999 -999 -999 -999 -999 -999 -999 -999 -999 -999 177 177 177 177 177 177 177 177 177 177 177 177 177 177 176 176 176 176 176 176 177 177 176 176 176 175 174 174 173 173 172 172 171 171 170 170 170 171 170 170 170 171 170 170 170 171 171 171 172 173 173 174 175 176 176 175 176 177 177 177 177 177 178 178 178 179 180 179 180 180 180 180 180
-999 -999 -999 -999 -999 -999 -999 -999 -999 -999 -999 -999 -999 -999 -999 -999 -999 -999 -999 -999 -999 177 178 178 177 177 178 178 177 177 178 178 177 177 177 177 177 176 176 176 176 177 177 177 177 176 176 174 175 174 174 172 172 173 172 172 172 172 172 172 172 172 172 172 172 172 172 172 173 173 174 175 175 176 177 176 177 177 178 178 178 178 178 178 179 179 179 180 180 180 181 180 180 181
-999 -999 -999 -999 -999 -999 -999 -999 -999 -999 -999 -999 -999 -999 -999 -999 -999 -999 -999 -999 179 179 178 178 178 178 178 178 178 178 178 178 178 178 177 177 177 177 176 176 176 177 177 177 177 176 175 175 176 174 174 173 173 174 172 173 173 173 173 174 174 174 174 174 174 174 173 174 174 175 175 176 177 178 178 179 178 178 178 178 179 178 178 179 179 179 180 180 181 181 181 182 182 181
-999 -999 -999 -999 -999 -999 -999 -999 -999 -999 -999 -999 -999 -999 -999 -999 -999 180 179 179 178 178 178 178 178 178 178 178 178 178 178 178 178 178 177 177 177 177 177 176 176 176 177 177 177 177 176 175 175 176 174 174 174 174 173 173 174 174 174 175 175 175 175 175 175 175 175 175 175 175 176 177 178 178 179 179 179 179 179 179 179 179 179 179 179 179 180 181 181 181 181 182 182 181
-999 -999 -999 -999 -999 -999 -999 -999 -999 -999 -999 -999 -999 -999 -999 -999 180 180 180 179 178 178 178 178 178 178 178 178 178 178 178 178 178 178 178 177 177 177 177 177 176 177 177 177 177 177 176 176 175 175 175 175 174 174 174 174 175 175 175 175 175 175 176 175 175 176 176 176 176 176 177 178 178 179 179 180 179 179 179 179 179 179 180 179 179 180 181 181 181 181 183 182 182 182
-999 -999 -999 -999 -999 -999 -999 -999 -999 -999 -999 -999 -999 -999 -999 180 180 180 180 180 179 179 179 178 178 178 178 178 178 178 178 178 178 178 178 178 177 177 177 177 177 177 177 177 177 177 177 176 176 176 176 176 175 175 176 176 176 176 176 176 176 176 176 176 176 176 177 177 177 178 178 179 179 179 180 180 179 179 179 179 180 180 180 181 180 181 182 181 182 183 182 182 181 181
-999 -999 -999 -999 -999 -999 -999 -999 -999 -999 -999 -999 -999 180 180 180 180 180 180 180 180 179 179 179 179 179 178 178 178 178 178 178 178 178 178 178 178 178 178 178 178 177 177 177 177 177 177 177 177 177 176 177 178 176 177 177 177 175 175 176 176 176 176 176 177 177 177 178 178 179 179 179 180 180 180 180 180 179 179 180 180 180 181 180 181 181 181 183 183 183 182 182 182 181
-999 -999 -999 -999 -999 -999 -999 -999 -999 -999 -999 -999 -999 180 180 180 180 180 180 180 179 179 179 179 179 179 178 178 178 178 178 178 178 178 178 178 178 178 178 178 178 178 177 177 177 177 177 177 177 177 177 178 178 178 177 177 176 176 175 175 176 176 176 177 177 177 178 179 179 179 179 180 180 180 180 180 180 179 180 180 180 180 181 182 181 182 181 182 182 182 182 182 182 181
-999 -999 -999 -999 -999 -999 -999 -999 -999 -999 -999 180 180 180 180 180 180 180 180 180 180 179 179 179 179 179 179 178 178 178 178 178 178 178 178 178 178 178 178 178 178 178 178 177 177 177 177 177 177 177 178 178 177 178 178 177 176 176 176 176 176 176 177 177 177 178 178 179 179 179 180 180 180 180 180 180 180 179 180 180 180 181 181 181 181 181 182 182 182 182 182 182 182 182
-999 -999 -999 -999 -999 -999 -999 -999 -999 180 180 180 180 180 180 180 180 180 180 180 180 179 179 179 179 179 179 179 179 178 178 178 178 178 178 178 178 179 179 178 178 178 178 178 178 177 177 177 177 177 179 178 177 177 178 178 176 176 176 176 177 177 177 178 178 178 179 179 179 180 180 180 180 180 180 180 181 181 180 180 181 181 181 181 181 181 182 182 182 182 182 182 182 183
-999 -999 -999 180 -999 -999 -999 -999 -999 180 180 179 179 179 180 180 180 180 180 180 180 180 179 179 179 179 179 179 179 179 179 179 179 179 179 179 179 179 179 179 179 179 178 178 178 178 178 178 178 178 179 178 178 178 177 177 177 177 176 177 178 178 178 178 179 179 179 180 180 180 180 180 180 180 180 181 181 180 180 181 181 181 181 182 182 182 182 182 182 182 182 183 183 182
-999 -999 180 180 -999 -999 -999 -999 180 180 179 180 179 179 180 180 180 180 180 180 180 180 180 179 179 179 179 179 179 179 179 179 179 179 179 179 179 179 179 179 179 179 179 178 178 178 178 179 178 178 179 178 178 178 178 177 177 177 177 177 178 178 179 179 179 179 179 180 180 180 180 180 180 180 181 181 181 180 180 181 181 181 181 182 182 181 181 182 182 182 182 183 183 183
180 180 180 180 -999 -999 -999 179 179 179 179 179 179 179 179 180 180 180 180 180 180 180 180 180 180 179 179 179 179 179 179 179 179 179 179 179 179 179 179 179 179 179 179 179 178 178 179 179 178 178 179 177 177 178 178 178 177 178 178 178 177 179 179 179 179 180 180 180 180 180 180 180 180 181 181 181 181 180 181 181 181 181 182 182 182 182 181 182 182 182 182 183 183 183
-999 180 180 180 -999 -999 -999 179 179 179 179 179 179 179 180 179 180 179 180 180 181 180 181 180 181 180 180 179 180 179 180 179 180 179 180 179 180 179 180 179 179 179 179 179 179 179 179 179 179 179 179 178 179 179 179 179 179 179 179 178 179 180 180 180 180 180 180 180 180 181 181 181 181 181 181 181 182 182 181 182 181 182 182 182 182 182 182 182 182 183 184 183 184 183
-999 180 180 180 180 -999 -999 179 179 179 179 180 180 180 180 180 180 180 180 180 180 180 181 181 181 181 181 180 180 180 180 180 180 180 180 180 180 180 180 180 180 180 180 180 180 180 179 180 180 180 179 179 180 180 179 179 180 179 179 179 180 180 180 181 181 181 181 181 181 181 181 181 182 182 182 182 182 182 181 182 182 182 182 182 182 182 181 182 182 183 183 183 183 183
180 180 180 180 180 180 179 179 179 179 179 180 180 180 180 180 180 180 180 180 180 180 181 181 181 181 181 180 180 180 180 180 180 180 180 180 180 180 180 180 180 180 180 180 180 180 180 180 180 180 180 180 180 180 180 180 180 180 180 180 180 180 181 181 181 181 181 181 181 181 181 182 182 182 182 182 182 182 181 183 182 182 182 182 182 182 181 182 183 183 182 183 183 183
-999 180 180 180 179 179 179 179 179 179 180 180 180 180 180 180 180 180 180 180 180 181 180 181 181 181 180 180 180 180 180 180 180 180 180 180 180 180 180 180 180 180 180 180 180 180 180 180 180 180 180 180 180 180 180 180 180 180 180 180 180 180 181 181 181 181 181 181 181 181 182 182 182 182 182 182 182 182 183 183 183 182 182 182 182 182 182 182 183 183 182 183 183 183
-999 -999 180 179 179 179 179 179 179 179 180 180 180 180 180 180 180 180 180 180 180 180 180 180 180 180 180 180 180 181 181 181 181 181 181 181 180 181 181 181 181 181 181 181 181 181 181 181 181 181 181 181 180 181 181 181 181 181 181 181 181 181 181 182 182 182 182 182 182 182 182 182 182 183 183 183 183 183 183 183 183 182 182 182 182 182 183 183 183 182 182 183 182 183
-999 -999 179 180 179 179 179 179 179 179 179 180 180 180 180 180 180 180 180 180 180 180 180 180 180 180 180 181 181 181 181 181 181 181 181 181 181 181 181 181 181 181 181 182 182 182 181 181 181 181 181 181 181 181 181 181 181 181 181 182 182 182 182 182 182 182 182 182 182 182 182 183 183 183 183 183 183 183 183 183 183 182 182 182 182 182 183 183 183 183 182 182 182 182
-999 -999 179 179 179 179 179 179 179 179 180 180 180 180 180 180 180 180 180 180 180 180 180 180 180 180 180 181 181 181 181 181 181 181 181 181 181 181 181 181 181 181 181 182 182 182 182 181 181 181 181 181 181 181 181 181 181 181 181 182 182 182 181 182 182 182 182 182 182 182 182 183 183 183 183 183 183 183 183 183 182 182 182 182 181 182 182 182 182 182 182 182 182 182
-999 -999 -999 179 179 179 179 179 179 179 180 180 180 180 180 180 180 180 180 180 180 180 180 180 180 180 181 181 181 181 181 181 181 181 181 181 181 181 181 181 181 181 182 182 182 182 182 181 181 181 181 181 181 181 181 181 181 181 182 182 182 182 182 181 182 182 182 182 182 182 183 183 183 183 183 183 183 183 183 183 183 183 182 182 182 182 182 183 183 182 182 183 182 182
-999 -999 -999 -999 -999 -999 -999 -999 -999 179 180 180 180 180 180 180 180 180 180 180 180 180 180 180 180 180 181 181 181 181 181 181 181 181 181 181 181 181 182 182 182 182 182 182 182 182 182 182 182 182 182 182 181 181 182 182 182 182 182 182 182 182 182 182 182 182 183 183 183 183 183 183 183 183 183 183 183 183 183 183 183 182 182 182 182 182 182 182 183 182 183 182 182 182
