DE_sunshineduration/2018_10_sunshineduration.asc
NCOLS 654
NROWS 866
XLLCORNER 3280414.711633467
YLLCORNER 5237500.62890625
CELLSIZE 1000
NODATA_VALUE -999
[rows 328 to 368 of 866, columns 282 to 375 of 654]
146 144 144 144 144 145 145 145 145 146 146 146 146 146 146 146 146 146 146 146 147 148 148 148 150 150 150 150 151 150 150 149 149 149 149 149 149 149 149 150 149 150 149 148 146 145 145 145 145 144 144 144 144 146 146 146 145 144 145 144 144 143 144 144 144 144 144 144 144 145 145 145 146 147 148 148 148 147 147 146 147 148 148 148 150 151 151 152 151 151 151 151 151 149
145 145 145 145 145 145 145 145 145 145 146 146 146 146 146 146 146 146 147 146 146 147 149 148 149 149 150 150 151 151 151 150 149 149 149 149 149 149 149 150 149 150 149 147 146 145 145 144 144 144 145 145 145 144 145 145 145 145 144 143 143 143 144 144 143 145 144 144 144 144 145 145 145 146 147 146 146 146 146 146 147 147 148 148 148 150 150 150 150 150 151 151 150 149
145 146 146 146 146 145 145 146 145 146 147 146 147 146 147 148 146 146 147 147 146 146 147 147 148 148 148 150 150 151 151 151 150 149 149 149 149 149 148 149 149 149 148 146 146 145 145 145 144 144 144 144 144 144 143 143 143 143 144 143 143 143 143 143 145 144 144 144 144 144 144 145 145 145 146 146 146 146 146 146 146 147 147 147 148 149 149 149 150 149 150 150 150 150
146 146 146 147 148 146 145 145 144 145 147 148 147 146 146 145 146 147 146 147 148 147 146 147 148 148 149 149 150 151 151 151 151 150 149 150 149 148 149 149 148 148 147 146 145 145 144 144 144 144 143 143 143 144 142 143 143 142 142 144 143 143 143 143 143 143 144 143 143 143 143 144 145 145 145 146 146 146 146 146 146 146 146 147 147 147 147 148 148 149 149 149 150 149
146 147 146 147 148 147 145 144 145 145 145 147 146 147 147 145 146 147 147 147 148 148 147 146 148 149 149 149 150 151 152 150 150 150 150 149 149 148 149 149 148 147 147 146 145 144 144 144 144 143 143 143 143 142 143 142 142 142 142 143 142 143 143 143 143 143 143 143 143 143 143 143 144 145 145 145 145 146 146 146 146 146 146 146 146 147 147 147 147 149 149 149 148 148
146 146 146 148 148 145 144 145 147 147 146 145 145 148 146 145 146 147 147 147 148 148 147 146 147 149 149 149 150 151 151 150 150 149 149 149 149 148 149 149 147 146 146 145 145 144 144 144 143 143 143 143 142 142 142 142 142 142 142 142 142 143 143 143 143 143 143 143 143 143 143 143 144 144 145 145 145 145 146 146 146 146 146 146 146 146 147 147 147 147 148 148 147 148
146 145 146 146 145 146 144 146 145 146 146 145 146 145 145 145 146 147 146 147 147 149 148 148 147 147 149 149 150 150 150 151 151 151 150 150 149 149 149 148 147 146 146 145 144 144 144 143 143 143 142 142 142 142 142 141 142 141 142 142 142 142 142 142 142 142 142 142 142 142 143 143 143 144 144 144 145 145 145 145 145 145 145 145 145 145 146 146 146 146 147 147 147 147
145 144 144 145 145 144 143 144 145 145 147 146 145 145 144 145 146 147 146 146 148 149 148 147 148 148 149 149 150 151 151 151 151 152 152 150 149 150 148 147 147 147 145 145 144 144 143 143 142 142 141 141 141 142 142 143 142 142 141 141 142 141 141 141 142 141 141 142 143 142 142 142 143 143 143 144 144 144 144 144 145 144 144 144 145 145 144 145 145 145 145 146 146 146
145 144 144 144 144 143 144 144 146 145 145 145 145 144 144 144 145 146 147 146 147 150 149 148 148 149 149 149 150 151 151 152 152 154 152 151 149 149 148 147 147 146 145 145 144 143 144 143 142 141 141 142 142 144 144 144 143 142 142 141 141 141 141 141 141 141 141 141 142 143 142 143 143 144 144 143 143 144 144 144 144 144 144 144 144 144 144 144 145 145 145 145 146 146
145 145 144 144 144 144 144 144 144 145 145 145 144 145 144 144 144 146 147 147 147 148 149 148 148 148 149 149 150 150 151 151 153 155 153 151 150 150 148 148 147 146 145 144 143 143 144 142 142 142 141 141 142 143 144 145 143 143 142 142 140 140 141 140 140 142 142 141 142 142 143 143 142 142 143 143 143 143 144 143 143 144 144 144 144 144 144 144 144 144 145 145 145 145
146 145 144 144 144 144 144 145 144 144 144 144 145 145 144 145 144 145 145 147 147 147 149 148 148 148 148 150 150 150 150 151 151 153 152 152 150 149 148 148 147 146 144 143 143 142 143 142 141 140 141 140 141 142 142 143 143 143 141 141 140 141 141 141 141 141 141 141 142 142 141 142 142 141 142 142 142 142 142 143 143 143 143 143 143 143 144 144 144 144 144 144 145 145
146 145 145 144 144 145 144 145 145 145 145 144 144 144 143 144 145 145 145 146 147 146 147 147 147 149 149 150 151 150 149 150 151 151 151 151 150 149 148 147 146 145 143 144 142 141 140 141 141 139 139 140 140 140 140 141 143 142 141 140 139 140 140 141 141 141 140 141 141 141 141 141 141 141 140 141 141 141 141 142 142 142 142 144 143 143 143 143 143 143 143 144 144 144
147 145 145 144 145 145 145 145 145 146 146 145 145 144 143 144 144 145 145 146 146 146 147 146 147 149 149 151 150 150 149 149 150 151 151 152 150 148 148 148 146 145 144 144 143 141 141 141 139 138 138 138 140 139 140 141 141 141 141 140 139 139 139 140 142 142 141 140 141 141 141 141 141 141 141 141 141 142 142 142 143 143 143 143 142 143 143 143 143 143 143 143 144 144
147 146 145 144 145 146 146 145 144 146 147 146 145 144 144 144 144 144 145 147 146 146 147 146 146 148 149 150 149 149 150 148 148 149 150 151 150 149 147 147 145 144 144 143 142 141 140 139 138 139 138 138 138 139 139 140 140 140 140 139 139 139 139 139 140 141 141 140 141 141 141 141 141 141 141 141 141 142 143 143 143 142 143 142 142 143 143 143 143 143 143 143 143 143
147 147 144 144 144 145 147 145 145 145 145 146 146 144 144 143 144 144 144 146 145 146 145 146 146 147 148 148 148 148 148 147 148 148 148 148 149 149 147 146 145 145 145 143 141 140 139 138 138 138 138 138 139 139 138 138 140 140 139 139 139 139 139 139 140 140 141 141 141 140 141 142 142 142 142 142 143 142 142 142 141 142 142 141 142 142 142 143 143 142 143 143 143 143
147 147 146 144 144 144 145 144 145 145 146 145 145 143 143 142 144 144 144 144 145 146 145 145 147 147 147 148 148 147 147 147 147 147 147 148 148 148 148 147 146 143 142 143 141 140 138 138 138 138 137 138 138 140 139 139 139 139 139 139 139 138 138 138 140 140 141 141 142 142 141 142 142 142 142 142 142 141 141 141 142 142 141 141 141 142 142 142 142 142 142 142 142 142
145 147 147 145 144 144 144 144 144 147 145 146 144 144 144 143 143 144 145 146 147 145 145 145 146 147 147 148 147 147 147 147 146 146 147 147 147 147 147 146 143 143 142 141 139 138 138 138 137 137 137 137 139 139 139 139 138 139 139 139 138 138 138 138 138 140 140 141 142 142 143 142 142 142 144 141 141 140 140 140 142 141 141 140 141 142 142 142 142 142 142 142 142 142
144 145 145 146 145 145 144 145 145 146 146 144 144 143 143 143 144 144 145 145 145 145 145 145 146 146 147 147 146 146 147 146 146 146 146 146 145 146 146 145 143 141 141 140 138 138 138 137 137 137 138 138 138 139 139 138 138 138 138 138 138 138 138 138 138 138 140 140 140 141 141 142 142 141 141 140 140 140 140 140 140 141 140 140 141 141 142 142 142 142 142 142 143 143
145 143 144 144 145 145 144 144 145 145 145 145 143 143 143 143 143 145 145 146 146 145 147 147 148 149 148 147 146 146 146 147 146 146 145 146 146 145 144 142 142 140 139 139 137 138 137 137 138 136 137 137 137 137 137 138 137 137 137 138 137 138 138 138 138 138 139 140 140 139 140 140 141 140 140 140 140 140 139 139 139 139 140 140 140 141 141 141 141 141 142 142 143 143
144 143 143 144 144 145 144 144 144 145 143 143 143 142 142 142 143 144 145 144 144 146 147 148 148 151 149 148 145 145 145 145 145 146 145 145 145 143 142 141 140 138 137 137 136 137 136 136 136 135 136 136 136 136 136 136 136 136 136 136 137 137 138 139 138 138 139 139 140 140 139 139 139 139 139 139 140 140 140 139 139 139 139 139 140 140 140 141 141 141 142 142 143 143
143 144 145 143 145 144 143 144 143 144 144 144 142 142 142 142 143 143 144 144 145 146 148 148 149 148 146 145 147 145 146 146 145 145 145 144 143 143 142 141 138 137 136 136 136 136 135 135 135 135 135 135 135 136 136 135 136 136 136 137 138 138 138 138 139 138 138 138 140 140 139 139 139 139 139 139 140 140 139 139 139 139 139 139 140 140 140 140 141 141 142 142 142 143
142 143 144 145 144 143 144 143 142 143 143 145 145 143 142 142 142 142 144 144 143 146 150 151 146 146 146 146 145 146 147 147 146 148 146 144 142 141 139 138 137 136 136 135 135 135 135 135 134 134 134 134 135 135 136 135 136 136 136 137 137 138 138 138 139 139 139 138 139 139 139 139 139 139 139 139 140 139 139 139 139 139 139 139 139 140 140 140 140 141 141 142 143 142
143 143 146 144 144 143 142 142 142 142 143 144 145 145 143 142 143 143 144 143 144 146 148 149 147 145 146 145 144 146 145 146 144 147 144 142 141 140 138 136 136 137 135 133 133 133 133 133 133 133 133 133 134 134 134 135 136 136 137 137 138 138 138 138 139 139 139 139 140 140 139 139 139 139 139 139 140 139 140 140 139 139 139 139 139 139 140 140 140 140 140 142 142 142
144 141 143 143 144 143 142 142 142 141 141 142 143 143 143 141 142 142 142 143 145 146 147 148 146 144 146 145 146 146 145 145 143 144 141 142 144 141 141 136 138 135 133 133 133 132 131 132 134 133 131 132 133 134 133 134 136 137 138 138 138 138 138 138 139 139 139 139 140 139 139 139 139 139 139 139 139 140 140 139 139 139 139 139 139 139 139 139 140 140 140 141 141 142
146 141 142 142 143 143 143 142 142 141 141 142 143 143 142 141 142 142 142 142 143 145 148 149 148 145 144 147 148 146 147 146 145 143 146 141 142 141 139 136 139 137 134 132 131 131 131 132 136 136 130 130 133 133 133 134 136 137 138 138 138 138 138 138 139 139 139 139 139 139 139 139 139 139 139 139 139 140 140 140 139 139 139 139 139 139 139 139 140 140 140 140 141 142
144 141 141 143 143 142 143 143 141 142 142 142 143 144 143 141 141 142 143 143 144 146 145 147 147 144 146 147 147 148 147 145 144 142 144 141 142 142 139 138 139 137 136 133 132 133 132 134 132 130 132 131 131 132 134 135 137 139 139 140 140 139 138 138 139 139 139 138 138 139 140 139 139 139 139 139 139 140 140 140 140 140 140 140 139 139 139 139 139 140 140 140 140 141
143 141 141 143 142 142 141 141 141 141 142 141 141 142 143 140 141 141 141 142 144 146 148 147 148 146 144 146 148 148 145 146 146 144 144 141 142 142 138 136 137 136 134 133 131 130 130 131 127 129 132 132 130 131 133 135 137 139 140 141 141 139 139 139 139 139 139 139 138 138 140 140 140 139 139 139 139 139 139 140 140 140 140 140 140 140 140 139 140 140 140 140 140 140
143 142 140 141 142 141 140 142 141 140 140 140 140 141 141 140 141 140 140 141 143 144 145 147 147 142 146 145 146 145 146 146 142 145 142 140 140 137 133 136 135 134 132 131 127 129 127 126 126 129 129 128 129 133 134 134 138 140 141 142 141 139 138 138 139 139 139 139 139 139 139 139 140 140 139 139 139 140 139 139 140 140 140 140 141 140 140 140 140 140 140 139 139 139
144 142 140 140 141 141 141 142 142 141 140 140 140 140 140 140 140 140 140 140 142 143 147 148 144 143 145 145 144 144 145 146 147 143 141 142 138 136 136 137 136 133 131 129 127 127 126 126 127 126 127 126 126 136 134 134 137 140 141 141 140 139 139 139 139 139 139 139 139 138 139 139 139 140 140 140 139 139 139 139 140 140 140 140 140 140 140 140 140 140 139 139 139 139
144 144 143 142 140 141 142 141 142 142 142 141 140 139 140 141 140 141 140 141 142 143 144 147 143 147 144 145 145 145 144 145 144 141 139 138 136 134 134 135 133 132 131 130 126 127 126 125 125 125 124 124 129 131 135 137 140 140 142 141 140 139 139 141 140 139 140 140 139 139 139 139 138 140 140 140 140 141 139 140 140 140 140 140 140 140 140 140 140 139 139 139 140 139
144 143 139 139 141 139 139 141 143 143 142 142 141 141 140 139 141 141 141 140 142 142 144 145 146 144 142 144 143 143 143 142 142 140 139 139 136 137 134 132 132 133 131 129 126 127 125 124 125 124 124 125 128 131 133 135 136 137 137 140 141 141 139 143 139 141 140 140 140 139 139 139 139 139 139 140 140 139 139 139 140 140 140 140 139 139 139 139 139 139 139 139 139 139
141 140 139 140 141 140 139 139 141 142 141 141 141 140 140 141 141 141 142 140 140 141 142 146 144 142 145 146 144 144 143 143 141 141 140 139 138 135 134 133 133 130 130 129 126 125 125 124 125 123 122 124 129 131 132 131 135 135 136 138 142 143 141 141 142 140 141 142 140 139 139 138 139 139 139 139 140 139 139 139 140 140 140 140 139 140 140 140 139 139 139 139 139 139
141 140 139 140 141 141 140 139 140 139 142 142 141 139 139 140 141 142 140 140 140 141 144 142 146 144 145 145 143 142 142 143 141 141 140 140 137 137 136 135 132 129 131 131 128 127 124 126 129 125 124 124 128 130 130 132 135 138 139 139 140 140 142 141 142 142 142 141 142 139 139 138 138 139 139 139 138 139 139 139 139 140 140 140 140 140 140 139 138 139 139 139 139 139
139 140 141 140 141 141 142 140 139 140 141 141 139 139 139 139 141 142 139 139 141 142 141 142 142 145 144 143 143 142 142 141 142 141 141 139 137 135 136 135 134 132 130 132 130 127 127 127 131 129 126 128 128 130 131 133 134 134 139 139 140 142 142 143 143 142 142 141 139 141 140 139 138 139 139 139 138 139 139 140 140 141 140 140 140 140 140 140 139 139 139 139 139 139
139 140 142 142 141 141 140 140 141 138 139 138 139 138 138 139 139 140 141 139 139 140 141 140 143 144 143 143 144 144 143 142 142 141 140 139 138 137 136 134 136 136 133 132 130 130 130 129 130 131 129 129 127 133 135 134 135 135 137 139 141 141 142 142 142 143 142 141 142 140 141 140 138 138 138 138 138 138 139 139 139 139 139 140 139 139 139 139 139 139 139 139 139 139
139 139 140 142 141 141 141 140 140 138 138 138 138 138 139 138 139 141 140 139 139 139 139 141 144 144 144 144 143 143 142 142 142 140 140 138 137 137 135 137 137 136 133 131 130 130 131 130 130 129 131 130 131 132 135 134 134 134 135 137 140 139 140 141 142 143 143 143 143 141 141 139 140 139 139 137 138 139 138 138 139 138 138 139 139 139 138 138 140 139 138 138 138 138
139 139 139 140 140 140 139 139 139 138 139 138 139 139 138 138 140 140 140 139 138 138 139 140 143 144 144 144 143 142 142 143 140 140 137 138 138 137 139 139 138 135 133 132 131 131 129 130 129 130 128 128 132 132 131 132 133 135 136 137 138 139 139 140 141 142 143 143 143 142 140 140 138 139 139 138 138 139 138 138 138 138 138 138 138 138 138 138 138 138 138 138 138 139
140 139 139 141 139 141 139 139 138 138 139 140 140 140 139 138 140 140 139 138 137 138 139 141 143 143 143 143 144 144 143 143 140 138 137 136 136 140 140 138 136 135 133 132 132 131 130 130 129 128 127 126 130 129 130 130 131 133 135 135 136 138 139 139 140 142 140 143 143 143 141 140 139 138 139 138 138 137 138 137 137 138 138 138 137 138 138 138 137 138 138 138 137 138
140 139 138 138 139 139 139 138 139 139 139 141 141 140 138 139 139 141 137 137 139 138 139 140 141 142 141 142 142 142 142 140 139 137 137 139 140 140 140 135 135 136 135 132 131 133 132 130 132 134 131 130 129 129 130 130 131 132 133 135 136 137 138 138 139 140 140 140 141 141 141 141 139 140 139 138 138 137 138 138 137 137 137 137 137 138 138 137 137 137 137 137 137 137
139 138 138 138 139 138 139 139 139 139 139 140 139 138 138 138 140 140 137 137 139 138 139 139 140 141 141 144 143 143 142 140 138 138 140 139 142 142 140 136 136 135 136 135 131 133 132 132 129 131 132 131 130 129 129 130 130 132 132 133 134 136 136 137 138 140 141 141 139 141 140 140 141 139 139 140 140 140 140 139 138 137 137 137 138 137 137 137 137 137 137 137 138 137
139 138 138 138 137 138 140 139 138 138 138 138 138 138 139 139 139 139 137 137 139 138 138 138 139 140 141 141 141 141 142 140 139 138 142 143 144 141 136 136 133 135 135 137 133 133 133 132 130 130 130 129 129 129 129 130 131 133 133 133 134 135 135 137 139 140 139 139 141 141 138 140 141 140 141 139 137 141 141 140 137 139 139 137 137 137 138 138 138 138 138 137 137 137
