DE_sunshineduration/2018_12_sunshineduration.asc
NCOLS 654
NROWS 866
XLLCORNER 3280414.711633467
YLLCORNER 5237500.62890625
CELLSIZE 1000
NODATA_VALUE -999
[rows 795 to 847 of 866, columns 96 to 191 of 654]
-999 -999 -999 -999 -999 -999 -999 -999 -999 -999 -999 -999 -999 -999 -999 -999 -999 -999 31 31 31 31 31 32 32 32 32 33 33 33 34 34 34 37 43 39 40 43 49 55 54 52 48 43 47 54 51 48 44 36 49 54 49 51 47 48 45 47 47 47 47 47 51 50 50 48 50 53 50 51 50 50 49 49 49 49 48 48 45 47 48 47 46 45 44 44 44 44 44 44 44 43 43 44 43 43
-999 -999 -999 -999 -999 -999 -999 -999 -999 -999 -999 -999 -999 -999 -999 -999 -999 -999 31 31 31 31 31 32 32 32 33 33 33 34 35 35 36 37 37 42 43 49 51 53 57 55 49 48 41 46 47 51 46 41 50 54 53 50 55 51 46 48 49 47 47 52 57 58 53 50 50 53 52 50 49 49 49 48 48 48 49 49 47 46 47 47 46 46 44 44 44 45 44 44 45 45 44 50 46 49
-999 -999 -999 -999 -999 -999 -999 -999 -999 -999 -999 -999 -999 -999 -999 -999 -999 31 31 31 31 31 32 32 32 33 33 33 33 35 36 37 40 42 42 45 45 41 47 52 57 54 50 51 51 44 39 45 50 44 50 50 49 49 51 49 48 46 46 47 53 51 52 54 57 56 52 50 52 50 49 50 49 49 49 48 48 47 45 44 44 46 45 46 46 45 46 46 45 46 48 48 50 50 48 46
-999 -999 -999 -999 -999 -999 -999 -999 -999 -999 -999 -999 -999 -999 -999 -999 -999 31 31 31 31 31 32 33 33 33 33 33 34 37 43 45 46 44 43 38 38 44 47 54 59 54 54 53 54 53 45 40 51 49 52 49 48 47 50 48 47 44 49 50 48 49 48 50 52 54 54 48 52 50 49 49 50 49 48 49 49 48 47 45 44 44 45 45 45 47 45 47 47 49 46 47 51 50 49 47
-999 -999 -999 -999 -999 -999 -999 -999 -999 -999 -999 -999 -999 -999 -999 -999 -999 31 31 32 32 32 32 33 33 34 34 34 33 33 39 38 39 42 37 41 49 44 48 56 58 55 51 52 51 53 54 50 53 55 54 49 47 46 45 49 48 51 48 51 52 51 52 50 52 51 51 51 51 52 50 49 49 49 49 49 48 48 46 46 45 43 46 45 45 46 43 46 46 46 46 50 49 49 47 46
-999 -999 -999 -999 -999 -999 -999 -999 -999 -999 -999 -999 -999 -999 -999 -999 -999 32 32 32 32 32 33 33 34 34 35 36 39 39 38 35 38 36 40 45 54 46 53 55 53 55 49 49 51 50 53 53 45 45 56 53 51 50 52 53 48 48 52 53 52 49 49 51 51 49 48 48 49 48 50 51 51 50 50 48 48 47 46 45 45 43 45 45 45 45 44 47 46 46 47 45 48 46 47 45
-999 -999 -999 -999 -999 -999 -999 -999 -999 -999 -999 -999 -999 -999 -999 -999 -999 32 32 32 32 32 33 33 34 35 36 40 42 39 40 40 38 40 47 45 50 48 49 53 51 50 48 51 46 50 43 48 40 48 52 50 48 51 55 55 50 51 51 52 52 53 56 55 51 52 51 51 49 48 46 49 48 48 48 47 46 46 45 44 43 41 45 44 46 46 41 46 47 47 48 44 47 44 44 45
-999 -999 -999 -999 -999 -999 -999 -999 -999 -999 -999 -999 -999 -999 -999 -999 -999 32 33 32 32 33 32 33 33 35 36 38 41 46 41 41 44 37 40 44 51 55 55 46 46 52 48 41 47 48 42 41 48 53 53 49 51 47 54 53 52 51 50 55 54 56 55 56 56 54 53 51 51 48 48 47 46 44 48 46 46 46 42 45 45 42 42 41 44 43 41 48 46 45 45 44 44 46 45 47
-999 -999 -999 -999 -999 -999 -999 -999 -999 -999 -999 -999 -999 -999 -999 -999 32 33 33 33 33 34 33 33 34 36 41 39 37 44 48 44 41 37 49 44 49 57 57 52 46 43 53 44 41 38 38 45 54 56 54 53 50 44 51 55 50 48 49 54 56 52 53 57 56 56 54 51 51 50 50 49 48 50 48 47 45 46 43 46 45 45 45 41 41 40 40 43 44 44 44 46 47 47 45 47
-999 -999 -999 -999 -999 -999 -999 -999 -999 -999 -999 -999 -999 -999 -999 -999 33 33 33 33 34 35 33 35 38 41 43 39 44 44 40 45 47 43 49 59 61 55 53 42 46 49 51 43 39 48 47 49 49 46 47 58 51 49 51 56 55 51 49 50 54 51 53 54 56 56 55 54 54 52 51 49 49 50 50 50 49 49 48 46 47 47 46 46 45 44 40 45 47 44 46 47 46 48 45 47
-999 -999 -999 -999 -999 -999 -999 -999 -999 -999 -999 -999 -999 -999 -999 -999 33 33 33 33 34 35 37 39 37 41 42 47 45 43 48 46 43 47 52 54 55 52 53 48 46 40 45 42 40 48 48 53 46 50 46 51 53 46 48 57 54 56 52 50 50 50 51 55 56 56 53 50 53 52 51 51 50 50 49 50 50 49 48 48 47 46 46 45 45 45 41 43 42 41 44 47 47 47 46 46
-999 -999 -999 -999 -999 -999 -999 -999 -999 -999 -999 -999 -999 -999 -999 33 33 33 33 36 34 35 36 36 38 40 39 44 47 51 53 53 52 49 50 48 41 49 48 47 41 41 44 39 43 39 48 49 50 47 45 48 51 52 46 55 58 56 56 55 52 52 52 54 54 55 55 54 53 52 48 48 47 49 47 48 49 49 48 47 46 46 43 41 41 43 43 42 41 42 44 48 48 46 46 43
-999 -999 -999 -999 -999 -999 -999 -999 -999 -999 -999 -999 -999 -999 32 33 33 33 33 36 34 36 36 39 45 45 44 49 51 54 52 54 57 51 47 44 47 46 45 43 44 38 41 46 45 41 52 43 55 51 50 46 47 47 46 56 52 56 56 57 57 52 51 52 53 54 54 54 53 52 52 51 48 48 47 48 46 48 46 46 46 46 45 44 41 41 42 41 41 43 47 45 46 46 46 44
-999 -999 -999 -999 -999 -999 -999 -999 -999 -999 -999 -999 -999 -999 33 33 33 33 34 36 35 38 39 39 46 56 57 52 55 55 54 55 56 54 46 42 51 44 44 42 39 40 45 45 47 44 43 51 53 51 48 49 47 46 46 47 50 50 55 54 53 51 51 56 56 53 51 53 52 51 49 50 47 48 47 47 46 45 42 46 45 41 42 43 43 38 41 40 43 43 49 48 -999 -999 -999 43
-999 -999 -999 -999 -999 -999 -999 -999 -999 -999 -999 -999 -999 -999 33 33 33 33 36 39 37 38 41 42 45 51 57 48 49 52 52 50 52 52 45 43 50 48 42 43 39 43 41 48 54 48 41 45 50 51 53 50 50 51 47 45 46 52 56 54 55 52 49 55 56 52 52 52 51 50 48 49 47 48 47 49 48 47 40 41 41 42 43 40 42 40 41 43 41 43 49 49 -999 -999 -999 43
-999 -999 -999 -999 -999 -999 -999 -999 -999 -999 -999 -999 -999 -999 33 33 33 37 37 37 36 39 38 41 45 52 54 48 49 51 52 46 50 52 50 42 46 51 45 39 41 49 52 52 54 50 49 51 53 52 52 54 51 50 48 48 49 46 53 52 55 55 47 54 53 51 53 52 50 50 49 49 47 44 46 49 48 45 46 44 42 41 41 40 40 39 42 41 -999 -999 -999 -999 -999 -999 -999 43
-999 -999 -999 -999 -999 -999 -999 -999 -999 -999 -999 -999 -999 -999 33 34 34 35 37 38 39 37 37 42 48 45 50 46 53 49 48 45 50 48 48 42 48 51 45 41 40 43 42 45 52 53 54 53 51 50 57 53 51 50 49 52 51 48 47 49 53 53 49 53 53 52 53 53 51 49 49 49 48 46 44 46 47 47 45 44 43 43 41 40 39 -999 -999 -999 -999 -999 -999 -999 -999 -999 -999 43
-999 -999 -999 -999 -999 -999 -999 -999 -999 -999 -999 -999 -999 -999 34 34 37 35 36 35 37 39 39 39 45 45 49 47 52 53 48 44 50 46 46 40 49 52 48 40 42 47 46 52 52 52 55 51 48 48 56 56 52 52 51 48 48 48 50 47 48 49 46 52 52 50 53 52 51 50 49 48 48 46 44 45 47 46 46 44 43 41 41 37 -999 -999 -999 -999 -999 -999 -999 -999 -999 -999 -999 -999
-999 -999 -999 -999 -999 -999 -999 -999 -999 -999 -999 -999 -999 -999 -999 35 38 38 35 36 40 41 41 40 40 45 45 44 55 49 47 44 46 43 41 43 47 51 45 39 47 48 51 50 46 49 54 50 50 49 54 53 52 51 52 50 50 52 50 44 49 50 47 46 51 51 51 51 50 50 49 47 47 46 43 45 47 44 44 43 42 39 37 39 -999 -999 -999 -999 -999 -999 -999 -999 -999 -999 -999 -999
-999 -999 -999 -999 -999 -999 -999 -999 -999 -999 -999 -999 -999 -999 -999 35 38 39 38 38 39 39 42 39 42 41 41 49 53 52 48 43 44 43 42 49 50 56 45 37 46 46 45 45 52 52 56 51 48 51 52 53 52 50 54 53 51 52 50 45 53 52 50 48 49 50 47 51 49 49 48 47 46 47 44 47 45 44 45 41 42 37 40 -999 -999 -999 -999 -999 -999 -999 -999 -999 -999 -999 -999 -999
-999 -999 -999 -999 -999 -999 -999 -999 -999 -999 -999 -999 -999 -999 34 38 38 38 41 42 38 40 40 41 41 43 44 52 52 53 48 45 45 41 50 52 50 48 45 41 40 47 47 52 55 54 52 52 47 52 52 53 52 51 52 51 49 47 49 47 53 52 51 49 42 51 49 49 47 47 47 46 45 46 43 45 45 41 43 42 41 38 38 -999 -999 -999 -999 -999 -999 -999 -999 -999 -999 -999 -999 -999
-999 -999 -999 -999 -999 -999 -999 -999 -999 -999 -999 -999 -999 34 37 38 38 38 39 39 37 39 39 39 42 46 50 54 47 50 50 47 45 44 52 48 44 44 40 38 45 50 53 56 53 50 53 51 50 55 52 50 53 51 52 53 49 47 46 52 50 51 51 50 46 49 49 45 47 46 45 44 43 45 41 43 43 42 42 41 36 37 -999 -999 -999 -999 -999 -999 -999 -999 -999 -999 -999 -999 -999 -999
-999 -999 -999 -999 -999 -999 -999 -999 -999 -999 -999 -999 34 38 38 37 38 38 39 39 38 41 39 44 43 44 46 50 46 47 46 46 47 40 47 49 42 40 42 41 49 53 55 55 54 53 48 49 51 55 53 51 52 52 52 51 50 44 47 50 50 48 49 48 47 46 47 46 43 44 44 43 43 44 40 43 42 41 41 37 38 -999 -999 -999 -999 -999 -999 -999 -999 -999 -999 -999 -999 -999 -999 -999
-999 -999 -999 -999 -999 -999 -999 -999 -999 -999 -999 -999 35 39 40 38 39 40 38 38 38 41 41 46 41 46 48 44 42 46 44 47 46 43 46 48 41 43 51 50 51 51 53 52 53 51 48 48 52 54 54 53 51 53 51 51 50 43 50 49 47 48 48 45 44 41 44 45 44 44 42 43 43 41 39 43 42 38 38 36 -999 -999 -999 -999 -999 -999 -999 -999 -999 -999 -999 -999 -999 -999 -999 -999
-999 -999 -999 -999 -999 -999 -999 -999 -999 -999 -999 -999 36 40 39 38 41 40 39 39 41 39 42 44 47 49 47 49 43 43 43 43 43 41 42 48 45 48 52 53 50 48 56 53 51 51 52 51 54 54 54 52 50 51 48 50 50 43 48 49 49 47 47 44 45 43 40 43 43 41 44 43 40 39 41 42 41 40 35 38 -999 -999 -999 -999 -999 -999 -999 -999 -999 -999 -999 -999 -999 -999 -999 -999
-999 -999 -999 -999 -999 -999 -999 -999 -999 -999 -999 -999 36 39 40 39 41 41 39 39 41 40 42 42 46 48 47 48 44 44 42 42 44 41 42 45 42 44 46 49 50 54 53 52 50 52 53 54 53 51 52 53 51 49 49 46 48 43 46 47 47 47 47 47 46 45 43 39 41 43 44 40 37 41 42 40 40 36 38 39 -999 -999 -999 -999 -999 -999 -999 -999 -999 -999 -999 -999 -999 -999 -999 -999
-999 -999 -999 -999 -999 -999 -999 -999 -999 -999 -999 -999 36 40 40 39 39 39 39 40 40 40 41 42 45 47 46 45 45 45 42 48 47 41 47 44 42 45 44 46 47 51 52 47 51 56 56 53 53 51 52 53 51 51 49 46 47 46 46 46 46 44 43 45 42 45 43 38 41 44 44 42 37 41 40 40 36 37 38 38 -999 -999 -999 -999 -999 -999 -999 -999 -999 -999 -999 -999 -999 -999 -999 -999
-999 -999 -999 -999 -999 -999 -999 -999 -999 -999 -999 -999 -999 36 40 38 38 38 41 42 40 41 43 44 46 44 45 46 45 43 46 44 46 42 47 45 43 43 45 44 44 49 45 51 57 58 57 52 51 51 52 51 50 50 48 44 44 46 44 45 46 47 46 44 41 43 41 38 41 42 41 38 36 39 39 39 35 37 39 38 -999 -999 -999 -999 -999 -999 -999 -999 -999 40 40 -999 -999 36 -999 -999
-999 -999 -999 -999 -999 -999 -999 -999 -999 -999 -999 -999 -999 -999 37 37 38 38 39 42 41 41 42 46 46 44 43 45 44 45 44 44 45 42 43 42 44 46 45 44 44 45 46 47 56 56 55 54 53 52 51 50 48 47 47 43 46 45 44 43 45 46 41 44 44 40 38 37 40 40 40 39 35 38 38 36 37 40 38 37 35 -999 -999 -999 -999 -999 -999 -999 -999 39 38 37 36 35 35 -999
-999 -999 -999 -999 -999 -999 -999 -999 -999 -999 -999 -999 -999 -999 -999 37 38 38 39 43 41 41 44 44 43 42 43 43 43 43 43 42 43 43 43 43 45 45 45 45 42 43 45 53 50 56 57 53 51 50 51 48 47 46 45 42 44 44 43 44 44 41 44 41 42 41 38 38 40 36 38 37 36 37 35 36 35 35 36 35 35 35 35 38 42 -999 -999 -999 37 38 36 36 36 35 34 35
-999 -999 -999 -999 -999 -999 -999 -999 -999 -999 -999 -999 -999 -999 -999 -999 38 39 39 40 40 42 44 42 42 42 45 44 45 46 47 46 46 46 46 47 45 44 45 44 42 42 45 56 54 54 52 52 51 52 51 48 46 42 45 40 42 43 45 43 42 40 43 41 41 40 37 35 36 36 35 35 35 36 35 38 38 38 35 35 35 36 41 38 40 40 40 39 37 37 38 36 36 35 35 -999
-999 -999 -999 -999 -999 -999 -999 -999 -999 -999 -999 -999 -999 -999 -999 -999 38 39 40 41 43 45 42 42 44 43 45 46 47 47 47 47 47 47 49 47 46 45 44 45 44 42 44 55 55 53 51 50 48 50 50 49 46 43 42 41 41 44 41 41 39 42 41 41 35 38 37 35 35 36 35 35 35 35 36 36 38 36 36 35 35 35 41 41 40 38 39 -999 -999 39 38 37 35 35 -999 -999
-999 -999 -999 -999 -999 -999 -999 -999 -999 -999 -999 -999 -999 -999 -999 -999 -999 40 40 41 44 45 41 42 45 44 46 46 47 47 47 47 46 47 47 47 46 44 45 45 44 41 43 51 56 53 50 50 49 48 46 47 47 46 43 42 41 39 39 39 36 39 35 35 35 38 35 34 34 34 35 37 35 35 35 36 36 36 35 35 34 37 36 38 38 38 38 -999 -999 -999 37 36 35 34 -999 -999
-999 -999 -999 -999 -999 -999 -999 -999 -999 -999 -999 -999 -999 -999 -999 -999 -999 -999 40 41 43 46 41 43 44 46 48 48 47 47 49 48 47 48 46 45 47 46 42 43 45 41 42 47 54 53 51 50 49 48 47 44 44 43 42 41 40 38 37 37 36 34 34 -999 35 35 34 35 34 34 34 37 39 36 35 35 36 36 37 38 39 42 38 38 38 38 -999 -999 -999 -999 -999 37 34 34 -999 -999
-999 -999 -999 -999 -999 -999 -999 -999 -999 -999 -999 -999 -999 -999 -999 -999 -999 -999 40 41 41 44 41 43 44 48 47 47 46 48 48 49 44 45 46 45 44 44 42 43 45 42 43 48 53 52 51 49 48 48 46 43 43 43 39 39 39 37 36 35 34 34 35 -999 -999 35 -999 -999 -999 -999 34 34 39 37 38 40 41 44 44 41 41 41 41 40 -999 -999 -999 -999 -999 -999 -999 -999 35 -999 -999 -999
-999 -999 -999 -999 -999 -999 -999 -999 -999 -999 -999 -999 -999 -999 -999 -999 -999 -999 41 41 41 -999 -999 -999 45 47 49 47 47 47 48 48 46 47 45 44 43 42 42 41 42 40 42 48 52 52 50 48 43 46 44 44 42 40 40 37 37 35 34 -999 -999 -999 -999 -999 -999 -999 -999 -999 -999 -999 34 -999 -999 38 38 37 39 43 39 39 41 37 38 -999 -999 -999 -999 -999 -999 -999 -999 -999 -999 -999 -999 -999
-999 -999 -999 -999 -999 -999 -999 -999 -999 -999 -999 -999 -999 -999 -999 -999 -999 -999 -999 41 -999 -999 -999 -999 48 50 51 47 50 48 48 48 48 46 -999 -999 -999 -999 -999 -999 -999 41 41 47 50 51 49 47 41 44 42 41 40 40 38 37 36 -999 -999 -999 -999 -999 -999 -999 -999 -999 -999 -999 -999 -999 -999 -999 -999 36 41 41 40 38 37 40 38 36 36 -999 -999 -999 -999 -999 -999 -999 -999 -999 -999 -999 -999 -999
-999 -999 -999 -999 -999 -999 -999 -999 -999 -999 -999 -999 -999 -999 -999 -999 -999 -999 -999 -999 -999 -999 -999 -999 49 50 51 52 48 46 46 46 46 46 -999 -999 -999 -999 -999 -999 -999 41 40 43 45 47 44 44 42 42 40 39 39 38 36 36 -999 -999 -999 -999 -999 -999 -999 -999 -999 -999 -999 -999 -999 -999 -999 -999 35 34 38 38 37 35 35 36 38 35 35 35 -999 -999 -999 -999 -999 -999 -999 -999 -999 -999 -999 -999
-999 -999 -999 -999 -999 -999 -999 -999 -999 -999 -999 -999 -999 -999 -999 -999 -999 -999 -999 -999 -999 42 48 48 46 47 50 51 46 45 46 45 45 -999 -999 -999 -999 -999 -999 -999 -999 40 41 42 42 40 40 40 41 39 39 37 38 36 35 35 -999 -999 -999 -999 -999 -999 -999 -999 -999 -999 -999 -999 -999 -999 -999 -999 -999 -999 -999 -999 -999 -999 -999 -999 -999 -999 -999 -999 -999 -999 -999 -999 -999 -999 -999 -999 -999 -999 -999 -999
-999 -999 -999 -999 -999 -999 -999 -999 -999 -999 -999 -999 -999 -999 -999 -999 -999 -999 -999 -999 -999 -999 43 43 43 46 46 45 45 45 46 45 -999 -999 -999 -999 -999 -999 -999 -999 -999 40 41 40 40 -999 -999 -999 -999 37 37 36 -999 -999 -999 -999 -999 -999 -999 -999 -999 -999 -999 -999 -999 -999 -999 -999 -999 -999 -999 -999 -999 -999 -999 -999 -999 -999 -999 -999 -999 -999 -999 -999 -999 -999 -999 -999 -999 -999 -999 -999 -999 -999 -999 -999
-999 -999 -999 -999 -999 -999 -999 -999 -999 -999 -999 -999 -999 -999 -999 -999 -999 -999 -999 -999 -999 -999 -999 43 43 43 44 44 44 -999 -999 -999 -999 -999 -999 -999 -999 -999 -999 -999 -999 -999 -999 -999 -999 -999 -999 -999 -999 -999 -999 -999 -999 -999 -999 -999 -999 -999 -999 -999 -999 -999 -999 -999 -999 -999 -999 -999 -999 -999 -999 -999 -999 -999 -999 -999 -999 -999 -999 -999 -999 -999 -999 -999 -999 -999 -999 -999 -999 -999 -999 -999 -999 -999 -999 -999
-999 -999 -999 -999 -999 -999 -999 -999 -999 -999 -999 -999 -999 -999 -999 -999 -999 -999 -999 -999 -999 -999 -999 -999 43 43 -999 -999 -999 -999 -999 -999 -999 -999 -999 -999 -999 -999 -999 -999 -999 -999 -999 -999 -999 -999 -999 -999 -999 -999 -999 -999 -999 -999 -999 -999 -999 -999 -999 -999 -999 -999 -999 -999 -999 -999 -999 -999 -999 -999 -999 -999 -999 -999 -999 -999 -999 -999 -999 -999 -999 -999 -999 -999 -999 -999 -999 -999 -999 -999 -999 -999 -999 -999 -999 -999
-999 -999 -999 -999 -999 -999 -999 -999 -999 -999 -999 -999 -999 -999 -999 -999 -999 -999 -999 -999 -999 -999 -999 -999 -999 -999 -999 -999 -999 -999 -999 -999 -999 -999 -999 -999 -999 -999 -999 -999 -999 -999 -999 -999 -999 -999 -999 -999 -999 -999 -999 -999 -999 -999 -999 -999 -999 -999 -999 -999 -999 -999 -999 -999 -999 -999 -999 -999 -999 -999 -999 -999 -999 -999 -999 -999 -999 -999 -999 -999 -999 -999 -999 -999 -999 -999 -999 -999 -999 -999 -999 -999 -999 -999 -999 -999
-999 -999 -999 -999 -999 -999 -999 -999 -999 -999 -999 -999 -999 -999 -999 -999 -999 -999 -999 -999 -999 -999 -999 -999 -999 -999 -999 -999 -999 -999 -999 -999 -999 -999 -999 -999 -999 -999 -999 -999 -999 -999 -999 -999 -999 -999 -999 -999 -999 -999 -999 -999 -999 -999 -999 -999 -999 -999 -999 -999 -999 -999 -999 -999 -999 -999 -999 -999 -999 -999 -999 -999 -999 -999 -999 -999 -999 -999 -999 -999 -999 -999 -999 -999 -999 -999 -999 -999 -999 -999 -999 -999 -999 -999 -999 -999
-999 -999 -999 -999 -999 -999 -999 -999 -999 -999 -999 -999 -999 -999 -999 -999 -999 -999 -999 -999 -999 -999 -999 -999 -999 -999 -999 -999 -999 -999 -999 -999 -999 -999 -999 -999 -999 -999 -999 -999 -999 -999 -999 -999 -999 -999 -999 -999 -999 -999 -999 -999 -999 -999 -999 -999 -999 -999 -999 -999 -999 -999 -999 -999 -999 -999 -999 -999 -999 -999 -999 -999 -999 -999 -999 -999 -999 -999 -999 -999 -999 -999 -999 -999 -999 -999 -999 -999 -999 -999 -999 -999 -999 -999 -999 -999
-999 -999 -999 -999 -999 -999 -999 -999 -999 -999 -999 -999 -999 -999 -999 -999 -999 -999 -999 -999 -999 -999 -999 -999 -999 -999 -999 -999 -999 -999 -999 -999 -999 -999 -999 -999 -999 -999 -999 -999 -999 -999 -999 -999 -999 -999 -999 -999 -999 -999 -999 -999 -999 -999 -999 -999 -999 -999 -999 -999 -999 -999 -999 -999 -999 -999 -999 -999 -999 -999 -999 -999 -999 -999 -999 -999 -999 -999 -999 -999 -999 -999 -999 -999 -999 -999 -999 -999 -999 -999 -999 -999 -999 -999 -999 -999
-999 -999 -999 -999 -999 -999 -999 -999 -999 -999 -999 -999 -999 -999 -999 -999 -999 -999 -999 -999 -999 -999 -999 -999 -999 -999 -999 -999 -999 -999 -999 -999 -999 -999 -999 -999 -999 -999 -999 -999 -999 -999 -999 -999 -999 -999 -999 -999 -999 -999 -999 -999 -999 -999 -999 -999 -999 -999 -999 -999 -999 -999 -999 -999 -999 -999 -999 -999 -999 -999 -999 -999 -999 -999 -999 -999 -999 -999 -999 -999 -999 -999 -999 -999 -999 -999 -999 -999 -999 -999 -999 -999 -999 -999 -999 -999
-999 -999 -999 -999 -999 -999 -999 -999 -999 -999 -999 -999 -999 -999 -999 -999 -999 -999 -999 -999 -999 -999 -999 -999 -999 -999 -999 -999 -999 -999 -999 -999 -999 -999 -999 -999 -999 -999 -999 -999 -999 -999 -999 -999 -999 -999 -999 -999 -999 -999 -999 -999 -999 -999 -999 -999 -999 -999 -999 -999 -999 -999 -999 -999 -999 -999 -999 -999 -999 -999 -999 -999 -999 -999 -999 -999 -999 -999 -999 -999 -999 -999 -999 -999 -999 -999 -999 -999 -999 -999 -999 -999 -999 -999 -999 -999
-999 -999 -999 -999 -999 -999 -999 -999 -999 -999 -999 -999 -999 -999 -999 -999 -999 -999 -999 -999 -999 -999 -999 -999 -999 -999 -999 -999 -999 -999 -999 -999 -999 -999 -999 -999 -999 -999 -999 -999 -999 -999 -999 -999 -999 -999 -999 -999 -999 -999 -999 -999 -999 -999 -999 -999 -999 -999 -999 -999 -999 -999 -999 -999 -999 -999 -999 -999 -999 -999 -999 -999 -999 -999 -999 -999 -999 -999 -999 -999 -999 -999 -999 -999 -999 -999 -999 -999 -999 -999 -999 -999 -999 -999 -999 -999
-999 -999 -999 -999 -999 -999 -999 -999 -999 -999 -999 -999 -999 -999 -999 -999 -999 -999 -999 -999 -999 -999 -999 -999 -999 -999 -999 -999 -999 -999 -999 -999 -999 -999 -999 -999 -999 -999 -999 -999 -999 -999 -999 -999 -999 -999 -999 -999 -999 -999 -999 -999 -999 -999 -999 -999 -999 -999 -999 -999 -999 -999 -999 -999 -999 -999 -999 -999 -999 -999 -999 -999 -999 -999 -999 -999 -999 -999 -999 -999 -999 -999 -999 -999 -999 -999 -999 -999 -999 -999 -999 -999 -999 -999 -999 -999
-999 -999 -999 -999 -999 -999 -999 -999 -999 -999 -999 -999 -999 -999 -999 -999 -999 -999 -999 -999 -999 -999 -999 -999 -999 -999 -999 -999 -999 -999 -999 -999 -999 -999 -999 -999 -999 -999 -999 -999 -999 -999 -999 -999 -999 -999 -999 -999 -999 -999 -999 -999 -999 -999 -999 -999 -999 -999 -999 -999 -999 -999 -999 -999 -999 -999 -999 -999 -999 -999 -999 -999 -999 -999 -999 -999 -999 -999 -999 -999 -999 -999 -999 -999 -999 -999 -999 -999 -999 -999 -999 -999 -999 -999 -999 -999
-999 -999 -999 -999 -999 -999 -999 -999 -999 -999 -999 -999 -999 -999 -999 -999 -999 -999 -999 -999 -999 -999 -999 -999 -999 -999 -999 -999 -999 -999 -999 -999 -999 -999 -999 -999 -999 -999 -999 -999 -999 -999 -999 -999 -999 -999 -999 -999 -999 -999 -999 -999 -999 -999 -999 -999 -999 -999 -999 -999 -999 -999 -999 -999 -999 -999 -999 -999 -999 -999 -999 -999 -999 -999 -999 -999 -999 -999 -999 -999 -999 -999 -999 -999 -999 -999 -999 -999 -999 -999 -999 -999 -999 -999 -999 -999
-999 -999 -999 -999 -999 -999 -999 -999 -999 -999 -999 -999 -999 -999 -999 -999 -999 -999 -999 -999 -999 -999 -999 -999 -999 -999 -999 -999 -999 -999 -999 -999 -999 -999 -999 -999 -999 -999 -999 -999 -999 -999 -999 -999 -999 -999 -999 -999 -999 -999 -999 -999 -999 -999 -999 -999 -999 -999 -999 -999 -999 -999 -999 -999 -999 -999 -999 -999 -999 -999 -999 -999 -999 -999 -999 -999 -999 -999 -999 -999 -999 -999 -999 -999 -999 -999 -999 -999 -999 -999 -999 -999 -999 -999 -999 -999
