DE_sunshineduration/2018_10_sunshineduration.asc
NCOLS 654
NROWS 866
XLLCORNER 3280414.711633467
YLLCORNER 5237500.62890625
CELLSIZE 1000
NODATA_VALUE -999
[rows 410 to 450 of 866, columns 94 to 187 of 654]
157 157 155 157 157 155 156 155 155 156 155 156 154 154 153 153 153 151 149 148 149 150 149 149 148 146 147 148 147 146 146 147 147 148 150 149 150 150 149 149 149 149 149 149 148 148 145 145 146 146 146 145 146 145 142 144 145 146 146 143 144 144 145 145 146 145 144 143 143 145 145 147 145 145 144 145 145 143 144 143 144 141 145 144 142 142 141 143 141 144 143 144 145 144
157 157 155 155 155 155 155 154 156 155 154 154 155 153 152 151 151 149 149 148 150 149 148 148 147 146 146 147 146 148 145 147 148 147 149 149 150 149 149 151 150 150 149 151 151 148 147 145 146 145 146 146 145 144 143 143 145 146 145 144 144 144 145 145 146 145 145 142 143 142 143 145 143 143 142 142 142 143 144 142 143 143 140 140 141 141 140 140 141 140 139 140 142 144
157 157 156 156 156 154 154 154 154 155 154 154 153 151 151 151 150 151 151 151 148 147 148 148 147 147 146 146 147 149 145 148 149 147 148 149 151 151 150 151 150 147 150 151 149 147 147 145 146 146 146 147 144 144 144 143 145 143 145 146 146 146 145 145 144 143 143 143 142 142 142 143 142 141 141 142 142 141 141 141 140 141 142 142 140 142 141 140 139 139 139 139 142 143
156 157 156 156 156 155 155 155 154 154 153 153 151 151 152 151 152 152 151 148 148 148 147 149 149 149 148 147 150 147 145 146 151 150 150 151 151 149 151 151 149 148 150 148 148 147 146 145 145 145 146 145 144 145 146 143 144 145 145 144 145 146 145 144 145 146 143 142 143 144 142 141 142 143 142 141 141 143 143 141 141 143 143 142 139 139 139 141 139 140 140 142 140 140
156 155 156 156 156 155 154 154 153 153 151 151 153 153 153 150 151 151 151 150 151 149 146 149 150 148 148 150 149 149 147 144 151 148 149 149 150 149 150 150 150 150 149 146 146 145 145 145 146 145 146 144 144 146 145 143 143 143 143 143 144 144 144 143 143 143 141 142 143 142 142 142 143 143 140 141 140 142 144 142 143 139 140 138 138 139 140 140 140 140 141 143 139 138
156 156 155 156 156 154 154 154 154 152 151 153 153 154 151 152 152 151 151 150 150 148 146 149 150 147 145 147 148 149 146 145 150 150 150 150 150 149 151 151 150 150 148 147 145 146 145 145 146 146 146 144 144 143 143 143 143 143 142 142 144 144 143 144 143 142 143 143 144 143 142 141 141 143 140 142 139 140 139 138 141 140 140 139 138 137 138 139 143 137 137 141 138 140
156 156 156 155 154 154 155 154 153 152 151 154 154 151 151 151 152 151 152 151 149 148 145 147 148 146 145 149 150 150 146 145 144 148 149 150 150 149 151 150 151 148 147 146 145 146 146 145 145 145 146 145 144 144 143 144 143 143 144 144 142 143 143 144 145 145 144 144 143 144 146 142 141 142 139 141 140 142 140 139 140 139 138 137 138 139 138 138 140 137 136 138 139 141
156 155 154 154 154 153 153 153 152 152 151 152 151 153 151 152 153 152 152 152 150 149 147 147 146 148 147 148 149 151 149 145 146 146 147 147 148 147 148 151 149 149 148 146 145 147 146 145 145 144 144 144 143 144 144 144 143 142 142 145 145 144 143 147 144 145 144 143 146 146 144 142 143 140 141 141 140 140 140 140 139 139 141 136 136 141 140 137 141 136 137 138 138 138
155 154 154 153 152 152 152 152 153 152 153 152 151 152 152 153 152 153 152 150 150 150 146 147 149 149 149 147 149 149 149 146 147 144 148 149 148 146 148 150 148 147 146 146 146 146 145 146 146 146 145 143 143 144 143 144 144 144 143 143 144 144 143 145 143 143 142 140 141 145 144 143 143 141 140 141 140 140 139 141 141 140 142 137 138 141 140 138 138 135 136 136 139 138
154 153 153 153 153 154 154 153 154 151 151 153 152 150 153 152 153 152 151 148 149 147 145 146 147 146 148 147 148 147 149 147 147 145 145 145 146 147 149 148 148 146 146 146 148 146 147 146 146 145 145 144 143 143 144 144 144 143 144 144 147 143 143 145 144 145 143 140 140 141 142 143 143 140 140 140 141 141 138 142 142 140 138 135 136 140 137 139 139 135 135 137 140 139
153 154 153 154 155 152 153 153 154 152 152 152 153 151 151 153 152 152 151 150 148 147 145 146 148 147 146 149 148 149 150 149 147 146 144 144 145 148 148 148 148 148 148 147 145 146 147 146 147 146 145 144 144 145 144 146 146 145 143 144 143 144 144 144 145 144 142 141 141 140 141 143 143 141 140 142 143 142 138 137 140 140 140 136 137 139 138 140 138 134 137 135 138 141
156 154 153 154 153 151 153 152 152 153 153 152 153 153 153 151 151 151 151 150 148 148 145 147 148 147 148 148 149 148 148 147 146 146 146 145 144 144 145 147 146 148 149 147 147 147 147 146 146 145 145 144 143 146 145 147 147 146 144 144 145 144 145 145 145 145 144 141 140 140 142 143 141 141 141 142 142 139 140 138 138 138 136 136 136 139 136 136 136 135 140 137 137 141
155 153 154 154 153 153 151 150 152 152 153 153 153 153 151 151 150 151 151 149 149 149 147 148 149 147 149 148 147 145 145 146 145 147 147 147 145 147 144 144 145 144 143 148 146 147 145 145 146 145 144 144 143 143 145 146 147 144 144 145 144 143 145 143 142 141 140 139 140 140 142 140 140 141 141 139 139 140 139 138 137 137 136 137 136 138 136 136 134 134 137 137 135 137
155 153 151 153 152 152 151 151 152 152 153 153 153 152 150 153 152 151 150 150 149 147 145 147 147 147 148 148 148 147 147 145 145 147 147 146 147 146 146 144 146 145 142 143 144 145 145 144 144 144 144 145 144 144 143 146 145 144 144 145 143 141 140 139 139 139 140 139 141 139 139 140 140 140 139 141 137 137 137 137 137 134 135 136 135 136 134 134 133 134 137 136 136 135
154 153 152 153 152 152 152 152 152 152 153 153 152 152 151 152 151 150 150 149 149 148 148 146 145 147 147 147 148 147 147 146 147 148 147 145 145 148 146 145 145 145 144 142 143 143 142 143 141 141 144 144 145 144 144 145 145 143 145 144 142 140 141 142 142 139 141 139 141 141 140 142 142 140 140 139 139 138 138 139 137 137 135 135 135 135 136 134 133 132 135 135 134 136
154 152 153 153 152 153 152 150 151 153 153 153 153 152 152 151 149 150 149 150 149 148 148 149 148 147 148 148 149 146 147 147 146 146 147 147 144 146 146 147 147 146 145 143 140 140 140 139 139 141 142 143 139 139 140 141 143 142 143 141 141 140 141 140 139 140 140 139 141 140 138 139 139 140 140 139 137 138 137 140 135 137 138 135 135 137 137 136 132 131 134 135 133 135
152 153 153 152 152 152 152 151 153 152 152 152 153 152 151 151 150 151 151 151 150 149 148 147 149 147 148 148 148 148 147 147 147 147 146 147 145 146 148 147 147 147 147 145 144 143 141 143 139 138 137 136 137 136 137 138 139 140 140 140 141 139 138 139 138 138 138 139 139 140 138 138 138 138 138 140 136 137 137 138 135 137 137 134 137 136 132 130 133 130 133 132 133 134
151 152 152 153 153 151 149 151 151 151 152 152 151 152 151 151 151 149 149 151 150 148 147 147 147 146 147 147 148 148 148 149 148 148 146 147 145 147 148 149 147 146 146 147 145 143 140 140 141 140 139 140 136 136 139 140 138 138 136 137 137 136 138 138 139 138 137 139 138 138 138 138 138 138 137 138 137 138 136 137 135 134 136 136 136 132 132 129 132 129 129 132 131 131
152 151 152 153 151 151 150 151 152 152 152 152 152 151 151 151 150 149 149 150 150 148 148 148 149 148 146 148 147 148 147 149 147 146 146 147 146 148 149 147 147 146 146 144 141 139 138 140 139 138 142 139 136 134 138 136 136 136 135 135 135 135 138 138 140 138 138 137 139 139 137 138 137 136 138 139 138 137 137 138 138 136 137 135 135 132 130 130 129 129 128 129 131 133
153 153 152 152 151 151 150 151 152 152 152 152 151 151 151 151 150 149 150 150 149 149 149 149 148 147 148 147 147 148 148 148 147 147 148 145 148 147 148 145 144 143 142 142 141 140 140 142 142 139 138 140 135 134 134 135 133 134 133 132 134 136 138 139 138 138 137 139 139 139 138 138 139 136 136 138 136 135 135 135 136 135 134 132 132 130 131 131 129 127 129 128 129 131
152 152 152 152 151 151 151 150 150 150 151 151 150 150 150 150 151 149 150 150 150 149 149 148 148 147 146 148 148 148 148 149 149 147 147 147 147 148 147 146 145 145 144 145 144 142 141 141 142 141 137 138 134 132 131 132 132 131 131 133 134 134 136 135 136 138 136 139 139 138 138 136 137 138 137 135 134 134 135 133 135 132 131 133 132 131 128 128 130 127 130 128 129 131
151 150 151 151 152 151 150 150 150 151 150 149 149 150 150 151 149 150 150 150 150 149 149 149 148 147 148 147 147 149 150 150 147 148 149 148 148 147 148 145 146 145 147 143 143 142 141 142 141 139 138 137 133 130 131 130 130 131 132 133 134 134 133 134 135 138 138 140 137 138 138 137 136 137 138 135 135 134 132 131 131 131 133 131 129 131 129 129 127 128 128 128 127 130
149 150 150 151 150 150 150 150 150 149 150 149 150 150 150 150 149 149 150 150 150 149 149 147 148 148 147 149 149 149 149 150 150 147 147 149 149 150 148 149 146 147 145 144 142 143 142 142 141 138 136 134 132 130 130 130 132 131 130 132 131 133 133 133 134 136 138 138 138 139 138 138 137 136 136 136 136 132 132 132 130 131 131 130 129 127 130 126 128 128 128 128 129 127
150 151 151 152 150 150 150 150 148 148 149 149 149 149 150 149 150 149 149 149 149 149 149 148 149 148 148 148 149 149 151 150 150 148 148 149 150 149 148 148 146 146 146 146 144 143 144 142 138 136 135 133 131 130 129 129 131 129 130 131 129 131 132 134 136 137 138 139 138 138 139 138 138 138 137 136 135 132 131 131 131 131 131 127 128 129 127 130 129 128 126 126 129 129
151 151 150 151 151 150 150 150 149 148 149 149 149 150 150 149 150 149 149 149 149 148 148 148 148 148 149 150 148 149 149 149 150 149 150 148 149 149 152 150 149 150 149 146 143 145 142 139 139 136 134 132 130 131 130 129 128 128 128 129 130 132 132 133 136 137 138 141 140 140 142 141 140 139 137 135 134 134 136 132 131 130 130 130 131 129 131 130 128 128 128 128 127 128
151 149 149 150 150 149 148 149 150 149 148 149 150 149 149 150 149 149 150 149 149 148 148 149 149 149 149 149 149 148 148 150 150 150 150 152 151 151 150 150 149 149 147 146 146 144 142 140 137 135 133 132 130 131 129 128 127 127 131 130 131 132 132 134 136 137 137 140 139 140 140 138 141 139 136 136 134 134 132 133 132 131 129 128 129 130 131 130 127 130 131 129 129 129
149 149 150 150 149 149 148 149 149 149 148 149 149 149 149 149 148 149 149 149 149 148 149 150 151 149 148 149 149 149 149 150 151 150 151 151 150 150 150 149 147 147 147 145 145 142 142 139 137 134 133 132 133 131 129 129 127 127 128 130 132 133 135 135 136 136 139 139 140 139 137 137 137 136 138 137 135 135 135 135 134 134 131 133 133 131 129 128 131 131 131 129 131 133
148 149 149 149 148 149 148 149 149 150 149 149 148 148 149 149 148 148 149 148 149 148 148 149 150 150 149 150 148 150 150 150 152 151 150 149 150 149 148 148 147 146 146 146 143 143 140 139 136 134 133 135 133 130 129 129 128 129 128 129 129 134 132 133 136 134 138 136 137 138 139 138 138 138 137 137 136 138 137 133 135 132 135 134 133 131 132 130 131 130 130 133 134 135
149 149 148 147 148 149 147 148 149 148 149 150 149 149 148 148 149 149 148 148 148 148 149 148 149 149 150 149 149 149 150 150 151 151 150 149 148 149 148 147 145 145 145 144 144 143 140 137 137 138 136 134 132 131 131 131 129 130 129 131 130 132 133 133 135 133 134 135 140 138 139 141 139 137 140 136 136 136 135 134 134 134 136 134 133 130 131 129 130 133 133 135 136 136
149 148 148 148 148 147 146 148 148 148 149 149 148 149 149 149 148 149 149 150 149 149 150 150 149 150 150 151 151 151 151 151 151 150 149 151 149 148 149 147 147 146 145 145 143 142 140 139 138 139 137 136 132 132 133 131 131 130 131 134 130 131 133 134 134 137 137 139 141 142 139 142 142 140 139 141 135 136 135 134 136 136 136 133 132 130 130 131 134 132 135 135 136 135
149 147 147 147 146 146 147 147 148 148 148 147 148 149 149 149 149 149 149 150 150 149 149 150 150 150 150 151 151 150 151 151 152 151 151 150 150 148 148 149 148 146 145 144 143 141 140 141 141 138 137 136 134 135 134 134 133 130 133 131 132 136 135 134 136 137 136 139 142 144 141 144 142 141 141 141 140 138 138 136 138 137 134 133 135 131 131 133 133 133 135 132 136 137
147 147 147 147 147 147 148 148 148 148 148 147 148 148 148 148 148 149 149 149 150 150 149 150 149 150 151 150 149 149 150 150 150 152 150 150 149 150 147 148 147 146 144 143 143 141 140 140 140 141 140 138 137 135 134 133 134 132 135 133 133 133 133 134 136 135 136 138 139 143 144 143 141 140 140 139 138 138 139 139 138 136 134 133 135 131 133 134 134 135 134 133 135 136
147 146 147 146 147 146 147 145 147 148 146 146 147 148 148 147 147 148 148 150 150 149 149 149 149 150 151 152 150 150 150 149 150 152 152 150 150 149 148 148 148 145 145 144 145 142 142 142 141 143 141 139 137 137 136 135 137 135 137 135 135 135 134 135 136 137 138 138 139 142 143 144 141 140 140 138 139 139 138 138 139 137 136 135 134 135 134 135 137 137 134 136 135 137
147 146 147 147 147 145 145 146 145 147 146 146 147 146 146 147 148 148 147 147 148 148 148 149 150 151 151 150 151 150 150 150 150 151 152 151 150 151 151 150 147 146 146 145 143 142 144 144 142 142 141 140 139 139 138 140 138 138 137 134 135 135 137 137 137 137 139 141 142 144 143 143 141 141 140 139 138 139 139 139 138 136 137 137 134 136 136 138 138 138 135 136 135 136
147 147 147 146 146 146 145 145 147 146 146 146 146 146 147 146 147 147 147 148 148 148 149 149 150 150 151 152 151 148 149 150 150 150 153 153 151 152 151 150 149 149 146 146 145 143 144 143 143 143 143 142 141 140 140 141 138 136 136 138 138 137 139 136 138 141 141 143 143 144 143 142 143 142 140 139 140 138 138 140 136 136 137 136 138 139 139 140 138 139 138 137 137 137
147 147 147 147 146 145 145 146 146 147 147 146 145 146 145 147 146 146 147 147 149 149 149 149 150 149 148 150 149 149 151 149 150 151 152 152 153 152 152 152 150 148 147 146 145 145 144 144 145 143 142 142 143 141 142 139 138 139 139 138 137 137 140 138 139 139 142 143 142 142 143 141 144 142 141 139 140 139 139 139 137 139 137 138 139 139 141 139 140 139 138 137 139 138
147 147 146 147 145 145 146 145 145 145 145 144 146 146 145 146 145 147 148 147 148 151 149 149 149 150 149 150 149 148 149 153 153 151 150 150 153 152 151 152 150 151 148 146 147 147 145 145 144 143 143 143 143 142 141 139 141 143 140 141 139 140 139 140 142 140 141 144 144 143 143 142 142 141 141 141 140 139 138 138 139 139 138 139 140 141 142 140 139 140 140 139 140 138
147 147 146 145 144 145 144 144 145 143 144 143 147 146 147 146 147 148 145 146 149 149 149 149 149 149 149 149 148 150 151 151 151 149 151 152 152 152 153 150 150 149 150 147 147 146 145 145 144 143 144 143 143 143 142 141 141 142 141 142 142 141 143 141 142 141 142 143 144 145 144 143 143 142 143 143 142 142 140 139 139 139 139 141 140 143 142 142 139 140 140 139 140 139
146 146 147 147 144 144 144 144 143 144 143 144 145 146 146 144 144 147 147 146 149 148 149 150 149 147 148 149 148 150 149 149 149 151 152 153 153 152 151 151 150 150 149 149 147 147 148 147 145 144 144 144 144 143 141 142 144 143 144 142 142 142 142 142 143 141 141 144 145 145 145 145 144 144 144 144 143 141 140 140 140 140 139 141 140 143 141 141 141 140 140 140 140 139
145 146 144 145 143 144 144 143 143 143 143 144 145 145 145 143 145 145 146 146 146 147 150 148 148 148 148 149 148 149 152 150 151 152 152 152 154 152 152 153 151 150 149 149 148 149 147 147 144 145 144 144 143 141 141 146 145 144 143 143 144 141 141 142 143 144 143 146 146 146 145 145 145 143 144 144 144 142 141 142 142 140 141 141 140 141 140 140 140 141 140 139 141 139
144 145 144 143 144 144 144 143 144 143 144 145 144 144 143 142 144 144 143 145 147 147 149 148 148 147 147 147 148 148 151 152 152 154 154 154 153 154 152 151 150 150 151 150 149 149 148 147 147 145 144 143 142 141 141 142 142 143 143 143 144 142 143 141 143 142 144 145 147 146 146 145 146 143 145 143 143 143 143 142 142 142 143 142 142 140 140 142 141 140 142 138 142 144
