DE_sunshineduration/2018_11_sunshineduration.asc
NCOLS 654
NROWS 866
XLLCORNER 3280414.711633467
YLLCORNER 5237500.62890625
CELLSIZE 1000
NODATA_VALUE -999
[rows 583 to 635 of 866, columns 384 to 479 of 654]
72 71 70 67 71 69 70 70 70 70 70 71 72 71 73 71 73 71 69 69 70 69 71 72 73 72 73 70 69 69 67 66 66 66 65 65 65 65 65 65 65 65 66 66 65 64 64 65 65 66 66 68 68 67 66 66 65 64 66 65 64 63 62 60 60 61 60 60 61 62 63 64 65 67 68 70 70 69 73 74 77 -999 -999 -999 -999 -999 -999 -999 -999 -999 -999 -999 -999 -999 -999 -999
72 72 71 68 70 70 68 69 70 71 70 70 71 68 70 73 73 70 68 68 68 69 71 71 71 72 72 71 72 70 68 66 66 65 65 65 65 66 65 64 64 65 65 65 66 66 64 64 65 66 67 67 67 66 66 65 64 64 63 64 63 64 62 62 59 60 60 62 63 62 64 64 65 67 69 71 70 71 74 77 78 -999 -999 -999 -999 -999 -999 -999 -999 -999 -999 -999 -999 -999 -999 -999
70 72 72 67 70 70 71 70 70 70 69 70 70 71 73 71 71 71 68 69 71 70 70 71 71 69 71 70 70 70 69 66 66 66 65 65 65 66 65 65 65 65 63 63 64 64 64 64 64 66 66 66 66 66 65 65 64 63 61 63 61 62 62 61 60 60 61 61 62 62 63 64 65 66 67 70 74 72 72 75 78 -999 -999 -999 -999 -999 -999 -999 -999 -999 -999 -999 -999 -999 -999 -999
72 72 68 71 70 71 70 70 70 69 72 70 70 70 70 72 70 70 69 69 71 71 71 70 68 69 68 69 69 70 68 66 66 66 66 65 65 67 66 65 65 65 64 63 63 63 64 64 64 64 66 66 66 65 64 65 63 61 61 61 60 62 61 61 60 61 61 62 61 61 62 62 64 64 67 68 68 71 72 74 77 -999 -999 -999 -999 -999 -999 -999 -999 -999 -999 -999 -999 -999 -999 -999
73 72 70 71 71 71 71 70 71 70 70 70 70 70 71 69 70 70 68 68 69 70 71 68 70 71 70 70 70 69 67 67 66 66 65 65 65 68 66 67 66 65 64 63 63 63 65 64 64 63 68 66 65 65 64 64 63 62 61 61 59 60 61 59 59 60 61 60 60 61 62 62 62 64 65 68 70 72 72 73 75 74 -999 -999 -999 -999 -999 -999 -999 -999 -999 -999 -999 -999 -999 -999
73 73 72 71 71 71 72 72 71 71 69 69 69 69 70 69 70 69 68 67 69 70 70 68 69 70 71 70 70 69 67 67 66 66 66 65 65 65 65 64 66 66 65 64 63 64 65 64 63 63 64 64 63 64 63 62 63 62 60 59 59 58 59 58 60 59 59 60 61 61 61 62 62 62 64 66 66 68 70 71 74 72 73 -999 -999 -999 -999 -999 -999 -999 -999 -999 -999 -999 -999 -999
73 73 73 72 72 72 73 72 72 71 70 69 69 70 68 69 69 69 68 68 69 70 69 68 70 71 71 69 68 69 67 67 67 67 68 66 65 65 66 65 65 65 65 65 64 64 65 64 64 63 62 62 63 62 63 61 61 60 61 59 59 59 57 58 59 59 59 59 60 61 62 62 62 64 65 65 68 67 70 70 71 71 71 -999 -999 -999 -999 -999 -999 -999 -999 -999 -999 -999 -999 -999
73 73 74 73 72 73 73 73 71 71 70 69 69 69 70 69 69 69 68 68 67 68 69 68 69 70 69 68 70 69 69 67 67 66 67 67 66 65 66 65 64 64 64 63 63 63 64 63 64 62 62 62 62 62 61 62 60 60 59 58 57 57 57 57 57 59 61 60 60 60 60 61 62 63 64 66 67 68 68 68 68 70 71 -999 -999 -999 -999 -999 -999 -999 -999 -999 -999 -999 -999 -999
74 75 73 73 73 74 73 72 72 71 70 69 69 69 68 69 69 68 68 68 68 69 68 68 69 70 70 68 69 69 68 67 66 66 66 66 66 65 65 64 64 65 64 64 63 63 63 63 64 63 62 61 61 61 62 61 60 59 59 58 56 56 56 56 55 55 58 60 58 59 62 62 61 62 64 67 66 68 67 67 67 71 71 72 72 72 74 -999 -999 -999 -999 -999 -999 -999 -999 -999
73 75 73 72 72 72 73 73 71 71 70 70 69 70 69 69 69 69 69 68 68 68 66 67 67 67 67 67 69 69 68 67 66 66 66 67 67 65 65 64 64 63 64 64 64 64 64 64 63 63 62 60 61 61 61 61 60 60 59 58 56 56 56 55 55 55 59 59 59 59 62 62 61 62 63 66 66 67 67 66 68 69 71 72 73 73 72 75 75 71 -999 -999 -999 -999 -999 -999
75 75 72 72 71 72 73 72 72 72 70 71 70 70 69 68 68 69 69 68 67 67 67 67 67 67 68 70 70 69 68 67 66 66 66 67 67 66 64 64 64 64 64 64 64 64 63 63 63 62 62 61 60 60 60 60 60 59 58 57 56 55 55 55 55 54 54 56 58 62 61 63 62 61 61 63 64 66 68 69 67 69 69 72 73 70 70 73 73 71 70 -999 -999 -999 -999 -999
73 73 74 72 71 73 73 73 73 72 71 70 69 68 68 69 68 68 67 67 66 67 68 67 67 67 69 68 69 69 68 66 66 66 65 65 66 67 67 64 64 64 64 64 64 64 64 64 62 62 61 61 60 60 59 59 59 58 58 59 57 55 55 54 54 53 55 56 61 60 62 61 62 61 63 64 64 66 69 70 68 66 68 70 69 70 71 75 71 71 70 -999 -999 -999 -999 -999
73 71 69 70 72 73 73 73 72 72 71 70 70 69 69 68 67 68 67 67 67 67 67 66 66 66 67 67 70 70 67 66 65 65 65 65 65 66 65 65 66 65 64 64 64 64 64 63 63 64 61 60 60 60 59 59 58 58 58 58 58 57 55 54 53 54 55 56 59 61 63 61 60 60 61 63 64 66 69 70 67 66 66 69 68 70 68 70 70 70 70 -999 -999 -999 -999 -999
71 72 72 71 72 71 71 73 73 71 70 70 69 69 69 67 66 68 68 67 66 66 67 65 66 67 67 67 67 68 66 66 65 64 65 65 65 64 64 65 66 65 64 64 64 64 63 63 63 63 62 61 60 60 59 58 58 60 58 58 58 58 56 54 53 54 56 57 59 61 62 61 60 60 61 63 64 65 67 69 66 65 66 68 67 68 68 69 69 69 69 -999 -999 -999 -999 -999
73 71 71 72 72 72 71 74 72 72 71 71 69 70 68 68 68 68 67 66 67 66 65 65 67 67 67 67 66 66 65 65 64 64 64 64 64 65 63 64 65 65 64 64 64 64 64 63 63 62 62 62 60 60 59 59 58 59 59 59 57 56 55 54 54 56 57 56 56 60 61 61 60 60 61 64 65 65 66 68 66 66 65 68 67 66 67 68 68 68 69 -999 -999 -999 -999 -999
73 72 71 72 74 71 72 71 72 73 73 72 69 69 68 68 69 67 67 66 66 65 65 65 67 67 68 68 67 65 65 65 65 64 64 64 65 65 65 63 64 64 64 65 63 64 64 63 62 62 62 62 61 61 60 59 58 58 59 58 56 55 55 54 54 55 57 55 57 59 61 59 60 61 62 63 64 65 67 67 68 68 65 66 66 66 67 67 68 69 69 -999 -999 -999 -999 -999
73 73 71 71 73 71 71 72 71 72 71 70 69 70 67 68 66 67 67 66 65 65 65 66 67 68 68 67 66 65 65 65 65 65 64 64 64 64 63 63 63 63 63 63 62 63 64 63 63 62 62 62 62 61 61 59 59 58 57 57 56 56 55 55 56 57 57 56 56 58 60 59 60 63 62 63 64 65 66 68 69 67 65 66 66 68 68 69 68 68 69 70 70 -999 -999 -999
73 73 72 71 73 72 71 72 71 73 72 71 70 70 68 67 68 67 66 65 65 65 65 66 68 68 68 67 67 66 66 64 65 65 64 64 64 64 63 63 63 63 63 62 62 63 63 63 62 62 61 62 62 61 60 59 59 59 57 56 56 57 55 55 56 56 57 56 56 57 58 60 62 61 62 64 64 65 66 67 67 67 65 66 66 66 67 69 68 68 69 70 70 -999 -999 -999
73 73 72 71 73 71 70 70 73 72 72 71 71 68 69 67 67 67 67 66 65 66 67 68 69 67 68 66 66 67 65 65 65 64 65 64 64 65 63 63 64 64 63 62 62 62 62 62 62 63 62 62 62 62 61 60 59 58 58 57 56 56 55 55 55 57 56 55 55 58 57 60 60 61 63 62 65 65 67 67 66 66 65 66 66 66 67 68 69 69 71 70 70 70 -999 -999
72 72 72 71 72 72 69 70 72 71 72 71 69 68 68 66 67 65 66 65 66 65 66 68 69 69 66 66 66 66 65 64 64 64 65 64 64 63 63 63 64 65 65 64 63 62 63 62 62 63 62 62 62 61 62 61 59 59 58 57 57 56 55 56 57 57 56 55 56 58 57 61 61 61 63 63 65 65 66 66 66 65 65 66 67 68 68 68 68 70 70 69 71 70 -999 -999
72 73 72 71 71 71 70 71 71 70 71 68 67 67 67 66 63 65 64 66 65 66 65 66 66 67 66 66 66 65 65 64 65 65 65 65 64 65 64 64 64 65 65 64 63 64 63 63 63 63 63 62 61 62 62 59 60 61 60 58 57 57 56 56 56 55 56 58 58 56 58 59 62 63 65 65 64 65 65 64 63 65 66 67 67 68 69 69 69 -999 -999 -999 -999 -999 -999 -999
74 74 73 69 69 69 69 70 71 70 67 68 68 68 65 64 66 66 67 67 66 66 66 66 68 68 68 67 66 65 65 65 66 66 66 64 63 65 65 65 65 65 64 64 63 64 65 64 65 65 64 62 63 62 62 61 62 63 60 60 59 57 57 56 58 58 59 57 58 58 60 61 63 62 63 62 62 64 65 63 65 63 66 68 68 69 70 70 70 -999 -999 -999 -999 -999 -999 -999
71 71 71 69 67 68 70 72 71 69 70 70 68 67 63 66 67 67 68 68 66 65 65 66 67 67 67 67 66 65 65 66 67 67 66 65 63 66 66 65 66 66 65 64 64 64 64 64 64 65 63 64 63 64 62 62 62 61 60 59 58 57 58 57 58 60 60 58 60 62 62 62 62 63 63 66 65 63 64 66 67 66 67 67 68 70 71 72 70 70 70 72 72 71 -999 -999
71 69 69 69 67 70 68 68 71 68 68 68 67 67 66 64 66 66 65 65 65 66 65 64 65 66 67 67 66 65 66 66 63 63 64 63 62 64 66 64 65 65 66 65 65 65 64 63 62 62 62 63 61 61 62 63 61 60 58 58 58 57 56 58 61 62 60 60 61 62 63 62 62 61 66 66 66 66 66 67 69 69 68 68 69 70 72 71 70 71 71 73 72 71 75 -999
70 70 68 69 67 68 69 70 69 68 66 70 69 67 65 65 61 65 65 66 64 65 63 64 63 66 67 66 66 66 65 65 65 63 62 62 60 62 62 64 65 67 67 66 66 64 63 62 62 62 62 63 60 62 60 60 59 60 58 58 58 57 57 60 61 62 58 61 63 63 62 62 62 62 64 66 68 66 66 68 69 69 71 70 69 69 72 74 72 74 74 75 73 72 75 -999
69 69 68 67 67 67 67 70 69 68 65 68 67 66 65 64 64 65 64 65 64 63 65 63 63 63 65 66 65 67 67 65 65 63 62 62 62 62 62 64 67 66 65 64 64 63 62 63 62 62 60 60 60 59 59 59 59 59 59 58 58 57 57 57 59 59 59 60 61 61 63 60 63 63 64 66 67 67 69 70 68 70 72 73 70 70 72 74 72 74 77 76 74 76 78 -999
70 69 68 67 68 66 67 67 66 68 65 66 67 66 64 62 63 64 62 63 65 65 62 65 63 64 63 64 65 66 67 65 63 63 62 62 62 62 62 63 65 64 63 64 63 64 62 62 61 62 60 59 59 59 59 59 59 59 59 58 58 58 58 57 57 58 60 60 62 63 62 60 63 64 64 65 68 69 70 71 70 72 72 73 71 70 73 73 72 74 78 75 75 76 77 77
69 68 68 67 67 67 69 71 67 65 67 63 66 66 61 64 63 63 64 66 64 63 63 63 64 64 63 63 63 66 65 63 64 64 63 62 62 62 62 62 63 64 63 64 62 62 62 61 61 61 61 60 61 62 61 59 59 59 59 59 59 59 59 59 58 60 60 61 61 62 64 62 60 61 65 66 66 69 70 71 73 70 72 73 72 72 72 71 72 76 76 76 75 77 79 77
70 68 67 66 66 66 65 69 69 66 65 63 64 62 62 64 61 62 62 63 62 62 62 63 62 63 63 63 63 63 65 64 64 65 63 63 62 62 62 63 64 63 63 63 63 62 62 61 61 62 61 62 63 64 62 61 60 60 60 60 60 60 60 61 59 61 61 61 62 64 63 61 61 63 65 66 65 67 70 72 69 69 68 71 70 70 70 71 72 76 76 74 76 78 80 80
69 70 66 65 65 66 66 65 70 70 64 62 66 64 61 59 63 63 63 63 61 60 61 61 61 61 62 63 63 62 63 63 63 63 63 63 62 62 61 62 63 62 61 63 64 63 62 62 62 62 63 65 65 66 64 61 60 62 61 61 62 62 62 61 60 60 61 62 59 61 60 61 62 63 64 65 65 67 70 70 68 67 69 70 69 70 70 71 72 76 76 75 77 77 78 77
69 69 67 65 65 65 66 64 65 65 62 62 63 65 63 60 60 64 62 64 62 61 61 63 63 62 63 63 63 63 62 62 62 62 64 62 62 62 62 62 63 62 62 64 63 63 63 62 63 63 64 66 66 68 67 63 62 63 62 63 63 61 61 62 60 59 60 60 61 62 63 64 64 62 64 66 65 67 68 69 67 69 68 67 68 69 71 73 74 70 75 76 77 76 76 74
69 67 66 65 65 64 65 64 63 63 63 61 60 60 59 58 61 59 63 62 61 61 63 62 63 63 63 62 62 62 62 62 62 62 62 63 62 62 62 61 62 61 62 63 62 63 63 64 64 63 64 65 66 66 65 64 64 62 64 64 63 63 62 61 61 59 59 61 63 63 64 65 65 65 65 65 68 69 68 68 66 69 68 69 70 70 71 72 71 76 76 77 77 76 76 74
67 67 66 65 64 64 64 65 63 63 62 61 60 60 60 60 59 58 58 61 59 59 61 61 61 61 63 62 63 62 62 62 62 62 63 62 62 62 62 61 61 61 61 61 61 64 65 63 63 62 65 63 63 67 67 65 61 60 62 62 65 62 61 61 60 59 60 62 63 63 63 66 65 66 67 67 67 69 67 66 66 66 69 69 69 70 70 71 70 71 78 79 79 77 75 73
67 67 67 66 65 64 65 64 63 66 63 61 62 62 60 63 63 61 63 61 61 59 61 61 62 63 64 63 63 65 63 62 62 61 62 63 63 62 63 61 60 60 61 60 60 62 65 62 62 63 63 63 63 66 64 64 62 60 61 61 64 63 62 62 61 59 59 60 62 63 63 65 66 65 66 67 66 68 68 66 66 68 68 69 68 70 70 70 70 71 75 82 77 76 76 74
68 67 67 66 66 66 65 64 64 65 66 64 64 66 60 60 63 62 63 61 61 61 62 63 62 62 64 63 62 62 61 62 62 61 62 63 63 63 61 61 60 60 60 60 60 62 64 62 62 62 61 63 67 64 63 64 62 59 59 61 63 62 62 61 62 59 59 60 62 63 63 63 65 64 65 64 67 66 66 66 67 67 68 67 68 70 72 71 69 70 72 75 79 77 75 74
68 68 67 67 67 65 65 65 64 63 64 67 66 65 61 63 59 59 62 62 61 63 63 64 61 61 63 63 64 64 63 62 62 62 62 61 61 61 62 63 61 60 60 61 60 61 61 61 61 60 59 64 65 61 63 61 60 59 58 58 58 60 60 61 62 60 59 58 59 60 61 62 62 63 63 64 65 68 66 65 65 67 68 69 71 71 71 70 69 72 71 74 77 79 77 74
69 70 70 68 67 65 66 66 64 64 68 65 65 67 64 62 61 62 59 62 62 61 62 64 63 62 63 65 65 64 63 63 63 62 62 63 62 61 61 61 61 61 60 61 62 60 60 61 60 59 59 58 59 59 61 64 63 59 58 57 57 57 59 59 60 59 57 57 57 60 61 60 61 61 62 65 65 66 66 66 65 66 67 71 73 70 70 69 70 71 72 73 74 78 76 73
68 69 72 69 69 68 70 67 67 65 62 66 67 67 66 64 63 62 64 62 62 61 62 62 62 63 63 65 63 64 65 65 63 64 63 62 62 62 62 61 61 61 60 59 59 60 59 60 59 60 58 57 57 57 57 57 58 59 56 56 56 56 58 57 57 57 56 57 58 58 58 61 59 60 64 65 64 66 65 65 64 64 68 71 70 67 70 71 71 70 70 71 73 74 74 72
68 68 67 68 67 66 66 68 68 65 63 63 65 66 64 65 64 64 65 62 63 62 62 65 64 64 66 65 64 65 63 64 63 63 64 63 61 61 61 61 60 60 59 58 58 58 58 58 58 57 59 58 58 57 57 56 57 56 55 55 55 55 56 56 56 57 56 57 60 60 61 61 60 60 63 64 64 64 62 65 65 65 68 70 68 69 72 71 70 69 70 71 72 73 74 74
68 67 67 67 67 66 66 67 69 69 66 64 64 66 66 66 65 65 64 64 62 64 63 65 65 65 67 65 65 66 66 64 64 63 63 63 62 62 62 61 60 60 59 59 57 58 58 57 57 57 56 57 56 55 55 57 57 55 55 55 55 54 54 54 55 55 58 58 60 57 59 58 59 59 62 63 63 62 66 65 67 69 69 68 67 72 71 71 70 70 70 71 73 73 74 73
68 68 67 66 66 66 66 70 69 69 66 64 67 67 66 65 66 66 64 65 63 65 64 65 65 67 66 67 67 65 66 65 65 65 64 64 63 63 63 61 61 60 59 58 56 57 57 58 56 56 56 55 54 54 54 54 56 56 55 56 53 54 53 53 53 53 55 58 56 57 56 58 58 59 60 61 62 64 65 67 67 67 67 66 69 69 70 70 70 69 69 71 73 73 72 72
68 68 67 66 67 67 67 66 69 66 69 68 68 68 67 66 66 67 66 66 65 65 66 66 65 66 66 66 67 66 66 65 66 64 65 65 64 63 63 61 61 60 60 59 57 56 56 56 56 56 55 54 54 54 53 53 53 54 53 53 53 53 53 52 52 52 54 56 54 55 57 60 60 59 59 62 62 63 64 65 67 65 66 68 70 68 68 70 70 70 69 71 71 72 71 73
69 67 68 67 67 67 67 70 69 67 67 67 68 67 66 67 66 66 68 66 65 65 65 67 67 67 66 65 66 64 65 64 64 63 65 65 65 63 64 62 60 60 59 58 58 58 55 56 56 55 55 54 54 54 52 52 52 53 51 51 52 53 51 53 52 52 53 53 57 58 56 58 60 62 60 60 61 62 64 64 65 68 66 69 72 71 71 71 70 69 69 70 70 71 71 72
69 68 67 67 67 66 68 66 67 66 68 68 66 65 68 67 67 67 68 67 66 66 66 66 66 65 65 64 64 64 64 64 63 64 65 64 65 65 64 62 62 61 61 60 59 56 56 55 56 54 54 53 53 53 53 51 51 51 51 51 51 51 51 51 52 53 54 53 53 55 57 58 57 60 63 61 63 62 63 65 65 65 68 70 67 69 69 71 71 70 70 70 70 70 71 72
68 68 68 67 66 66 66 67 68 66 67 66 68 69 68 68 68 68 67 69 68 67 67 67 65 67 65 64 64 64 64 66 66 64 63 65 64 64 64 62 62 61 61 60 59 59 56 55 54 55 56 53 53 53 53 52 51 50 51 50 50 50 51 51 51 51 53 53 52 53 55 59 58 57 61 65 65 65 62 64 66 66 68 68 68 68 69 72 74 70 69 70 70 70 71 71
67 68 68 67 67 66 67 67 67 66 67 68 67 66 65 68 68 68 68 68 69 68 65 65 65 64 64 66 64 64 63 64 64 66 63 64 64 64 65 63 63 62 61 59 59 57 55 54 54 54 56 54 53 54 54 53 53 51 50 49 49 49 50 51 51 51 51 52 53 56 55 58 59 59 61 64 66 64 64 65 66 65 65 66 68 68 70 71 71 74 70 70 70 70 71 71
68 68 68 67 68 68 67 67 66 66 65 66 66 67 69 68 68 68 68 68 68 68 66 65 66 65 64 64 64 62 63 64 64 64 64 63 63 65 64 63 63 62 61 60 59 57 55 54 55 56 55 54 55 54 54 53 54 52 50 49 49 49 49 50 51 51 51 51 53 53 55 57 58 60 61 63 65 66 64 65 64 65 65 66 68 68 68 70 69 70 71 70 70 70 71 71
68 67 68 68 66 66 66 67 66 66 65 65 66 66 66 66 68 68 68 69 68 68 70 68 65 65 65 64 64 64 64 63 63 64 64 63 63 64 64 64 63 62 61 59 59 58 57 54 54 55 55 55 55 54 52 53 52 50 49 49 49 48 49 50 50 51 51 51 52 53 54 55 59 61 61 62 64 66 66 66 65 66 65 67 69 68 68 69 69 69 70 69 69 70 70 71
68 68 67 67 66 68 67 67 68 68 67 65 65 66 67 68 68 68 68 68 68 69 68 67 65 65 64 67 64 64 66 64 63 64 64 63 63 64 64 63 63 62 61 59 58 59 57 56 53 54 54 55 55 54 52 50 49 49 48 48 47 47 48 49 50 51 51 51 52 52 53 55 58 60 62 63 64 66 67 68 66 65 66 68 68 68 69 72 73 70 73 70 71 72 71 72
68 68 67 66 65 67 66 68 68 68 67 65 65 68 67 66 68 68 68 68 68 68 68 67 67 66 66 66 64 64 64 63 64 63 64 64 63 64 62 63 63 62 61 59 58 59 57 56 53 55 55 54 54 53 51 50 48 48 48 46 46 48 49 51 51 51 52 52 53 54 55 56 56 59 64 65 66 66 67 67 66 66 66 66 67 67 69 70 71 73 74 74 72 73 72 74
68 68 68 68 67 68 67 69 68 68 67 66 65 65 66 67 68 68 68 68 68 69 69 67 67 67 65 64 64 63 63 63 63 64 61 64 63 64 62 63 62 62 60 59 58 58 57 54 55 55 55 53 54 54 53 50 49 48 47 46 47 48 49 50 50 52 53 54 53 54 55 56 56 59 60 63 64 65 67 67 68 67 66 67 68 68 69 70 71 74 73 73 74 73 74 74
68 68 67 67 68 69 69 72 71 71 68 68 66 65 67 69 69 66 69 69 68 69 68 67 67 67 67 64 64 64 64 66 64 63 63 63 63 60 62 62 61 61 61 59 57 57 58 56 54 53 55 53 55 54 54 53 50 49 48 47 48 48 49 49 50 52 53 55 56 56 56 56 57 58 60 61 62 65 65 66 67 67 67 68 68 69 69 70 71 70 71 72 74 73 71 72
68 69 70 69 69 69 69 69 72 70 68 68 67 66 66 67 70 66 69 69 69 67 68 67 68 68 66 64 66 64 64 63 63 63 63 65 62 60 61 61 60 60 59 59 58 58 57 56 56 54 53 53 55 54 54 53 51 49 48 48 49 49 49 50 51 52 52 55 57 57 57 57 58 59 60 60 62 62 64 64 66 68 69 69 70 70 70 70 69 70 70 69 74 74 71 72
