DE_sunshineduration/2018_04_sunshineduration.asc
NCOLS 654
NROWS 866
XLLCORNER 3280414.711633467
YLLCORNER 5237500.62890625
CELLSIZE 1000
NODATA_VALUE -999
[rows 492 to 532 of 866, columns 94 to 187 of 654]
183 183 183 183 184 185 186 186 188 188 189 189 190 190 191 190 191 191 191 191 192 193 193 193 194 195 194 195 194 194 194 194 195 194 194 195 196 197 197 196 196 196 196 196 196 197 197 198 197 197 197 197 197 198 197 197 197 198 198 198 199 199 200 200 200 202 201 202 203 204 204 204 204 205 206 206 208 208 207 207 207 207 208 208 208 207 207 207 206 205 205 205 205 205
182 182 183 183 185 184 186 187 187 188 188 189 190 190 190 189 191 191 191 192 193 193 193 194 194 195 194 194 194 194 194 194 195 195 194 195 195 196 196 196 196 196 196 196 196 197 197 197 197 197 196 197 197 197 197 197 198 198 198 198 199 199 200 201 201 202 202 203 203 204 204 204 204 205 205 206 207 208 208 208 207 207 208 207 206 206 207 207 207 206 205 206 205 205
182 181 182 184 184 185 186 187 188 188 190 191 190 190 190 190 190 192 191 192 193 192 194 193 195 195 195 194 194 194 195 195 195 196 196 196 197 196 195 197 197 197 197 196 196 197 197 197 198 197 197 197 197 197 198 198 198 198 198 199 199 199 199 200 202 202 202 203 203 204 205 205 205 205 205 206 207 207 208 208 208 208 208 207 207 207 207 208 207 208 206 206 206 205
181 181 183 183 185 186 187 187 187 189 189 190 189 189 190 190 191 191 192 193 192 193 194 195 194 194 194 195 194 196 195 195 196 196 197 197 196 197 197 197 197 197 197 196 196 198 198 198 198 197 198 198 199 198 198 198 199 198 198 199 199 200 200 201 202 201 203 203 203 204 204 205 205 206 205 206 207 207 207 208 208 208 207 208 208 208 208 207 208 207 208 206 207 205
181 182 181 182 184 187 187 187 188 189 189 190 189 191 190 190 191 192 192 193 193 194 194 194 195 194 194 195 194 195 195 195 196 197 197 197 196 197 197 197 197 197 197 197 198 197 198 197 197 198 198 198 199 199 199 199 199 198 198 199 200 201 201 201 202 202 202 203 203 204 204 205 205 206 206 206 207 207 206 207 208 208 208 208 208 208 208 208 207 208 207 208 207 206
181 182 183 184 186 187 187 188 188 188 190 191 191 192 190 191 191 192 192 193 193 194 194 194 194 194 194 194 195 195 195 196 196 197 197 197 197 198 197 197 197 197 197 197 198 197 198 197 198 199 198 198 199 199 199 199 199 199 199 200 201 202 201 203 202 202 203 204 205 205 205 204 205 205 206 207 207 207 206 207 208 207 208 208 208 207 208 208 208 208 208 208 207 207
181 182 183 185 185 187 188 188 188 188 189 191 191 192 192 192 192 192 192 192 193 194 194 193 194 194 194 195 196 195 195 196 196 197 197 197 198 198 198 198 197 197 198 198 198 198 197 198 199 199 199 199 199 199 199 200 200 200 200 201 201 202 202 203 203 203 203 204 206 206 206 205 205 205 207 208 208 207 207 207 208 207 207 207 208 207 207 208 208 208 208 209 208 208
182 183 184 185 186 187 188 188 188 190 190 191 192 193 193 192 192 193 193 194 194 193 193 193 194 195 195 195 196 196 196 196 196 197 197 197 198 198 198 198 197 198 198 198 198 198 199 199 199 199 199 200 200 200 200 200 200 200 201 201 201 202 203 203 202 204 204 204 205 206 206 207 206 206 207 208 207 208 208 209 209 208 209 209 208 208 208 208 208 209 209 209 207 207
182 183 184 185 187 188 188 188 189 190 191 191 192 193 193 192 194 194 194 194 194 193 193 193 195 195 195 195 195 197 197 196 197 197 197 197 198 198 198 198 198 198 198 198 198 199 199 199 200 200 200 200 201 201 201 200 202 201 201 201 202 203 203 203 204 204 204 204 206 206 206 207 207 206 208 208 208 208 209 209 209 208 209 209 209 208 208 208 208 209 209 208 208 207
182 183 184 186 187 188 189 189 191 190 190 192 194 193 192 195 193 194 194 194 194 194 194 194 195 194 195 195 196 196 197 196 198 197 197 197 198 198 198 199 199 199 198 199 198 199 199 200 200 200 200 201 201 201 202 202 203 203 203 202 203 204 203 204 204 204 204 206 206 206 206 207 208 207 208 209 209 209 210 210 209 209 210 210 210 209 209 209 209 209 208 208 207 207
182 183 184 186 188 188 189 192 191 191 191 192 194 195 194 194 193 193 193 193 195 194 195 195 194 194 195 196 196 196 198 198 197 197 198 198 199 199 199 199 200 199 199 199 200 200 200 200 201 201 201 202 203 203 203 203 205 204 204 204 204 205 204 205 205 205 206 206 207 208 208 209 209 208 209 209 209 209 209 210 211 211 210 210 210 209 209 208 209 208 208 208 207 207
183 183 184 185 188 190 190 191 190 191 192 192 193 196 195 195 194 195 194 195 195 195 195 194 195 196 196 196 196 197 197 197 197 198 198 199 199 199 200 200 199 199 200 200 200 200 201 201 201 203 202 204 203 202 202 204 205 207 206 205 205 206 207 206 206 207 208 207 207 208 209 209 209 210 210 210 211 211 210 209 210 209 210 211 209 209 209 209 209 209 209 208 208 208
182 183 184 185 189 191 192 192 192 193 192 192 193 197 196 195 195 195 195 195 195 195 195 194 195 196 196 196 196 197 197 197 198 198 199 199 200 200 200 200 200 201 200 200 200 201 201 201 202 203 204 203 203 203 204 204 205 207 208 207 207 207 206 206 207 208 208 208 208 210 210 210 210 210 211 211 210 210 210 209 209 210 210 210 210 209 208 208 209 209 209 208 208 209
183 184 186 187 189 191 192 192 193 192 192 194 195 195 197 195 195 196 195 195 195 195 195 195 196 196 197 196 197 197 198 196 199 199 199 199 199 200 200 200 201 201 200 200 201 201 201 202 202 204 203 204 205 204 205 206 206 208 208 208 207 207 207 208 208 208 208 208 209 209 208 209 210 210 211 210 209 209 210 210 209 210 210 210 210 209 208 209 209 209 209 208 208 208
183 184 185 187 189 191 194 194 195 193 194 193 195 196 197 198 198 196 195 196 196 196 196 196 196 197 197 197 197 197 197 198 199 199 199 199 200 200 200 201 201 201 202 201 202 202 202 203 204 204 203 205 205 206 206 208 208 208 208 209 208 208 208 208 208 208 209 209 209 209 209 210 211 211 211 211 211 209 209 210 211 210 210 210 210 210 210 210 209 210 209 209 209 209
184 185 187 187 190 192 193 195 193 195 195 195 195 195 196 196 198 198 198 197 197 196 196 196 196 197 197 197 197 197 198 198 199 198 199 199 200 200 201 201 201 202 202 202 202 203 203 203 204 204 205 205 207 207 208 208 208 209 209 209 208 208 210 210 210 209 209 209 209 210 210 211 211 211 212 211 211 210 210 210 210 211 210 210 211 211 210 210 209 210 209 209 209 210
184 185 186 187 190 193 195 195 196 195 196 196 195 196 196 196 197 198 198 197 196 195 196 196 198 197 199 197 198 198 197 197 198 198 199 198 200 201 201 201 202 202 202 202 202 203 203 203 204 205 205 205 206 207 208 208 209 209 209 208 207 209 209 209 209 210 210 210 211 210 210 210 211 211 211 211 210 211 210 210 210 211 210 211 210 211 210 210 210 209 209 209 209 209
184 185 186 187 190 194 193 195 197 196 197 196 196 196 196 197 198 198 198 198 197 196 196 196 197 198 197 197 197 197 197 198 198 199 199 200 200 201 201 201 202 202 202 202 203 203 203 204 204 205 205 206 206 207 208 209 210 210 209 208 209 209 209 209 210 210 210 210 211 210 210 211 211 212 211 211 211 210 210 210 210 210 210 210 211 211 210 211 210 210 209 209 210 209
185 186 188 191 192 192 194 195 197 197 197 196 196 197 197 198 199 199 198 199 199 198 198 197 198 197 197 197 197 197 198 199 199 199 199 200 201 201 201 202 202 202 202 202 203 203 204 204 205 205 206 206 207 207 209 209 209 210 209 210 210 210 211 210 211 210 210 211 211 210 210 211 211 211 211 211 212 210 211 210 210 210 210 210 210 211 211 211 210 210 210 210 209 210
185 186 189 190 192 193 195 195 197 198 198 197 197 199 199 199 199 199 199 199 199 199 199 198 199 198 197 197 197 198 199 198 199 198 200 199 201 201 202 202 203 203 202 202 204 204 204 204 205 206 207 207 207 208 209 209 209 209 210 210 210 211 212 212 211 212 212 211 211 210 210 211 211 211 212 212 212 212 212 212 211 210 210 210 210 210 211 210 210 210 211 210 210 211
185 188 188 190 191 194 196 195 196 197 197 198 199 199 199 199 199 199 199 199 199 199 199 199 199 198 198 198 199 198 198 198 199 200 199 199 200 202 201 202 202 202 203 202 204 204 204 204 205 207 207 207 207 208 209 209 209 210 210 210 211 212 212 212 211 212 212 212 212 211 211 211 211 212 212 212 211 212 212 212 211 211 210 210 210 210 211 211 210 211 211 210 211 211
186 187 187 190 192 194 195 195 197 197 197 199 199 199 199 199 199 199 199 199 199 199 199 199 199 198 197 198 198 198 199 199 199 200 199 200 200 201 201 202 202 202 203 203 204 205 205 205 207 206 207 207 209 208 208 209 210 211 210 211 211 212 212 212 213 212 212 212 212 211 211 211 212 212 212 212 211 211 212 211 212 210 210 210 209 209 210 211 211 211 211 210 210 210
186 187 189 191 192 193 194 195 197 197 199 199 200 200 199 200 200 200 200 199 200 200 200 200 200 199 199 199 199 200 199 199 200 199 199 199 199 200 201 202 202 204 204 204 204 205 206 205 206 206 208 208 209 209 208 210 211 211 211 211 212 213 213 213 213 213 213 213 213 211 212 212 212 212 212 212 212 211 211 211 212 212 211 210 209 209 211 211 211 211 211 211 211 210
186 189 190 191 191 194 196 196 197 198 198 199 200 200 200 200 200 200 200 200 200 200 200 200 200 199 200 200 200 199 201 201 200 201 199 199 199 201 201 202 203 203 204 205 205 206 205 205 206 207 207 208 209 209 210 210 211 212 212 212 212 214 214 214 214 214 214 214 213 212 213 213 213 212 212 211 212 211 211 211 212 212 212 211 211 211 210 210 211 211 211 211 211 211
187 190 190 191 191 193 195 196 197 198 198 198 200 200 200 200 200 200 200 200 200 200 200 200 200 201 200 200 200 201 201 200 200 200 200 200 201 201 201 202 203 204 204 204 204 206 205 205 206 207 207 207 208 209 210 211 212 213 212 212 213 215 215 215 214 215 214 214 213 213 213 213 213 211 212 211 211 211 211 211 212 211 212 211 211 211 210 210 210 211 210 210 211 212
188 190 191 191 193 195 196 197 198 199 199 199 200 200 200 200 200 200 200 200 200 200 200 200 201 201 201 201 202 201 201 201 202 201 201 200 201 201 201 203 203 204 204 204 205 205 205 206 206 207 207 209 209 210 210 210 212 213 213 212 213 215 215 215 214 216 214 215 215 214 213 213 214 212 211 211 211 211 211 211 211 211 212 211 210 210 210 210 210 211 211 211 211 211
189 191 192 193 195 195 196 198 198 199 199 199 200 200 199 200 200 200 200 200 200 200 201 201 201 201 201 202 201 201 201 201 201 202 202 201 201 202 203 202 204 204 204 205 205 205 207 206 207 207 207 208 209 210 210 211 211 212 213 214 213 215 215 214 215 215 216 214 214 213 213 214 213 213 212 212 212 212 212 211 211 212 211 211 211 210 210 211 211 211 211 211 211 211
191 192 193 194 195 196 197 198 197 198 199 199 200 200 199 200 199 199 200 199 199 201 201 201 201 202 202 202 201 202 202 201 201 202 202 203 203 203 202 202 203 204 204 205 205 207 207 206 207 207 208 209 209 210 211 211 212 213 213 213 214 215 215 215 214 215 214 214 214 213 213 213 213 212 212 212 212 212 211 212 211 211 211 211 211 212 212 212 212 211 211 210 210 212
192 193 194 194 195 196 197 197 198 198 199 198 199 200 199 199 199 200 199 199 200 201 201 201 201 202 202 202 201 203 202 201 201 202 202 202 204 204 202 201 203 204 205 205 205 207 207 205 207 208 208 208 209 210 211 210 212 213 213 212 213 214 214 214 214 214 214 214 214 212 212 213 212 212 212 212 212 212 212 212 211 211 212 211 211 212 212 212 212 211 210 210 211 213
193 193 194 195 196 196 197 197 198 198 198 198 199 199 199 199 199 199 199 199 201 200 201 201 202 202 202 202 202 202 201 201 202 201 202 203 203 202 202 203 203 204 204 205 205 207 206 205 207 208 209 208 210 210 211 212 212 212 212 212 213 213 214 215 214 214 214 214 213 213 213 212 213 213 212 212 212 212 212 211 210 211 211 211 212 211 212 211 211 211 211 211 212 212
194 194 195 195 196 196 197 198 198 199 198 199 199 199 199 199 199 199 200 200 200 200 202 202 202 202 203 203 202 202 201 201 203 202 203 203 202 202 204 203 203 204 204 205 205 207 206 207 207 208 209 209 210 210 210 211 211 212 212 212 212 213 213 214 214 215 215 213 213 213 213 213 212 212 212 212 212 211 210 210 211 211 211 211 212 212 211 211 211 211 211 211 212 212
194 195 195 195 196 197 197 197 198 199 199 199 198 198 198 199 198 200 200 200 200 201 202 202 201 203 203 202 202 201 201 201 203 202 204 204 202 205 203 203 204 204 205 205 206 206 206 206 208 210 210 209 210 211 211 211 211 212 211 212 212 213 213 212 213 214 213 213 213 213 213 213 212 212 212 211 211 210 210 210 210 211 211 211 212 211 212 211 211 211 211 211 213 213
194 195 195 195 195 197 197 197 198 198 198 198 198 198 198 198 200 199 200 200 200 202 202 202 203 203 203 202 201 201 201 203 204 204 204 202 202 206 204 204 205 204 204 204 208 206 206 207 208 209 209 210 210 210 210 211 211 212 212 211 211 213 213 213 213 213 213 213 213 213 213 213 213 212 212 211 211 210 210 210 210 211 210 211 212 212 211 211 211 211 212 211 213 213
194 194 195 196 197 197 197 198 198 198 198 198 198 198 198 198 200 201 199 200 201 202 202 202 203 203 203 201 201 201 203 203 203 205 205 205 205 205 203 205 205 204 204 206 206 206 207 209 208 209 209 210 210 210 210 210 211 211 212 211 212 213 213 213 213 213 214 213 213 213 213 213 213 213 213 212 210 209 210 210 211 211 211 210 212 212 212 211 211 212 212 212 213 213
195 195 195 196 197 197 198 198 199 198 198 198 198 199 200 200 201 201 200 201 202 202 201 202 202 203 203 201 201 202 204 203 203 203 204 206 206 206 205 206 206 205 205 207 206 207 207 208 209 210 209 210 209 210 210 210 211 211 211 213 212 213 213 213 213 213 213 213 213 213 213 213 213 212 212 212 211 209 210 210 210 210 210 210 211 212 211 211 211 211 211 212 213 213
194 195 196 196 197 198 199 199 199 198 198 198 199 199 200 201 201 201 202 202 201 201 201 200 203 203 203 203 204 204 204 203 203 204 205 205 204 205 207 207 207 206 207 207 207 206 208 208 208 209 210 210 209 210 210 209 211 212 212 213 212 213 213 212 213 213 213 213 213 213 212 213 213 212 212 212 212 210 209 210 209 210 210 210 211 210 211 211 211 212 212 212 213 213
195 196 196 196 198 199 199 199 199 199 199 198 200 200 201 200 201 201 201 201 202 201 201 201 201 203 203 202 203 205 204 204 203 204 204 204 204 206 206 207 206 207 208 207 207 207 207 207 208 210 210 209 210 210 209 209 210 212 212 212 212 213 212 212 213 213 213 212 212 213 213 212 213 213 212 213 211 211 210 209 209 210 210 209 210 211 211 211 211 212 212 212 212 213
196 196 196 197 198 199 199 199 199 199 199 200 200 200 200 201 202 202 201 201 202 201 201 201 201 202 203 204 203 204 203 203 204 204 203 204 204 205 205 206 207 206 207 206 207 207 207 207 208 209 209 209 210 210 209 209 211 212 212 212 212 213 212 212 212 213 212 212 212 213 213 212 213 213 213 212 211 211 210 210 210 209 209 209 210 210 211 211 210 211 212 212 212 213
196 197 197 198 199 199 199 200 201 201 201 201 201 201 201 202 202 201 201 201 202 202 202 201 202 203 204 204 204 204 203 205 204 204 204 204 204 204 206 206 207 207 207 207 208 207 209 208 209 209 209 210 210 209 209 210 211 212 212 213 212 212 212 212 212 212 212 212 212 213 213 212 213 213 213 212 211 210 210 209 209 208 208 208 209 208 208 210 209 210 211 210 212 212
197 197 198 198 199 200 200 200 201 201 201 201 201 201 202 203 201 201 202 201 202 201 202 203 203 203 205 205 205 206 205 204 205 205 205 204 204 206 206 207 208 207 208 208 209 209 208 209 209 209 210 210 210 210 210 210 211 212 213 213 213 212 212 211 211 212 211 212 212 214 214 213 213 213 213 212 211 210 209 208 208 207 207 207 208 207 208 209 209 209 209 211 210 212
197 199 198 198 200 200 200 200 201 201 200 200 201 202 202 202 201 202 201 201 201 201 201 202 204 205 205 205 206 206 204 203 205 204 204 204 206 206 206 206 207 208 208 208 209 209 208 208 209 210 210 210 210 210 210 210 211 212 213 212 212 213 212 212 211 212 212 212 214 213 213 214 213 213 213 213 211 210 210 209 208 208 206 207 207 208 208 207 208 208 209 209 210 211
