DE_sunshineduration/2018_06_sunshineduration.asc
NCOLS 654
NROWS 866
XLLCORNER 3280414.711633467
YLLCORNER 5237500.62890625
CELLSIZE 1000
NODATA_VALUE -999
[rows 697 to 737 of 866, columns 188 to 281 of 654]
252 246 245 246 246 246 247 248 248 248 249 255 250 252 251 253 253 253 253 255 253 252 253 253 253 253 253 254 254 255 254 253 252 251 250 251 249 250 249 249 248 249 249 249 249 250 251 250 250 250 249 249 245 245 247 248 248 247 247 245 247 247 243 240 240 241 240 237 237 237 237 234 232 234 234 234 232 231 232 231 228 228 227 227 227 229 229 230 228 228 228 229 228 229
251 244 246 245 245 246 245 246 247 248 248 250 252 250 251 251 252 252 253 254 254 255 254 255 255 254 255 255 253 253 254 253 253 252 251 250 250 248 249 248 249 250 249 248 250 250 250 251 251 251 251 249 247 246 245 248 248 246 248 244 243 246 243 243 240 240 240 239 237 235 235 236 233 232 232 233 234 234 233 231 229 229 229 229 231 229 229 230 229 230 229 229 229 229
249 248 247 245 246 244 245 246 247 248 249 253 250 249 251 251 250 251 253 255 255 255 254 256 256 256 255 255 254 253 253 251 252 252 252 250 249 250 249 249 250 250 250 250 252 251 250 249 250 253 252 249 251 248 248 248 249 246 246 246 245 246 244 244 242 241 239 240 237 237 237 235 235 235 234 233 233 231 232 232 233 232 230 231 231 231 230 230 231 229 229 230 230 229
244 249 245 244 244 245 245 246 246 247 249 252 249 249 251 250 251 250 252 253 255 255 255 256 255 256 255 255 255 255 254 252 252 253 252 251 250 250 249 249 249 249 249 249 251 250 248 249 251 250 253 252 249 249 249 247 247 247 245 245 244 245 246 244 242 241 241 239 239 237 238 237 238 236 236 233 235 233 234 234 233 232 231 232 232 231 231 229 229 228 229 230 230 229
248 245 248 247 244 244 245 246 248 247 247 249 249 249 249 250 250 251 252 253 253 255 255 256 255 255 255 255 254 253 252 251 251 251 251 250 251 251 251 250 250 252 252 252 248 247 250 251 252 251 253 254 249 250 250 250 247 248 247 245 245 246 245 243 242 244 241 240 239 240 241 240 237 236 236 236 235 235 234 234 233 234 234 232 232 230 230 228 228 227 227 228 229 228
249 245 248 244 245 245 245 245 247 247 247 251 251 249 249 250 251 252 253 253 255 255 255 254 254 254 255 254 254 254 253 253 252 251 251 250 250 250 250 250 251 251 250 249 249 249 249 250 250 251 251 254 252 251 251 251 248 248 246 245 245 246 243 243 242 244 242 242 241 239 240 241 239 238 236 236 236 235 235 236 236 235 234 232 230 232 233 232 229 228 228 224 226 229
249 244 245 245 244 245 245 245 246 248 251 252 250 249 249 250 250 249 251 252 253 253 255 254 253 254 255 254 254 254 253 252 251 250 250 250 250 250 250 250 251 251 250 250 250 251 250 250 251 251 252 254 254 253 253 252 251 249 248 246 245 244 244 243 242 244 243 243 243 242 240 240 242 238 237 236 236 236 237 237 236 235 235 235 233 234 233 232 230 229 230 228 226 226
245 244 244 245 245 245 245 245 245 246 247 250 249 249 250 251 251 250 252 253 254 253 255 255 254 254 253 253 253 254 253 252 252 251 250 249 249 249 250 250 250 251 251 250 251 251 252 251 251 251 251 251 252 252 251 252 252 251 250 250 248 246 245 245 243 244 244 243 243 243 242 240 242 241 238 237 237 237 237 237 237 237 236 235 235 235 233 232 230 231 229 228 226 227
244 246 244 244 245 244 244 245 246 246 247 250 251 249 250 250 251 250 251 251 252 253 254 254 254 254 253 253 254 254 253 252 252 251 250 249 249 249 249 250 251 251 251 251 251 252 252 253 251 252 253 252 252 252 252 251 252 252 251 250 249 249 246 244 245 244 243 244 245 244 244 243 242 241 241 239 238 238 238 237 236 236 236 236 236 236 234 232 229 231 229 229 228 224
243 244 244 244 244 244 245 245 246 247 247 248 252 251 251 248 250 250 251 252 251 253 253 255 254 254 254 254 253 253 253 252 252 250 251 251 249 249 250 249 251 252 252 252 252 252 253 254 253 253 254 253 252 252 252 252 251 251 251 250 250 249 249 246 246 247 246 246 245 245 244 244 242 242 242 241 240 240 239 238 237 237 237 237 236 236 234 232 229 231 231 228 229 227
243 243 243 243 243 244 244 245 245 245 248 248 251 250 248 250 250 250 251 252 251 252 253 254 254 255 254 253 253 253 253 252 252 253 251 251 250 251 251 251 251 251 252 253 253 253 254 254 254 254 253 253 254 253 252 252 253 252 251 250 249 250 249 248 247 246 245 245 244 244 243 243 242 243 241 241 240 240 239 239 239 238 238 236 236 236 234 232 232 231 231 229 229 228
243 245 243 243 244 244 246 245 248 245 246 250 248 249 250 249 249 250 251 252 252 252 253 253 254 253 254 253 253 253 253 252 252 252 250 251 250 250 251 251 251 251 253 253 253 253 254 254 255 255 254 253 253 253 253 254 253 252 252 251 252 251 249 248 247 247 246 245 244 244 243 242 243 244 242 241 241 241 239 237 238 238 237 236 236 236 235 233 233 232 231 229 225 223
245 244 243 243 244 244 245 247 245 246 246 250 248 246 249 247 249 249 251 251 252 253 252 254 255 253 253 253 253 253 252 252 252 252 251 250 251 251 251 251 252 251 252 253 253 254 254 254 255 255 254 254 254 253 254 254 252 253 253 253 251 251 250 248 246 246 246 245 244 244 243 242 243 243 242 242 241 241 240 238 237 237 237 237 235 235 235 234 234 232 231 229 228 222
243 243 243 244 243 243 246 244 244 247 246 250 249 248 248 248 249 249 250 251 251 252 253 252 252 252 252 253 253 253 253 252 252 252 252 251 252 252 252 251 252 252 252 252 254 254 254 255 255 255 254 254 254 253 253 253 254 253 254 254 252 253 250 249 248 247 246 245 245 244 244 244 243 242 243 241 241 241 239 238 239 238 237 237 235 234 235 235 234 232 229 226 227 223
243 244 244 243 243 243 246 243 243 244 245 250 247 247 247 248 247 249 249 250 250 251 253 252 252 253 252 253 253 252 251 251 252 251 251 252 252 252 253 253 253 253 254 253 253 254 254 254 254 254 253 253 253 253 254 254 255 254 254 253 253 252 251 249 249 248 245 245 245 244 244 244 243 243 243 241 241 241 239 238 238 237 236 236 235 235 234 233 233 232 229 224 223 223
243 244 244 243 244 245 243 243 244 244 246 250 247 246 248 248 247 248 249 250 250 251 252 252 252 253 253 253 253 253 251 251 251 252 253 252 252 252 253 254 253 253 254 254 253 253 254 254 254 253 254 253 253 253 253 254 255 255 255 253 252 252 251 250 250 248 247 246 244 244 244 243 243 243 243 241 241 241 240 238 238 238 236 236 235 232 232 232 232 233 229 224 222 223
243 244 244 243 244 244 244 244 244 244 245 247 247 247 249 250 249 248 249 249 250 250 251 252 253 253 253 253 252 253 252 251 251 252 252 253 253 253 254 254 254 254 253 255 253 253 253 254 254 254 254 254 254 254 255 254 254 256 255 254 252 252 252 251 250 249 247 246 245 245 245 244 243 243 242 242 241 241 240 239 238 237 235 235 232 233 231 231 232 232 231 223 224 224
244 243 244 244 244 244 244 243 244 244 245 246 247 249 248 247 248 248 249 249 250 251 251 251 252 253 253 252 252 252 251 251 251 252 252 252 252 252 253 254 255 255 255 254 254 255 254 256 255 255 256 256 255 255 256 256 257 256 255 253 253 252 251 250 249 249 248 247 246 246 244 244 243 242 243 242 240 240 239 239 237 234 234 233 230 230 230 232 230 228 232 231 225 228
247 245 244 244 245 244 245 245 246 245 245 247 248 247 249 248 247 248 249 249 250 250 251 252 252 252 252 251 251 251 252 251 251 251 251 252 252 252 254 254 254 254 254 255 255 256 256 255 256 257 256 256 258 256 256 257 257 256 254 253 253 252 251 250 250 249 248 247 247 246 246 244 244 242 241 239 239 238 237 236 234 233 233 234 235 233 233 233 230 231 232 231 231 230
246 245 244 245 245 245 244 244 245 246 246 247 249 247 247 248 248 248 249 250 250 250 252 252 252 252 251 250 251 251 251 251 251 251 251 251 252 251 252 253 253 253 252 253 254 254 256 257 258 258 257 257 258 258 257 257 259 255 255 253 253 251 250 250 250 249 248 247 247 246 246 244 243 243 239 239 239 238 234 234 234 236 233 231 232 236 233 234 228 228 232 232 230 231
246 246 246 245 246 246 246 245 246 246 247 248 248 246 246 249 248 248 249 250 250 251 251 251 251 251 250 251 251 251 250 251 251 251 251 251 252 253 253 253 253 252 254 254 255 255 257 256 256 256 257 258 258 258 258 256 257 257 256 255 253 250 249 248 250 249 248 247 246 246 245 245 244 243 240 234 236 237 236 235 233 236 234 235 231 236 236 234 233 229 233 232 228 231
246 246 246 248 247 247 247 247 246 248 248 249 249 246 246 248 248 248 249 250 251 251 251 250 249 250 250 251 251 251 250 250 250 251 252 251 251 251 253 254 253 254 255 255 255 256 255 256 256 258 259 259 258 257 257 257 256 257 255 254 254 252 249 248 250 248 246 247 247 246 245 244 243 242 240 235 235 236 237 234 234 235 236 237 237 237 234 236 233 235 235 230 229 233
247 247 247 247 248 247 247 247 247 246 246 249 247 246 246 247 248 248 249 250 251 251 251 251 249 249 250 250 250 251 250 249 250 251 252 252 251 252 251 252 252 252 253 254 255 255 256 257 258 259 258 258 258 259 257 257 257 257 255 253 252 251 250 249 248 246 242 246 246 245 243 244 243 241 239 236 236 238 237 238 236 236 239 238 238 235 232 233 235 233 235 230 230 231
249 247 249 247 246 246 246 248 247 247 246 250 248 246 246 248 248 248 250 250 251 252 252 251 252 251 251 251 251 251 252 252 252 250 253 252 252 251 252 252 252 253 255 256 256 256 257 257 259 259 258 258 258 258 258 257 257 256 255 253 251 252 249 249 248 246 241 245 240 239 242 242 244 242 241 235 235 235 234 236 238 237 239 237 238 234 233 232 232 233 232 232 232 233
248 247 247 246 245 246 246 246 248 246 249 248 247 246 247 248 248 248 250 250 251 252 252 252 252 252 252 252 253 250 251 251 250 252 252 252 253 252 253 252 253 254 255 256 256 257 258 258 259 258 260 260 258 258 258 258 257 256 254 253 252 250 248 248 247 247 245 243 243 239 241 237 239 242 239 237 235 236 236 237 237 238 234 235 234 234 233 234 233 233 233 233 233 233
248 246 246 247 246 245 245 246 248 249 249 249 247 246 247 248 248 248 250 250 251 252 252 252 252 253 253 253 253 252 251 251 252 252 251 252 253 254 254 253 253 254 255 257 256 257 258 259 261 260 260 260 260 259 258 258 256 255 255 254 252 250 249 243 245 248 246 241 240 238 238 241 243 240 237 238 237 235 236 234 234 238 236 233 234 234 234 233 234 234 234 234 233 233
247 247 247 247 247 248 247 247 247 249 248 250 247 247 248 248 248 249 250 251 251 251 252 253 253 253 253 253 253 253 252 253 253 253 254 255 255 254 254 253 254 254 256 257 258 258 259 261 261 261 261 262 261 261 258 257 256 255 254 253 248 246 245 243 245 247 245 241 239 238 239 237 239 238 237 237 236 234 234 234 236 234 234 234 234 234 234 235 235 234 234 235 234 235
246 246 246 246 247 248 249 247 247 247 250 250 248 247 248 248 249 249 251 251 251 251 252 253 253 253 253 253 253 253 252 252 252 252 253 252 254 254 254 254 255 254 257 258 259 259 259 262 261 261 262 262 262 260 258 257 253 254 253 253 253 246 245 243 243 246 246 241 239 239 237 238 238 239 237 236 236 235 234 234 233 233 234 233 234 234 235 235 235 235 235 235 235 235
245 246 247 247 248 247 249 248 249 249 248 249 247 248 248 249 249 250 251 251 251 252 252 253 253 254 254 254 254 254 253 254 253 253 254 253 254 255 255 255 256 256 258 258 258 259 259 261 261 261 262 263 262 261 258 258 256 254 251 252 251 248 245 244 243 242 242 245 240 239 238 237 237 236 237 235 235 235 234 235 233 234 235 235 234 235 236 236 236 236 236 236 236 236
246 246 247 248 247 247 249 247 247 248 249 249 249 248 250 250 250 250 252 252 252 252 253 253 253 254 254 255 255 256 254 255 254 254 254 255 256 256 257 257 257 257 257 257 258 259 260 261 261 262 262 264 263 262 261 259 257 255 254 252 247 245 245 244 243 241 241 240 243 241 237 237 236 236 236 234 234 235 235 235 235 235 235 235 235 237 237 237 237 237 237 237 237 237
246 248 247 247 247 248 247 247 248 248 249 248 249 250 250 250 251 251 252 252 253 253 253 253 254 255 254 255 257 256 256 257 257 257 256 257 256 257 257 256 257 257 258 258 258 258 259 260 261 261 262 262 260 261 259 257 253 254 253 250 246 245 245 243 243 241 240 240 238 237 238 235 234 235 234 234 235 235 235 235 235 236 236 236 237 238 238 238 238 238 238 239 239 239
247 246 247 247 247 247 247 248 248 250 249 249 249 249 249 251 251 251 253 253 253 253 253 254 254 255 255 256 257 257 257 256 255 255 257 257 257 257 257 257 257 257 258 259 258 258 259 260 260 260 260 260 260 259 257 251 248 253 254 249 246 245 244 245 245 241 239 238 236 235 235 235 235 235 235 235 235 235 235 236 235 235 236 237 238 238 238 239 239 239 239 240 240 241
247 246 246 246 247 247 247 247 248 249 249 249 249 250 251 251 251 252 252 253 253 254 254 254 254 255 256 257 257 257 257 257 257 257 257 257 256 256 257 257 257 258 257 259 259 259 258 259 259 259 257 258 259 256 257 249 250 247 250 252 246 244 246 244 242 240 239 237 236 235 235 235 235 235 234 234 235 236 236 236 236 236 237 238 238 238 239 239 239 240 241 240 240 242
248 247 247 247 246 248 248 249 249 249 249 249 251 251 251 253 252 252 254 254 254 254 254 255 255 256 256 257 257 258 258 258 258 257 257 256 257 255 256 257 257 257 258 258 259 259 259 259 258 254 257 257 254 251 252 248 247 250 251 247 250 248 243 242 239 238 237 236 236 236 234 234 235 235 235 235 235 236 235 235 237 237 237 238 238 239 238 239 240 241 242 241 241 242
246 245 247 248 249 248 249 248 249 250 250 251 251 251 252 252 253 254 254 253 255 254 255 256 256 256 256 258 258 258 258 258 258 258 257 255 257 255 255 257 257 257 257 258 257 257 258 257 257 255 256 252 251 249 248 248 247 246 250 248 243 247 241 242 238 237 237 236 235 235 235 233 234 233 234 235 235 234 235 237 237 237 237 238 239 239 239 240 240 240 242 243 244 244
247 246 248 249 249 248 248 250 250 251 251 252 252 252 253 253 253 253 253 254 255 255 255 255 256 256 258 258 258 258 258 258 256 257 257 255 256 256 256 257 257 257 256 257 257 257 257 256 257 257 255 252 250 248 249 247 247 246 244 243 243 246 240 238 237 237 236 235 235 235 234 234 234 233 234 236 236 236 237 237 236 238 238 238 239 239 239 240 240 241 242 244 244 244
247 245 248 248 249 248 250 251 251 251 251 253 251 252 253 253 253 253 254 255 256 254 254 255 257 257 257 258 258 257 257 258 257 256 256 256 256 256 256 257 257 256 256 256 257 256 255 255 255 254 253 254 252 248 248 248 247 245 245 242 243 240 243 238 238 237 238 236 235 235 234 234 233 234 234 235 236 235 236 237 237 237 238 239 238 238 239 240 240 242 243 244 245 245
245 247 248 249 249 249 251 251 251 251 251 252 252 252 254 254 254 254 254 254 254 256 257 257 256 256 256 258 258 256 257 259 256 256 256 256 256 256 256 255 254 253 253 255 254 254 254 254 254 252 252 249 247 246 247 248 247 244 243 243 242 239 239 239 236 237 238 236 235 235 233 234 234 233 233 235 235 235 236 237 237 238 238 238 238 238 239 240 242 243 244 245 246 247
247 247 248 249 249 249 250 251 251 251 252 254 253 254 255 255 254 256 254 255 256 257 255 255 258 256 256 257 256 257 257 258 259 257 257 256 256 256 256 255 254 254 254 254 254 254 254 254 252 254 250 248 250 248 248 247 246 244 243 242 241 240 238 237 240 237 236 234 234 234 234 232 232 233 234 235 235 235 236 238 238 238 238 238 238 238 240 241 243 242 244 245 246 246
248 247 247 249 249 251 250 252 252 251 252 252 252 252 254 254 255 255 255 257 254 255 254 256 256 256 257 257 256 257 257 258 257 258 258 257 255 256 255 255 253 254 253 252 253 253 252 252 248 251 252 252 247 248 245 245 246 245 243 240 239 239 237 235 236 237 236 235 234 234 232 232 233 233 234 235 235 234 236 237 238 238 238 238 238 239 240 242 243 242 244 245 246 246
248 248 248 250 249 249 253 252 250 252 252 251 252 253 256 254 254 254 255 254 254 255 256 256 256 258 258 258 258 258 258 257 257 258 257 257 256 255 255 254 254 253 254 252 251 250 248 249 250 247 252 248 247 246 245 244 244 244 242 241 238 237 235 234 235 235 235 234 235 234 233 232 233 233 234 234 236 236 237 238 238 238 238 239 239 240 241 242 242 243 243 245 246 246
