DE_sunshineduration/2018_02_sunshineduration.asc
NCOLS 654
NROWS 866
XLLCORNER 3280414.711633467
YLLCORNER 5237500.62890625
CELLSIZE 1000
NODATA_VALUE -999
[rows 817 to 859 of 866, columns 288 to 383 of 654]
76 75 75 73 72 73 72 72 72 72 72 71 72 76 75 73 72 74 75 72 73 72 70 68 68 65 65 63 62 61 60 59 59 61 63 64 65 66 67 68 68 67 68 68 67 68 67 69 69 68 68 68 68 68 68 68 67 67 68 67 66 67 66 66 65 64 63 63 62 61 60 60 60 59 58 57 56 56 53 51 50 48 46 44 44 41 39 39 40 40 39 42 44 45 46 48
75 74 74 74 74 74 73 73 73 72 72 72 72 74 74 77 74 73 74 74 72 72 70 69 68 67 64 63 62 62 60 60 60 61 63 64 65 67 68 68 67 68 68 68 68 68 68 69 69 69 69 68 68 68 68 68 68 67 68 67 67 67 66 66 65 64 64 63 62 62 62 61 59 59 58 57 57 54 53 50 49 47 45 43 43 40 38 37 37 37 38 40 42 44 46 47
75 75 74 75 75 74 74 73 73 73 72 72 72 72 75 76 74 76 74 72 74 71 69 70 68 68 66 63 63 62 61 61 61 63 63 64 66 67 69 68 69 69 68 68 68 68 68 69 69 69 69 68 68 68 68 69 69 68 68 67 67 67 66 66 66 64 64 63 64 63 62 62 61 60 58 58 57 56 53 50 48 47 45 42 41 39 38 35 35 35 38 40 42 43 46 48
76 76 76 74 75 75 74 73 74 74 73 73 72 73 73 73 73 72 71 70 70 72 69 68 67 69 66 63 62 62 62 61 62 62 64 66 66 67 68 69 69 70 69 69 70 69 69 69 69 69 69 68 68 68 68 69 70 69 68 67 67 67 66 66 66 65 65 64 64 64 63 62 61 60 60 58 56 56 54 49 48 48 47 41 41 39 36 33 33 35 38 39 40 41 45 47
76 76 75 76 75 76 74 74 76 74 73 73 74 72 72 73 72 73 71 72 73 71 71 69 68 67 66 64 63 63 63 63 63 63 65 66 68 67 68 70 70 70 69 69 69 68 69 69 69 69 69 69 68 68 69 69 70 70 69 69 67 67 67 65 66 65 64 64 64 64 62 62 61 62 63 60 58 56 54 50 47 47 45 43 43 42 40 38 36 35 38 38 40 42 44 47
76 76 76 76 76 75 76 76 75 75 73 73 74 72 72 71 74 74 76 73 71 71 71 69 69 66 65 65 64 64 63 64 64 64 67 68 68 68 69 68 70 69 70 70 70 70 70 69 69 69 69 69 70 69 69 71 71 70 71 69 68 67 67 66 67 65 66 66 65 63 63 62 62 63 63 62 60 57 54 51 48 47 45 43 46 50 48 49 41 38 39 39 41 43 45 46
78 76 75 74 74 75 73 74 75 75 73 73 74 75 75 75 76 74 71 71 71 71 71 69 68 68 66 66 65 64 64 64 65 67 67 68 67 67 69 70 71 70 70 70 69 70 70 70 69 69 70 71 70 69 69 71 69 73 72 69 68 68 67 66 66 66 66 64 64 64 63 67 68 69 68 66 64 61 55 52 49 47 45 43 47 51 49 51 47 46 41 40 41 42 45 47
79 79 75 75 74 75 73 73 72 74 73 75 76 74 74 72 72 72 70 69 70 71 70 70 66 67 65 65 66 65 64 65 66 68 67 67 68 69 72 72 72 70 70 71 69 70 70 70 69 69 69 69 69 69 70 70 70 71 72 70 69 68 67 66 66 66 66 64 64 65 65 74 74 73 75 69 72 69 59 52 56 53 46 44 43 44 47 49 52 48 50 46 42 42 45 48
79 79 77 77 75 75 74 74 75 74 76 78 76 74 73 74 73 73 72 71 71 72 72 70 66 65 65 66 65 65 64 66 67 67 67 68 69 73 71 71 70 70 69 70 69 70 70 70 70 70 70 70 69 70 70 69 70 70 71 70 69 68 68 67 70 66 66 65 64 66 72 75 72 72 72 74 67 63 61 55 57 58 52 45 44 44 47 50 52 53 53 54 47 43 46 48
78 77 78 77 75 75 75 74 76 75 74 76 74 75 75 75 74 74 75 76 75 72 70 68 66 66 66 66 65 65 65 66 66 67 68 69 71 72 72 69 68 70 70 70 69 69 70 70 72 71 71 71 69 69 69 69 69 70 72 70 70 68 68 68 67 67 66 66 66 74 76 70 71 73 68 67 65 59 58 54 54 55 51 47 45 44 44 44 47 55 56 55 47 44 46 48
79 78 77 77 76 75 75 76 75 74 73 74 74 75 73 75 76 79 77 77 74 72 71 68 67 65 65 66 65 64 67 69 67 67 69 72 71 69 69 69 68 69 71 72 71 71 70 71 71 71 72 71 70 69 69 69 69 69 69 70 69 69 68 69 68 68 67 67 71 68 67 67 69 71 70 67 65 61 60 58 59 58 54 48 52 46 45 45 46 48 51 54 48 45 46 48
79 78 77 76 76 77 76 74 75 77 75 73 76 76 74 76 78 77 73 72 73 73 70 68 67 65 65 65 65 67 71 68 67 68 70 71 70 68 69 69 71 73 73 75 77 77 71 70 70 71 71 71 70 69 70 70 69 69 69 69 69 69 69 69 69 69 68 72 72 70 68 70 70 71 70 67 65 65 63 60 59 59 60 55 55 50 46 45 48 52 57 59 50 47 47 49
78 77 78 78 78 78 76 76 75 77 77 75 74 79 76 73 74 74 74 74 73 72 70 67 66 65 65 65 65 71 68 67 67 71 71 70 69 69 70 71 75 79 74 79 80 79 76 71 71 70 71 71 70 69 70 69 69 69 69 69 69 69 70 69 69 69 71 75 76 73 70 73 70 79 72 73 71 68 66 66 68 67 60 57 58 58 58 47 53 60 59 56 50 48 54 49
77 77 79 78 80 77 77 76 77 77 76 75 74 75 75 76 74 72 72 73 72 69 69 68 66 65 65 64 68 68 67 68 70 71 71 69 71 70 71 72 73 79 76 80 78 75 75 71 71 70 71 71 70 69 69 69 69 70 70 70 70 70 70 70 70 73 74 79 77 72 78 80 82 79 81 82 75 71 67 70 66 63 63 52 50 48 48 48 48 53 54 57 52 50 49 50
78 78 79 79 78 78 78 76 74 76 77 79 77 78 77 76 75 75 72 70 69 69 68 66 66 65 64 65 68 67 68 70 73 72 71 73 75 75 70 70 72 75 75 75 73 70 71 74 70 70 73 72 71 69 69 70 70 70 70 70 71 71 70 71 73 76 78 81 82 77 74 76 82 77 71 71 71 69 63 59 59 58 54 54 54 52 54 56 50 49 53 52 49 48 50 52
79 81 80 78 78 79 76 75 75 78 77 76 77 81 80 75 73 70 68 68 68 67 68 68 66 65 65 65 65 67 72 75 76 73 72 74 75 78 75 71 73 75 72 71 73 80 79 72 70 70 71 72 76 75 72 71 72 70 71 71 72 72 72 71 76 86 89 82 81 89 81 79 83 79 79 74 68 65 64 62 58 58 57 67 59 59 69 67 62 56 52 49 48 49 65 63
81 81 80 78 78 80 77 76 75 74 75 77 77 76 72 69 69 68 69 72 72 68 66 66 65 65 65 65 65 67 74 80 76 72 73 74 77 80 75 71 75 79 71 81 78 72 71 77 77 72 70 78 -999 -999 75 72 72 71 74 78 74 72 79 76 80 83 86 87 88 90 94 89 86 86 82 74 70 69 71 68 61 62 71 67 61 65 67 59 56 59 56 49 49 54 72 77
82 80 81 79 78 78 77 77 75 78 73 72 71 71 70 70 73 75 76 77 79 78 72 66 64 63 63 64 64 70 80 77 74 69 71 78 81 77 71 70 80 -999 -999 77 75 72 80 85 89 83 76 -999 -999 -999 -999 -999 -999 -999 -999 -999 -999 73 78 82 79 83 93 92 89 93 91 86 88 83 80 74 77 80 84 81 69 70 81 69 72 75 72 63 58 57 51 52 54 65 75 80
82 82 82 79 75 77 78 75 72 73 77 76 75 73 74 75 76 78 79 79 77 74 70 72 66 63 63 63 64 71 74 70 68 70 74 78 78 75 71 71 72 -999 -999 -999 78 72 75 78 85 83 80 -999 -999 -999 -999 -999 -999 -999 -999 -999 -999 -999 -999 -999 89 80 83 86 91 89 89 83 82 82 79 83 94 92 83 75 74 81 84 80 81 71 65 60 58 58 54 56 64 76 70 72
83 84 82 78 75 77 73 71 74 74 76 75 75 78 80 80 79 78 78 79 73 72 74 73 67 65 63 62 62 66 66 68 69 73 80 78 73 73 72 72 -999 -999 -999 -999 -999 -999 -999 -999 -999 -999 -999 -999 -999 -999 -999 -999 -999 -999 -999 -999 -999 -999 -999 -999 93 86 91 91 97 -999 -999 -999 -999 -999 82 95 97 88 82 82 77 77 83 78 72 69 68 64 59 55 55 59 69 71 73 73
-999 -999 -999 -999 73 73 76 75 76 74 74 73 80 82 79 75 77 74 77 79 78 81 74 70 66 65 62 62 62 62 67 72 73 75 76 78 81 75 72 74 -999 -999 -999 -999 -999 -999 -999 -999 -999 -999 -999 -999 -999 -999 -999 -999 -999 -999 -999 -999 -999 -999 -999 -999 91 -999 -999 -999 -999 -999 -999 -999 -999 -999 -999 94 96 95 92 93 83 76 81 80 79 78 78 69 58 56 57 64 78 78 73 80
-999 -999 -999 -999 73 78 79 78 77 76 73 81 77 75 73 78 79 78 83 82 78 73 69 66 68 63 62 62 62 62 65 67 69 70 69 71 73 72 74 77 -999 -999 -999 -999 -999 -999 -999 -999 -999 -999 -999 -999 -999 -999 -999 -999 -999 -999 -999 -999 -999 -999 -999 -999 -999 -999 -999 -999 -999 -999 -999 -999 -999 -999 -999 98 97 87 94 93 83 80 83 77 77 74 67 60 55 55 58 66 71 76 77 72
-999 -999 -999 -999 -999 78 80 83 81 80 75 73 73 78 82 80 86 83 79 74 70 68 69 71 66 62 62 62 63 63 62 63 64 64 65 65 67 75 79 87 -999 -999 -999 -999 -999 -999 -999 -999 -999 -999 -999 -999 -999 -999 -999 -999 -999 -999 -999 -999 -999 -999 -999 -999 -999 -999 -999 -999 -999 -999 -999 -999 -999 95 97 98 90 94 85 86 84 88 90 74 69 64 57 54 54 54 56 61 65 69 68 68
-999 -999 -999 -999 -999 -999 85 80 80 78 77 79 82 84 89 82 80 73 72 72 71 69 73 71 65 63 64 62 63 64 65 66 65 65 64 64 65 74 83 82 -999 -999 -999 -999 -999 -999 -999 -999 -999 -999 -999 -999 -999 -999 -999 -999 -999 -999 -999 -999 -999 -999 -999 -999 -999 -999 -999 -999 -999 -999 -999 -999 84 95 95 90 89 83 84 82 89 89 84 66 62 61 55 53 53 55 58 61 63 64 67 69
-999 -999 -999 -999 -999 -999 83 83 82 84 85 85 88 85 82 78 76 78 76 74 73 70 72 70 64 63 63 62 63 65 65 67 71 73 73 66 68 72 78 82 -999 -999 -999 -999 -999 -999 -999 -999 -999 -999 -999 -999 -999 -999 -999 -999 -999 -999 -999 -999 -999 -999 -999 -999 -999 -999 -999 -999 -999 -999 -999 -999 84 85 -999 -999 -999 84 87 84 80 79 76 68 65 62 58 57 60 59 62 67 67 71 75 76
-999 -999 -999 -999 -999 -999 -999 86 -999 -999 82 79 81 77 81 83 84 82 77 74 70 73 76 70 63 62 62 61 63 65 66 69 72 71 69 68 67 65 73 74 79 83 -999 -999 -999 -999 -999 -999 -999 -999 -999 -999 -999 -999 -999 -999 -999 -999 -999 -999 -999 -999 -999 -999 -999 -999 -999 -999 -999 -999 -999 -999 -999 -999 -999 -999 -999 87 91 92 90 88 81 77 73 67 66 66 69 71 70 67 75 75 76 73
-999 -999 -999 -999 -999 -999 -999 -999 -999 -999 -999 78 79 83 80 79 76 82 77 71 74 73 78 72 63 61 61 60 61 64 66 70 75 68 72 80 77 68 65 69 78 83 -999 -999 -999 -999 -999 -999 -999 -999 -999 -999 -999 -999 -999 -999 -999 -999 -999 -999 -999 -999 -999 -999 -999 -999 -999 -999 -999 -999 -999 -999 -999 -999 -999 -999 -999 99 98 99 99 95 87 90 89 79 76 78 80 76 73 69 73 76 76 78
-999 -999 -999 -999 -999 -999 -999 -999 -999 -999 -999 82 78 76 73 72 75 77 80 76 79 78 76 69 63 61 60 59 60 62 67 73 73 66 79 80 76 71 69 68 75 80 -999 -999 -999 -999 -999 -999 -999 -999 -999 -999 -999 -999 -999 -999 -999 -999 -999 -999 -999 -999 -999 -999 -999 -999 -999 -999 -999 -999 -999 -999 -999 -999 -999 -999 -999 -999 -999 101 102 101 99 107 110 87 94 83 80 76 72 79 80 80 80 79
-999 -999 -999 -999 -999 -999 -999 -999 -999 -999 -999 -999 -999 -999 75 75 72 75 79 77 74 74 69 68 62 61 61 58 59 61 71 76 73 67 73 80 79 77 78 69 74 77 -999 -999 -999 -999 -999 -999 -999 -999 -999 -999 -999 -999 -999 -999 -999 -999 -999 -999 -999 -999 -999 -999 -999 -999 -999 -999 -999 -999 -999 -999 -999 -999 -999 -999 -999 -999 -999 113 107 110 109 114 102 108 103 92 85 81 77 81 87 86 86 83
-999 -999 -999 -999 -999 -999 -999 -999 -999 -999 -999 -999 -999 -999 77 79 75 72 76 78 76 77 72 67 62 60 59 58 59 60 71 75 72 68 76 83 84 80 79 68 75 84 89 -999 -999 -999 -999 -999 -999 -999 -999 -999 -999 -999 -999 -999 -999 -999 -999 -999 -999 -999 -999 -999 -999 -999 -999 -999 -999 -999 -999 -999 -999 -999 -999 -999 -999 -999 -999 -999 120 123 133 122 117 124 114 103 97 86 83 92 93 95 96 98
-999 -999 -999 -999 -999 -999 -999 -999 -999 -999 -999 -999 -999 -999 76 79 73 70 72 74 73 72 68 66 66 58 61 56 56 60 63 75 77 71 78 85 79 77 71 69 76 83 88 -999 -999 -999 -999 -999 -999 -999 -999 -999 -999 -999 -999 -999 -999 -999 -999 -999 -999 -999 -999 -999 -999 -999 -999 -999 -999 -999 -999 -999 -999 -999 -999 -999 -999 -999 -999 -999 -999 143 134 144 138 131 119 107 100 90 99 100 98 103 -999 -999
-999 -999 -999 -999 -999 -999 -999 -999 -999 -999 -999 -999 -999 -999 76 77 72 74 72 71 74 75 73 65 63 58 59 55 55 60 76 71 76 79 83 77 73 71 67 81 78 88 -999 -999 -999 -999 -999 -999 -999 -999 -999 -999 -999 -999 -999 -999 -999 -999 -999 -999 -999 -999 -999 -999 -999 -999 -999 -999 -999 -999 -999 -999 -999 -999 -999 -999 -999 -999 -999 -999 -999 156 145 132 131 115 106 95 101 102 103 109 -999 -999 -999 -999
-999 -999 -999 -999 -999 -999 -999 -999 -999 -999 -999 -999 -999 -999 72 76 77 76 73 71 72 69 69 68 61 63 57 55 55 60 69 77 78 81 75 74 71 75 70 83 84 -999 -999 -999 -999 -999 -999 -999 -999 -999 -999 -999 -999 -999 -999 -999 -999 -999 -999 -999 -999 -999 -999 -999 -999 -999 -999 -999 -999 -999 -999 -999 -999 -999 -999 -999 -999 -999 -999 -999 147 144 139 126 116 119 112 114 116 113 105 -999 -999 -999 -999 -999
-999 -999 -999 -999 -999 -999 -999 -999 -999 -999 -999 -999 70 73 75 76 76 75 72 67 67 64 63 61 57 57 56 54 55 58 64 65 71 78 78 70 78 77 73 83 -999 -999 -999 -999 -999 -999 -999 -999 -999 -999 -999 -999 -999 -999 -999 -999 -999 -999 -999 -999 -999 -999 -999 -999 -999 -999 -999 -999 -999 -999 -999 -999 -999 -999 -999 -999 -999 -999 -999 -999 142 140 134 -999 -999 130 -999 -999 -999 -999 -999 -999 -999 -999 -999 -999
-999 -999 -999 -999 -999 -999 -999 -999 -999 -999 -999 -999 -999 70 71 72 72 71 68 68 70 69 66 62 58 56 55 53 55 57 71 73 72 79 78 78 84 72 76 90 -999 -999 -999 -999 -999 -999 -999 -999 -999 -999 -999 -999 -999 -999 -999 -999 -999 -999 -999 -999 -999 -999 -999 -999 -999 -999 -999 -999 -999 -999 -999 -999 -999 -999 -999 -999 -999 -999 -999 -999 -999 -999 -999 -999 -999 -999 -999 -999 -999 -999 -999 -999 -999 -999 -999 -999
-999 -999 -999 -999 -999 -999 -999 -999 -999 -999 -999 -999 -999 75 73 70 74 75 73 70 67 67 65 64 59 63 57 54 53 55 57 60 60 67 78 79 81 73 88 90 -999 -999 -999 -999 -999 -999 -999 -999 -999 -999 -999 -999 -999 -999 -999 -999 -999 -999 -999 -999 -999 -999 -999 -999 -999 -999 -999 -999 -999 -999 -999 -999 -999 -999 -999 -999 -999 -999 -999 -999 -999 -999 -999 -999 -999 -999 -999 -999 -999 -999 -999 -999 -999 -999 -999 -999
-999 -999 -999 -999 -999 -999 -999 -999 -999 -999 -999 -999 -999 -999 86 83 83 83 80 73 -999 -999 -999 -999 -999 65 61 57 55 56 69 70 71 65 64 83 81 82 90 -999 -999 -999 -999 -999 -999 -999 -999 -999 -999 -999 -999 -999 -999 -999 -999 -999 -999 -999 -999 -999 -999 -999 -999 -999 -999 -999 -999 -999 -999 -999 -999 -999 -999 -999 -999 -999 -999 -999 -999 -999 -999 -999 -999 -999 -999 -999 -999 -999 -999 -999 -999 -999 -999 -999 -999 -999
-999 -999 -999 -999 -999 -999 -999 -999 -999 -999 -999 -999 -999 -999 84 86 87 84 78 68 -999 -999 -999 -999 -999 68 61 56 64 58 62 71 78 75 74 75 90 -999 -999 -999 -999 -999 -999 -999 -999 -999 -999 -999 -999 -999 -999 -999 -999 -999 -999 -999 -999 -999 -999 -999 -999 -999 -999 -999 -999 -999 -999 -999 -999 -999 -999 -999 -999 -999 -999 -999 -999 -999 -999 -999 -999 -999 -999 -999 -999 -999 -999 -999 -999 -999 -999 -999 -999 -999 -999 -999
-999 -999 -999 -999 -999 -999 -999 -999 -999 -999 -999 -999 -999 -999 89 -999 -999 -999 -999 -999 -999 -999 -999 -999 76 67 58 60 74 60 62 67 66 80 72 76 -999 -999 -999 -999 -999 -999 -999 -999 -999 -999 -999 -999 -999 -999 -999 -999 -999 -999 -999 -999 -999 -999 -999 -999 -999 -999 -999 -999 -999 -999 -999 -999 -999 -999 -999 -999 -999 -999 -999 -999 -999 -999 -999 -999 -999 -999 -999 -999 -999 -999 -999 -999 -999 -999 -999 -999 -999 -999 -999 -999
-999 -999 -999 -999 -999 -999 -999 -999 -999 -999 -999 -999 -999 -999 -999 -999 -999 -999 -999 -999 -999 -999 -999 -999 72 67 59 59 72 62 64 75 71 69 81 83 -999 -999 -999 -999 -999 -999 -999 -999 -999 -999 -999 -999 -999 -999 -999 -999 -999 -999 -999 -999 -999 -999 -999 -999 -999 -999 -999 -999 -999 -999 -999 -999 -999 -999 -999 -999 -999 -999 -999 -999 -999 -999 -999 -999 -999 -999 -999 -999 -999 -999 -999 -999 -999 -999 -999 -999 -999 -999 -999 -999
-999 -999 -999 -999 -999 -999 -999 -999 -999 -999 -999 -999 -999 -999 -999 -999 -999 -999 -999 -999 -999 -999 -999 77 71 67 60 58 75 64 63 63 73 79 82 -999 -999 -999 -999 -999 -999 -999 -999 -999 -999 -999 -999 -999 -999 -999 -999 -999 -999 -999 -999 -999 -999 -999 -999 -999 -999 -999 -999 -999 -999 -999 -999 -999 -999 -999 -999 -999 -999 -999 -999 -999 -999 -999 -999 -999 -999 -999 -999 -999 -999 -999 -999 -999 -999 -999 -999 -999 -999 -999 -999 -999
-999 -999 -999 -999 -999 -999 -999 -999 -999 -999 -999 -999 -999 -999 -999 -999 -999 -999 -999 -999 -999 -999 -999 73 69 70 63 58 71 68 63 71 69 79 -999 -999 -999 -999 -999 -999 -999 -999 -999 -999 -999 -999 -999 -999 -999 -999 -999 -999 -999 -999 -999 -999 -999 -999 -999 -999 -999 -999 -999 -999 -999 -999 -999 -999 -999 -999 -999 -999 -999 -999 -999 -999 -999 -999 -999 -999 -999 -999 -999 -999 -999 -999 -999 -999 -999 -999 -999 -999 -999 -999 -999 -999
-999 -999 -999 -999 -999 -999 -999 -999 -999 -999 -999 -999 -999 -999 -999 -999 -999 -999 -999 -999 -999 -999 80 74 73 79 64 59 70 70 66 80 82 83 -999 -999 -999 -999 -999 -999 -999 -999 -999 -999 -999 -999 -999 -999 -999 -999 -999 -999 -999 -999 -999 -999 -999 -999 -999 -999 -999 -999 -999 -999 -999 -999 -999 -999 -999 -999 -999 -999 -999 -999 -999 -999 -999 -999 -999 -999 -999 -999 -999 -999 -999 -999 -999 -999 -999 -999 -999 -999 -999 -999 -999 -999
