DE_sunshineduration/2018_11_sunshineduration.asc
NCOLS 654
NROWS 866
XLLCORNER 3280414.711633467
YLLCORNER 5237500.62890625
CELLSIZE 1000
NODATA_VALUE -999
[rows 477 to 529 of 866, columns 192 to 287 of 654]
64 63 63 64 64 65 65 63 64 64 62 66 66 66 66 66 66 66 66 65 65 65 65 66 66 66 66 67 68 69 69 68 67 68 69 68 68 68 68 69 70 68 67 67 66 66 67 66 66 67 68 68 68 68 67 67 68 68 67 67 68 66 65 62 61 61 62 61 58 59 60 62 60 60 60 59 57 60 64 64 61 63 61 59 60 62 63 64 63 61 62 62 63 62 62 63
65 65 65 65 64 63 62 62 62 62 64 65 68 67 65 65 65 66 66 66 66 66 65 66 66 66 67 68 68 70 69 69 67 69 70 68 68 69 68 68 69 68 68 66 66 66 67 66 66 67 68 69 68 67 69 67 68 67 67 66 66 65 63 62 63 65 65 63 59 60 62 62 60 61 60 59 62 64 64 63 62 61 60 60 61 62 63 64 62 62 61 61 62 63 62 63
64 65 64 64 63 63 62 62 61 61 63 63 65 66 65 65 65 67 68 68 68 67 66 66 66 66 69 70 70 70 70 68 68 68 69 69 68 69 68 68 69 68 69 67 67 67 66 65 66 67 65 65 66 66 68 68 67 67 65 64 63 63 63 66 66 66 64 61 60 62 62 62 62 60 59 60 64 64 63 63 63 62 61 61 63 63 62 63 64 62 64 65 63 62 62 62
62 63 64 63 63 63 62 61 61 64 64 63 64 64 64 65 66 67 68 67 69 69 68 68 66 66 68 70 70 70 70 69 68 69 68 69 69 70 68 69 70 69 69 67 68 67 66 66 66 67 68 67 67 68 69 68 67 66 66 65 63 64 65 67 66 65 63 63 61 62 62 61 62 62 60 62 61 61 63 63 62 63 62 62 63 66 62 63 63 66 63 63 62 65 63 62
63 62 64 64 62 62 61 61 61 62 64 64 66 64 64 64 65 66 69 69 69 70 71 70 68 67 66 68 69 70 70 69 69 69 68 69 70 70 69 69 69 69 68 68 68 67 67 66 67 68 71 69 66 69 69 68 67 67 66 64 64 64 67 67 66 65 64 62 61 64 61 61 61 63 60 63 61 62 63 62 62 63 64 63 64 65 64 63 64 65 64 63 64 65 64 65
63 63 61 62 61 62 60 60 60 62 64 63 63 63 63 65 66 67 68 70 69 69 70 70 70 68 67 67 68 69 70 69 70 69 69 69 70 71 70 70 69 68 68 69 69 67 69 67 69 70 71 69 68 68 68 68 67 66 66 66 66 65 66 66 66 65 63 64 61 62 63 62 63 65 63 64 59 59 63 62 63 64 64 66 65 64 66 65 64 65 65 65 65 65 63 63
62 61 60 63 61 61 60 59 60 61 61 61 61 63 65 66 67 67 69 69 70 70 70 69 68 67 69 69 68 67 69 70 69 69 70 70 70 70 70 70 68 69 69 69 69 68 69 69 67 68 70 69 71 69 69 68 68 68 65 66 67 67 67 66 65 64 64 63 62 63 63 64 63 63 65 64 62 64 61 63 64 63 62 64 64 65 66 65 65 64 64 65 66 64 63 63
60 59 60 62 61 60 59 59 60 60 62 62 62 64 68 69 69 69 69 69 70 70 70 69 69 68 70 69 69 68 67 68 69 68 68 67 70 70 71 70 69 69 69 69 70 70 70 68 67 68 69 70 72 72 69 69 68 68 67 66 67 67 69 66 66 63 63 63 63 62 62 64 63 63 62 63 62 64 61 63 63 62 63 64 64 64 64 65 67 66 65 66 64 63 63 64
60 61 61 59 61 60 58 58 59 60 62 63 64 65 67 67 69 69 68 70 70 70 70 70 69 68 69 68 70 70 68 68 68 68 69 69 68 71 71 70 70 69 69 69 70 71 70 70 69 67 67 69 70 71 71 69 68 68 67 66 68 68 69 67 64 63 64 65 64 62 64 64 63 64 64 65 63 63 62 60 61 63 63 64 63 64 64 65 69 68 67 65 64 64 63 63
59 61 61 58 59 59 58 59 59 61 62 63 64 65 64 64 65 66 68 69 69 69 70 70 70 69 69 68 69 68 67 68 68 69 69 70 70 68 71 70 69 69 70 70 70 70 71 70 68 67 68 69 70 70 70 70 68 67 68 67 67 68 66 66 65 65 65 64 63 62 65 66 65 64 66 66 65 64 64 62 62 63 63 63 63 65 69 66 68 68 67 67 66 66 69 64
61 61 61 59 58 56 57 58 58 60 61 61 63 62 62 62 63 64 67 68 69 69 69 69 70 70 69 68 68 67 67 70 69 69 70 70 69 68 69 70 70 71 71 70 70 71 71 68 69 69 69 69 69 69 69 70 69 69 68 68 68 68 66 65 64 64 64 63 64 63 64 64 66 66 67 67 67 67 65 64 63 63 63 65 65 67 69 68 69 71 69 68 66 66 67 65
60 59 59 58 58 59 58 57 59 59 59 60 60 60 63 63 63 63 65 68 68 69 69 69 69 69 69 68 68 66 69 70 69 69 69 69 70 69 70 71 70 71 72 71 70 71 71 69 70 70 69 69 69 69 68 68 69 70 69 69 69 69 69 66 65 64 63 63 65 65 63 65 65 65 65 66 67 67 66 63 64 63 64 66 65 66 70 69 70 71 69 67 66 67 66 65
59 59 58 57 58 56 55 56 58 57 58 59 60 62 64 64 65 67 66 66 68 68 68 69 69 69 68 68 67 67 69 69 70 70 69 70 71 69 71 71 70 71 72 70 71 72 70 70 70 70 69 69 69 69 68 67 69 69 68 68 72 68 68 67 64 63 64 65 64 63 63 65 65 65 65 65 65 65 65 64 63 63 63 64 65 68 70 68 69 68 68 67 66 67 66 66
57 57 57 55 56 54 55 55 56 57 58 60 60 64 64 64 66 67 66 67 67 68 69 69 69 69 68 69 69 68 69 68 70 70 70 71 71 69 69 69 71 71 72 71 73 70 70 72 72 70 69 69 69 69 67 67 68 69 68 69 69 67 68 65 64 65 68 67 65 63 64 67 67 68 66 68 67 65 65 64 64 65 65 65 66 68 70 67 68 68 72 70 69 67 68 71
57 57 55 55 54 53 54 56 56 56 59 60 60 63 64 64 64 66 66 67 66 67 68 67 69 68 68 70 69 68 69 69 69 71 69 71 72 71 71 71 71 74 73 72 71 71 71 71 72 72 70 69 68 68 68 66 66 67 66 70 67 69 69 65 67 71 70 66 64 64 65 68 68 68 68 68 70 68 68 66 65 64 65 66 65 66 67 68 66 70 70 73 74 68 69 71
56 55 54 55 53 52 53 55 55 56 58 61 61 63 64 63 65 65 66 67 66 67 66 67 68 67 67 69 69 68 68 69 70 70 71 70 72 72 71 72 72 72 73 73 72 73 72 72 73 72 70 69 69 69 68 68 67 69 66 66 66 68 68 65 68 69 67 65 64 64 67 68 68 68 69 70 70 68 68 66 67 67 65 69 67 66 66 66 67 70 70 71 71 73 72 74
54 53 52 53 52 52 53 54 57 57 56 60 61 62 62 64 65 66 66 67 67 67 67 67 67 68 68 69 68 68 68 69 69 70 70 71 72 73 72 72 72 74 74 74 73 73 73 73 73 73 70 69 69 69 68 68 69 70 67 66 67 68 68 66 70 70 67 66 66 64 64 67 67 68 70 70 68 68 66 66 68 70 68 67 68 67 68 67 67 67 69 68 69 71 72 73
54 53 52 51 51 52 53 54 55 56 57 58 59 61 62 63 64 65 66 67 66 67 67 67 68 68 69 69 68 68 68 69 70 70 69 69 70 72 73 72 72 74 73 74 74 74 74 74 73 73 71 71 71 70 70 70 70 70 68 68 67 66 66 66 67 69 70 70 67 65 65 65 68 67 67 70 69 67 66 66 67 68 70 69 68 69 68 70 70 68 71 69 70 70 71 72
52 52 52 51 51 51 53 53 53 54 56 58 59 60 63 64 65 65 65 66 65 66 67 68 68 67 68 69 69 68 68 68 68 70 71 70 72 71 73 74 74 74 73 73 76 75 75 75 73 73 73 72 70 70 70 70 71 71 69 69 68 66 66 67 67 67 69 69 69 69 68 65 65 68 69 70 69 68 66 66 66 67 69 69 68 68 69 69 71 70 72 71 73 71 71 73
52 51 52 51 51 51 52 53 53 55 58 59 61 60 62 63 64 65 65 64 64 64 65 67 67 67 68 70 68 68 69 69 69 70 69 71 73 73 71 75 76 76 78 74 75 76 75 74 73 74 72 73 72 72 70 71 71 70 70 68 68 69 66 67 67 66 66 68 67 66 65 69 65 66 66 69 69 68 67 66 66 68 67 68 68 69 71 69 71 72 73 74 74 71 71 73
52 51 51 51 51 52 52 53 54 56 59 59 60 61 61 63 65 64 64 64 65 66 66 67 66 67 68 70 70 68 68 70 69 70 71 70 72 73 73 73 76 78 77 76 75 75 74 74 73 73 73 72 71 71 71 72 72 70 69 71 68 69 66 67 67 66 66 66 67 66 67 68 68 66 67 68 69 67 68 66 66 67 67 67 68 69 70 71 70 71 72 77 74 75 71 75
52 52 52 52 52 52 53 54 55 56 58 60 60 61 62 62 62 63 63 65 65 65 66 66 66 67 68 68 69 69 69 69 69 70 69 72 71 71 73 74 75 76 77 76 76 75 75 75 73 73 73 72 71 71 71 71 72 72 71 72 70 67 69 68 67 66 65 65 66 67 69 67 67 67 68 66 66 67 66 66 66 67 68 68 68 69 69 72 72 72 72 73 76 74 73 72
53 52 52 52 53 53 53 55 56 57 59 59 61 61 62 63 63 63 63 65 65 65 66 66 66 66 67 70 71 71 69 70 72 72 74 72 72 73 73 74 74 77 77 77 77 76 76 74 74 73 73 72 72 71 73 72 69 70 70 69 69 66 69 70 67 66 67 66 66 66 67 67 66 66 66 65 66 68 68 67 67 67 68 69 70 69 69 69 70 72 74 77 77 75 72 73
53 53 53 53 53 53 54 56 57 58 60 60 60 62 63 63 63 62 64 65 65 65 65 67 66 67 68 70 71 70 69 70 70 71 72 74 75 75 76 74 77 77 77 79 78 77 76 77 75 73 73 72 71 72 73 72 71 69 68 67 67 67 70 69 66 68 68 67 66 67 67 67 66 66 66 66 66 67 68 68 68 68 68 69 69 70 71 73 72 72 75 75 74 73 73 73
54 54 55 55 55 55 56 56 59 58 60 61 60 61 62 63 63 63 64 65 65 65 66 66 66 67 68 70 68 70 70 70 71 72 74 74 75 77 77 76 75 76 77 80 79 77 78 77 75 74 73 73 72 73 73 71 70 69 68 70 69 70 68 67 66 70 70 70 68 67 67 67 67 66 66 65 65 67 69 68 68 68 69 69 69 69 71 71 74 72 75 78 76 74 75 74
55 55 55 55 55 56 56 56 58 59 60 61 61 62 62 63 63 63 64 65 65 66 66 66 66 67 67 67 68 70 70 71 72 73 73 74 77 76 76 78 77 77 78 80 79 78 78 75 75 73 72 72 73 73 73 73 72 71 71 72 67 67 66 66 67 69 70 71 69 68 68 67 67 67 66 66 66 67 68 69 68 68 69 69 69 70 71 71 73 78 76 80 80 77 76 77
57 56 56 56 56 56 57 58 60 60 60 61 63 61 62 62 63 63 63 64 65 65 66 67 67 68 68 69 69 69 70 73 73 75 75 76 78 77 76 75 76 76 78 80 79 78 78 76 76 74 73 73 72 71 71 71 72 71 70 70 68 69 67 68 68 69 71 69 68 68 67 67 67 66 66 66 66 67 68 69 68 69 69 70 70 70 72 73 75 78 79 78 79 76 77 75
57 56 57 58 57 58 59 59 60 60 61 62 62 62 62 62 62 62 63 65 66 66 66 67 66 67 68 70 70 70 70 71 71 74 75 76 77 76 75 73 74 75 78 80 79 78 79 77 76 74 74 72 72 73 73 72 72 72 72 69 71 69 68 70 67 69 70 70 69 71 69 67 67 67 66 66 67 67 68 69 68 69 69 69 71 72 71 72 76 77 78 81 81 78 76 76
57 57 58 59 59 60 61 61 60 61 61 61 60 61 61 62 62 64 65 65 65 65 66 66 66 67 68 67 69 68 69 71 74 74 76 77 75 74 74 71 73 76 77 80 81 78 78 77 76 74 73 73 73 72 71 73 73 72 71 72 73 70 69 69 67 72 70 71 69 67 68 67 67 67 67 66 66 67 67 69 69 70 69 69 71 71 73 74 74 76 79 80 82 79 79 79
59 60 60 60 61 61 62 62 61 60 61 61 62 61 64 62 63 64 65 64 65 65 65 66 67 68 69 69 69 69 70 71 74 75 75 73 73 73 74 74 74 75 76 80 79 78 78 77 76 76 76 74 73 72 72 73 71 72 73 74 73 70 71 71 69 71 72 70 68 70 69 68 67 68 68 66 67 67 68 69 70 70 70 70 71 72 75 73 76 75 77 77 79 82 85 84
61 62 61 61 62 62 63 63 62 61 60 62 61 62 63 63 64 64 65 65 65 65 65 66 66 66 68 70 70 70 71 73 73 74 73 75 73 73 74 76 74 75 77 79 77 79 80 78 75 73 73 73 72 72 72 73 72 71 74 73 72 71 72 71 70 70 72 70 71 72 69 68 69 69 68 66 66 68 68 69 70 70 71 72 73 74 73 73 74 73 76 77 80 86 87 86
61 62 61 62 63 64 63 62 62 62 61 61 61 61 64 65 64 64 65 65 65 65 65 65 67 68 70 70 70 69 70 73 75 72 71 71 73 74 74 75 73 77 76 76 77 76 79 80 76 74 72 72 72 72 73 73 71 73 74 73 73 71 73 73 72 70 73 73 71 72 70 69 71 69 67 66 67 66 68 68 69 71 69 71 71 72 71 72 73 73 77 78 81 83 84 85
62 62 64 62 63 64 63 63 61 62 61 62 62 62 63 65 64 65 65 65 64 64 66 66 67 67 69 70 69 69 72 72 73 70 71 73 73 74 74 73 75 75 73 75 76 75 78 78 76 74 73 73 72 73 74 72 72 74 74 73 73 73 73 73 72 73 70 72 70 71 70 69 67 68 66 67 68 67 67 67 68 68 68 69 70 71 73 74 75 75 76 79 83 85 86 83
62 64 63 63 63 63 63 62 63 63 62 62 64 63 64 64 64 65 65 65 65 65 66 66 67 68 67 70 69 68 70 71 69 70 72 74 74 74 72 75 75 73 75 74 75 77 77 76 76 74 73 73 74 73 73 73 73 73 73 73 72 73 73 73 71 71 71 70 68 70 69 67 66 66 66 67 67 68 69 68 68 68 68 71 73 72 75 77 76 77 80 77 77 80 79 82
63 63 63 63 63 63 62 63 63 63 63 63 64 64 65 66 66 65 65 65 64 64 65 66 68 68 68 69 68 68 72 71 70 71 73 73 71 73 74 73 73 74 72 74 77 77 75 75 76 74 76 73 73 73 73 75 74 74 74 73 73 72 71 70 69 70 70 68 68 68 69 67 66 67 67 67 70 69 68 71 69 69 69 72 73 74 76 74 76 73 77 76 77 77 78 80
64 64 64 63 64 62 63 63 63 63 63 64 65 65 65 66 65 65 64 64 64 64 65 66 67 67 68 68 68 70 68 69 71 70 70 71 71 72 73 72 72 73 75 76 75 76 74 75 74 73 73 74 73 73 73 75 74 73 73 72 72 73 73 74 74 72 68 68 68 68 68 66 68 69 67 67 69 72 68 68 71 70 68 70 70 71 71 71 72 75 76 74 75 75 77 78
65 67 64 63 63 63 62 63 63 63 65 65 66 65 66 65 65 64 65 64 64 65 65 67 67 68 68 68 68 68 68 70 70 72 70 72 73 72 73 71 71 74 73 74 75 75 74 74 74 73 73 73 74 73 72 74 74 74 73 73 73 74 74 74 72 72 71 70 68 68 68 66 67 69 69 69 68 70 71 67 68 70 69 72 70 73 73 76 77 77 80 75 77 77 79 79
67 68 67 64 62 62 63 62 62 65 64 65 65 66 66 65 64 64 65 64 65 65 66 68 68 67 68 68 69 67 68 70 72 71 73 71 73 72 72 71 72 72 72 72 74 74 74 74 73 73 72 72 72 72 71 73 73 72 71 71 73 74 74 72 71 69 69 70 68 68 67 67 67 67 70 69 71 71 69 69 69 71 70 70 73 73 74 73 73 76 77 78 77 75 80 80
67 66 65 63 64 63 63 64 63 64 64 66 67 67 65 65 64 64 64 65 65 65 65 67 67 67 68 68 68 68 70 72 71 71 72 72 71 71 71 71 72 71 71 72 74 73 73 73 73 74 72 71 71 71 72 73 72 74 72 72 73 73 72 70 69 69 68 68 68 67 68 68 67 67 71 71 72 71 69 69 70 69 70 72 75 74 78 76 78 76 76 78 78 80 82 84
68 65 64 64 64 63 63 64 64 64 66 67 67 67 66 65 65 65 65 65 65 65 66 67 68 67 67 68 68 68 68 70 71 72 71 70 71 71 71 71 72 70 71 73 72 74 72 73 72 74 72 71 71 70 72 74 72 72 72 71 70 72 71 71 71 69 68 68 69 70 69 68 67 68 71 71 72 72 72 70 71 69 72 75 79 78 79 76 80 80 77 80 82 83 78 81
69 66 65 64 64 63 64 64 64 63 67 67 66 66 65 65 65 64 65 65 65 65 67 67 68 67 67 67 68 68 70 72 72 71 70 71 71 70 70 70 70 71 72 72 72 74 72 72 72 73 74 72 71 70 71 73 73 71 72 72 69 72 73 71 69 69 69 68 68 70 69 70 69 69 69 71 71 72 72 69 71 69 73 76 78 78 80 82 81 82 81 85 84 81 78 76
67 66 65 64 65 65 64 64 64 65 66 66 66 66 65 64 65 65 65 65 65 66 67 68 68 67 67 66 69 69 70 71 71 70 71 71 70 70 70 70 70 73 74 74 70 73 72 70 71 72 74 72 71 70 71 72 72 71 73 72 69 71 71 70 70 70 69 70 69 70 71 70 70 71 72 70 72 73 73 70 73 72 71 72 73 76 81 82 84 83 81 77 78 77 77 82
67 67 65 65 65 65 65 65 66 65 65 65 66 65 64 65 65 65 65 66 66 66 67 68 68 66 66 68 67 69 70 69 69 69 70 70 71 70 71 71 71 72 72 73 71 72 70 71 71 71 71 71 70 69 71 71 72 71 69 70 70 72 72 73 71 70 69 72 72 71 72 71 71 72 73 72 74 74 73 71 74 75 72 73 74 76 79 81 82 81 79 78 75 76 75 77
68 67 66 65 66 64 64 65 65 65 65 65 65 65 66 66 65 65 65 66 66 67 67 68 67 67 66 67 69 69 70 68 70 70 69 68 70 72 71 71 71 71 72 71 71 71 70 71 71 71 70 70 70 69 70 71 71 71 71 67 70 70 72 72 71 71 71 73 73 73 74 73 73 73 73 75 75 74 72 71 74 74 71 72 72 73 74 79 79 77 78 74 72 74 75 76
66 67 67 66 64 64 65 67 66 65 64 65 65 65 65 65 65 65 66 66 66 67 68 69 67 67 67 67 69 69 68 69 70 68 69 71 72 71 71 70 72 72 71 71 71 72 70 71 70 70 70 69 71 69 70 70 71 71 72 69 69 71 70 69 68 70 71 71 68 71 73 72 71 71 73 74 75 75 72 72 75 72 70 72 72 75 73 74 76 79 74 72 75 75 77 78
66 65 66 65 66 66 67 68 66 65 65 64 66 66 65 65 65 66 66 66 67 67 68 68 67 66 67 67 67 67 70 67 66 68 71 72 72 73 72 72 71 71 71 70 71 70 71 71 70 70 70 70 71 69 70 70 71 71 71 70 66 69 68 69 66 67 68 67 71 72 69 69 70 72 74 75 74 75 72 72 74 70 70 74 77 75 78 80 75 78 72 75 77 76 75 75
69 66 68 68 67 67 67 66 65 64 64 65 65 65 65 66 66 66 66 66 66 68 68 66 66 66 66 67 68 69 67 67 70 69 71 70 71 71 71 71 71 72 70 69 71 70 71 72 70 69 69 71 71 70 67 69 71 71 70 70 67 69 70 67 66 65 67 66 67 68 70 70 72 73 75 75 73 71 70 71 69 70 73 73 75 75 78 77 73 74 71 76 74 80 77 72
68 69 70 69 69 68 66 66 65 64 65 66 65 65 67 66 66 66 66 66 66 68 66 66 66 67 69 68 66 66 66 69 68 67 67 68 70 71 71 72 71 71 69 68 69 70 71 71 69 68 70 71 70 70 68 69 70 70 70 71 67 69 69 68 65 65 66 66 67 67 69 69 71 74 74 73 72 69 68 70 74 73 70 73 72 75 75 75 76 72 71 71 76 80 81 75
69 69 72 72 71 68 68 65 65 66 65 65 65 65 67 66 66 66 66 66 66 67 66 66 67 69 69 66 66 66 67 67 68 70 70 72 69 71 72 72 71 70 69 70 71 70 70 71 68 69 69 70 70 70 67 69 70 69 69 69 65 70 68 65 65 70 69 67 68 68 68 70 72 74 70 68 68 67 68 73 73 74 74 74 75 76 74 72 75 72 72 74 74 76 80 79
69 70 73 75 71 68 67 66 66 66 67 66 66 66 67 67 66 66 66 66 66 66 66 67 67 69 68 67 66 67 67 67 69 68 71 69 70 73 72 72 69 68 70 72 72 71 70 68 66 69 69 70 69 70 68 68 71 67 69 69 65 66 65 65 67 69 70 68 72 68 71 69 71 73 69 72 73 72 72 72 72 72 72 73 73 72 72 73 74 69 70 72 76 80 76 73
67 71 75 73 71 68 67 66 67 67 66 66 67 68 67 66 66 66 66 67 67 67 67 69 70 70 68 67 67 69 67 67 67 69 67 68 69 70 71 71 70 71 70 71 72 72 70 68 65 66 68 69 69 67 66 68 70 66 66 66 64 64 66 67 67 68 70 71 72 69 69 69 69 72 69 69 73 74 74 72 70 73 73 69 68 68 68 67 68 70 76 77 78 80 73 69
69 71 74 72 71 68 67 67 67 67 67 68 67 67 68 66 66 66 68 68 68 68 68 69 69 68 67 67 71 69 68 67 67 67 68 67 69 69 73 70 68 71 70 72 72 72 71 68 65 66 70 70 68 65 66 68 66 67 64 64 65 66 69 67 67 69 72 72 72 71 70 70 70 70 68 68 69 73 71 69 70 69 69 66 69 74 74 72 73 74 75 77 79 79 72 68
70 72 71 70 69 66 67 67 66 67 68 68 67 67 67 68 66 67 68 68 68 68 69 68 68 68 67 68 68 68 68 67 67 66 67 67 69 71 69 67 70 72 71 72 72 72 72 70 66 65 67 70 68 65 67 67 65 67 68 67 66 68 69 68 71 71 71 72 73 73 73 71 71 69 66 71 70 71 70 70 67 70 69 67 69 71 73 70 71 73 74 73 74 77 73 70
