DE_sunshineduration/2018_04_sunshineduration.asc
NCOLS 654
NROWS 866
XLLCORNER 3280414.711633467
YLLCORNER 5237500.62890625
CELLSIZE 1000
NODATA_VALUE -999
[rows 779 to 819 of 866, columns 94 to 187 of 654]
-999 -999 -999 -999 -999 -999 -999 -999 -999 -999 -999 -999 -999 -999 -999 -999 -999 -999 -999 238 237 237 237 237 237 235 236 236 235 235 235 235 235 234 234 234 234 233 233 233 233 233 232 232 231 233 233 233 233 232 232 230 228 230 230 231 230 231 234 234 230 231 232 231 231 233 233 234 233 235 235 235 236 237 236 236 237 238 239 240 240 241 242 242 242 242 241 241 242 243 243 243 243 242
-999 -999 -999 -999 -999 -999 -999 -999 -999 -999 -999 -999 -999 -999 -999 -999 -999 -999 -999 238 237 237 237 237 236 236 236 236 235 235 234 235 234 234 234 234 233 233 233 233 233 233 232 232 231 233 231 232 232 234 232 231 230 232 231 230 230 230 233 234 232 232 232 231 232 234 234 234 236 236 236 237 237 237 237 236 238 239 239 240 240 241 242 242 241 242 242 242 242 243 243 243 242 242
-999 -999 -999 -999 -999 -999 -999 -999 -999 -999 -999 -999 -999 -999 -999 -999 -999 -999 -999 238 237 237 237 237 236 236 236 236 236 234 235 235 234 234 234 233 233 233 233 233 233 233 232 232 232 232 231 230 232 231 233 232 231 232 231 230 230 230 230 234 231 232 232 233 234 234 234 234 235 235 235 235 235 237 237 238 238 239 240 240 241 241 242 242 242 242 242 242 242 243 243 243 241 241
-999 -999 -999 -999 -999 -999 -999 -999 -999 -999 -999 -999 -999 -999 -999 -999 -999 -999 -999 -999 238 237 237 237 237 236 236 236 235 235 235 235 234 234 233 233 233 232 232 232 233 232 230 231 232 232 232 228 230 230 230 231 233 232 232 232 231 230 230 233 234 232 233 233 233 234 234 235 236 236 236 236 236 236 239 237 239 239 239 241 241 241 242 242 242 242 242 242 242 242 242 242 242 241
-999 -999 -999 -999 -999 -999 -999 -999 -999 -999 -999 -999 -999 -999 -999 -999 -999 -999 -999 -999 -999 237 237 237 237 236 236 236 234 235 235 235 234 234 233 233 233 232 232 232 232 231 230 228 230 229 231 230 232 232 233 233 232 232 232 233 232 231 232 233 234 234 234 233 234 236 235 235 234 235 235 236 237 239 239 238 239 240 240 241 241 242 242 243 242 242 242 242 242 242 242 242 241 240
-999 -999 -999 -999 -999 -999 -999 -999 -999 -999 -999 -999 -999 -999 -999 -999 -999 -999 -999 -999 -999 -999 237 237 237 236 235 236 236 235 235 235 234 233 233 233 233 232 232 231 232 231 230 230 231 231 233 232 232 235 234 232 231 233 232 232 233 232 232 232 233 234 233 233 233 236 236 236 236 237 237 238 240 239 239 240 240 240 240 241 242 242 242 243 243 242 242 242 242 242 242 242 241 241
-999 -999 -999 -999 -999 -999 -999 -999 -999 -999 -999 -999 -999 -999 -999 -999 -999 -999 -999 -999 -999 -999 237 237 237 236 236 235 236 235 235 235 234 234 233 233 233 232 231 231 232 232 231 232 232 232 232 234 234 234 232 233 234 233 233 234 232 234 232 232 234 233 234 234 234 236 236 236 238 237 237 237 239 240 240 242 242 242 241 242 242 242 242 242 242 243 241 242 242 242 242 242 241 241
-999 -999 -999 -999 -999 -999 -999 -999 -999 -999 -999 -999 -999 -999 -999 -999 -999 -999 -999 -999 -999 -999 237 237 237 237 236 235 236 235 235 235 234 234 234 233 233 232 232 232 232 232 233 233 234 234 234 234 235 234 235 236 233 234 235 233 235 232 233 233 233 233 234 235 236 236 237 238 239 239 240 239 240 242 242 242 242 244 244 243 243 244 244 244 244 243 243 243 243 243 242 241 241 242
-999 -999 -999 -999 -999 -999 -999 -999 -999 -999 -999 -999 -999 -999 -999 -999 -999 -999 -999 -999 -999 -999 238 238 237 237 237 235 236 235 235 235 234 234 234 234 232 233 233 233 230 232 232 233 234 234 234 234 235 236 235 236 234 234 233 232 233 232 233 233 233 234 235 236 236 238 240 240 240 241 242 243 242 242 243 243 243 244 243 244 244 244 245 243 243 244 244 243 243 243 243 243 241 242
-999 -999 -999 -999 -999 -999 -999 -999 -999 -999 -999 -999 -999 -999 -999 -999 -999 -999 -999 -999 -999 -999 238 238 237 237 237 237 236 235 235 235 235 234 233 232 232 233 233 232 232 231 231 231 233 235 234 234 235 236 237 235 234 234 233 234 234 234 232 232 233 235 235 236 239 240 240 241 241 242 243 244 243 244 244 245 244 244 244 245 244 245 245 245 243 243 244 244 243 243 243 243 243 242
-999 -999 -999 -999 -999 -999 -999 -999 -999 -999 -999 -999 -999 -999 -999 -999 -999 -999 -999 -999 -999 -999 238 238 238 237 237 237 236 236 235 235 235 234 233 232 230 232 233 231 232 231 229 232 232 233 234 234 235 236 236 235 235 233 233 231 231 232 232 231 233 234 236 237 239 242 241 243 243 244 244 244 245 245 245 245 246 245 244 245 245 245 245 245 244 244 244 244 244 243 243 243 243 243
-999 -999 -999 -999 -999 -999 -999 -999 -999 -999 -999 -999 -999 -999 -999 -999 -999 -999 -999 -999 -999 238 238 238 238 238 237 237 237 236 236 236 234 234 233 231 231 232 232 231 232 230 230 230 232 231 233 234 233 232 234 232 231 232 229 232 229 230 230 231 233 234 237 239 240 242 243 245 244 244 246 246 246 246 247 247 247 246 245 246 246 245 246 245 242 244 244 244 244 244 244 243 243 243
-999 -999 -999 -999 -999 -999 -999 -999 -999 -999 -999 -999 -999 -999 -999 -999 -999 -999 -999 -999 238 238 238 238 238 238 238 238 237 237 237 235 236 234 232 233 232 232 231 231 230 232 230 231 229 229 231 233 232 231 231 233 232 228 228 229 228 230 230 229 232 235 237 239 239 244 246 246 246 247 248 248 249 249 249 249 247 247 248 247 247 246 246 246 244 244 245 245 244 244 244 244 244 244
-999 -999 -999 -999 -999 -999 -999 -999 -999 -999 -999 -999 -999 -999 -999 -999 -999 -999 -999 -999 239 238 238 238 238 238 238 238 237 237 237 236 235 233 233 234 233 231 231 230 231 232 229 229 226 229 231 231 231 229 229 230 229 230 227 228 229 230 231 231 233 235 237 239 242 247 246 246 247 248 249 250 250 250 250 250 249 248 248 248 246 246 246 246 245 245 245 245 244 244 244 244 244 244
-999 -999 -999 -999 -999 -999 -999 -999 -999 -999 -999 -999 -999 -999 -999 -999 -999 -999 -999 -999 239 238 238 238 238 238 238 238 238 237 237 237 235 235 234 234 233 230 228 228 231 229 227 228 225 229 230 228 228 230 228 226 228 230 231 228 229 230 230 231 233 235 237 239 243 246 246 249 249 249 249 250 250 250 250 251 250 249 248 248 247 247 246 246 246 245 245 245 245 244 244 244 244 244
-999 -999 -999 -999 -999 -999 -999 -999 -999 -999 -999 -999 -999 -999 -999 -999 -999 -999 -999 -999 239 239 239 238 238 238 238 238 238 238 237 236 236 235 235 234 232 233 231 230 229 228 227 226 225 228 227 224 225 224 228 224 224 224 227 229 231 229 231 232 234 235 239 243 244 246 249 250 250 249 251 251 251 251 250 251 250 250 249 248 247 246 246 245 245 245 245 245 245 245 245 245 245 244
-999 -999 -999 -999 -999 -999 -999 -999 -999 -999 -999 -999 -999 -999 -999 -999 -999 -999 -999 -999 239 239 239 239 238 238 238 238 238 238 237 237 236 236 236 234 232 232 231 230 228 226 226 227 227 228 224 222 222 220 221 225 223 224 227 227 229 228 230 232 234 238 240 243 244 249 250 252 251 251 251 251 252 251 252 251 251 250 250 249 249 247 246 245 245 245 245 245 245 245 245 245 245 245
-999 -999 -999 -999 -999 -999 -999 -999 -999 -999 -999 -999 -999 -999 -999 -999 -999 -999 -999 -999 240 239 239 239 238 238 238 238 238 237 237 237 236 235 235 235 233 230 230 228 228 227 225 226 226 225 226 223 222 219 219 222 222 224 226 227 226 228 230 231 234 239 241 241 244 248 251 252 252 252 251 251 252 252 252 252 251 250 250 249 248 247 246 246 245 245 245 245 245 245 245 245 245 245
-999 -999 -999 -999 -999 -999 -999 -999 -999 -999 -999 -999 -999 -999 -999 -999 -999 -999 -999 240 240 239 239 239 239 238 238 238 237 237 237 237 236 235 234 233 232 230 229 231 229 227 225 225 226 224 223 224 223 219 217 220 220 224 225 228 227 229 230 232 235 239 240 242 248 250 250 252 253 253 252 252 253 252 252 252 251 250 250 249 249 248 247 246 246 244 244 245 244 244 245 244 244 244
-999 -999 -999 -999 -999 -999 -999 -999 -999 -999 -999 -999 -999 -999 -999 -999 -999 -999 -999 240 240 240 239 239 239 239 238 237 237 237 237 236 234 233 232 232 232 233 233 230 229 226 225 225 224 223 221 220 220 219 214 216 219 223 226 228 229 229 232 235 235 238 242 245 250 251 253 255 254 255 254 253 254 253 251 252 251 251 250 249 249 248 248 247 246 246 246 244 245 244 244 243 244 244
-999 -999 -999 -999 -999 -999 -999 -999 -999 -999 -999 -999 -999 -999 -999 -999 -999 -999 -999 241 240 240 240 240 239 238 238 238 238 238 238 238 235 235 235 233 234 232 229 231 228 225 225 224 225 223 223 220 217 217 216 216 219 223 226 227 230 231 233 234 237 239 242 244 248 253 255 257 257 256 255 255 253 253 253 252 251 251 250 249 248 248 248 247 246 246 246 245 245 244 244 244 244 243
-999 -999 -999 -999 -999 -999 -999 -999 -999 -999 -999 -999 -999 -999 -999 -999 -999 -999 -999 241 241 240 240 240 240 238 238 238 238 237 236 236 235 237 235 236 233 230 227 230 227 225 226 225 226 224 222 221 219 218 219 220 219 222 224 226 229 231 234 234 237 241 242 245 250 254 256 258 259 257 257 256 255 252 252 251 250 250 250 251 248 248 248 248 247 246 246 246 245 244 245 245 244 245
-999 -999 -999 -999 -999 -999 -999 -999 -999 -999 -999 -999 -999 -999 -999 -999 -999 -999 -999 241 241 241 240 240 239 239 238 238 237 236 235 236 236 235 235 235 231 232 229 229 229 226 227 227 226 224 224 222 223 219 222 220 221 223 226 227 228 230 234 235 238 240 242 244 248 252 255 256 257 256 257 256 256 253 253 252 251 251 251 250 250 249 248 249 247 246 245 245 247 245 244 244 244 245
-999 -999 -999 -999 -999 -999 -999 -999 -999 -999 -999 -999 -999 -999 -999 -999 -999 -999 -999 241 241 241 241 240 241 240 239 239 238 238 235 234 236 235 233 236 235 232 229 227 227 229 229 226 227 228 225 223 225 224 223 221 222 225 227 230 229 232 234 237 238 239 242 244 247 251 252 255 255 256 254 255 254 253 253 254 251 252 251 250 251 249 248 248 248 248 246 246 247 245 245 245 245 245
-999 -999 -999 -999 -999 -999 -999 -999 -999 -999 -999 -999 -999 -999 -999 -999 -999 -999 242 242 242 242 242 240 241 240 240 238 237 237 238 236 233 235 235 235 231 232 230 227 226 227 229 229 226 228 229 229 228 225 224 223 224 226 229 231 231 232 236 238 240 240 241 244 248 249 250 251 253 253 253 253 253 253 252 251 251 251 251 250 250 248 248 248 247 247 247 247 247 246 246 246 245 245
-999 -999 -999 -999 -999 -999 -999 -999 -999 -999 -999 -999 -999 -999 -999 -999 -999 -999 242 242 242 242 241 241 240 240 239 238 237 237 236 236 237 234 233 235 231 227 226 228 228 231 230 228 228 229 230 227 226 225 225 226 228 226 229 231 232 233 234 237 240 242 241 243 247 250 250 251 251 251 251 252 252 252 252 251 250 249 250 249 248 247 247 247 246 245 246 246 247 246 245 246 244 244
-999 -999 -999 -999 -999 -999 -999 -999 -999 -999 -999 -999 -999 -999 -999 -999 -999 -999 242 242 242 242 241 241 241 240 239 238 237 236 235 236 234 234 235 233 230 229 228 229 228 230 230 232 230 230 230 227 227 225 228 227 230 229 229 233 234 233 235 235 239 241 243 244 247 248 249 249 250 251 250 251 250 250 250 250 250 249 250 249 248 247 247 246 246 246 246 246 247 247 247 247 246 244
-999 -999 -999 -999 -999 -999 -999 -999 -999 -999 -999 -999 -999 -999 -999 -999 -999 242 242 242 243 241 242 241 241 241 240 239 239 237 236 234 233 232 232 232 232 232 234 231 231 231 233 232 231 233 231 231 228 228 229 229 231 232 231 232 235 234 234 235 236 239 241 244 246 246 247 248 248 248 249 249 250 250 250 250 250 249 249 248 248 247 247 246 247 247 247 246 247 247 247 247 246 245
-999 -999 -999 -999 -999 -999 -999 -999 -999 -999 -999 -999 -999 -999 -999 -999 243 243 243 243 243 242 242 242 242 241 239 238 238 236 235 233 234 232 231 233 233 234 233 233 233 234 234 235 234 231 232 232 228 231 228 229 231 234 234 235 236 233 236 236 237 237 239 242 245 247 246 247 247 247 247 248 248 248 249 249 249 249 249 248 247 247 246 246 247 246 247 247 247 247 247 246 245 246
-999 -999 -999 -999 -999 -999 -999 -999 -999 -999 -999 -999 -999 -999 -999 -999 243 243 243 243 242 242 242 241 241 241 238 235 234 235 234 234 234 232 231 232 234 234 231 234 234 234 236 235 233 232 231 232 232 230 229 230 232 233 235 235 237 237 237 237 237 240 240 241 244 244 245 246 248 247 247 247 249 249 249 249 249 248 249 249 249 247 247 248 247 246 247 248 247 248 246 246 244 245
-999 -999 -999 -999 -999 -999 -999 -999 -999 -999 -999 -999 -999 -999 -999 -999 243 243 243 243 242 241 241 241 240 240 239 237 235 237 236 235 235 234 233 233 235 235 232 233 236 235 235 234 234 232 229 232 234 233 231 231 232 234 234 235 236 237 238 237 236 239 239 241 244 245 244 247 247 247 247 247 248 249 249 249 249 248 248 247 249 248 248 248 246 247 247 248 247 247 247 246 244 244
-999 -999 -999 -999 -999 -999 -999 -999 -999 -999 -999 -999 -999 -999 -999 -999 244 244 244 243 243 243 242 241 241 240 239 237 236 238 237 236 235 237 234 234 234 236 235 233 234 236 236 233 232 232 231 232 233 232 231 232 232 233 235 236 236 236 237 239 237 239 239 242 245 244 245 247 246 247 247 247 248 248 248 249 249 248 247 248 248 247 248 248 247 247 247 248 247 247 -999 -999 -999 -999
-999 -999 -999 -999 -999 -999 -999 -999 -999 -999 -999 -999 -999 -999 -999 -999 244 244 245 243 243 243 242 243 241 240 238 239 237 238 237 237 238 238 237 236 235 237 235 233 234 236 236 235 235 234 233 232 232 233 234 235 232 233 235 235 236 235 236 238 239 240 240 241 244 245 246 246 247 247 247 248 248 248 248 249 249 248 247 247 248 247 247 247 247 247 248 -999 -999 -999 -999 -999 -999 -999
-999 -999 -999 -999 -999 -999 -999 -999 -999 -999 -999 -999 -999 -999 -999 -999 244 245 244 245 243 243 243 242 242 241 239 239 238 239 237 237 238 239 237 238 237 237 234 233 235 236 235 234 235 233 233 233 232 234 235 235 232 234 235 235 235 237 237 238 239 241 242 242 245 245 246 246 246 247 247 248 248 248 248 249 249 248 247 248 246 247 247 248 247 248 -999 -999 -999 -999 -999 -999 -999 -999
-999 -999 -999 -999 -999 -999 -999 -999 -999 -999 -999 -999 -999 -999 -999 -999 -999 244 243 243 244 244 242 242 241 241 240 240 240 240 237 238 239 240 238 239 240 238 235 234 236 238 235 235 234 234 235 235 233 235 235 236 235 235 235 235 236 236 237 237 239 242 241 242 244 246 245 246 246 246 247 248 247 248 248 248 249 248 247 247 247 247 248 249 248 248 -999 -999 -999 -999 -999 -999 -999 -999
-999 -999 -999 -999 -999 -999 -999 -999 -999 -999 -999 -999 -999 -999 -999 -999 -999 244 243 243 244 244 243 243 242 242 242 241 242 240 238 239 240 240 240 240 239 237 235 234 237 239 236 236 237 237 234 235 234 236 236 235 235 235 236 237 235 236 238 238 239 241 240 241 243 244 245 245 246 245 247 247 247 247 248 247 248 247 247 247 247 248 247 249 248 -999 -999 -999 -999 -999 -999 -999 -999 -999
-999 -999 -999 -999 -999 -999 -999 -999 -999 -999 -999 -999 -999 -999 -999 -999 246 245 245 245 244 243 245 244 243 243 244 242 242 240 240 238 240 241 241 241 238 237 238 238 238 239 240 238 237 236 236 235 235 236 238 237 236 236 236 237 237 238 239 240 239 241 239 240 242 244 246 244 245 245 245 246 246 247 247 247 248 247 246 248 246 247 247 248 248 -999 -999 -999 -999 -999 -999 -999 -999 -999
-999 -999 -999 -999 -999 -999 -999 -999 -999 -999 -999 -999 -999 -999 -999 246 245 245 245 245 245 244 245 244 244 244 243 242 241 239 242 241 241 240 241 241 239 239 240 240 241 240 238 236 236 235 236 237 236 237 237 236 236 237 236 237 238 238 240 240 241 240 240 241 242 243 245 244 245 246 245 246 247 247 248 247 248 247 247 247 247 247 249 248 -999 -999 -999 -999 -999 -999 -999 -999 -999 -999
-999 -999 -999 -999 -999 -999 -999 -999 -999 -999 -999 -999 -999 -999 246 245 246 245 245 246 246 246 246 245 246 244 244 244 243 242 243 243 243 242 241 244 241 240 242 243 242 241 238 237 237 237 236 238 239 238 237 236 237 237 236 237 238 239 239 241 241 240 240 242 243 243 244 245 244 245 247 246 246 247 248 247 248 247 247 247 247 248 248 -999 -999 -999 -999 -999 -999 -999 -999 -999 -999 -999
-999 -999 -999 -999 -999 -999 -999 -999 -999 -999 -999 -999 -999 -999 247 245 246 246 246 246 247 247 247 246 246 245 246 244 244 246 246 244 245 243 244 244 243 243 244 243 240 240 240 240 239 238 238 239 239 239 238 237 237 237 238 237 239 239 239 242 240 240 242 242 243 244 244 246 245 245 245 246 247 247 247 247 248 247 247 248 248 249 -999 -999 -999 -999 -999 -999 -999 -999 -999 -999 -999 -999
-999 -999 -999 -999 -999 -999 -999 -999 -999 -999 -999 -999 -999 -999 247 245 246 247 247 248 248 248 248 248 247 246 246 245 245 245 247 247 246 246 246 246 246 244 245 244 241 241 242 242 239 239 241 240 240 240 238 238 237 239 240 239 240 241 240 243 241 242 242 243 243 245 244 245 246 245 245 247 246 246 247 247 247 247 247 248 249 247 -999 -999 -999 -999 -999 -999 -999 -999 -999 -999 -999 -999
