DE_sunshineduration/2018_02_sunshineduration.asc
NCOLS 654
NROWS 866
XLLCORNER 3280414.711633467
YLLCORNER 5237500.62890625
CELLSIZE 1000
NODATA_VALUE -999
[rows 774 to 816 of 866, columns 384 to 479 of 654]
74 74 74 74 74 74 74 74 74 74 74 74 73 72 73 73 73 73 73 73 73 72 72 72 72 72 73 73 73 73 74 74 74 74 74 74 74 75 75 75 75 75 75 75 75 75 76 76 76 76 76 76 75 75 75 75 74 73 75 73 73 73 73 71 71 71 70 70 70 69 69 69 68 69 68 67 67 68 67 67 67 68 68 69 68 69 69 69 71 71 70 71 70 71 71 70
73 73 74 73 73 73 74 73 73 73 73 73 73 72 73 73 73 73 73 73 73 73 73 73 73 72 72 73 73 73 74 74 74 74 74 74 74 74 75 75 75 75 75 75 75 75 76 76 75 76 76 75 74 74 74 74 74 73 73 73 73 72 72 70 70 70 69 69 69 68 69 67 67 68 67 68 67 67 67 67 66 67 68 68 67 69 69 70 70 69 71 70 70 70 71 70
73 73 73 72 73 73 73 73 73 73 73 73 72 73 73 73 73 73 73 73 73 73 73 73 73 73 72 73 73 73 73 74 74 74 74 74 74 74 75 75 75 75 75 76 76 76 76 75 75 75 74 75 75 74 74 74 74 73 73 72 72 72 71 69 69 69 69 68 68 68 68 67 67 67 67 66 67 67 67 66 66 65 68 68 67 68 70 70 70 70 71 71 70 70 70 71
73 72 72 72 74 73 73 73 73 73 73 73 73 73 73 73 73 73 73 73 73 73 73 72 73 73 73 74 74 74 75 74 74 74 74 74 74 74 75 76 76 76 76 76 76 76 75 75 75 74 74 74 74 74 73 74 73 72 72 72 72 71 70 69 69 68 68 68 68 67 67 67 67 65 67 66 67 67 66 66 66 67 66 66 68 68 69 70 70 70 70 71 70 70 70 71
71 71 71 72 73 72 73 72 72 72 72 73 73 73 73 72 73 73 73 73 73 73 73 73 73 73 74 74 74 74 75 74 74 74 74 74 75 75 75 75 75 76 76 76 75 75 75 75 75 74 73 73 73 73 73 73 72 71 71 71 71 70 70 68 68 68 68 67 66 67 66 66 66 66 67 66 66 66 66 66 66 66 66 66 67 68 69 69 70 69 69 69 70 70 70 70
71 72 73 73 73 73 73 73 73 73 73 73 72 73 73 73 72 72 74 74 73 73 72 73 73 73 73 74 74 73 75 75 75 75 75 75 75 75 75 75 75 75 75 75 75 75 75 75 74 74 73 73 73 72 73 72 71 70 70 70 69 69 69 68 67 66 67 67 67 67 66 66 65 65 65 65 65 65 65 66 66 66 66 67 68 68 70 69 69 68 69 69 69 69 70 70
72 72 73 73 73 73 73 73 73 73 73 72 72 72 73 73 73 73 74 74 73 72 73 73 73 73 73 74 74 74 74 75 75 75 75 75 75 75 75 75 75 75 75 75 75 75 74 74 74 73 73 73 74 72 71 71 71 71 69 68 69 69 67 67 67 67 67 67 67 66 65 65 65 65 66 65 65 65 65 66 66 66 66 67 68 69 69 69 69 68 69 69 69 69 70 70
73 73 73 73 74 73 73 74 74 73 74 72 72 72 73 73 73 73 73 74 74 74 74 74 73 73 73 74 74 74 74 75 75 75 75 75 75 75 75 75 75 75 75 75 75 74 74 74 74 73 73 73 73 71 71 71 71 70 69 68 69 67 67 67 67 67 67 67 66 65 65 65 66 65 65 65 65 65 66 66 66 66 67 68 68 68 68 69 68 69 68 69 69 69 69 70
72 72 73 73 74 73 73 74 73 73 72 71 72 72 73 72 74 74 73 73 74 73 74 74 74 74 73 73 74 74 74 74 74 74 75 75 74 74 75 75 74 74 74 74 75 75 74 74 74 73 73 74 73 72 70 70 70 69 69 67 67 66 66 66 66 66 66 66 66 64 64 65 64 65 65 64 64 64 65 66 66 66 67 68 68 69 69 68 68 68 70 69 69 69 69 69
71 72 73 73 73 73 73 73 72 71 71 71 71 71 72 72 72 73 73 73 71 72 74 74 74 74 74 74 73 73 74 74 74 74 74 74 74 74 74 74 74 74 74 74 74 74 73 73 73 72 72 72 72 72 71 70 69 68 68 66 66 66 66 66 65 65 65 65 64 64 64 63 63 64 63 63 63 64 65 65 65 66 67 68 68 68 67 68 68 68 68 69 69 69 69 68
72 71 71 73 73 72 72 72 72 72 71 71 72 72 72 73 73 73 73 73 71 73 73 74 74 74 74 74 74 73 73 74 74 74 74 74 74 74 74 74 74 74 74 74 74 74 73 73 73 72 72 72 72 71 69 69 69 69 66 65 65 65 65 65 65 65 64 64 63 63 62 62 62 62 62 63 63 64 65 65 65 66 65 68 68 68 67 68 68 68 68 69 69 69 69 68
72 71 72 71 72 72 72 72 72 72 71 71 72 72 72 73 73 73 72 72 71 73 73 74 74 74 74 74 74 74 74 75 74 74 74 74 74 74 74 74 74 74 73 74 74 74 73 73 72 73 71 72 72 71 69 68 69 68 66 65 65 64 64 64 64 64 63 63 62 62 61 61 62 62 62 62 63 64 64 64 65 66 66 68 67 67 67 68 68 68 68 69 69 69 69 69
71 71 72 72 71 71 71 71 70 71 71 71 71 72 72 72 73 73 72 71 70 73 73 73 73 74 74 73 74 74 74 74 74 74 75 74 74 74 75 74 73 73 73 73 74 74 73 73 71 71 71 71 71 71 69 67 67 67 66 64 64 63 63 63 62 62 62 60 60 60 60 60 60 62 61 61 63 63 64 64 64 65 66 66 66 67 67 67 67 68 68 68 68 68 69 68
70 71 71 70 70 71 72 71 70 70 70 71 71 71 71 71 71 71 70 70 72 72 73 73 74 74 74 73 73 73 74 74 74 74 74 74 74 74 74 74 74 74 73 73 74 74 74 73 71 72 71 69 69 69 68 67 65 66 64 63 63 62 62 61 61 61 61 59 58 58 59 59 59 60 61 62 62 63 63 63 63 65 65 66 66 66 67 67 67 67 68 68 68 67 67 67
70 70 71 71 70 70 72 71 70 70 70 71 71 71 71 71 72 69 70 70 72 72 72 73 73 74 74 74 74 73 74 74 74 74 74 74 74 74 74 74 74 74 74 73 74 74 73 72 72 72 71 69 69 69 68 67 65 65 64 63 62 62 61 60 60 60 58 57 57 57 58 59 58 60 61 62 62 62 63 63 64 64 65 66 66 66 67 67 67 67 68 68 68 67 67 67
70 70 70 71 70 70 70 70 70 70 71 71 71 71 71 72 71 69 69 71 72 72 72 73 73 74 74 74 74 74 74 75 74 74 74 74 74 74 74 74 74 74 74 73 74 74 73 72 72 71 71 70 69 68 67 66 65 64 63 62 62 61 60 60 60 58 57 57 57 56 56 58 59 59 60 61 62 62 62 63 64 64 65 66 66 66 66 67 67 67 67 68 67 67 66 67
70 70 70 70 70 70 70 69 69 69 71 70 71 71 71 71 71 69 69 71 72 72 71 72 72 73 74 74 74 74 74 74 73 73 74 73 73 73 74 73 73 73 74 72 73 72 72 72 72 72 71 70 70 68 67 66 65 64 63 62 61 60 60 59 59 57 56 56 56 55 55 57 58 58 60 60 61 63 63 64 63 63 65 66 65 66 66 67 67 67 68 68 66 66 66 66
68 69 70 70 70 70 69 69 69 69 70 70 70 70 71 71 70 70 70 71 71 72 71 72 72 72 74 74 74 74 74 74 74 73 73 73 73 73 73 73 73 73 73 72 73 72 72 70 71 71 71 70 69 68 67 66 65 64 63 61 60 60 59 58 56 56 55 55 54 54 55 56 57 57 59 60 61 62 62 63 63 63 65 65 65 66 66 67 67 67 67 68 66 66 66 66
69 70 70 70 70 70 68 69 69 69 69 70 71 70 71 71 70 70 70 71 71 71 71 72 72 72 73 74 75 75 74 74 74 74 73 74 73 73 73 73 73 73 73 72 73 73 71 70 70 70 69 69 69 68 67 66 65 64 63 61 60 60 59 58 56 56 55 54 54 54 55 56 56 57 59 60 61 61 61 62 63 62 64 64 65 65 66 67 67 67 67 67 66 66 66 66
69 69 69 70 69 68 68 69 69 69 70 70 70 71 71 71 70 70 70 70 71 71 70 72 72 72 73 74 73 74 74 74 74 74 74 74 74 73 73 73 73 73 73 72 73 71 70 70 70 70 72 69 69 67 67 66 65 64 62 61 60 59 58 57 56 55 55 54 54 53 55 56 56 57 59 60 61 62 61 62 63 64 67 66 66 65 65 67 67 66 66 68 66 66 66 67
68 68 68 70 69 68 68 68 68 69 70 70 71 70 70 69 69 70 70 70 70 70 70 70 71 72 73 73 74 73 73 73 75 74 74 74 73 74 73 73 73 73 73 72 72 72 70 71 70 69 69 69 69 67 67 66 65 64 63 61 60 59 58 56 56 55 55 55 54 54 55 56 57 57 59 60 61 61 63 64 64 67 67 66 65 65 65 66 66 67 67 67 67 67 67 67
67 68 68 69 68 68 68 68 68 68 70 70 71 71 71 69 69 69 70 70 70 70 70 70 72 72 72 73 73 73 73 73 73 73 74 74 74 74 73 73 73 73 73 72 72 72 71 69 69 69 69 69 68 68 67 66 65 64 62 61 60 59 58 56 55 55 55 55 55 55 56 56 57 57 59 60 60 62 64 64 65 66 65 65 66 65 66 66 66 67 67 67 66 66 66 67
66 67 68 69 68 68 68 68 68 68 70 70 71 71 71 69 69 69 69 70 70 70 70 71 72 72 72 72 72 72 74 73 73 73 74 74 74 74 73 73 73 74 73 71 72 72 72 71 70 71 70 69 68 68 67 65 65 64 62 61 60 60 58 56 55 55 55 55 55 55 55 56 56 58 59 60 60 60 63 65 64 65 64 65 65 65 66 67 66 66 66 67 67 66 67 67
66 67 68 67 68 68 68 68 68 68 69 70 71 71 71 69 69 69 69 70 70 70 70 70 72 72 72 72 72 72 74 74 73 73 73 74 74 74 74 74 74 74 73 73 72 72 72 71 71 71 70 70 71 69 67 67 65 64 62 61 60 58 58 57 56 55 55 55 55 55 56 56 56 57 59 60 60 62 64 64 65 65 65 66 65 65 66 67 66 66 66 67 67 67 67 67
67 66 67 68 67 68 68 68 68 68 69 69 71 71 71 70 69 69 69 70 70 70 70 70 70 72 72 72 72 72 73 73 74 73 73 74 74 74 74 74 73 73 74 74 74 71 73 72 71 71 71 70 70 70 69 68 65 63 63 62 61 60 58 57 56 56 56 56 56 56 56 57 57 59 59 60 61 62 62 65 65 65 66 66 65 66 66 65 66 66 68 68 67 68 67 67
66 66 66 67 67 67 68 68 68 68 68 68 69 70 70 69 68 68 70 69 69 69 70 71 70 72 72 71 71 71 73 73 74 73 74 74 74 73 73 73 73 74 75 73 73 73 71 72 72 72 72 69 70 71 70 68 65 64 62 62 61 60 58 57 57 56 56 56 57 57 57 57 58 58 60 60 61 63 64 66 66 65 66 66 66 66 67 67 66 66 66 68 67 68 68 66
66 66 66 67 67 67 68 68 68 68 68 68 69 70 69 68 68 68 68 69 69 69 69 71 70 70 72 71 72 72 73 75 74 73 74 74 74 74 73 73 74 76 76 76 74 73 70 72 72 73 72 71 70 71 71 69 66 65 64 62 61 61 60 58 57 57 57 57 57 57 58 58 58 58 60 62 61 61 64 65 65 65 67 66 66 66 67 67 66 66 67 68 68 68 68 68
66 66 66 65 67 67 66 67 68 68 68 68 69 69 70 70 68 68 68 69 69 69 69 71 70 70 71 72 72 72 73 75 73 73 74 74 74 74 74 74 75 73 74 73 73 73 71 72 72 73 72 69 71 69 69 68 67 65 63 62 61 60 59 58 58 58 58 58 58 58 58 58 58 60 61 61 61 63 64 64 64 65 66 66 67 67 68 67 67 67 67 68 68 68 68 67
64 65 65 66 65 67 66 66 67 67 67 67 68 70 70 68 68 68 68 68 68 69 70 70 70 70 71 70 72 72 73 73 72 73 74 74 74 74 74 74 74 74 74 73 73 72 72 72 72 72 72 70 71 69 69 68 68 65 63 63 62 61 60 60 59 60 59 59 59 59 59 59 59 61 61 62 63 63 65 65 64 66 66 66 67 67 68 69 68 67 69 68 68 68 68 67
63 64 65 65 65 66 66 66 66 67 67 67 67 68 68 67 67 67 68 68 68 69 70 70 70 70 69 70 71 71 72 72 72 72 73 72 73 73 74 74 74 74 74 73 72 71 72 72 72 73 71 71 71 71 69 68 68 65 64 63 63 62 62 61 62 61 60 60 60 59 59 60 60 61 61 62 64 64 64 66 66 68 68 67 67 67 68 72 72 70 70 73 71 68 68 67
63 63 64 65 65 65 65 66 66 66 66 67 68 67 67 67 67 67 68 68 68 69 69 70 70 70 70 70 71 71 72 72 72 72 72 73 73 73 74 74 74 74 74 73 73 72 73 72 72 73 74 72 71 70 70 68 68 67 64 63 63 63 62 62 62 62 60 60 60 60 60 60 61 61 64 67 67 66 66 67 69 70 75 70 67 68 71 73 75 73 74 77 77 68 68 67
61 62 63 64 65 65 64 65 66 66 66 66 67 67 67 67 67 67 67 68 69 69 69 70 70 70 70 72 71 71 71 72 72 72 73 73 73 73 73 74 75 74 73 73 72 73 73 72 73 73 73 70 71 72 71 72 71 70 68 65 63 63 63 63 62 62 62 61 60 61 61 61 62 64 68 69 66 66 68 70 72 74 73 70 67 68 72 75 75 75 76 79 74 69 68 67
60 62 63 63 64 64 65 64 64 65 65 67 66 66 67 67 67 68 67 67 69 69 69 69 69 71 70 70 71 71 72 72 72 72 72 73 73 73 73 73 73 73 73 72 73 74 73 72 73 75 74 74 71 72 73 71 72 72 71 70 64 64 64 64 63 63 63 63 62 62 61 61 63 68 67 66 66 68 70 73 75 79 75 74 68 70 76 78 82 84 81 80 79 69 68 68
59 60 62 63 64 65 64 63 63 64 65 65 65 66 66 67 67 67 67 67 68 68 69 70 70 70 70 70 71 71 71 72 72 72 72 73 73 73 74 73 73 73 73 73 73 74 73 73 75 77 74 74 74 71 72 71 72 72 72 68 67 65 65 64 66 64 64 64 63 62 62 63 64 65 66 66 67 70 75 76 84 80 79 73 70 78 80 86 84 80 81 72 71 68 68 68
59 60 61 62 63 63 63 63 63 63 64 65 65 65 66 67 67 67 67 67 68 68 68 70 71 70 69 71 71 71 71 72 72 72 73 73 74 74 74 73 73 73 73 74 75 75 73 73 76 74 76 74 74 73 73 71 72 74 73 71 72 67 67 68 70 71 66 64 63 63 63 62 64 67 65 67 68 73 79 86 80 86 76 69 72 82 86 82 77 79 77 68 69 68 68 69
58 59 61 63 63 63 63 63 63 63 63 64 65 65 65 66 67 67 67 67 68 69 69 72 72 70 70 70 71 71 71 72 72 72 73 74 74 74 74 75 73 73 74 74 75 74 73 74 73 73 76 77 78 76 71 72 72 75 74 79 75 69 72 77 74 72 68 65 64 63 63 63 63 66 70 70 71 78 -999 78 86 80 76 69 77 80 80 77 76 74 69 68 70 68 68 69
57 58 61 62 63 63 63 63 62 63 63 64 64 65 65 65 66 66 68 68 69 69 69 70 71 70 71 70 70 71 71 71 71 73 74 74 74 75 74 73 72 73 74 76 77 76 76 76 76 74 75 79 82 77 73 72 72 72 73 76 77 72 79 79 73 75 69 66 65 64 64 64 65 69 77 75 73 81 -999 81 86 77 74 70 78 79 79 78 75 73 68 73 72 77 71 69
55 56 59 62 61 62 63 63 62 62 63 64 63 64 65 65 65 66 67 68 71 75 75 75 72 69 70 70 69 70 71 75 76 76 76 78 78 76 75 73 71 73 78 82 81 80 83 80 75 74 73 75 79 77 73 72 73 74 76 77 78 73 74 77 79 76 68 65 65 65 64 64 65 67 76 76 -999 -999 -999 82 80 75 70 75 86 90 84 80 75 69 68 74 80 78 73 71
54 55 58 61 61 61 63 63 64 64 64 64 63 63 64 65 65 65 67 73 75 79 78 76 72 69 70 70 70 70 75 80 81 76 76 80 82 82 76 74 71 72 77 78 78 82 79 77 78 77 73 78 77 80 75 72 72 74 79 86 82 76 78 82 74 74 67 70 76 70 71 65 65 67 70 -999 -999 -999 -999 85 78 71 76 76 82 90 88 79 75 68 68 74 77 78 77 75
54 55 58 60 61 61 62 62 62 62 62 63 63 63 64 64 65 66 71 72 78 74 77 74 71 69 69 70 70 70 76 78 83 81 78 81 82 78 78 73 72 71 73 75 77 78 83 78 80 78 73 79 81 80 77 72 73 74 76 84 79 84 82 81 81 78 69 72 81 77 72 68 65 68 80 -999 -999 -999 -999 -999 78 70 81 85 86 88 82 77 71 69 71 81 79 79 78 76
52 55 56 58 61 63 62 64 63 63 62 62 63 63 64 64 65 66 69 70 72 74 77 75 71 69 70 70 70 70 72 72 73 79 80 83 79 79 76 74 73 71 72 76 79 81 84 82 79 81 75 74 74 73 73 72 72 74 74 81 85 93 86 86 80 77 75 69 79 79 72 68 65 68 -999 -999 -999 -999 -999 -999 -999 -999 76 78 84 82 83 72 80 71 70 77 75 75 75 75
51 52 54 57 58 59 61 64 66 64 62 62 62 63 63 64 65 65 71 73 72 73 76 77 72 70 69 70 70 70 74 77 77 76 77 82 83 76 77 74 73 72 72 72 76 76 79 81 80 80 82 75 74 80 76 79 75 72 73 76 81 84 86 82 78 78 74 73 80 77 77 76 65 65 -999 -999 -999 -999 -999 -999 -999 -999 -999 -999 -999 -999 -999 -999 -999 78 70 71 71 72 72 69
50 51 53 55 57 58 60 64 65 63 62 62 62 62 63 64 65 67 70 74 77 73 74 73 71 70 69 70 70 71 76 76 79 78 78 80 81 80 74 79 80 74 72 73 73 73 73 80 84 81 84 79 81 88 78 87 79 73 74 73 76 77 80 78 78 76 75 75 78 76 78 76 66 66 -999 -999 -999 -999 -999 -999 -999 -999 -999 -999 -999 -999 -999 -999 -999 -999 -999 -999 -999 71 70 70
