DE_sunshineduration/2018_06_sunshineduration.asc
NCOLS 654
NROWS 866
XLLCORNER 3280414.711633467
YLLCORNER 5237500.62890625
CELLSIZE 1000
NODATA_VALUE -999
[rows 369 to 409 of 866, columns 94 to 187 of 654]
198 199 199 199 199 200 200 200 201 201 202 202 203 205 206 206 207 208 209 209 210 211 211 211 211 211 210 210 208 208 207 207 206 205 205 204 204 203 203 202 202 200 200 200 200 201 201 201 201 201 202 202 201 201 202 201 201 201 201 200 200 201 201 201 200 201 201 200 199 199 199 198 198 198 198 197 198 197 197 197 196 196 196 195 194 194 194 194 193 193 193 193 193 193
198 198 199 199 199 200 200 200 201 201 202 202 203 204 205 205 206 207 207 208 209 209 209 210 209 209 209 208 207 207 206 207 206 205 204 204 203 203 203 202 202 201 201 200 200 200 200 202 201 201 201 201 201 201 201 200 201 199 201 201 201 201 201 201 201 200 200 199 199 199 198 198 198 197 197 198 197 197 197 196 196 196 195 195 194 194 194 193 193 193 193 193 193 193
197 197 197 199 199 200 200 200 201 201 201 202 202 203 203 204 205 206 206 207 208 208 207 208 208 207 206 206 206 206 205 206 205 205 204 204 203 202 202 202 201 201 200 199 200 201 200 200 201 200 200 200 200 200 199 200 200 200 199 200 200 200 200 200 200 200 199 199 198 198 197 197 197 197 197 197 197 196 196 196 196 195 195 195 194 193 193 193 193 193 193 193 193 192
196 197 197 197 198 200 200 200 200 201 201 201 202 203 203 203 204 206 206 206 207 208 208 208 207 206 206 206 205 205 205 205 205 205 204 204 202 201 201 202 201 200 199 199 201 201 201 201 201 201 201 201 201 200 200 200 199 199 199 199 199 200 200 200 199 199 199 199 198 197 197 197 197 196 197 197 197 196 196 196 195 195 195 195 194 193 193 193 193 193 193 193 193 192
197 196 197 197 198 199 199 200 200 200 201 201 201 202 203 203 204 205 205 206 206 207 207 207 206 206 206 206 205 205 205 205 205 205 205 203 202 201 201 201 201 200 200 200 200 201 201 201 201 201 201 200 200 200 200 200 198 199 199 199 199 199 199 199 199 199 199 198 197 197 197 196 196 196 196 197 196 196 196 196 195 195 194 194 193 193 193 193 193 193 193 193 193 192
196 196 196 197 197 198 199 199 200 200 200 200 201 201 202 202 203 203 204 205 205 204 205 205 206 205 205 205 205 204 204 205 204 204 203 203 203 202 201 201 200 200 200 200 200 200 200 200 200 200 200 200 200 200 199 199 199 198 198 199 199 200 198 198 199 198 197 197 197 197 196 196 196 196 196 196 196 196 195 195 195 195 195 193 193 193 193 193 193 193 193 193 193 192
196 195 195 196 197 198 197 199 200 200 200 200 200 200 201 201 202 202 203 203 204 203 203 204 204 204 204 204 204 204 203 204 203 202 201 202 202 201 201 201 200 200 200 200 200 200 200 200 200 200 199 199 199 199 199 199 199 199 199 199 199 199 198 198 198 198 196 196 196 196 196 196 196 196 195 196 196 195 195 195 195 194 194 194 193 193 193 193 193 193 193 193 193 192
196 195 195 195 196 197 197 198 199 200 200 200 200 200 200 200 201 202 202 202 203 204 203 203 204 204 204 205 204 204 204 204 203 202 202 202 202 201 201 201 200 200 200 200 200 200 200 200 200 199 199 199 198 198 199 199 199 199 199 199 199 197 198 197 198 197 197 197 196 197 196 196 196 195 196 196 195 195 195 195 195 194 193 193 193 193 193 193 193 193 193 193 192 192
196 196 195 195 196 197 198 198 199 199 200 200 200 200 200 200 201 201 202 202 202 202 203 203 203 204 204 204 204 204 204 203 203 202 202 202 201 201 201 201 200 200 200 200 200 200 200 200 200 199 199 199 199 199 199 199 199 199 199 199 198 198 198 198 197 197 197 197 197 197 197 197 196 195 196 196 195 195 195 195 194 193 193 193 193 193 193 193 193 193 193 193 192 192
196 194 195 195 195 197 197 198 198 199 199 199 199 199 200 200 200 201 201 202 201 201 202 202 203 204 204 203 204 204 203 203 203 202 202 202 202 201 201 201 200 200 200 200 200 200 200 200 200 200 200 199 199 199 198 198 199 199 198 198 198 198 197 197 197 197 197 197 197 197 196 196 196 196 196 195 195 195 194 193 193 193 193 193 193 193 193 193 193 193 193 192 192 192
194 194 194 194 195 195 196 197 198 198 198 199 199 199 199 200 200 200 200 201 202 202 202 202 202 203 203 203 204 203 203 203 203 202 202 202 201 201 201 201 200 200 200 200 200 200 200 200 200 200 200 200 199 199 199 199 199 198 198 198 198 197 197 197 197 195 195 195 195 195 195 195 196 195 194 194 194 193 193 193 193 193 193 193 193 193 193 193 193 192 192 192 192 192
194 194 194 194 195 196 196 196 196 197 198 198 198 198 199 199 199 200 200 200 201 202 202 202 202 203 203 203 203 203 203 203 202 202 202 202 201 201 201 201 200 200 200 200 199 199 199 199 200 200 200 200 199 199 199 199 198 197 198 198 197 197 197 196 195 196 196 195 195 195 195 195 195 194 194 194 194 193 193 193 193 193 193 193 193 193 193 193 193 192 192 192 192 192
193 193 194 194 194 194 195 195 195 196 197 197 197 197 198 198 198 199 199 199 200 201 201 201 201 202 202 202 202 202 202 202 201 202 202 201 201 201 201 201 200 200 200 200 200 199 199 199 199 200 200 200 199 199 199 198 198 198 198 197 197 197 197 196 196 196 196 195 195 195 195 195 194 194 194 194 194 193 193 193 193 193 193 193 193 193 193 193 193 192 192 192 191 191
193 193 193 193 194 194 194 194 194 194 195 195 195 196 195 196 197 197 198 198 199 199 200 200 200 200 200 201 201 201 200 201 201 201 200 201 201 201 200 200 200 200 200 200 199 199 199 200 199 200 200 200 199 199 198 198 198 197 197 197 197 196 195 196 195 195 195 195 195 194 194 194 194 194 194 194 194 193 193 193 193 193 193 193 193 193 193 193 193 192 191 191 191 191
193 193 192 193 193 193 193 193 193 192 192 193 194 194 193 194 195 195 195 197 198 198 198 199 199 199 199 199 200 200 200 200 200 199 200 200 200 200 200 200 200 199 198 198 199 200 200 200 201 200 200 200 199 198 196 196 196 197 196 195 195 195 194 194 195 194 194 194 194 194 194 194 194 194 194 194 194 193 193 193 193 193 193 193 193 193 192 192 192 191 191 191 191 191
192 192 192 192 192 192 192 192 192 191 191 192 193 193 193 194 193 194 194 196 197 198 198 198 198 198 198 198 199 199 199 198 200 200 200 200 200 200 200 200 198 198 198 198 199 200 200 201 201 199 200 200 198 196 196 196 196 196 195 195 195 194 194 194 194 194 194 194 194 194 194 194 194 194 194 194 193 193 193 193 193 193 193 192 192 192 192 192 191 191 190 190 191 190
192 192 192 192 191 191 192 191 191 191 191 191 191 192 193 193 193 193 194 194 195 197 197 198 197 198 198 198 198 198 199 199 199 200 200 200 200 200 200 200 198 198 198 199 200 201 200 200 200 200 200 200 199 196 196 195 195 196 196 194 194 194 194 194 194 194 194 194 194 194 194 194 194 194 194 194 193 193 193 193 192 192 192 192 192 192 192 191 190 190 190 190 190 190
191 191 191 191 191 191 190 190 190 190 190 190 191 191 192 192 193 192 193 194 196 196 197 197 197 197 197 197 197 198 198 198 199 199 199 199 200 199 199 199 199 199 199 199 199 200 200 200 201 200 200 199 198 196 195 195 194 194 194 194 194 194 194 193 194 194 194 193 193 193 193 193 193 193 193 192 192 193 192 192 192 192 192 192 191 192 190 190 190 190 190 189 190 189
191 191 190 190 190 190 189 190 190 189 189 190 190 190 190 191 192 192 192 193 194 195 195 196 196 195 195 197 197 197 197 198 198 199 199 199 199 199 199 199 199 198 198 199 198 200 199 200 200 201 199 199 197 196 194 194 194 194 193 193 193 193 193 193 193 193 193 193 193 193 193 193 192 192 192 192 192 192 192 192 192 191 191 192 191 190 190 190 189 190 189 189 189 188
190 190 190 190 189 189 189 189 188 188 188 188 190 190 190 190 192 192 192 192 194 195 196 196 195 195 196 196 197 197 197 197 198 199 199 199 199 199 199 199 197 198 198 197 198 199 199 199 200 199 199 198 196 194 194 194 193 193 193 193 193 193 193 193 193 193 193 193 193 192 192 192 192 192 192 192 192 192 191 191 191 191 192 191 190 190 189 189 189 189 189 189 187 187
190 190 190 189 189 189 189 189 188 188 188 188 188 189 190 190 191 192 192 192 193 194 196 196 196 196 196 196 196 197 197 197 198 198 199 199 199 199 199 198 197 198 197 197 198 198 198 198 198 198 198 197 196 194 194 193 193 193 193 193 193 193 193 193 192 193 193 192 192 192 192 192 192 192 192 192 191 191 191 191 191 191 191 191 189 189 189 189 189 189 188 188 187 187
190 189 189 188 187 187 187 187 187 187 187 188 188 189 190 190 191 191 191 192 193 194 195 196 196 196 196 196 196 196 197 197 197 198 197 197 198 198 197 197 197 197 197 197 197 197 197 197 197 197 196 196 195 194 193 193 193 193 193 192 192 192 191 191 191 191 191 191 192 192 192 191 192 191 191 191 191 191 190 190 190 191 189 189 189 189 188 189 188 188 187 187 186 188
189 188 188 186 186 186 185 185 187 187 187 188 189 189 188 190 190 191 191 192 193 194 195 195 196 196 196 196 196 196 195 195 196 196 196 197 197 197 197 197 197 197 197 196 196 196 196 196 194 195 193 193 193 192 192 193 192 192 191 191 191 191 190 190 191 190 190 191 190 191 191 192 191 191 191 191 190 189 189 189 190 189 189 189 189 188 188 188 188 186 188 188 188 187
189 186 186 185 185 184 185 185 186 187 187 187 188 188 189 189 190 191 191 191 192 193 195 194 194 195 196 195 195 195 195 195 196 196 196 195 196 196 196 196 196 196 196 196 195 194 194 194 193 192 192 192 191 191 191 191 191 191 191 191 190 189 189 190 189 189 189 189 190 191 191 191 190 190 191 191 189 189 189 189 189 189 188 188 188 188 188 187 187 187 186 187 187 186
188 186 186 185 183 184 185 185 185 186 187 187 187 188 189 189 190 191 190 191 192 193 194 194 194 194 195 195 195 194 195 195 194 195 195 195 195 195 196 195 194 195 194 194 193 194 193 192 191 191 190 190 189 189 190 189 189 190 189 189 189 189 189 189 189 188 189 188 189 189 190 190 190 190 190 190 189 189 188 188 189 188 188 188 188 187 187 187 186 186 187 187 186 187
188 187 185 184 184 182 184 184 185 185 186 187 187 188 188 189 189 189 190 191 192 192 193 193 194 194 193 193 193 194 195 195 195 194 194 194 194 194 195 194 193 193 193 193 193 192 191 191 190 189 189 188 188 187 187 187 188 188 188 187 187 187 187 188 188 188 188 188 189 189 189 189 189 189 188 189 188 188 188 188 187 187 187 187 187 187 186 186 186 186 186 185 186 187
187 186 184 184 183 182 183 183 184 185 186 187 187 188 188 188 189 190 190 191 191 192 192 193 193 193 193 194 194 193 193 193 194 194 193 193 193 193 193 193 193 193 193 193 192 192 190 191 190 189 188 186 187 185 184 184 185 185 185 186 187 187 186 187 186 186 186 187 187 188 188 189 189 188 188 188 188 188 188 188 188 188 188 187 187 186 186 186 186 185 184 185 186 185
187 185 184 184 183 182 182 183 184 186 186 186 187 188 188 188 189 190 190 190 191 192 192 192 192 193 193 192 193 193 193 192 192 194 194 194 194 193 193 193 192 191 192 193 192 191 191 191 189 187 187 186 185 183 182 184 184 185 186 186 187 187 187 188 187 187 188 187 188 188 189 189 188 188 188 188 189 188 189 188 188 188 187 187 186 186 186 186 186 185 184 185 183 184
186 185 184 184 183 182 183 183 184 185 186 187 187 187 187 188 189 190 190 190 191 192 192 191 191 192 192 192 191 192 193 193 193 195 194 194 194 194 193 192 193 192 193 192 191 191 191 190 187 186 187 184 182 181 182 182 183 184 185 185 186 187 188 188 188 188 188 188 188 189 189 189 188 188 189 189 189 189 189 189 189 189 189 188 187 187 186 187 186 185 185 183 183 183
187 186 185 184 184 183 184 184 185 185 186 186 186 187 188 189 189 189 190 191 191 190 191 191 191 190 191 191 192 192 192 193 194 194 194 194 193 194 193 193 192 193 191 191 191 190 190 189 188 186 186 183 181 180 180 181 182 182 183 185 186 186 186 186 186 186 187 187 189 189 190 189 189 189 187 189 187 188 188 188 188 188 187 187 187 187 186 186 185 186 184 184 184 182
187 186 186 184 184 184 185 184 185 185 186 186 187 188 188 188 189 190 189 189 190 191 191 190 190 190 191 191 192 192 193 193 194 193 193 194 194 194 192 192 192 191 190 190 190 189 188 188 187 185 185 183 183 181 181 181 182 182 182 183 185 186 186 187 187 187 186 186 187 189 189 188 188 188 188 188 188 187 187 188 188 186 187 187 185 184 185 184 185 183 184 184 182 181
187 185 185 185 184 184 185 185 186 187 187 186 188 188 188 188 188 189 189 189 189 190 190 191 191 191 191 192 193 193 193 193 193 193 193 193 192 192 192 192 191 190 189 189 188 188 188 188 186 185 183 183 183 181 181 181 181 182 182 183 184 185 185 185 185 187 187 185 186 188 187 187 188 187 187 186 187 187 188 188 187 186 186 186 187 186 185 184 185 183 183 182 183 181
188 186 186 186 186 186 186 186 187 187 187 188 187 187 187 188 187 189 189 188 189 191 191 191 191 192 192 192 192 193 192 192 192 192 193 192 192 192 192 191 191 190 189 187 187 187 188 186 185 184 184 183 183 181 181 180 181 182 181 182 183 184 184 185 184 185 186 186 188 189 189 188 188 188 187 186 186 187 187 187 186 186 185 185 185 184 185 185 185 183 183 181 181 181
189 187 187 186 187 188 187 187 187 188 187 187 186 186 186 187 187 188 187 189 190 189 191 192 191 192 192 191 191 191 191 192 192 192 192 192 192 191 191 191 190 190 189 189 188 187 187 186 185 184 182 182 183 183 183 182 183 182 181 182 183 184 183 184 185 185 187 187 187 188 187 187 187 188 187 187 187 186 186 186 186 186 185 185 183 184 185 183 184 183 184 181 180 180
191 190 189 188 189 188 188 187 186 188 188 188 188 186 186 186 188 189 188 188 189 191 190 192 192 192 192 191 191 190 190 191 191 191 191 191 191 191 189 190 189 189 190 189 188 187 187 187 186 184 183 183 183 183 184 184 184 184 184 183 184 184 183 184 184 185 185 187 186 186 186 186 186 186 187 186 186 184 186 185 186 184 185 184 185 183 184 185 184 182 182 181 180 179
190 190 190 189 188 186 187 187 187 189 189 187 187 186 187 188 188 187 190 190 191 192 192 192 192 192 191 191 191 191 190 190 190 191 191 191 190 189 189 188 189 190 189 190 188 187 187 186 186 184 183 184 184 184 184 185 184 184 185 184 183 184 182 184 184 185 185 185 186 188 187 186 186 186 186 187 186 185 185 185 187 183 183 183 184 183 183 184 183 182 182 181 180 179
191 190 189 189 188 188 186 188 188 188 189 187 187 188 186 187 189 190 189 190 191 190 192 192 192 191 191 190 189 191 190 190 190 190 190 189 189 189 188 188 189 190 188 189 189 187 186 185 185 183 182 182 183 182 184 184 183 184 184 185 185 183 183 182 183 183 185 185 185 186 186 185 185 186 186 186 185 185 185 185 184 184 182 182 183 183 183 182 183 182 182 181 179 178
191 190 188 189 190 187 187 187 188 189 189 189 188 188 189 189 190 190 190 190 191 191 190 191 190 190 190 191 190 190 188 189 189 188 189 189 189 188 188 188 188 189 187 188 189 188 186 185 184 182 183 182 181 181 182 184 183 182 182 185 185 185 185 183 184 185 186 187 187 186 186 184 185 185 186 185 184 184 184 183 183 181 182 182 182 182 182 182 183 182 182 180 179 179
189 189 189 189 190 188 188 188 187 188 188 189 189 188 189 188 189 190 190 189 191 191 191 190 190 190 189 189 189 188 188 189 188 188 188 188 187 187 187 189 188 187 186 186 187 186 185 184 185 183 182 183 180 181 180 182 183 183 183 184 185 185 186 186 185 188 188 189 187 187 186 187 186 185 184 184 183 183 183 182 182 182 182 182 181 182 183 183 181 180 181 180 180 180
192 189 190 190 188 188 188 189 188 188 187 188 188 189 189 189 189 190 189 189 188 190 191 191 190 189 188 188 189 188 188 187 188 187 187 187 188 187 188 189 188 186 186 187 187 187 186 185 184 184 182 182 182 182 182 184 183 183 183 184 184 185 185 185 186 187 187 188 188 189 186 185 184 184 185 184 182 183 184 183 182 181 182 183 185 184 185 183 181 181 181 181 180 179
190 191 189 190 189 190 188 188 188 189 188 188 189 189 189 188 188 189 190 189 188 190 190 191 191 190 189 189 189 189 190 189 187 188 187 187 187 188 187 188 187 187 186 184 186 186 186 186 184 183 182 182 182 183 183 183 183 183 182 182 185 185 184 185 185 185 186 188 187 186 185 186 185 186 184 185 184 185 185 184 184 184 184 183 183 185 183 184 182 182 181 180 179 179
