DE_sunshineduration/2018_12_sunshineduration.asc
NCOLS 654
NROWS 866
XLLCORNER 3280414.711633467
YLLCORNER 5237500.62890625
CELLSIZE 1000
NODATA_VALUE -999
[rows 636 to 688 of 866, columns 480 to 575 of 654]
13 13 13 14 16 13 13 12 15 14 13 11 11 11 12 10 10 10 13 13 12 12 12 14 12 11 13 12 17 15 14 -999 -999 -999 -999 -999 -999 -999 -999 -999 -999 -999 -999 -999 -999 -999 -999 -999 -999 -999 -999 -999 -999 -999 -999 -999 -999 -999 -999 -999 -999 -999 -999 -999 -999 -999 -999 -999 -999 -999 -999 -999 -999 -999 -999 -999 -999 -999 -999 -999 -999 -999 -999 -999 -999 -999 -999 -999 -999 -999 -999 -999 -999 -999 -999 -999
12 12 13 14 12 13 12 14 17 13 12 12 11 11 11 10 10 10 12 15 13 14 16 14 12 12 11 14 13 13 17 19 -999 -999 -999 -999 -999 -999 -999 -999 -999 -999 -999 -999 -999 -999 -999 -999 -999 -999 -999 -999 -999 -999 -999 -999 -999 -999 -999 -999 -999 -999 -999 -999 -999 -999 -999 -999 -999 -999 -999 -999 -999 -999 -999 -999 -999 -999 -999 -999 -999 -999 -999 -999 -999 -999 -999 -999 -999 -999 -999 -999 -999 -999 -999 -999
13 13 14 14 12 14 12 15 17 12 11 11 10 10 10 10 12 13 13 14 15 16 23 17 15 13 13 12 11 12 13 14 15 16 -999 -999 -999 -999 -999 -999 -999 -999 -999 -999 -999 -999 -999 -999 -999 -999 -999 -999 -999 -999 -999 -999 -999 -999 -999 -999 -999 -999 -999 -999 -999 -999 -999 -999 -999 -999 -999 -999 -999 -999 -999 -999 -999 -999 -999 -999 -999 -999 -999 -999 -999 -999 -999 -999 -999 -999 -999 -999 -999 -999 -999 -999
14 13 13 14 13 13 12 12 14 13 12 13 11 12 14 12 12 11 14 16 16 20 25 22 20 21 16 15 11 10 13 14 12 14 16 -999 -999 -999 -999 -999 -999 -999 -999 -999 -999 -999 -999 -999 -999 -999 -999 -999 -999 -999 -999 -999 -999 -999 -999 -999 -999 -999 -999 -999 -999 -999 -999 -999 -999 -999 -999 -999 -999 -999 -999 -999 -999 -999 -999 -999 -999 -999 -999 -999 -999 -999 -999 -999 -999 -999 -999 -999 -999 -999 -999 -999
14 14 13 13 13 12 11 14 14 13 11 12 11 11 13 14 14 12 14 15 17 20 16 20 24 29 23 16 17 11 15 15 17 16 19 21 22 23 -999 -999 -999 -999 -999 -999 -999 -999 -999 -999 -999 -999 -999 -999 -999 -999 -999 -999 -999 -999 -999 -999 -999 -999 -999 -999 -999 -999 -999 -999 -999 -999 -999 -999 -999 -999 -999 -999 -999 -999 -999 -999 -999 -999 -999 -999 -999 -999 -999 -999 -999 -999 -999 -999 -999 -999 -999 -999
14 13 14 13 12 14 13 12 13 13 11 12 12 13 12 13 14 17 13 15 16 16 13 12 14 17 21 20 17 13 13 16 17 17 17 16 21 22 -999 -999 -999 -999 -999 -999 -999 -999 -999 -999 -999 -999 -999 -999 -999 -999 -999 -999 -999 -999 -999 -999 -999 -999 -999 -999 -999 -999 -999 -999 -999 -999 -999 -999 -999 -999 -999 -999 -999 -999 -999 -999 -999 -999 -999 -999 -999 -999 -999 -999 -999 -999 -999 -999 -999 -999 -999 -999
13 13 13 13 13 12 15 13 13 13 12 12 13 14 14 15 16 17 17 16 16 15 15 12 12 12 13 16 15 14 13 14 15 13 12 14 15 17 22 25 -999 -999 -999 -999 -999 -999 -999 -999 -999 -999 -999 -999 -999 -999 -999 -999 -999 -999 -999 -999 -999 -999 -999 -999 -999 -999 -999 -999 -999 -999 -999 -999 -999 -999 -999 -999 -999 -999 -999 -999 -999 -999 -999 -999 -999 -999 -999 -999 -999 -999 -999 -999 -999 -999 -999 -999
14 14 13 13 13 13 12 12 12 12 12 13 13 16 15 16 17 21 20 14 15 13 12 10 11 10 10 9 9 12 10 11 12 12 12 15 16 17 20 25 20 -999 -999 -999 -999 -999 -999 -999 -999 -999 -999 -999 -999 -999 -999 -999 -999 -999 -999 -999 -999 -999 -999 -999 -999 -999 -999 -999 -999 -999 -999 -999 -999 -999 -999 -999 -999 -999 -999 -999 -999 -999 -999 -999 -999 -999 -999 -999 -999 -999 -999 -999 -999 -999 -999 -999
14 14 14 13 13 13 13 12 12 12 12 12 12 12 13 14 16 17 17 16 14 14 10 11 12 11 10 9 8 8 8 8 8 13 9 9 10 13 15 19 19 25 -999 -999 -999 -999 -999 -999 -999 -999 -999 -999 -999 -999 -999 -999 -999 -999 -999 -999 -999 -999 -999 -999 -999 -999 -999 -999 -999 -999 -999 -999 -999 -999 -999 -999 -999 -999 -999 -999 -999 -999 -999 -999 -999 -999 -999 -999 -999 -999 -999 -999 -999 -999 -999 -999
14 14 15 13 13 14 13 12 12 14 16 15 12 14 20 15 15 16 14 16 12 12 13 11 14 15 12 13 12 11 11 9 9 8 8 8 9 12 11 13 14 19 25 -999 -999 -999 -999 -999 -999 -999 -999 -999 -999 -999 -999 -999 -999 -999 -999 -999 -999 -999 -999 -999 -999 -999 -999 -999 -999 -999 -999 -999 -999 -999 -999 -999 -999 -999 -999 -999 -999 -999 -999 -999 -999 -999 -999 -999 -999 -999 -999 -999 -999 -999 -999 -999
14 15 14 16 14 14 14 14 14 14 16 13 13 15 18 17 15 14 14 14 13 10 12 15 15 19 16 19 20 13 16 12 11 13 13 10 8 9 8 10 11 13 21 28 -999 -999 -999 -999 -999 -999 -999 -999 -999 -999 -999 -999 -999 -999 -999 -999 -999 -999 -999 -999 -999 -999 -999 -999 -999 -999 -999 -999 -999 -999 -999 -999 -999 -999 -999 -999 -999 -999 -999 -999 -999 -999 -999 -999 -999 -999 -999 -999 -999 -999 -999 -999
15 15 15 15 15 15 14 14 14 14 15 14 13 14 15 18 14 14 14 14 12 11 11 12 14 19 23 25 22 18 17 13 13 15 14 14 11 9 8 10 15 17 20 22 -999 -999 -999 -999 -999 -999 -999 -999 -999 -999 -999 -999 -999 -999 -999 -999 -999 -999 -999 -999 -999 -999 -999 -999 -999 -999 -999 -999 -999 -999 -999 -999 -999 -999 -999 -999 -999 -999 -999 -999 -999 -999 -999 -999 -999 -999 -999 -999 -999 -999 -999 -999
15 15 16 16 15 16 15 14 14 14 15 16 16 16 13 14 14 13 13 11 12 13 10 11 12 14 14 14 19 27 20 19 19 23 19 17 14 11 13 9 10 12 16 22 -999 -999 -999 -999 -999 -999 -999 -999 -999 -999 -999 -999 -999 -999 -999 -999 -999 -999 -999 -999 -999 -999 -999 -999 -999 -999 -999 -999 -999 -999 -999 -999 -999 -999 -999 -999 -999 -999 -999 -999 -999 -999 -999 -999 -999 -999 -999 -999 -999 -999 -999 -999
16 15 15 15 15 15 16 16 16 14 14 15 15 13 13 15 15 12 12 11 12 15 12 11 11 11 11 8 13 18 16 16 23 24 26 24 18 12 12 9 9 15 16 22 -999 -999 -999 -999 -999 -999 -999 -999 -999 -999 -999 -999 -999 -999 -999 -999 -999 -999 -999 -999 -999 -999 -999 -999 -999 -999 -999 -999 -999 -999 -999 -999 -999 -999 -999 -999 -999 -999 -999 -999 -999 -999 -999 -999 -999 -999 -999 -999 -999 -999 -999 -999
18 15 15 16 18 16 17 17 16 16 15 16 15 14 13 14 17 13 14 11 14 15 17 15 13 11 10 9 10 11 11 12 14 17 18 22 25 13 15 11 10 13 18 17 16 -999 -999 -999 -999 -999 -999 -999 -999 -999 -999 -999 -999 -999 -999 -999 -999 -999 -999 -999 -999 -999 -999 -999 -999 -999 -999 -999 -999 -999 -999 -999 -999 -999 -999 -999 -999 -999 -999 -999 -999 -999 -999 -999 -999 -999 -999 -999 -999 -999 -999 -999
21 17 16 17 20 16 16 16 18 17 17 16 14 15 13 14 15 18 16 12 13 14 17 16 17 15 11 9 9 10 9 11 12 16 13 16 23 16 16 12 10 16 10 10 12 13 -999 -999 -999 -999 -999 -999 -999 -999 -999 -999 -999 -999 -999 -999 -999 -999 -999 -999 -999 -999 -999 -999 -999 -999 -999 -999 -999 -999 -999 -999 -999 -999 -999 -999 -999 -999 -999 -999 -999 -999 -999 -999 -999 -999 -999 -999 -999 -999 -999 -999
20 18 18 18 20 18 18 19 20 18 18 17 16 17 13 15 15 17 17 12 12 11 13 15 20 21 16 13 10 10 9 9 10 13 17 21 27 23 22 19 11 18 14 10 9 9 15 19 -999 -999 21 26 28 -999 -999 -999 -999 -999 -999 -999 -999 -999 -999 -999 -999 -999 -999 -999 -999 -999 -999 -999 -999 -999 -999 -999 -999 -999 -999 -999 -999 -999 -999 -999 -999 -999 -999 -999 -999 -999 -999 -999 -999 -999 -999 -999
22 19 17 20 18 17 16 20 23 18 20 16 17 15 15 16 15 17 17 15 14 16 12 14 19 19 17 17 14 11 9 9 9 13 15 16 18 23 18 21 19 20 17 14 10 9 20 20 18 21 26 29 29 33 -999 -999 -999 -999 -999 -999 -999 -999 -999 -999 -999 -999 -999 -999 -999 -999 -999 -999 -999 -999 -999 -999 -999 -999 -999 -999 -999 -999 -999 -999 -999 -999 -999 -999 -999 -999 -999 -999 -999 -999 -999 -999
19 18 18 19 20 18 17 19 21 20 19 17 17 16 15 15 18 17 19 16 13 11 12 15 20 18 16 17 19 17 13 8 10 10 12 11 13 18 16 18 17 19 13 14 16 12 16 17 18 20 24 32 36 38 39 -999 -999 -999 -999 -999 -999 -999 -999 -999 -999 -999 -999 -999 -999 -999 -999 -999 -999 -999 -999 -999 -999 -999 -999 -999 -999 -999 -999 -999 -999 -999 -999 -999 -999 -999 -999 -999 -999 -999 -999 -999
23 22 19 18 20 21 17 17 18 22 19 19 17 16 15 16 17 18 19 15 14 13 11 12 14 13 14 17 21 18 15 10 9 10 10 9 12 14 16 16 18 23 24 20 17 15 17 18 20 20 24 33 39 36 33 34 33 -999 -999 -999 -999 -999 -999 -999 -999 -999 -999 -999 -999 -999 -999 -999 -999 -999 -999 -999 -999 -999 -999 -999 -999 -999 -999 -999 -999 -999 -999 -999 -999 -999 -999 -999 -999 -999 -999 -999
22 22 21 18 20 21 17 19 18 23 19 18 17 16 18 16 17 17 16 16 16 14 12 11 14 13 13 15 19 17 14 11 10 12 10 10 12 16 14 13 15 24 27 27 23 22 18 22 20 21 23 31 38 28 32 36 33 -999 -999 -999 -999 -999 -999 -999 -999 -999 -999 -999 -999 -999 -999 -999 -999 -999 -999 -999 -999 -999 -999 -999 -999 -999 -999 -999 -999 -999 -999 -999 -999 -999 -999 -999 -999 -999 -999 -999
23 23 21 18 20 21 17 17 21 21 20 17 16 19 18 20 22 20 17 17 16 15 13 11 12 12 14 15 13 14 11 10 11 16 13 10 11 14 14 12 13 24 29 29 25 21 22 20 21 23 23 29 29 26 27 35 33 36 -999 -999 -999 -999 -999 -999 -999 -999 -999 -999 -999 -999 -999 -999 -999 -999 -999 -999 -999 -999 -999 -999 -999 -999 -999 -999 -999 -999 -999 -999 -999 -999 -999 -999 -999 -999 -999 -999
25 24 21 18 17 18 16 16 20 21 20 17 19 17 19 22 27 21 18 22 19 15 14 13 10 11 13 10 9 11 10 9 12 16 17 14 14 13 13 13 17 22 26 31 30 32 27 25 22 24 23 25 28 25 30 35 36 37 -999 -999 -999 -999 -999 -999 -999 -999 -999 -999 -999 -999 -999 -999 -999 -999 -999 -999 -999 -999 -999 -999 -999 -999 -999 -999 -999 -999 -999 -999 -999 -999 -999 -999 -999 -999 -999 -999
25 25 21 20 16 17 16 16 18 21 19 17 21 19 18 22 23 23 19 21 21 16 15 14 12 10 12 9 12 12 13 11 10 12 18 16 16 14 16 19 23 24 23 27 33 31 29 27 24 25 23 24 25 26 28 33 40 39 39 42 42 -999 -999 -999 -999 -999 -999 -999 -999 -999 -999 -999 -999 -999 -999 -999 -999 -999 -999 -999 -999 -999 -999 -999 -999 -999 -999 -999 -999 -999 -999 -999 -999 -999 -999 -999
25 24 22 18 17 16 15 16 17 22 20 16 20 22 18 19 25 24 21 22 19 18 18 12 12 11 12 12 14 13 15 14 10 12 13 14 14 16 22 22 18 19 21 26 31 32 27 28 25 28 27 27 28 28 27 33 35 35 41 40 38 -999 -999 -999 -999 -999 -999 -999 -999 -999 -999 -999 -999 -999 -999 -999 -999 -999 -999 -999 -999 -999 -999 -999 -999 -999 -999 -999 -999 -999 -999 -999 -999 -999 -999 -999
25 25 22 19 18 15 16 16 21 20 17 16 22 26 21 20 24 25 24 24 18 20 16 13 12 12 11 13 15 11 13 9 11 12 12 12 17 22 21 27 21 19 21 22 26 27 26 26 25 27 27 29 29 30 30 28 29 32 37 37 38 -999 -999 -999 -999 -999 -999 -999 -999 -999 -999 -999 -999 -999 -999 -999 -999 -999 -999 -999 -999 -999 -999 -999 -999 -999 -999 -999 -999 -999 -999 -999 -999 -999 -999 -999
25 25 25 20 18 17 15 20 23 22 18 18 20 26 26 22 22 29 28 24 19 20 15 15 17 14 13 12 15 14 11 10 12 14 13 15 16 17 17 24 23 20 20 22 26 25 28 27 27 28 26 25 26 26 26 26 28 33 31 37 38 -999 -999 -999 -999 -999 -999 -999 -999 -999 -999 -999 -999 -999 -999 -999 -999 -999 -999 -999 -999 -999 -999 -999 -999 -999 -999 -999 -999 -999 -999 -999 -999 -999 -999 -999
24 24 22 19 17 16 15 18 19 18 17 17 20 24 28 25 22 27 30 22 20 22 16 16 17 16 15 14 16 12 12 11 14 13 13 14 15 17 17 21 23 24 22 22 23 26 26 27 26 26 26 25 26 25 25 27 30 30 29 37 39 -999 -999 -999 -999 -999 -999 -999 -999 -999 -999 -999 -999 -999 -999 -999 -999 -999 -999 -999 -999 -999 -999 -999 -999 -999 -999 -999 -999 -999 -999 -999 -999 -999 -999 -999
24 25 21 21 17 16 15 17 18 17 16 18 19 22 23 29 23 25 33 27 21 23 18 15 19 16 20 19 16 13 12 11 12 14 17 16 14 15 16 18 22 25 23 22 22 23 25 25 25 25 25 26 24 26 25 25 28 28 30 31 37 39 -999 -999 -999 -999 -999 -999 -999 -999 -999 -999 -999 -999 -999 -999 -999 -999 -999 -999 -999 -999 -999 -999 -999 -999 -999 -999 -999 -999 -999 -999 -999 -999 -999 -999
24 23 20 19 18 15 15 16 18 17 18 18 23 20 23 27 25 27 30 28 25 22 19 16 19 17 19 20 15 13 13 12 12 14 17 18 17 17 17 19 20 22 22 23 22 23 23 25 28 25 27 26 25 24 24 24 26 30 33 33 34 33 39 -999 -999 -999 -999 -999 -999 -999 -999 -999 -999 -999 -999 -999 -999 -999 -999 -999 -999 -999 -999 -999 -999 -999 -999 -999 -999 -999 -999 -999 -999 -999 -999 -999
21 20 22 18 16 15 14 16 18 16 17 20 24 19 21 23 24 24 27 29 30 28 23 19 19 18 18 23 18 14 13 13 14 16 16 17 18 19 18 19 19 21 23 23 21 23 23 24 24 26 29 28 27 26 23 25 29 34 37 39 42 40 41 -999 -999 -999 -999 -999 -999 -999 -999 -999 -999 -999 -999 -999 -999 -999 -999 -999 -999 -999 -999 -999 -999 -999 -999 -999 -999 -999 -999 -999 -999 -999 -999 -999
19 19 19 16 15 14 17 15 17 16 17 20 22 19 16 17 23 23 23 26 25 28 32 29 24 24 23 20 23 17 14 15 17 17 18 19 21 20 18 19 18 20 21 22 20 22 22 24 26 25 28 29 27 28 26 25 29 35 39 39 45 45 43 -999 -999 -999 -999 -999 -999 -999 -999 41 42 -999 -999 41 -999 -999 -999 -999 -999 -999 -999 -999 -999 -999 -999 -999 -999 -999 -999 -999 -999 -999 -999 -999
20 17 17 19 17 15 14 16 16 16 16 17 19 20 16 15 21 19 20 25 25 23 27 32 29 26 23 19 22 18 15 15 14 16 20 23 22 22 21 19 19 19 20 20 20 21 23 24 28 29 26 28 29 30 25 26 29 32 33 35 42 40 37 41 43 44 45 -999 -999 -999 43 41 40 40 40 39 -999 -999 -999 -999 -999 -999 -999 -999 -999 -999 -999 -999 -999 -999 -999 -999 -999 -999 -999 -999
16 16 20 17 15 14 14 17 17 17 16 18 18 18 14 15 17 16 19 22 23 24 26 30 31 27 20 20 19 17 18 17 17 17 19 19 19 22 20 19 18 20 20 21 22 21 22 23 25 24 26 28 28 27 26 26 29 29 31 34 36 40 33 37 35 37 41 43 -999 -999 43 44 36 37 36 36 -999 -999 -999 -999 -999 -999 -999 -999 -999 -999 -999 -999 -999 -999 -999 -999 -999 -999 -999 -999
16 17 17 16 15 14 15 16 17 17 16 17 16 15 16 15 16 15 17 20 19 24 25 32 32 24 21 19 20 20 17 17 19 21 24 24 21 21 21 20 19 21 23 25 22 23 24 22 23 24 26 26 29 29 25 26 28 28 29 30 33 34 30 31 32 32 34 37 41 42 43 37 32 33 37 35 34 33 36 -999 -999 -999 -999 -999 -999 -999 -999 -999 -999 -999 -999 -999 -999 -999 -999 -999
15 17 17 16 15 16 14 14 17 15 18 16 15 15 18 19 16 16 18 18 24 28 27 31 31 28 23 21 23 22 20 18 20 25 24 28 23 21 20 21 20 22 24 26 24 25 22 22 22 24 25 27 28 32 29 26 27 28 28 29 30 31 29 29 29 32 32 35 40 41 40 42 35 31 32 34 34 32 35 -999 -999 -999 -999 -999 -999 -999 -999 -999 -999 -999 -999 -999 -999 -999 -999 -999
15 16 16 15 15 15 15 16 16 15 18 15 14 14 18 20 20 17 17 17 22 27 30 26 24 32 25 24 29 25 22 20 22 28 30 26 25 24 21 24 21 23 26 27 25 24 22 23 23 23 27 31 32 34 32 30 29 28 27 29 30 30 29 29 31 28 32 37 38 37 37 42 35 31 31 34 32 33 32 35 -999 -999 -999 -999 -999 -999 -999 -999 -999 -999 -999 -999 -999 -999 -999 -999
15 15 16 15 15 15 15 16 15 16 18 15 14 14 16 19 18 16 16 15 19 22 27 24 20 27 27 25 30 26 23 21 23 24 32 28 27 28 23 23 22 22 23 26 24 23 23 23 23 23 24 29 31 31 29 32 29 28 27 29 31 30 29 28 28 27 28 31 35 34 34 39 36 31 30 34 30 31 31 33 -999 -999 -999 -999 -999 -999 -999 -999 -999 -999 -999 -999 -999 -999 -999 -999
15 15 15 15 15 15 15 15 15 14 17 15 14 14 16 16 17 16 15 16 19 18 23 18 17 23 22 22 31 29 25 18 23 25 32 31 28 28 24 24 21 22 25 27 24 23 24 21 22 24 25 26 27 25 27 30 29 29 28 27 28 27 28 28 28 26 27 28 31 32 32 36 35 34 29 31 28 32 33 33 32 31 -999 -999 -999 -999 -999 -999 -999 -999 -999 -999 -999 -999 -999 -999
15 15 15 15 15 15 14 14 14 15 16 15 14 14 14 14 17 17 15 16 17 17 22 18 17 21 17 18 24 23 19 18 28 26 31 36 32 27 25 23 24 21 23 24 25 25 22 22 24 25 25 24 26 24 26 29 27 27 27 27 27 27 27 27 29 26 26 27 28 31 30 31 33 30 29 29 31 31 35 36 37 31 -999 -999 -999 -999 -999 -999 -999 -999 -999 -999 -999 -999 -999 -999
15 15 15 15 15 15 13 13 14 14 15 15 14 14 14 14 16 15 15 16 15 15 18 16 16 21 17 17 20 20 17 18 29 32 32 34 28 26 26 25 24 23 23 25 25 23 25 23 22 24 26 25 23 24 25 26 27 27 26 25 26 29 29 28 28 28 25 27 29 27 28 32 34 31 29 29 30 29 34 36 34 32 -999 -999 -999 -999 30 -999 -999 -999 -999 -999 -999 -999 -999 -999
15 15 15 15 14 14 13 13 13 15 14 14 14 14 14 15 15 14 14 16 15 16 16 15 16 17 16 15 21 21 15 19 25 34 35 35 32 26 25 24 25 25 25 25 25 24 24 23 24 24 25 24 24 23 24 25 25 26 27 23 25 28 28 28 29 27 25 27 29 27 28 30 29 30 32 31 28 29 29 32 35 37 34 33 34 31 31 -999 -999 -999 -999 -999 -999 -999 -999 -999
15 15 15 15 13 13 13 13 13 13 14 14 14 14 15 15 15 15 14 14 14 14 15 15 15 16 16 16 18 18 14 18 25 28 34 33 32 28 26 25 27 26 25 25 25 25 25 24 25 25 24 23 23 23 23 23 23 25 25 22 25 24 26 26 27 25 25 25 28 26 28 28 26 27 28 29 28 28 29 30 31 37 34 32 35 31 32 32 -999 -999 -999 -999 -999 -999 -999 -999
13 13 13 13 13 13 13 13 13 13 14 14 14 14 14 14 15 14 14 14 14 14 14 14 15 16 16 16 19 19 15 17 26 25 27 30 32 30 27 27 27 28 23 26 25 25 26 27 28 27 24 23 22 22 23 25 27 26 23 23 26 25 24 25 25 25 25 25 25 28 27 27 27 26 28 29 28 28 28 31 34 37 34 34 35 33 34 32 -999 -999 -999 -999 -999 -999 -999 -999
13 13 13 14 14 14 14 14 14 14 13 13 13 14 13 14 14 14 14 13 13 14 14 14 15 16 15 16 18 15 15 20 27 25 28 27 28 29 28 20 25 24 20 24 26 27 28 28 29 26 25 23 24 22 21 24 22 22 22 22 25 23 26 24 25 27 29 27 27 27 27 26 25 26 27 27 26 26 31 33 32 33 32 35 38 37 35 32 -999 -999 -999 -999 -999 -999 -999 -999
14 14 14 14 14 14 14 14 14 14 14 13 13 13 13 13 13 13 13 13 13 13 14 14 14 14 15 16 17 15 15 20 21 20 25 25 27 29 25 17 21 18 17 20 24 25 23 28 28 26 25 24 23 22 23 19 23 26 20 23 21 23 22 26 26 26 28 30 27 28 26 26 25 27 26 27 26 27 29 31 31 32 37 38 36 36 34 34 30 -999 -999 -999 -999 -999 -999 -999
14 14 14 14 14 14 14 14 14 14 14 14 14 13 14 13 14 13 14 13 14 13 14 13 14 14 15 14 16 14 15 18 18 17 21 25 22 21 18 17 18 19 16 17 20 22 21 22 27 27 26 26 23 24 22 20 24 24 22 22 20 26 23 26 26 29 24 25 27 28 29 26 26 30 28 27 27 27 29 31 32 33 34 40 37 35 35 33 33 31 31 30 -999 -999 -999 -999
13 13 14 14 14 14 14 14 14 14 14 15 15 14 14 14 14 14 14 14 14 14 14 14 14 14 14 16 17 15 14 15 15 17 23 21 21 18 17 16 16 16 16 17 19 19 20 22 27 27 28 27 26 27 24 22 22 21 21 21 19 25 25 27 28 26 25 20 24 25 25 27 26 27 27 26 27 27 28 31 34 32 35 41 39 36 33 32 31 31 30 32 -999 -999 -999 -999
13 13 14 14 14 14 14 14 14 14 14 15 14 14 15 14 14 14 14 14 14 14 14 14 14 14 14 15 16 15 15 16 19 20 22 20 21 18 17 15 15 15 16 18 20 21 26 25 31 30 28 29 27 27 23 22 21 20 20 20 19 24 24 26 26 23 23 18 23 24 23 24 25 25 25 26 26 26 28 30 32 28 32 38 37 35 33 32 32 31 31 32 -999 -999 -999 -999
13 13 13 14 14 14 14 14 14 14 14 15 15 15 15 15 15 14 14 14 14 14 14 14 14 14 14 14 14 14 14 15 17 19 20 19 18 19 17 14 16 16 17 18 22 27 29 30 34 32 29 31 29 28 30 26 22 21 19 20 19 22 26 23 25 22 21 18 19 23 22 26 26 24 27 28 26 26 28 29 30 28 28 36 37 37 34 33 32 31 32 35 35 36 -999 -999
13 13 13 14 14 14 14 14 14 14 15 15 15 15 15 15 15 15 14 14 14 15 15 15 15 15 15 14 14 14 14 18 19 18 19 17 18 19 18 14 16 18 18 18 20 29 29 26 28 32 25 27 31 25 25 26 23 22 20 22 19 21 21 24 23 24 21 18 23 25 23 24 28 26 25 29 29 27 26 26 26 25 28 32 32 32 33 35 35 32 33 38 38 -999 -999 -999
15 14 13 14 14 14 14 14 14 14 14 15 15 15 15 16 16 16 15 15 15 15 15 15 15 15 14 14 14 14 14 15 17 16 18 16 16 18 16 15 15 19 18 19 20 22 23 25 25 27 22 22 24 21 24 25 22 21 22 22 20 20 21 23 20 23 21 18 24 22 21 23 25 27 25 26 28 29 31 25 24 25 27 27 29 29 29 30 32 31 36 42 45 -999 -999 -999
15 14 14 14 14 14 14 14 14 14 15 15 15 15 16 16 16 16 16 15 15 15 15 15 15 15 15 15 14 14 14 14 16 16 18 16 15 17 17 15 17 14 17 19 20 17 17 21 20 24 24 20 20 20 19 22 21 20 21 20 20 19 19 20 22 22 18 19 22 23 20 23 21 23 26 22 25 27 28 22 24 27 28 29 29 29 28 30 28 29 34 36 41 40 42 -999
