DE_sunshineduration/2018_02_sunshineduration.asc
NCOLS 654
NROWS 866
XLLCORNER 3280414.711633467
YLLCORNER 5237500.62890625
CELLSIZE 1000
NODATA_VALUE -999
[rows 688 to 730 of 866, columns 96 to 191 of 654]
-999 -999 -999 -999 -999 -999 -999 -999 -999 -999 -999 -999 -999 -999 -999 -999 -999 -999 -999 -999 -999 -999 -999 -999 -999 -999 -999 -999 -999 -999 -999 -999 -999 -999 -999 -999 -999 -999 -999 -999 -999 -999 -999 -999 -999 -999 -999 -999 -999 -999 -999 -999 -999 -999 -999 -999 -999 -999 -999 98 98 98 98 98 98 98 98 97 97 97 98 98 98 99 100 100 102 105 104 102 101 103 101 99 99 99 100 101 100 100 98 98 98 98 98 98
-999 -999 -999 -999 -999 -999 -999 -999 -999 -999 -999 -999 -999 -999 -999 -999 -999 -999 -999 -999 -999 -999 -999 -999 -999 -999 -999 -999 -999 -999 -999 -999 -999 -999 -999 -999 -999 -999 -999 -999 -999 -999 -999 -999 -999 -999 -999 -999 -999 -999 -999 -999 -999 -999 -999 -999 -999 -999 -999 98 98 98 98 98 98 98 97 97 97 97 97 97 99 99 99 100 105 104 104 103 103 102 101 100 101 101 100 99 101 100 98 98 99 98 99 100
-999 -999 -999 -999 -999 -999 -999 -999 -999 -999 -999 -999 -999 -999 -999 -999 -999 -999 -999 -999 -999 -999 -999 -999 -999 -999 -999 -999 -999 -999 -999 -999 -999 -999 -999 -999 -999 -999 -999 -999 -999 -999 -999 -999 -999 -999 -999 -999 -999 -999 -999 -999 -999 -999 -999 -999 -999 -999 -999 97 97 98 98 98 97 97 97 97 97 97 98 98 98 100 101 102 103 103 103 103 102 102 98 100 101 101 100 100 100 99 100 99 99 100 99 97
-999 -999 -999 -999 -999 -999 -999 -999 -999 -999 -999 -999 -999 -999 -999 -999 -999 -999 -999 -999 -999 -999 -999 -999 -999 -999 -999 -999 -999 -999 -999 -999 -999 -999 -999 -999 -999 -999 -999 -999 -999 -999 -999 -999 -999 -999 -999 -999 -999 -999 -999 -999 -999 -999 -999 -999 -999 -999 97 97 97 97 97 97 97 97 97 97 97 97 97 98 98 99 104 101 99 103 104 104 102 102 99 101 100 101 101 101 100 100 101 100 100 97 99 98
-999 -999 -999 -999 -999 -999 -999 -999 -999 -999 -999 -999 -999 -999 -999 -999 -999 -999 -999 -999 -999 -999 -999 -999 -999 -999 -999 -999 -999 -999 -999 -999 -999 -999 -999 -999 -999 -999 -999 -999 -999 -999 -999 -999 -999 -999 -999 -999 -999 -999 -999 -999 -999 -999 -999 -999 -999 -999 97 97 97 97 97 97 97 97 97 97 97 97 96 97 97 99 100 99 101 102 102 103 103 103 99 102 102 101 101 101 100 102 101 100 100 97 100 101
-999 -999 -999 -999 -999 -999 -999 -999 -999 -999 -999 -999 -999 -999 -999 -999 -999 -999 -999 -999 -999 -999 -999 -999 -999 -999 -999 -999 -999 -999 -999 -999 -999 -999 -999 -999 -999 -999 -999 -999 -999 -999 -999 -999 -999 -999 -999 -999 -999 -999 -999 -999 -999 -999 -999 -999 -999 -999 97 97 97 97 97 97 97 97 97 98 98 97 97 97 97 97 98 98 99 100 101 104 103 104 99 104 103 100 102 103 103 102 101 102 97 102 100 100
-999 -999 -999 -999 -999 -999 -999 -999 -999 -999 -999 -999 -999 -999 -999 -999 -999 -999 -999 -999 -999 -999 -999 -999 -999 -999 -999 -999 -999 -999 -999 -999 -999 -999 -999 -999 -999 -999 -999 -999 -999 -999 -999 -999 -999 -999 -999 -999 -999 -999 -999 -999 -999 -999 -999 -999 -999 97 97 97 97 97 97 97 97 96 96 97 97 98 98 96 96 96 97 96 97 97 100 104 104 100 101 103 104 102 101 101 102 102 103 101 97 101 102 101
-999 -999 -999 -999 -999 -999 -999 -999 -999 -999 -999 -999 -999 -999 -999 -999 -999 -999 -999 -999 -999 -999 -999 -999 -999 -999 -999 -999 -999 -999 -999 -999 -999 -999 -999 -999 -999 -999 -999 -999 -999 -999 -999 -999 -999 -999 -999 -999 -999 -999 -999 -999 -999 -999 -999 -999 -999 97 97 96 96 96 96 96 96 96 97 97 97 97 99 97 95 95 96 96 95 97 101 104 106 102 99 101 99 101 103 103 102 102 102 98 98 100 103 102
-999 -999 -999 -999 -999 -999 -999 -999 -999 -999 -999 -999 -999 -999 -999 -999 -999 -999 -999 -999 -999 -999 -999 -999 -999 -999 -999 -999 -999 -999 -999 -999 -999 -999 -999 -999 -999 -999 -999 -999 -999 -999 -999 -999 -999 -999 -999 -999 -999 -999 -999 -999 -999 -999 -999 -999 97 97 97 96 96 97 97 96 96 97 97 97 98 97 97 97 96 95 94 95 97 98 103 103 103 102 98 101 100 103 103 103 103 101 98 101 98 98 97 102
-999 -999 -999 -999 -999 -999 -999 -999 -999 -999 -999 -999 -999 -999 -999 -999 -999 -999 -999 -999 -999 -999 -999 -999 -999 -999 -999 -999 -999 -999 -999 -999 -999 -999 -999 -999 -999 -999 -999 -999 -999 -999 -999 -999 -999 -999 -999 -999 -999 -999 -999 -999 97 97 97 97 97 97 97 96 97 96 96 96 97 96 97 98 98 98 98 97 96 94 94 95 97 97 101 100 100 98 99 101 105 103 102 102 101 101 97 101 96 101 101 100
-999 -999 -999 -999 -999 -999 -999 -999 -999 -999 -999 -999 -999 -999 -999 -999 -999 -999 -999 -999 -999 -999 -999 -999 -999 -999 -999 -999 -999 -999 -999 -999 -999 -999 -999 -999 -999 -999 -999 -999 -999 -999 -999 -999 -999 -999 -999 -999 -999 -999 -999 -999 97 97 97 98 97 97 97 97 96 96 97 96 96 96 97 98 101 100 100 96 95 94 93 93 94 95 97 99 103 98 101 99 102 103 102 100 98 98 99 100 95 101 100 100
-999 -999 -999 -999 -999 -999 -999 -999 -999 -999 -999 -999 -999 -999 -999 -999 -999 -999 -999 -999 -999 -999 -999 -999 -999 -999 -999 -999 -999 -999 -999 -999 -999 -999 -999 -999 -999 -999 -999 -999 -999 -999 -999 -999 -999 -999 -999 -999 -999 -999 -999 -999 97 97 98 98 97 98 97 96 96 96 95 97 97 97 95 95 96 95 99 96 94 95 94 92 95 95 96 97 99 100 100 101 100 103 97 102 100 101 100 94 95 96 97 99
-999 -999 -999 -999 -999 -999 -999 -999 -999 -999 -999 -999 -999 -999 -999 -999 -999 -999 -999 -999 -999 -999 -999 -999 -999 -999 -999 -999 -999 -999 -999 -999 -999 -999 -999 -999 -999 -999 -999 -999 -999 -999 -999 -999 -999 -999 -999 -999 97 -999 -999 97 97 97 98 98 97 98 96 96 97 97 96 96 99 99 95 93 95 96 101 96 95 94 93 93 96 96 99 100 105 101 102 104 104 101 100 102 101 100 96 98 100 95 99 99
-999 -999 -999 -999 -999 -999 -999 -999 -999 -999 -999 -999 -999 -999 -999 -999 -999 -999 -999 -999 -999 -999 -999 -999 -999 -999 -999 -999 -999 -999 -999 -999 -999 -999 -999 -999 -999 -999 -999 -999 -999 -999 -999 -999 -999 -999 -999 -999 98 98 97 97 98 97 98 97 97 98 98 97 97 97 95 96 100 98 94 94 94 94 97 98 96 94 97 93 95 97 100 103 103 101 105 101 100 98 102 101 99 97 95 100 96 99 95 96
-999 -999 -999 -999 -999 -999 -999 -999 -999 -999 -999 -999 -999 -999 -999 -999 -999 -999 -999 -999 -999 -999 -999 -999 -999 -999 -999 -999 -999 -999 -999 -999 -999 -999 -999 -999 -999 -999 -999 -999 -999 -999 -999 -999 -999 -999 -999 -999 97 97 98 98 98 97 98 98 98 98 98 97 97 96 97 96 98 97 97 94 95 93 95 96 97 97 95 92 95 100 101 104 104 106 103 104 103 99 101 102 101 99 96 100 94 98 95 99
-999 -999 -999 -999 -999 -999 -999 -999 -999 -999 -999 -999 -999 -999 -999 -999 -999 -999 -999 -999 -999 -999 -999 -999 -999 -999 -999 -999 -999 -999 -999 -999 -999 -999 -999 -999 -999 -999 -999 -999 -999 -999 -999 -999 -999 -999 -999 -999 99 98 98 98 98 98 98 98 98 98 98 97 97 96 96 96 97 97 98 98 93 94 93 96 95 99 94 92 93 95 96 98 98 105 105 102 100 100 102 101 98 96 98 98 94 99 99 97
-999 -999 -999 -999 -999 -999 -999 -999 -999 -999 -999 -999 -999 -999 -999 -999 -999 -999 -999 -999 -999 -999 -999 -999 -999 -999 -999 -999 -999 -999 -999 -999 -999 -999 -999 -999 -999 -999 -999 -999 -999 -999 -999 -999 -999 -999 -999 99 99 99 99 98 98 98 98 98 98 98 97 97 97 96 95 97 97 97 101 94 93 93 95 95 98 99 97 93 93 96 97 96 100 104 102 101 103 102 102 101 100 97 99 97 98 99 98 97
-999 -999 -999 -999 -999 -999 -999 -999 -999 -999 -999 -999 -999 -999 -999 -999 -999 -999 -999 -999 -999 -999 -999 -999 -999 -999 -999 -999 -999 -999 -999 -999 -999 -999 -999 -999 -999 -999 -999 -999 -999 -999 -999 -999 -999 -999 -999 99 99 99 99 98 98 98 98 98 98 98 97 97 97 96 96 96 96 97 96 95 95 97 98 98 101 100 98 99 93 95 96 99 100 104 103 103 103 101 100 98 96 96 99 96 99 96 98 98
-999 -999 -999 -999 -999 -999 -999 -999 -999 -999 -999 -999 -999 -999 -999 -999 -999 -999 -999 -999 -999 -999 -999 -999 -999 -999 -999 -999 -999 -999 -999 -999 -999 -999 -999 -999 -999 -999 -999 -999 -999 -999 -999 -999 -999 -999 99 99 99 99 99 99 99 98 98 98 98 97 97 96 96 95 97 100 98 96 100 97 96 98 101 102 102 101 98 97 91 96 100 100 105 103 103 103 103 102 102 102 99 97 97 96 99 99 98 98
-999 -999 -999 -999 -999 -999 -999 -999 -999 -999 -999 -999 -999 -999 -999 -999 -999 -999 -999 -999 -999 -999 -999 -999 -999 -999 -999 -999 -999 -999 -999 -999 -999 -999 -999 -999 -999 -999 -999 -999 -999 -999 -999 -999 -999 98 99 100 100 100 99 99 99 99 98 98 97 97 97 96 95 95 95 96 96 101 101 100 97 98 101 102 105 102 95 93 93 93 97 104 104 104 102 101 99 100 97 96 94 95 99 96 98 98 98 97
-999 -999 -999 -999 -999 -999 -999 -999 -999 -999 -999 -999 -999 -999 -999 -999 -999 -999 -999 -999 -999 -999 -999 -999 -999 -999 -999 -999 -999 -999 -999 -999 -999 -999 -999 -999 -999 -999 -999 -999 -999 -999 -999 -999 98 98 99 100 100 100 100 99 99 99 98 97 97 97 96 95 95 96 97 95 98 99 102 98 102 99 100 103 102 99 96 91 90 95 99 101 103 103 103 101 99 98 96 96 97 99 98 94 98 96 97 97
-999 -999 -999 -999 -999 -999 -999 -999 -999 -999 -999 -999 -999 -999 -999 -999 -999 -999 -999 -999 -999 -999 -999 -999 -999 -999 -999 -999 -999 -999 -999 -999 -999 -999 -999 -999 -999 -999 -999 -999 -999 -999 -999 98 98 99 99 100 100 100 100 100 99 99 98 97 97 96 96 95 96 96 100 96 95 96 103 103 100 100 101 105 106 104 99 95 92 93 98 100 103 102 102 102 99 96 98 99 97 98 98 95 96 97 97 97
-999 -999 -999 -999 -999 -999 -999 -999 -999 -999 -999 -999 -999 -999 -999 -999 -999 -999 -999 -999 -999 -999 -999 -999 -999 -999 -999 -999 -999 -999 -999 -999 -999 -999 -999 -999 -999 -999 -999 -999 -999 -999 97 98 98 99 99 100 100 101 101 100 99 99 98 97 97 96 96 96 96 98 101 98 96 100 101 103 104 103 104 102 101 103 98 92 91 95 98 97 102 99 101 97 96 96 99 97 99 99 98 96 97 97 97 95
-999 -999 -999 -999 -999 -999 -999 -999 -999 -999 -999 -999 -999 -999 -999 -999 -999 -999 -999 -999 -999 -999 -999 -999 -999 -999 -999 -999 -999 -999 -999 -999 -999 -999 -999 -999 -999 -999 -999 -999 -999 97 97 98 98 99 99 100 100 100 100 100 99 99 98 97 96 96 95 96 95 98 98 100 97 99 100 103 102 102 104 104 98 98 100 93 90 94 94 96 100 99 100 99 94 95 99 98 98 97 95 96 96 95 95 95
-999 -999 -999 -999 -999 -999 -999 -999 -999 -999 -999 -999 -999 -999 -999 -999 -999 -999 -999 -999 -999 -999 -999 -999 -999 -999 -999 -999 -999 -999 -999 -999 -999 -999 -999 -999 -999 -999 -999 -999 96 96 97 98 98 98 99 100 100 100 99 99 99 98 97 96 96 96 95 95 96 97 98 101 99 104 103 103 104 101 100 98 101 98 97 97 90 95 98 101 101 100 97 95 98 98 98 97 96 96 96 97 96 95 95 95
-999 -999 -999 -999 -999 -999 -999 -999 -999 -999 -999 -999 -999 -999 -999 -999 -999 -999 -999 -999 -999 -999 -999 -999 -999 -999 -999 -999 -999 -999 -999 -999 -999 -999 -999 -999 -999 -999 95 95 96 96 96 97 98 98 98 99 99 99 99 99 98 98 97 96 96 95 95 96 98 99 103 104 104 105 104 105 103 105 102 100 104 100 95 93 95 94 99 101 100 99 99 97 98 98 97 97 97 97 97 96 96 95 95 95
-999 -999 -999 -999 -999 -999 -999 -999 -999 -999 -999 -999 -999 -999 -999 -999 -999 -999 -999 -999 -999 -999 -999 -999 -999 -999 -999 -999 -999 -999 -999 -999 -999 -999 -999 -999 -999 -999 95 95 95 95 96 96 97 97 98 98 98 98 98 98 97 97 96 95 95 94 95 96 98 98 102 103 104 105 104 102 100 104 102 101 97 96 94 92 92 97 100 99 98 97 96 95 98 98 96 97 96 96 95 95 95 96 95 95
-999 -999 -999 -999 -999 -999 -999 -999 -999 -999 -999 -999 -999 -999 -999 -999 -999 -999 -999 -999 -999 -999 -999 -999 -999 -999 -999 -999 -999 -999 -999 -999 -999 -999 -999 -999 -999 94 94 94 94 95 95 95 95 96 97 97 97 97 97 96 96 95 95 94 94 93 94 98 101 101 102 99 103 104 102 101 99 99 101 97 94 95 95 94 93 94 100 97 96 96 95 97 97 96 94 95 95 94 94 95 92 94 95 95
-999 -999 -999 -999 -999 -999 -999 -999 -999 -999 -999 -999 -999 -999 -999 -999 -999 -999 -999 -999 -999 -999 -999 -999 -999 -999 -999 -999 -999 -999 -999 -999 -999 -999 -999 -999 -999 93 93 94 94 94 94 95 95 95 96 97 97 97 96 95 95 95 95 93 94 95 95 95 99 102 104 103 106 105 103 101 99 98 96 95 98 101 97 94 91 96 99 98 97 96 96 95 96 94 95 95 94 94 93 94 93 94 94 94
-999 -999 -999 -999 -999 -999 -999 -999 -999 -999 -999 -999 -999 -999 -999 -999 -999 -999 -999 -999 -999 -999 -999 -999 -999 -999 -999 -999 -999 -999 -999 -999 -999 -999 -999 -999 93 93 93 93 94 94 94 94 95 95 95 96 96 96 95 95 94 94 94 94 94 94 96 98 100 103 103 102 107 104 101 99 98 98 96 99 101 98 94 94 91 93 92 95 98 96 96 96 95 94 94 93 93 93 93 93 93 93 93 93
-999 -999 -999 -999 -999 -999 -999 -999 -999 -999 -999 -999 -999 -999 -999 -999 -999 -999 -999 -999 -999 -999 -999 -999 -999 -999 -999 -999 -999 -999 -999 -999 -999 -999 -999 -999 92 93 93 93 93 93 93 94 94 94 95 95 95 95 94 94 93 93 93 94 93 93 93 95 100 99 98 101 107 104 103 98 100 97 99 98 95 95 94 91 91 90 89 94 96 95 95 94 93 94 93 93 92 92 93 92 92 92 93 90
-999 -999 -999 -999 -999 -999 -999 -999 -999 -999 -999 -999 -999 -999 -999 -999 -999 -999 -999 -999 -999 -999 -999 -999 -999 -999 -999 -999 -999 -999 -999 -999 -999 -999 -999 92 92 92 92 92 92 92 93 93 93 94 94 94 93 94 93 93 92 92 93 93 94 93 93 96 100 96 97 99 102 100 100 97 95 95 95 95 93 91 91 91 90 91 88 94 94 93 93 94 93 92 92 90 89 91 91 91 90 91 91 91
-999 -999 -999 -999 -999 -999 -999 -999 -999 -999 -999 -999 -999 -999 -999 -999 -999 -999 -999 -999 -999 -999 -999 -999 -999 -999 -999 -999 -999 -999 -999 -999 -999 -999 -999 92 92 92 92 92 92 92 92 93 93 93 93 93 93 93 93 92 93 92 93 93 96 93 96 92 95 96 95 96 97 100 103 100 100 98 96 94 95 92 95 94 91 90 88 89 93 93 91 93 93 92 91 91 89 90 90 90 88 90 89 91
-999 -999 -999 -999 -999 -999 -999 -999 -999 -999 -999 -999 -999 -999 -999 -999 -999 -999 -999 -999 -999 -999 -999 -999 -999 -999 -999 -999 -999 -999 -999 -999 -999 -999 -999 92 92 92 92 92 92 92 92 92 93 93 92 93 93 92 92 92 92 93 93 94 96 94 98 95 94 94 95 95 95 97 99 100 98 99 100 96 95 93 96 93 96 89 88 89 93 92 91 92 92 91 88 87 89 91 90 90 89 90 90 91
-999 -999 -999 -999 -999 -999 -999 -999 -999 -999 -999 -999 -999 -999 -999 -999 -999 -999 -999 -999 -999 -999 -999 -999 -999 -999 -999 -999 -999 -999 -999 -999 -999 -999 -999 91 91 92 92 92 92 92 92 92 92 92 92 92 92 92 92 92 93 92 93 94 94 97 100 93 92 93 95 96 102 101 101 101 100 97 95 93 95 95 94 95 91 93 88 87 91 92 89 89 91 90 91 90 90 89 89 89 88 90 91 90
-999 -999 -999 -999 -999 -999 -999 -999 -999 -999 -999 -999 -999 -999 -999 -999 -999 -999 -999 -999 -999 -999 -999 -999 -999 -999 -999 -999 -999 -999 -999 -999 -999 -999 -999 91 91 91 91 91 91 91 91 91 91 91 92 91 91 91 91 91 91 92 92 93 92 98 99 95 94 92 96 96 102 103 99 99 98 99 97 97 95 92 89 92 92 89 86 86 91 91 91 86 88 90 87 90 90 89 89 87 88 88 89 90
-999 -999 -999 -999 -999 -999 -999 -999 -999 -999 -999 -999 -999 -999 -999 -999 -999 -999 -999 -999 -999 -999 -999 -999 -999 -999 -999 -999 -999 -999 -999 -999 -999 -999 -999 91 91 91 91 91 91 91 91 91 91 91 91 91 91 91 91 91 91 92 91 91 93 98 97 95 95 95 93 93 98 101 97 94 96 92 96 95 95 94 90 87 90 86 85 85 88 89 88 87 86 87 89 89 88 88 89 89 88 88 90 91
-999 -999 -999 -999 -999 -999 -999 -999 -999 -999 -999 -999 -999 -999 -999 -999 -999 -999 -999 -999 -999 -999 -999 -999 -999 -999 -999 -999 -999 -999 -999 -999 -999 -999 -999 90 91 90 90 90 91 90 90 90 91 90 90 90 90 90 90 90 91 91 90 90 93 94 94 95 97 98 96 96 96 101 100 99 95 96 89 90 92 93 91 88 88 89 85 84 85 88 87 89 86 89 88 88 88 88 87 88 89 88 88 89
-999 -999 -999 -999 -999 -999 -999 -999 -999 -999 -999 -999 -999 -999 -999 -999 -999 -999 -999 -999 -999 -999 -999 -999 -999 -999 -999 -999 -999 -999 -999 -999 -999 -999 -999 89 89 89 90 89 90 89 90 89 89 89 89 89 89 89 90 90 91 90 89 89 88 89 89 93 92 96 98 92 93 100 97 97 91 90 89 90 88 89 88 89 84 88 85 82 86 86 87 86 87 88 87 86 86 87 87 87 87 88 88 87
-999 -999 -999 -999 -999 -999 -999 -999 -999 -999 -999 -999 -999 -999 -999 -999 -999 -999 -999 -999 -999 -999 -999 -999 -999 -999 -999 -999 -999 -999 -999 -999 -999 -999 -999 89 88 89 89 89 88 89 89 89 88 88 88 88 89 89 89 90 89 88 90 88 87 87 87 89 92 92 95 91 94 97 94 92 92 89 92 87 88 84 84 85 83 82 81 82 82 85 86 85 85 86 86 85 85 85 85 86 86 85 87 89
-999 -999 -999 -999 -999 -999 -999 -999 -999 -999 -999 -999 -999 -999 -999 -999 -999 -999 -999 -999 -999 -999 -999 -999 -999 -999 -999 -999 -999 -999 -999 -999 -999 -999 -999 88 88 88 88 88 88 88 88 88 88 88 88 87 87 88 89 90 90 90 90 88 87 87 91 86 87 91 90 89 89 95 96 93 90 95 88 90 84 86 85 83 81 81 84 83 80 83 83 84 84 84 84 85 85 84 84 86 85 86 87 89
-999 -999 -999 -999 -999 -999 -999 -999 -999 -999 -999 -999 -999 -999 -999 -999 -999 -999 -999 -999 -999 -999 -999 -999 -999 -999 -999 -999 -999 -999 -999 -999 -999 -999 88 88 88 88 88 88 88 88 88 88 88 88 87 87 88 88 88 89 90 89 87 88 88 89 91 87 89 86 88 87 89 92 95 93 92 92 91 86 88 84 87 83 81 81 84 82 81 82 82 83 83 83 83 84 84 83 84 85 85 86 88 89
-999 -999 -999 -999 -999 -999 -999 -999 -999 -999 -999 -999 -999 -999 -999 -999 -999 -999 -999 -999 -999 -999 -999 -999 -999 -999 -999 -999 -999 -999 -999 -999 88 88 88 87 87 87 87 87 87 87 87 87 87 87 87 86 87 87 88 87 88 90 88 87 88 87 90 89 87 87 91 86 87 88 91 94 92 93 91 89 84 86 87 85 81 78 81 82 81 80 81 80 80 82 81 83 82 82 83 83 83 85 86 87
