DE_sunshineduration/2018_12_sunshineduration.asc
NCOLS 654
NROWS 866
XLLCORNER 3280414.711633467
YLLCORNER 5237500.62890625
CELLSIZE 1000
NODATA_VALUE -999
[rows 530 to 582 of 866, columns 0 to 95 of 654]
-999 -999 -999 -999 -999 -999 -999 -999 -999 -999 -999 -999 -999 -999 -999 -999 -999 -999 -999 -999 -999 40 40 42 40 41 42 40 41 41 42 44 45 42 41 40 40 38 40 38 41 41 42 41 38 38 37 37 37 37 37 36 35 37 38 39 38 40 39 40 37 39 39 39 41 41 40 39 39 39 40 40 41 42 40 38 39 38 37 37 36 34 34 40 37 35 34 36 36 34 33 35 35 35 34 34
-999 -999 -999 -999 -999 -999 -999 -999 -999 -999 -999 -999 -999 -999 -999 -999 -999 -999 -999 -999 37 38 39 39 39 41 41 40 39 41 43 45 41 41 41 39 40 40 38 41 42 42 42 40 38 38 36 38 36 37 37 36 35 35 37 37 39 40 40 41 37 38 38 40 40 39 39 38 37 40 40 39 37 38 39 38 38 37 38 35 33 34 36 37 35 33 38 37 36 36 31 32 32 33 33 33
-999 -999 -999 -999 -999 -999 -999 -999 -999 -999 -999 -999 -999 -999 -999 -999 -999 -999 -999 -999 39 39 40 40 39 39 39 39 40 42 43 40 41 41 41 39 40 40 38 38 39 41 41 41 40 37 36 37 37 39 38 38 35 36 37 36 37 37 40 40 40 38 39 39 40 40 37 38 39 39 39 39 37 39 37 38 38 37 35 35 33 35 35 36 37 35 35 37 36 36 33 33 32 30 31 30
-999 -999 -999 -999 -999 -999 -999 -999 -999 -999 -999 -999 -999 -999 -999 -999 -999 -999 39 39 38 40 38 39 39 38 38 38 41 43 40 40 40 38 39 38 41 38 39 40 39 40 40 39 37 37 36 37 39 34 38 38 37 36 34 35 38 39 39 41 40 40 40 38 39 38 37 38 37 39 39 38 37 37 38 37 37 36 37 35 36 36 36 38 38 35 35 36 35 35 34 33 34 33 34 32
-999 -999 -999 -999 -999 -999 -999 -999 -999 -999 -999 -999 -999 -999 -999 -999 -999 36 38 39 39 39 38 39 38 39 38 39 41 41 40 38 40 38 38 41 40 37 39 39 39 38 38 38 38 37 36 38 37 35 38 35 35 35 35 36 37 38 38 38 41 39 37 38 36 36 36 36 37 38 38 37 36 36 38 37 37 36 36 37 37 38 39 38 37 35 35 36 34 33 32 32 32 33 33 32
-999 -999 -999 -999 -999 -999 -999 -999 -999 -999 -999 -999 -999 -999 -999 -999 -999 36 36 39 40 40 40 39 39 37 38 40 40 40 39 38 39 38 39 39 38 37 39 38 38 39 39 38 38 35 37 35 34 34 33 33 36 37 33 37 37 39 39 39 40 38 38 38 36 35 35 37 39 39 38 36 34 35 36 37 36 36 36 38 36 37 37 36 37 35 34 35 34 33 33 32 30 30 31 31
-999 -999 -999 -999 -999 -999 -999 -999 -999 -999 -999 -999 -999 -999 -999 -999 -999 37 38 37 37 39 41 40 39 37 38 38 38 39 39 38 40 37 40 38 37 38 37 39 38 39 39 38 37 38 37 37 36 35 34 33 34 35 35 35 36 39 40 40 38 36 39 37 36 35 37 37 37 37 37 35 34 34 35 34 35 35 37 36 34 37 34 37 36 36 34 32 32 32 32 31 30 29 30 29
-999 -999 -999 -999 -999 -999 -999 -999 -999 -999 -999 -999 -999 -999 -999 38 36 38 39 39 41 39 40 39 38 38 38 38 39 37 38 39 39 39 38 36 39 37 37 38 38 39 37 38 39 41 38 37 36 36 34 36 35 36 38 38 36 40 38 39 38 35 34 37 36 35 37 37 37 36 36 35 35 33 35 34 35 34 35 35 34 34 35 34 36 36 34 32 32 30 31 31 30 30 30 29
-999 -999 -999 -999 -999 -999 -999 -999 -999 -999 -999 -999 -999 -999 39 39 37 39 41 42 40 41 39 40 38 39 37 37 39 39 36 38 38 37 36 37 39 37 37 37 38 39 37 38 40 38 38 37 37 36 35 36 36 37 38 38 38 36 37 36 38 36 33 36 34 35 36 34 36 35 35 35 34 33 34 34 36 34 35 35 34 33 33 32 33 33 34 34 32 31 30 29 27 30 29 29
-999 -999 -999 -999 -999 -999 -999 -999 -999 -999 -999 -999 -999 -999 39 36 36 39 40 41 41 42 41 39 38 37 38 36 38 38 37 36 36 38 38 38 37 36 37 38 38 38 38 40 39 39 36 35 35 35 36 34 36 37 35 38 39 37 37 38 38 37 35 33 35 34 35 36 36 35 35 35 35 34 33 34 35 35 34 32 33 34 34 31 32 32 33 32 32 31 30 30 29 28 26 24
-999 -999 -999 -999 -999 -999 -999 -999 -999 -999 -999 -999 -999 39 39 36 38 41 41 41 41 41 40 40 41 39 37 37 37 38 36 38 40 39 39 40 37 36 37 37 38 38 37 39 39 38 37 35 36 35 34 35 35 36 37 38 39 38 38 35 35 35 36 36 33 35 36 36 35 35 36 36 34 35 32 35 34 35 35 35 33 34 34 32 27 33 32 31 30 30 30 30 28 28 28 27
-999 -999 -999 -999 -999 -999 -999 -999 -999 -999 -999 -999 -999 38 39 36 38 39 41 41 41 40 40 41 40 38 39 37 37 38 37 40 38 40 40 39 37 37 36 37 38 37 38 39 37 37 36 38 36 32 34 36 37 35 37 40 38 38 38 35 33 37 36 33 32 36 35 35 34 34 35 36 35 33 34 34 35 35 34 34 35 34 34 34 31 26 30 30 30 28 27 28 28 26 24 26
-999 -999 -999 -999 -999 -999 -999 -999 -999 -999 -999 -999 -999 39 36 36 37 39 41 39 39 39 39 40 40 38 38 37 37 35 37 38 38 39 40 38 36 37 36 36 37 37 38 38 38 37 38 35 36 32 37 38 36 38 38 41 39 37 36 33 35 37 35 32 34 33 35 33 33 35 35 34 33 34 32 34 34 32 33 33 33 34 34 32 32 31 26 27 30 29 28 26 23 21 21 21
-999 -999 -999 -999 -999 -999 -999 -999 -999 -999 -999 -999 -999 39 38 35 38 40 40 39 40 39 40 40 40 39 37 36 37 36 36 37 38 38 39 37 36 36 35 36 39 38 37 37 38 37 35 35 32 33 33 33 38 38 39 36 35 35 36 35 35 35 35 33 33 33 34 34 32 32 34 35 35 33 33 31 32 32 33 33 33 33 32 30 30 30 28 25 28 21 21 22 25 25 25 25
-999 -999 -999 -999 -999 -999 -999 -999 -999 -999 -999 -999 -999 37 35 39 40 39 39 39 39 40 38 38 39 39 38 38 37 35 35 38 36 37 37 37 37 35 38 39 36 36 36 37 38 39 37 37 33 33 35 35 35 40 37 36 35 35 35 34 35 34 35 30 34 34 34 32 32 33 35 34 34 34 31 31 31 33 33 32 33 32 32 29 30 30 29 24 26 23 25 26 26 26 26 25
-999 -999 -999 -999 -999 -999 -999 -999 -999 -999 -999 -999 -999 38 39 39 39 40 40 40 40 40 39 39 40 38 38 36 36 35 36 38 40 41 39 36 34 37 38 36 36 38 37 38 38 36 34 32 35 36 36 38 39 38 36 35 36 35 33 33 35 35 32 30 33 34 34 34 32 33 33 35 34 35 33 32 30 33 31 32 32 32 30 29 29 30 28 27 23 22 24 20 20 19 25 25
-999 -999 -999 -999 -999 -999 -999 -999 -999 -999 -999 -999 -999 39 36 39 37 38 40 39 38 38 38 40 39 39 40 38 36 35 37 38 39 38 39 37 37 36 37 37 36 36 37 37 37 36 35 32 33 36 38 38 37 36 35 35 35 34 32 35 33 31 30 32 33 33 34 33 32 32 33 33 34 32 32 32 30 32 31 32 29 30 29 26 27 28 28 26 23 22 25 24 18 22 24 22
-999 -999 -999 -999 -999 -999 -999 -999 -999 -999 -999 -999 -999 36 37 38 38 37 38 39 38 37 39 39 40 40 39 38 38 36 37 36 37 37 40 40 37 34 36 36 36 38 36 37 37 38 37 31 32 35 38 36 38 37 37 36 36 35 34 34 34 33 31 34 33 33 34 33 33 32 33 33 32 32 32 31 32 32 31 30 29 28 24 23 27 27 27 27 25 24 24 24 17 23 25 20
-999 -999 -999 -999 -999 -999 -999 -999 -999 -999 -999 -999 -999 36 38 39 40 39 36 38 36 38 39 40 40 40 40 38 35 35 37 34 38 37 39 38 37 36 34 37 36 36 35 38 38 38 38 31 33 32 36 36 35 36 36 34 36 35 34 31 33 32 30 31 34 34 33 33 33 33 32 33 31 32 31 32 31 31 30 30 30 28 28 22 25 23 23 25 25 24 24 21 18 24 22 23
-999 -999 -999 -999 -999 -999 -999 -999 -999 -999 -999 -999 -999 37 38 38 39 40 38 35 35 38 39 39 39 40 40 39 36 36 34 36 37 38 37 38 38 35 33 37 35 38 36 36 37 35 37 31 33 35 36 38 36 35 35 34 35 36 30 33 31 32 30 33 34 34 34 34 31 33 33 30 31 32 29 31 32 31 27 30 30 30 26 28 26 24 22 25 26 22 18 17 17 20 21 21
-999 -999 -999 -999 -999 -999 -999 -999 -999 -999 -999 -999 -999 33 38 38 38 39 37 35 38 40 38 38 39 39 40 39 38 37 34 36 36 38 38 39 37 37 36 34 37 33 37 37 36 37 37 33 33 37 37 37 36 34 35 35 37 36 31 33 33 31 31 32 32 33 33 33 33 32 33 31 30 30 29 30 27 31 30 32 30 30 28 27 20 20 18 19 23 22 19 24 20 20 21 21
-999 -999 -999 -999 -999 -999 -999 -999 -999 -999 -999 -999 -999 35 38 38 38 38 35 35 39 39 37 39 41 40 39 38 37 36 35 34 33 36 38 37 36 36 37 35 35 35 36 36 35 37 34 32 34 38 37 36 36 34 33 34 36 35 34 32 33 30 32 31 32 33 33 33 32 30 32 30 29 30 30 31 29 31 28 29 30 29 29 26 22 20 22 18 17 19 16 18 20 21 23 22
-999 -999 -999 -999 -999 -999 -999 -999 -999 -999 -999 -999 -999 34 38 37 38 37 35 39 38 38 37 39 40 40 37 38 37 36 38 34 33 36 38 37 36 36 37 35 32 35 36 36 34 34 36 32 36 36 36 36 35 34 36 35 36 33 34 33 32 31 31 28 31 32 31 32 32 30 31 30 30 29 30 29 26 29 29 28 26 30 24 26 24 18 19 23 23 16 16 19 23 20 22 24
-999 -999 -999 -999 -999 -999 -999 -999 -999 -999 -999 -999 -999 32 37 37 37 37 36 37 38 39 37 38 39 38 37 38 39 39 39 39 38 34 34 38 35 35 35 34 32 34 35 35 35 34 36 31 36 36 35 35 35 35 31 32 35 33 32 33 31 30 28 30 32 32 32 32 32 32 28 30 30 27 30 30 30 26 25 26 25 28 25 26 24 17 22 19 19 21 22 24 23 22 23 22
-999 -999 -999 -999 -999 -999 -999 -999 -999 -999 -999 -999 -999 -999 35 37 37 36 37 34 38 39 38 38 37 38 36 39 37 39 39 38 38 36 32 33 36 35 34 34 32 33 35 33 32 33 34 32 34 35 35 34 35 34 33 33 34 34 32 32 31 30 29 31 32 31 32 32 30 30 29 29 30 29 30 31 29 26 29 28 26 23 20 19 26 17 21 21 22 23 24 24 24 23 23 22
-999 -999 -999 -999 -999 -999 -999 -999 -999 -999 -999 -999 -999 -999 34 37 34 34 33 34 38 39 37 35 34 38 34 38 38 36 37 38 37 33 31 35 35 35 32 33 32 33 34 33 32 35 30 33 34 35 34 34 33 34 33 32 32 33 33 32 32 30 29 29 31 31 31 30 29 30 30 28 30 27 31 31 30 31 29 28 26 29 24 20 18 17 20 23 23 23 24 24 23 24 23 21
-999 -999 -999 -999 -999 -999 -999 -999 -999 -999 -999 -999 -999 -999 33 34 32 37 35 36 38 39 38 37 34 36 36 37 34 34 38 39 37 36 33 34 35 34 34 33 31 34 33 33 30 33 33 34 35 35 34 34 33 32 33 33 32 30 31 32 31 30 29 28 30 31 31 27 30 31 32 31 30 26 31 31 32 30 31 30 28 26 25 18 21 17 17 17 19 17 19 22 25 24 22 20
-999 -999 -999 -999 -999 -999 -999 -999 -999 -999 -999 -999 -999 -999 34 36 33 38 39 39 38 37 38 37 37 34 38 39 37 35 38 38 36 33 31 34 34 34 33 33 31 33 34 33 31 31 32 34 34 34 33 33 32 32 31 32 33 33 29 30 30 29 29 28 29 29 30 30 31 32 31 28 29 26 29 32 31 31 28 26 25 22 22 19 17 19 16 18 15 22 25 23 25 24 23 22
-999 -999 -999 -999 -999 -999 -999 -999 -999 -999 -999 -999 -999 -999 34 34 36 38 37 39 36 38 39 39 38 33 37 37 37 37 37 36 35 34 33 31 33 33 33 32 31 34 34 33 31 31 33 33 33 32 33 32 32 32 32 28 32 32 31 28 29 29 30 31 31 28 31 30 32 29 28 27 28 28 26 27 27 27 26 24 22 23 19 21 17 21 18 21 19 16 20 24 19 23 23 22
-999 -999 -999 -999 -999 -999 -999 -999 -999 -999 -999 -999 -999 -999 32 33 36 36 38 35 36 38 38 39 38 37 34 36 35 36 36 35 35 34 34 36 33 32 32 33 31 33 34 34 33 30 33 32 32 32 32 32 31 31 31 30 30 32 31 30 29 29 31 31 31 28 26 25 27 27 27 27 27 26 26 25 25 24 23 24 21 20 23 25 18 23 21 15 16 17 17 17 20 23 21 20
-999 -999 -999 -999 -999 -999 -999 -999 -999 -999 -999 -999 -999 -999 -999 34 31 35 38 36 36 37 36 39 36 35 33 35 35 34 35 35 33 35 31 34 31 31 33 32 32 33 33 33 32 30 33 32 32 32 32 31 31 32 32 31 31 32 30 29 29 28 30 30 31 31 29 24 27 25 26 26 25 25 24 24 23 23 22 21 21 23 27 25 19 22 23 23 21 18 19 21 23 19 21 20
-999 -999 -999 -999 -999 -999 -999 -999 -999 -999 -999 -999 -999 -999 -999 32 31 36 37 38 36 38 37 36 36 37 33 34 34 34 35 34 35 34 33 31 30 32 30 32 31 32 33 32 31 29 31 31 31 31 31 31 30 31 32 31 30 31 30 29 30 30 29 30 31 29 27 24 25 25 24 24 24 24 23 23 23 23 23 24 24 27 27 25 17 23 24 25 24 24 19 16 21 21 20 22
-999 -999 -999 -999 -999 -999 -999 -999 -999 -999 -999 -999 -999 -999 -999 35 30 35 33 37 36 36 35 37 35 37 34 32 33 34 34 34 32 33 33 30 31 32 32 31 30 32 32 31 31 29 30 30 31 31 31 31 31 31 32 32 29 28 29 29 29 28 31 30 29 27 26 24 24 24 24 24 24 24 23 23 23 24 27 28 28 27 26 25 17 22 24 24 23 22 24 23 22 22 20 20
-999 -999 -999 -999 -999 -999 -999 -999 -999 -999 -999 -999 -999 -999 -999 33 31 31 30 36 37 34 36 33 34 35 33 32 33 35 35 34 34 31 31 32 33 33 31 31 30 32 32 31 31 32 28 31 30 30 29 30 30 31 31 32 30 29 27 28 30 30 30 30 27 26 26 24 24 24 24 24 24 24 23 23 24 23 23 26 24 22 19 17 21 18 18 21 20 19 20 22 23 24 22 24
-999 -999 -999 -999 -999 -999 -999 -999 -999 -999 -999 -999 -999 -999 -999 36 33 32 31 34 37 34 33 34 33 32 34 31 32 35 36 35 34 33 31 32 33 33 31 31 32 32 32 32 32 33 30 28 29 29 29 29 29 31 31 31 30 29 29 30 30 27 30 29 28 27 26 26 26 25 24 23 24 24 25 23 20 21 22 19 20 20 18 18 22 17 18 20 24 24 22 24 23 25 25 26
-999 -999 -999 -999 -999 -999 -999 -999 -999 -999 -999 -999 -999 -999 -999 -999 35 36 35 33 33 32 31 33 33 32 33 33 33 35 35 34 33 32 30 31 32 32 30 30 30 31 32 33 33 33 33 29 30 26 29 29 30 31 30 30 31 30 29 29 26 30 29 28 27 26 28 26 26 24 24 23 23 23 24 27 21 25 25 21 21 21 21 19 22 18 18 24 25 25 25 22 23 25 25 26
-999 -999 -999 -999 -999 -999 -999 -999 -999 -999 -999 -999 -999 -999 -999 -999 34 37 33 30 31 31 31 32 34 32 34 33 31 32 34 33 31 30 32 32 33 31 31 30 31 32 32 33 33 33 33 30 31 28 29 31 30 30 30 31 30 29 28 29 28 28 27 26 26 28 28 26 25 24 24 24 23 26 29 26 20 22 25 27 26 22 27 21 19 18 24 23 25 25 24 22 25 25 26 27
-999 -999 -999 -999 -999 -999 -999 -999 -999 -999 -999 -999 -999 -999 -999 -999 -999 34 34 32 30 31 32 31 33 33 33 34 35 32 34 32 31 29 31 32 33 30 29 30 30 32 33 33 33 33 33 32 29 31 31 31 31 31 31 31 29 28 29 29 28 28 25 25 30 27 26 25 24 24 26 23 23 23 24 25 28 24 20 23 27 27 27 25 19 24 25 24 21 24 25 24 25 26 27 27
-999 -999 -999 -999 -999 -999 -999 -999 -999 -999 -999 -999 -999 -999 -999 -999 -999 31 32 31 30 29 32 31 32 33 34 35 34 34 31 32 32 30 31 34 33 31 30 30 31 32 33 33 33 33 30 29 29 32 31 31 31 31 31 30 30 29 29 29 30 29 28 26 26 25 24 25 25 26 29 25 24 24 24 23 23 23 25 21 20 27 28 22 22 25 25 26 24 25 24 24 25 26 27 26
-999 -999 -999 -999 -999 -999 -999 -999 -999 -999 -999 -999 -999 -999 -999 -999 -999 -999 -999 30 30 31 32 31 31 31 34 34 34 33 33 30 31 29 31 34 33 30 29 30 30 31 32 33 33 33 31 31 28 33 32 32 32 31 31 31 31 30 28 31 30 30 28 27 25 25 26 25 26 30 26 24 23 23 23 22 23 23 25 25 21 21 27 23 20 26 27 25 26 26 26 25 27 27 27 27
-999 -999 -999 -999 -999 -999 -999 -999 -999 -999 -999 -999 -999 -999 -999 -999 -999 -999 -999 31 29 30 33 31 32 34 34 33 33 32 30 33 30 32 34 34 30 30 31 31 32 33 33 33 33 32 33 30 31 32 33 31 32 32 32 32 31 31 29 28 30 28 26 25 25 25 26 25 27 27 29 25 23 24 23 23 23 24 24 25 24 20 24 28 24 20 21 24 25 26 27 28 27 28 26 26
-999 -999 -999 -999 -999 -999 -999 -999 -999 -999 -999 -999 -999 -999 -999 -999 -999 -999 -999 -999 34 30 32 33 33 32 32 33 32 31 30 29 31 30 34 34 30 30 30 31 32 32 33 33 33 32 32 32 30 31 31 32 32 32 32 31 29 29 31 28 30 27 26 25 25 26 26 26 28 31 31 30 21 22 21 22 22 22 20 21 22 26 27 26 22 26 25 24 26 28 28 28 27 27 27 26
-999 -999 -999 -999 -999 -999 -999 -999 -999 -999 -999 -999 -999 -999 -999 -999 -999 -999 -999 -999 31 33 30 29 30 32 34 33 32 34 33 31 30 29 30 34 31 30 32 31 31 33 31 33 32 33 30 32 32 32 32 32 32 32 32 31 30 31 32 31 28 26 25 26 24 25 27 30 29 32 26 23 22 25 24 23 22 27 22 25 28 27 26 26 27 26 26 26 25 27 28 27 27 26 27 27
-999 -999 -999 -999 -999 -999 -999 -999 -999 -999 -999 -999 -999 -999 -999 -999 -999 -999 -999 -999 -999 32 29 28 31 32 32 34 34 34 35 35 34 33 29 33 29 31 30 32 33 34 34 32 32 32 30 29 27 32 31 31 32 32 33 32 31 31 32 30 26 26 25 25 24 26 30 30 23 23 22 22 24 26 26 23 23 28 28 29 30 28 27 27 25 25 28 27 27 27 28 28 27 26 26 26
-999 -999 -999 -999 -999 -999 -999 -999 -999 -999 -999 -999 -999 -999 -999 -999 -999 -999 -999 -999 -999 -999 30 29 29 30 33 34 31 33 35 34 34 34 31 33 30 30 31 33 33 34 34 33 31 33 31 31 32 28 32 32 33 33 31 32 30 31 30 27 26 25 25 26 24 29 30 27 23 24 23 22 28 26 25 23 23 27 25 26 28 29 30 29 29 29 29 30 29 29 29 29 28 28 28 28
-999 -999 -999 -999 -999 -999 -999 -999 -999 -999 -999 -999 -999 -999 -999 -999 -999 -999 -999 -999 -999 -999 -999 33 34 33 29 34 33 31 34 34 34 34 33 29 31 31 32 32 32 33 33 31 30 33 31 31 32 28 28 32 32 31 30 32 30 31 28 26 26 26 26 27 23 29 27 28 23 26 23 21 27 27 26 24 29 30 30 29 29 27 29 30 31 31 29 31 32 32 30 29 29 30 31 33
-999 -999 -999 -999 -999 -999 -999 -999 -999 -999 -999 -999 -999 -999 -999 -999 -999 -999 -999 -999 -999 -999 -999 -999 35 34 28 34 29 28 31 33 34 34 32 28 28 27 31 31 33 33 33 32 31 30 29 29 29 29 28 29 30 29 30 30 30 30 27 26 26 26 27 24 25 26 27 23 24 23 26 26 29 30 25 28 29 30 31 31 30 30 30 30 31 33 30 31 31 32 30 30 31 32 33 36
-999 -999 -999 -999 -999 -999 -999 -999 -999 -999 -999 -999 -999 -999 -999 -999 -999 -999 -999 -999 -999 -999 -999 -999 -999 33 28 30 31 32 29 33 33 32 32 32 28 28 30 32 33 34 34 33 32 33 30 32 29 27 27 32 30 28 28 30 31 27 26 26 26 27 28 27 25 27 28 23 26 27 25 25 28 31 27 28 26 28 31 33 33 33 32 30 31 32 33 32 31 32 32 32 33 35 36 33
-999 -999 -999 -999 -999 -999 -999 -999 -999 -999 -999 -999 -999 -999 -999 -999 -999 -999 -999 -999 -999 -999 -999 -999 -999 -999 32 29 34 33 32 28 32 32 32 30 30 27 32 32 33 34 32 33 34 32 31 30 27 26 29 30 33 29 29 29 26 26 26 27 29 28 25 28 23 23 23 26 26 26 22 27 29 31 32 29 31 31 34 36 34 32 32 32 32 32 33 32 31 33 34 37 36 37 35 33
-999 -999 -999 -999 -999 -999 -999 -999 -999 -999 -999 -999 -999 -999 -999 -999 -999 -999 -999 -999 -999 -999 -999 -999 -999 -999 -999 29 33 33 32 31 28 30 32 29 29 27 31 32 33 31 32 34 34 33 31 32 32 29 27 27 31 28 26 29 26 26 26 28 31 31 28 24 24 25 23 26 22 27 24 26 28 30 32 32 34 36 34 33 31 30 30 31 31 31 31 31 33 33 36 38 38 35 35 30
-999 -999 -999 -999 -999 -999 -999 -999 -999 -999 -999 -999 -999 -999 -999 -999 -999 -999 -999 -999 -999 -999 -999 -999 -999 -999 -999 -999 -999 32 31 32 31 27 29 28 27 -999 27 27 32 28 32 32 33 33 33 33 32 28 26 27 28 29 26 26 25 25 27 28 33 29 27 27 24 27 23 22 22 29 26 28 29 31 33 33 34 34 32 31 31 29 29 31 31 30 30 32 34 36 37 37 36 35 32 31
-999 -999 -999 -999 -999 -999 -999 -999 -999 -999 -999 -999 -999 -999 -999 -999 -999 -999 -999 -999 -999 -999 -999 -999 -999 -999 -999 -999 -999 -999 -999 32 29 28 27 -999 -999 -999 -999 28 27 27 33 34 33 32 33 33 34 33 27 28 26 25 25 25 25 25 25 29 32 30 30 27 24 29 27 23 24 24 28 28 23 31 33 32 31 31 32 30 29 29 30 30 30 30 31 33 35 38 37 35 34 32 32 30
-999 -999 -999 -999 -999 -999 -999 -999 -999 -999 -999 -999 -999 -999 -999 -999 -999 -999 -999 -999 -999 -999 -999 -999 -999 -999 -999 -999 -999 -999 -999 -999 -999 27 -999 -999 -999 -999 -999 -999 27 28 32 33 33 32 33 32 31 31 29 29 28 25 25 25 25 28 25 25 26 28 29 28 24 27 30 30 26 30 29 31 29 26 29 31 29 31 30 30 29 30 30 29 30 31 33 35 39 38 35 35 32 33 32 31
