DE_sunshineduration/2018_06_sunshineduration.asc
NCOLS 654
NROWS 866
XLLCORNER 3280414.711633467
YLLCORNER 5237500.62890625
CELLSIZE 1000
NODATA_VALUE -999
[rows 123 to 163 of 866, columns 470 to 563 of 654]
246 247 248 248 249 250 250 250 251 251 251 251 252 252 252 253 253 254 254 255 256 257 257 258 258 259 259 259 259 259 259 260 260 261 261 262 263 263 263 264 264 265 265 265 266 267 267 267 268 269 269 270 270 271 271 271 271 272 272 272 272 271 271 271 271 271 271 271 271 271 271 271 271 271 271 271 271 -999 -999 -999 -999 -999 -999 -999 -999 -999 -999 -999 -999 -999 -999 -999 -999 -999
247 248 248 248 249 250 250 250 250 251 251 251 251 251 252 252 253 254 254 254 255 257 257 257 258 259 259 259 259 259 259 259 260 261 261 261 262 263 263 263 264 265 265 265 266 267 267 267 268 269 269 269 270 271 271 271 271 272 272 272 271 271 271 271 271 271 271 271 -999 271 271 -999 -999 -999 -999 -999 -999 -999 -999 -999 -999 -999 -999 -999 -999 -999 -999 -999 -999 -999 -999 -999 -999 -999
246 247 248 248 249 249 250 250 250 251 251 251 251 252 252 252 252 252 253 253 254 256 257 257 257 258 258 258 258 259 259 259 259 260 261 261 261 262 263 263 263 264 265 265 266 266 267 267 268 268 269 269 270 270 271 271 272 272 272 272 271 271 271 271 271 271 271 271 271 271 -999 -999 -999 -999 -999 -999 -999 -999 -999 -999 -999 -999 -999 -999 -999 -999 -999 -999 -999 -999 -999 -999 -999 -999
247 247 247 248 248 249 249 249 250 250 250 251 250 250 252 252 252 252 252 253 254 254 255 256 257 257 257 258 258 258 258 259 259 259 260 260 261 261 262 262 263 264 264 265 266 266 266 267 268 268 268 269 270 270 271 271 272 272 272 271 271 271 271 270 271 271 270 270 270 270 -999 -999 -999 -999 -999 -999 -999 -999 -999 -999 -999 -999 -999 -999 -999 -999 -999 -999 -999 -999 -999 -999 -999 -999
246 247 247 247 248 248 248 249 249 249 249 249 250 250 250 251 251 253 252 253 253 253 253 255 256 255 255 257 257 257 257 258 259 259 259 260 260 260 261 261 263 264 264 265 265 266 266 267 267 268 268 269 269 270 270 271 271 272 271 271 271 271 270 270 270 270 270 270 270 270 269 269 -999 -999 -999 -999 -999 -999 -999 -999 -999 -999 -999 -999 -999 -999 -999 -999 -999 -999 -999 -999 -999 -999
246 247 247 247 248 248 248 247 249 249 249 249 249 250 250 250 251 252 253 253 253 253 253 253 254 255 255 255 255 257 257 256 258 259 259 259 260 260 260 261 262 263 264 264 265 266 266 266 267 268 268 268 269 270 270 270 271 271 271 271 271 270 270 270 270 270 270 270 269 269 269 269 -999 -999 -999 -999 -999 -999 -999 -999 -999 -999 -999 -999 -999 -999 -999 -999 -999 -999 -999 -999 -999 -999
246 246 247 247 247 248 248 247 248 248 249 249 249 250 250 250 251 251 252 253 252 252 253 253 253 254 255 255 255 255 257 257 257 258 258 259 258 259 260 260 261 263 263 264 264 265 266 266 267 267 268 268 269 269 270 270 270 271 271 271 270 270 270 270 270 270 270 269 269 269 269 269 268 269 -999 -999 -999 -999 -999 -999 -999 -999 -999 -999 -999 -999 -999 -999 -999 -999 -999 -999 -999 -999
245 246 246 247 247 248 248 248 248 248 248 248 249 249 250 250 251 251 251 252 252 252 252 252 253 253 254 254 253 255 255 257 257 257 257 257 259 259 259 260 261 261 262 263 264 264 265 266 266 267 267 268 268 269 269 270 270 270 270 270 270 270 269 269 269 269 269 269 269 268 268 268 268 268 268 -999 -999 -999 -999 -999 -999 -999 -999 -999 -999 -999 -999 -999 -999 -999 -999 -999 -999 -999
245 246 246 247 247 248 248 247 247 247 247 248 248 249 249 250 250 251 251 251 251 251 251 252 252 252 252 253 253 254 254 255 257 257 256 257 257 258 258 259 260 260 261 261 263 264 264 265 266 267 267 267 268 268 268 268 269 269 269 269 269 269 269 269 269 269 268 268 268 268 267 267 267 267 267 267 -999 -999 -999 -999 -999 -999 -999 -999 -999 -999 -999 -999 -999 -999 -999 -999 -999 -999
244 246 246 246 247 248 248 248 248 247 247 247 248 249 249 249 250 251 251 251 251 251 251 251 252 252 252 252 253 254 254 254 255 257 257 257 258 258 258 258 259 260 260 261 262 263 264 264 265 266 267 267 267 268 268 268 268 269 269 269 269 269 269 269 268 268 268 268 267 267 267 267 267 267 267 267 267 267 267 -999 -999 -999 -999 -999 -999 -999 -999 -999 -999 -999 -999 -999 -999 -999
244 245 246 246 247 247 248 248 247 247 247 247 248 248 249 249 249 250 251 251 250 251 251 251 251 251 252 252 252 253 254 254 254 256 257 257 257 257 258 258 258 259 260 260 261 263 263 264 265 266 266 267 267 267 268 268 268 268 269 268 268 268 269 268 268 268 268 267 267 267 267 267 266 267 267 267 266 266 267 -999 266 266 -999 -999 -999 -999 -999 -999 -999 -999 -999 -999 -999 -999
243 244 245 246 246 246 246 247 247 247 247 247 247 248 248 248 249 249 249 250 250 250 251 251 251 251 251 252 252 252 253 253 254 254 255 255 257 257 258 258 258 258 259 260 260 261 262 263 264 265 264 265 267 267 267 267 267 268 268 268 268 268 267 267 267 267 267 267 267 266 266 266 266 266 266 266 266 266 266 266 266 265 265 265 265 265 -999 -999 -999 -999 -999 -999 -999 266
243 244 244 245 246 246 246 246 247 247 247 247 247 247 247 248 248 248 248 249 250 250 249 251 251 251 251 251 251 251 252 252 253 254 253 254 255 256 257 258 258 258 258 259 260 260 261 262 263 264 263 265 265 267 267 267 267 267 267 267 267 267 266 267 267 266 266 266 266 266 266 266 266 266 265 265 265 265 264 265 265 265 265 265 265 265 265 265 265 265 265 265 265 265
243 244 244 245 245 246 246 246 247 247 247 247 247 247 247 247 248 248 248 248 248 249 249 249 251 251 251 251 251 251 251 251 252 253 253 253 254 256 257 257 258 258 258 258 259 260 260 261 262 263 263 263 265 267 267 267 267 267 267 267 267 266 266 266 266 266 266 266 266 266 266 266 266 265 265 265 265 264 264 264 265 265 265 265 265 265 265 265 265 265 265 265 265 265
243 244 243 244 244 245 246 246 246 247 247 247 247 247 247 247 247 248 248 247 248 248 249 249 250 251 251 251 251 251 251 251 251 252 254 253 254 255 255 256 257 257 258 258 258 259 260 260 261 263 263 264 265 266 266 267 266 267 267 266 266 266 266 266 265 266 266 266 266 266 266 266 265 265 265 265 264 264 264 264 264 265 265 265 265 265 265 265 265 265 265 265 265 265
243 243 243 244 244 245 245 246 246 246 247 247 247 247 247 247 247 247 247 247 247 248 248 248 250 250 250 250 250 250 250 251 251 252 252 252 253 254 254 256 255 257 257 257 258 258 259 260 261 261 262 263 264 265 265 266 266 266 266 266 266 265 265 265 265 265 265 265 265 265 265 265 265 265 265 264 264 264 264 264 264 264 264 265 265 265 265 265 265 265 264 265 265 265
243 244 243 243 244 245 245 245 246 246 246 246 247 247 247 247 247 246 246 246 247 247 247 248 249 249 249 250 250 249 249 251 251 250 251 251 252 253 253 254 256 256 256 257 257 257 258 258 260 261 260 261 263 264 264 265 265 265 265 265 265 265 264 264 265 264 264 264 265 265 264 264 265 264 264 264 264 264 264 264 264 264 264 264 264 264 264 264 264 264 264 264 264 264
243 243 243 243 244 245 245 245 245 246 246 246 246 247 247 247 247 246 246 246 247 247 248 248 248 249 249 249 249 249 249 250 249 250 250 250 251 252 253 252 254 255 256 256 256 256 257 257 259 260 260 260 261 263 264 264 264 265 265 265 264 264 264 264 264 264 264 264 264 264 264 264 264 264 264 264 264 264 264 264 264 264 264 264 264 264 264 264 264 264 264 264 264 264
243 243 243 243 244 244 245 245 245 246 246 246 246 247 247 247 247 246 246 246 246 246 248 248 248 248 249 248 248 248 250 249 249 249 250 250 250 252 252 253 253 254 255 255 254 255 256 257 258 259 260 260 261 262 263 263 263 264 264 264 263 263 264 263 263 263 264 263 263 263 264 263 263 264 264 264 263 264 264 264 263 264 264 264 264 264 264 264 264 264 264 264 264 264
242 242 243 243 244 244 244 245 245 245 245 246 246 246 246 246 247 247 246 246 246 246 247 247 247 247 247 247 248 247 249 248 248 248 248 249 250 250 251 251 252 252 253 253 253 253 254 256 257 258 258 259 260 260 261 261 262 262 262 262 263 262 262 262 263 262 262 262 263 262 263 263 263 263 263 263 263 263 263 263 263 263 263 263 263 263 263 264 264 263 263 264 264 263
242 243 243 243 244 244 244 244 245 245 245 245 246 246 246 246 246 246 246 246 246 246 246 246 247 247 246 247 247 247 248 247 247 248 247 249 249 249 249 250 251 250 250 251 252 252 253 255 256 256 257 257 258 258 258 259 260 261 261 261 262 262 261 262 262 262 261 262 262 262 261 262 262 262 262 262 263 262 262 262 263 262 262 263 263 263 263 263 263 263 263 263 263 263
242 243 243 243 243 244 244 244 245 245 245 245 245 246 246 246 246 246 246 246 246 246 246 246 246 246 246 246 246 246 247 246 247 248 248 248 248 248 248 247 248 249 249 250 251 252 252 254 255 256 256 256 257 257 257 258 259 260 260 260 261 261 261 261 261 261 261 261 261 261 261 261 262 262 262 262 262 262 262 262 262 262 262 262 262 263 263 263 263 263 263 263 263 263
242 242 243 243 243 244 244 244 244 245 245 245 245 246 246 246 246 246 246 246 246 246 246 246 245 246 246 246 245 246 247 246 247 247 248 247 247 247 247 247 247 248 249 250 250 251 252 252 253 255 256 256 256 256 257 257 258 259 259 260 260 260 261 261 260 261 261 261 260 261 261 261 261 261 262 262 262 262 262 262 262 262 262 262 262 262 263 263 263 263 263 263 263 263
242 242 242 243 243 244 244 244 244 244 245 245 245 245 245 246 246 245 245 245 245 245 245 245 245 245 245 245 245 245 246 246 246 246 246 246 245 246 246 246 246 246 247 249 248 251 252 253 253 254 254 256 256 256 256 256 256 257 258 258 259 259 260 260 260 260 260 260 260 260 260 260 260 261 261 261 261 261 261 262 262 261 262 262 262 262 262 262 262 262 262 263 263 263
241 242 242 243 243 244 244 244 244 243 243 244 245 245 245 245 245 245 245 245 245 245 244 244 244 244 245 244 245 245 245 245 246 246 244 245 245 245 245 245 245 245 246 246 248 250 250 251 253 254 255 255 255 255 255 256 256 256 257 257 258 259 259 259 260 259 259 259 259 259 259 260 260 260 260 261 261 261 261 261 261 261 261 261 261 261 261 261 262 262 262 262 263 263
241 242 242 242 243 244 244 244 244 244 244 244 244 245 245 245 245 245 245 245 245 244 244 244 244 244 244 244 245 245 245 245 244 244 244 244 244 244 244 244 245 245 245 246 248 250 250 251 251 253 254 255 255 255 255 255 256 256 256 256 258 259 259 259 259 259 259 259 259 259 259 259 260 260 260 260 261 261 261 261 261 261 261 261 261 261 261 261 262 262 262 262 263 263
241 241 242 242 243 243 244 244 244 244 244 244 244 245 245 245 245 245 245 245 244 244 244 244 244 244 244 244 244 245 245 245 243 244 244 244 243 244 244 244 244 244 245 245 247 249 249 249 251 252 253 254 254 254 254 254 255 256 256 256 257 258 258 259 258 259 259 259 259 259 259 259 259 260 260 260 260 261 261 261 261 261 261 261 261 261 261 261 261 262 262 262 262 263
241 241 242 242 243 243 243 244 244 244 244 244 244 244 244 245 245 245 244 244 244 244 244 244 244 244 244 244 244 244 244 243 243 243 243 243 243 243 244 244 244 244 245 245 247 248 248 250 251 251 252 253 253 254 254 254 254 255 256 256 257 257 257 258 258 258 258 259 259 259 259 259 259 259 260 260 260 260 260 261 261 261 261 261 261 261 261 261 261 262 262 262 263 263
241 241 241 242 242 243 243 243 244 244 244 244 244 244 244 244 244 244 244 244 244 243 243 244 244 244 244 244 244 244 244 243 242 242 242 242 243 243 243 244 244 244 244 245 246 246 247 248 249 251 251 252 253 254 254 254 254 254 254 255 255 255 256 257 258 258 258 258 259 258 258 258 258 258 259 259 260 260 260 260 261 261 261 261 261 261 261 261 261 262 262 262 262 263
241 241 241 241 242 243 243 243 244 244 244 244 244 244 244 244 244 244 244 244 244 243 243 244 244 244 244 244 243 243 244 244 243 241 241 241 242 243 243 243 244 244 245 244 246 247 246 247 249 250 251 252 253 254 254 253 253 253 253 253 254 255 255 256 257 258 258 258 259 258 258 258 257 258 258 259 260 260 260 260 261 261 261 261 261 261 261 261 262 262 262 262 262 263
240 241 241 241 242 242 243 243 243 244 244 244 244 244 244 244 244 244 244 244 244 244 243 243 244 244 244 244 243 243 244 243 243 241 241 241 242 242 243 243 244 244 245 246 245 246 246 247 248 250 251 251 252 253 254 254 253 253 253 253 253 254 254 255 256 257 258 258 258 258 258 257 257 257 257 258 260 260 260 260 260 261 261 261 261 261 261 261 262 262 262 262 262 263
241 241 241 241 242 242 242 243 243 243 243 244 244 244 244 244 244 244 244 244 244 244 243 243 244 244 243 243 244 244 243 243 243 241 241 241 242 242 243 243 244 244 246 245 245 246 247 248 249 249 250 251 252 252 253 253 252 253 252 253 254 254 254 254 256 256 256 257 257 257 257 257 258 257 258 258 259 260 260 260 260 260 261 261 261 261 261 262 262 262 262 262 263 263
240 241 241 241 242 242 242 242 243 243 243 243 243 243 243 243 244 244 244 244 244 243 243 242 243 243 243 243 243 243 243 243 242 241 241 241 242 242 243 243 244 245 245 245 246 246 247 248 248 249 250 251 251 251 251 251 252 253 253 253 253 254 254 254 255 255 255 255 257 257 257 257 258 258 258 258 259 259 260 260 260 260 260 260 261 262 262 262 262 262 262 262 262 263
241 241 241 241 241 242 242 242 242 243 243 243 242 242 243 243 243 244 244 244 243 243 243 242 243 243 243 243 244 243 243 243 243 241 242 242 243 244 244 244 244 245 245 245 246 247 247 247 248 249 249 250 251 251 251 251 251 253 253 253 253 254 254 254 254 255 255 256 256 257 257 257 257 258 258 258 258 259 259 260 260 260 260 260 261 262 262 262 262 262 262 262 263 263
240 241 241 241 241 242 242 242 242 243 243 242 242 242 242 242 243 244 244 244 243 243 243 243 243 243 243 243 243 243 243 243 243 242 242 243 243 244 243 244 244 245 245 245 246 247 246 247 247 248 249 250 250 251 251 250 251 252 253 253 253 254 254 254 254 255 256 256 256 257 257 257 257 258 258 258 258 260 260 260 260 260 260 260 261 262 262 262 262 262 262 262 263 263
241 241 241 241 241 241 242 242 242 242 242 242 242 242 243 243 243 243 243 243 243 243 243 243 243 243 243 243 243 243 244 243 243 243 242 242 243 243 243 244 244 245 245 246 246 245 246 247 247 248 248 250 250 250 250 250 251 251 252 252 253 253 253 255 255 255 256 256 256 256 256 257 257 257 257 258 258 259 258 260 260 260 260 261 261 261 262 262 262 262 263 263 263 264
240 241 241 241 241 241 241 241 242 241 241 241 242 242 242 243 243 243 243 243 243 243 243 243 243 244 244 244 243 243 244 244 244 244 243 243 243 244 244 244 244 245 245 245 246 246 246 246 247 248 249 248 249 249 249 250 250 251 251 252 252 253 253 254 255 255 255 255 256 256 256 256 257 257 257 257 258 259 258 258 260 260 260 260 261 262 262 262 262 263 263 263 264 264
240 241 241 241 241 241 241 241 241 241 241 241 241 242 243 243 243 243 243 243 243 243 243 243 243 244 244 243 242 243 244 244 244 243 243 243 243 244 244 244 244 245 245 245 246 246 246 246 247 248 248 248 249 249 249 249 250 251 251 251 252 253 253 254 255 255 255 255 256 256 256 256 257 257 257 257 258 259 258 259 260 260 260 260 261 262 262 262 262 263 263 263 264 265
240 241 241 241 241 241 241 240 241 241 241 241 241 242 243 243 243 243 243 243 243 243 243 243 244 244 244 243 244 244 244 243 243 243 243 243 243 244 244 244 245 245 245 244 245 245 246 246 247 248 248 248 249 249 249 249 250 250 251 251 252 253 254 254 254 255 255 255 256 256 256 256 256 257 257 257 258 259 258 259 260 260 260 261 261 261 261 262 262 263 263 263 264 265
240 240 240 241 241 241 240 241 241 241 241 241 241 242 242 243 243 243 243 243 243 243 244 244 244 244 244 243 244 245 245 243 244 243 244 244 244 244 244 245 245 245 245 245 245 245 246 246 247 247 248 248 249 249 249 249 250 250 250 251 252 252 253 254 254 255 255 255 256 256 256 256 256 257 257 257 258 259 259 259 259 259 259 260 260 260 260 261 262 262 263 263 264 265
240 240 240 240 241 242 241 241 241 241 241 241 241 242 242 242 243 243 243 243 243 244 244 244 244 244 244 244 245 245 244 244 244 244 244 244 243 245 245 244 244 244 244 244 245 245 245 246 247 247 248 248 249 249 249 249 248 249 250 251 251 252 253 254 254 255 255 255 256 256 256 256 256 257 257 257 258 259 259 258 259 259 260 260 260 260 260 260 261 262 262 263 264 265
