DE_sunshineduration/sunshineduration_2018_01.asc
NCOLS 654
NROWS 866
XLLCORNER 3280414.711633467
YLLCORNER 5237500.62890625
CELLSIZE 1000
NODATA_VALUE -999
[rows 795 to 847 of 866, columns 96 to 191 of 654]
-999 -999 -999 -999 -999 -999 -999 -999 -999 -999 -999 -999 -999 -999 -999 -999 -999 -999 34 34 34 34 34 35 35 35 35 36 36 36 37 37 37 40 45 41 43 45 51 57 56 54 50 45 49 56 52 50 46 38 50 55 50 52 48 49 46 47 48 47 47 46 50 48 47 45 48 51 48 49 48 48 47 47 48 48 47 47 45 48 49 48 48 47 46 46 46 46 46 46 46 46 46 47 47 47
-999 -999 -999 -999 -999 -999 -999 -999 -999 -999 -999 -999 -999 -999 -999 -999 -999 -999 34 34 34 34 34 35 35 35 36 36 36 37 38 38 39 40 40 45 45 51 53 55 59 57 51 50 43 48 49 53 48 42 51 55 54 51 56 52 47 49 50 47 47 51 55 55 50 47 48 51 50 48 47 47 47 46 47 47 48 48 48 47 48 48 48 48 46 46 46 47 46 46 47 48 47 53 50 53
-999 -999 -999 -999 -999 -999 -999 -999 -999 -999 -999 -999 -999 -999 -999 -999 -999 34 34 34 34 34 35 35 35 36 36 36 36 38 39 40 43 44 44 47 47 43 49 54 59 56 52 53 53 46 41 47 52 46 52 51 50 50 52 50 49 47 46 47 53 50 50 51 54 53 49 48 50 48 47 48 47 47 48 47 47 46 46 45 45 47 47 48 48 47 48 48 47 48 51 51 53 53 52 50
-999 -999 -999 -999 -999 -999 -999 -999 -999 -999 -999 -999 -999 -999 -999 -999 -999 34 34 34 34 34 35 36 36 36 36 36 36 40 46 48 48 47 45 39 40 45 48 56 61 56 56 55 56 55 47 42 53 51 54 50 50 48 51 49 48 44 49 50 47 48 46 47 49 50 50 44 49 48 47 47 48 47 47 48 48 47 47 46 45 45 47 47 47 49 47 49 49 52 49 50 54 53 52 51
-999 -999 -999 -999 -999 -999 -999 -999 -999 -999 -999 -999 -999 -999 -999 -999 -999 34 34 35 35 35 35 35 35 36 36 37 36 36 42 40 41 44 39 43 50 45 50 58 60 57 53 54 53 55 56 52 55 57 56 50 48 47 46 50 49 51 48 51 51 50 50 47 48 47 47 47 47 48 48 47 47 47 47 48 47 47 46 47 46 44 48 47 47 48 45 49 49 49 49 53 52 52 51 50
-999 -999 -999 -999 -999 -999 -999 -999 -999 -999 -999 -999 -999 -999 -999 -999 -999 35 35 35 35 35 36 35 36 36 37 39 42 42 40 37 40 38 42 46 55 47 55 57 55 57 51 51 53 52 55 55 47 46 58 55 52 51 53 54 49 49 52 52 51 48 47 48 47 45 44 44 45 44 48 49 49 48 49 47 47 46 47 46 46 44 47 47 47 47 46 50 49 49 50 48 51 49 50 49
-999 -999 -999 -999 -999 -999 -999 -999 -999 -999 -999 -999 -999 -999 -999 -999 -999 35 35 35 35 35 36 35 36 37 38 43 45 42 42 42 40 41 48 47 51 50 50 55 53 52 50 53 48 52 45 50 42 50 54 52 49 52 56 56 51 51 50 52 51 51 53 52 47 48 47 47 45 44 44 47 46 46 47 46 45 45 46 45 44 42 47 46 48 48 44 49 50 50 51 47 50 47 47 49
-999 -999 -999 -999 -999 -999 -999 -999 -999 -999 -999 -999 -999 -999 -999 -999 -999 35 35 35 35 36 35 35 35 37 38 40 43 48 43 43 45 39 41 46 52 57 56 48 47 54 49 42 48 49 44 43 50 55 55 50 52 48 55 53 52 51 50 55 53 54 53 53 53 50 49 47 47 46 46 45 44 43 47 45 45 45 42 46 46 43 44 43 46 46 44 51 49 48 48 47 47 50 49 51
-999 -999 -999 -999 -999 -999 -999 -999 -999 -999 -999 -999 -999 -999 -999 -999 34 35 35 35 35 36 36 35 36 38 43 40 38 45 50 45 42 39 50 45 51 59 58 54 47 45 54 45 42 39 40 47 56 58 56 54 51 45 51 56 50 48 48 53 55 51 51 54 53 53 51 49 49 48 48 48 47 49 47 46 44 45 43 47 46 46 47 43 44 43 43 46 47 47 47 50 51 51 49 51
-999 -999 -999 -999 -999 -999 -999 -999 -999 -999 -999 -999 -999 -999 -999 -999 35 35 35 35 36 37 35 37 40 43 45 40 45 45 42 46 48 44 50 60 63 57 54 43 47 50 52 44 40 49 48 51 51 48 48 59 52 50 52 56 55 51 49 49 53 50 51 51 53 53 53 52 52 50 49 48 48 49 49 49 48 48 49 47 48 48 48 49 48 47 43 48 50 47 49 51 50 52 49 51
-999 -999 -999 -999 -999 -999 -999 -999 -999 -999 -999 -999 -999 -999 -999 -999 35 35 35 35 36 37 38 41 39 43 43 48 46 44 48 47 44 49 53 55 57 54 54 49 47 41 46 43 41 49 49 55 47 52 47 52 54 47 49 57 54 55 52 49 49 49 49 52 53 53 51 48 51 50 50 50 49 49 48 49 49 48 49 49 48 48 48 48 48 48 44 46 45 44 48 51 51 51 50 50
-999 -999 -999 -999 -999 -999 -999 -999 -999 -999 -999 -999 -999 -999 -999 35 35 35 35 38 35 36 37 37 39 42 41 45 48 52 54 54 53 50 51 50 42 51 50 48 42 42 45 40 44 40 50 50 51 48 47 49 52 52 47 56 58 56 56 54 51 50 50 52 52 53 53 52 51 51 47 47 46 48 46 47 49 49 48 48 48 48 45 44 44 46 46 45 44 45 48 52 52 50 50 47
-999 -999 -999 -999 -999 -999 -999 -999 -999 -999 -999 -999 -999 -999 34 35 35 35 35 37 35 37 37 40 46 46 46 50 52 55 52 55 58 52 48 45 48 47 46 44 45 39 42 47 46 42 53 44 56 52 51 47 48 48 47 56 53 57 56 56 56 51 49 50 51 52 52 53 52 51 51 50 47 47 46 48 46 48 47 48 48 48 47 47 44 44 45 44 44 46 51 49 50 50 50 49
-999 -999 -999 -999 -999 -999 -999 -999 -999 -999 -999 -999 -999 -999 35 35 35 35 36 37 36 39 40 40 47 57 58 53 56 56 55 56 57 55 47 43 52 45 45 43 40 41 46 46 48 45 45 52 54 52 50 50 48 47 46 48 51 51 55 53 52 50 50 54 54 51 49 52 51 50 48 49 46 47 47 47 46 45 43 48 47 43 45 46 46 41 44 43 46 46 53 52 -999 -999 -999 48
-999 -999 -999 -999 -999 -999 -999 -999 -999 -999 -999 -999 -999 -999 35 35 35 35 38 40 38 39 42 43 46 52 58 49 50 53 53 51 53 53 46 44 51 49 43 44 40 44 42 49 55 49 42 46 51 52 54 51 51 52 48 46 47 53 57 53 54 51 48 53 54 50 51 51 50 49 47 48 46 47 47 49 48 47 42 43 43 44 46 43 45 43 44 46 44 46 53 53 -999 -999 -999 48
-999 -999 -999 -999 -999 -999 -999 -999 -999 -999 -999 -999 -999 -999 35 35 35 38 38 37 37 40 39 42 46 53 55 49 50 52 53 47 51 53 51 43 47 52 46 40 42 50 53 53 55 51 50 52 54 53 53 55 52 51 49 49 50 47 54 52 55 54 46 53 51 50 52 51 49 49 48 48 46 43 46 49 48 46 47 46 44 44 44 43 43 42 45 44 -999 -999 -999 -999 -999 -999 -999 48
-999 -999 -999 -999 -999 -999 -999 -999 -999 -999 -999 -999 -999 -999 35 35 35 36 38 38 39 37 38 43 49 46 51 47 54 50 49 46 51 49 49 43 49 52 46 42 41 44 43 46 53 54 55 54 52 51 58 54 52 51 50 53 52 49 48 49 53 53 48 52 52 51 52 52 50 48 48 48 47 45 44 46 48 48 47 47 46 46 44 43 42 -999 -999 -999 -999 -999 -999 -999 -999 -999 -999 49
-999 -999 -999 -999 -999 -999 -999 -999 -999 -999 -999 -999 -999 -999 35 35 38 36 37 35 37 39 39 40 46 46 50 48 53 54 48 45 51 47 47 41 50 53 49 41 43 48 47 53 53 53 55 52 49 49 57 57 53 53 52 49 49 49 50 47 48 49 46 51 51 49 52 51 50 49 48 47 47 45 44 46 48 47 48 47 46 44 44 40 -999 -999 -999 -999 -999 -999 -999 -999 -999 -999 -999 -999
-999 -999 -999 -999 -999 -999 -999 -999 -999 -999 -999 -999 -999 -999 -999 36 39 39 36 36 40 41 41 41 41 46 46 45 56 50 48 44 47 44 41 44 48 52 46 40 48 49 52 51 47 50 55 51 51 49 55 54 53 52 53 51 51 52 50 44 49 50 47 45 50 50 50 50 49 49 48 46 46 46 43 46 48 45 46 46 45 42 40 42 -999 -999 -999 -999 -999 -999 -999 -999 -999 -999 -999 -999
-999 -999 -999 -999 -999 -999 -999 -999 -999 -999 -999 -999 -999 -999 -999 36 39 39 38 38 40 39 42 39 42 41 41 49 53 52 48 44 44 43 43 49 51 57 45 38 47 47 46 46 53 53 57 51 49 52 53 54 53 51 55 54 52 53 51 46 53 52 50 47 48 49 46 50 49 49 48 47 46 47 45 48 46 45 47 44 45 40 43 -999 -999 -999 -999 -999 -999 -999 -999 -999 -999 -999 -999 -999
-999 -999 -999 -999 -999 -999 -999 -999 -999 -999 -999 -999 -999 -999 35 38 38 38 41 42 38 40 40 41 41 43 44 51 51 53 48 45 45 42 50 52 50 48 46 42 41 48 48 53 56 54 53 53 47 53 52 54 53 51 53 51 49 47 49 47 54 53 52 49 42 51 49 49 47 47 47 46 46 47 44 46 46 42 45 45 44 41 41 -999 -999 -999 -999 -999 -999 -999 -999 -999 -999 -999 -999 -999
-999 -999 -999 -999 -999 -999 -999 -999 -999 -999 -999 -999 -999 35 37 38 38 38 39 39 37 39 39 39 42 46 50 53 46 49 49 47 45 44 51 48 44 44 41 39 46 51 54 57 54 51 53 51 50 55 53 51 54 52 53 53 49 47 47 53 51 52 51 50 46 49 49 45 47 46 45 45 44 46 42 44 44 43 45 44 39 40 -999 -999 -999 -999 -999 -999 -999 -999 -999 -999 -999 -999 -999 -999
-999 -999 -999 -999 -999 -999 -999 -999 -999 -999 -999 -999 35 38 38 37 38 38 38 38 38 40 38 43 43 43 45 49 45 46 45 45 47 40 47 49 41 40 42 42 49 54 56 55 54 53 48 50 51 55 53 51 53 53 53 52 50 45 48 51 51 49 49 48 47 46 47 46 43 44 45 44 44 45 41 44 43 42 44 40 41 -999 -999 -999 -999 -999 -999 -999 -999 -999 -999 -999 -999 -999 -999 -999
-999 -999 -999 -999 -999 -999 -999 -999 -999 -999 -999 -999 36 39 40 37 39 39 38 37 38 40 40 44 40 45 46 42 41 45 43 46 44 42 45 47 40 42 51 50 51 51 53 52 53 51 49 48 52 55 55 54 51 53 51 51 50 44 50 50 47 49 49 46 44 42 45 46 45 45 43 44 44 42 41 44 44 40 40 39 -999 -999 -999 -999 -999 -999 -999 -999 -999 -999 -999 -999 -999 -999 -999 -999
-999 -999 -999 -999 -999 -999 -999 -999 -999 -999 -999 -999 36 40 39 38 40 39 38 38 39 38 41 43 45 48 46 48 42 41 41 41 41 40 41 47 44 47 51 52 50 47 56 53 51 50 52 52 55 54 54 52 50 52 49 51 51 44 49 50 50 48 48 45 46 44 41 44 44 42 45 45 42 41 43 44 43 42 38 42 -999 -999 -999 -999 -999 -999 -999 -999 -999 -999 -999 -999 -999 -999 -999 -999
-999 -999 -999 -999 -999 -999 -999 -999 -999 -999 -999 -999 36 39 40 38 40 40 38 37 39 38 40 40 44 46 45 46 42 42 40 40 42 39 40 43 40 42 45 48 49 53 52 51 49 52 53 55 54 52 52 53 51 49 50 47 49 44 47 48 48 48 48 48 47 46 44 40 42 44 45 42 39 43 44 42 42 38 41 43 -999 -999 -999 -999 -999 -999 -999 -999 -999 -999 -999 -999 -999 -999 -999 -999
-999 -999 -999 -999 -999 -999 -999 -999 -999 -999 -999 -999 36 40 40 38 38 38 37 38 38 38 38 40 43 44 43 43 43 43 40 45 45 39 45 42 40 43 42 44 46 50 51 45 50 55 56 53 54 52 53 53 51 51 49 47 48 47 47 47 47 45 44 46 43 46 44 39 42 45 46 44 39 43 42 42 38 39 42 42 -999 -999 -999 -999 -999 -999 -999 -999 -999 -999 -999 -999 -999 -999 -999 -999
-999 -999 -999 -999 -999 -999 -999 -999 -999 -999 -999 -999 -999 36 39 37 37 37 39 40 38 39 41 42 44 42 43 44 42 40 43 42 44 39 45 43 41 42 44 43 42 47 44 50 56 57 57 52 51 52 53 52 51 51 49 45 44 47 45 46 47 48 47 45 42 45 43 40 43 44 43 40 38 41 41 41 37 39 42 42 -999 -999 -999 -999 -999 -999 -999 -999 -999 45 46 -999 -999 42 -999 -999
-999 -999 -999 -999 -999 -999 -999 -999 -999 -999 -999 -999 -999 -999 36 36 37 37 37 41 39 39 40 43 43 41 40 42 41 43 41 41 42 40 41 40 42 44 43 42 42 44 44 46 55 55 55 54 53 52 52 51 49 48 48 44 47 46 45 44 46 47 42 46 46 42 40 39 42 42 42 41 37 40 40 38 39 42 42 41 39 -999 -999 -999 -999 -999 -999 -999 -999 44 43 43 42 41 42 -999
-999 -999 -999 -999 -999 -999 -999 -999 -999 -999 -999 -999 -999 -999 -999 36 37 37 37 41 39 39 41 41 40 39 40 40 40 40 40 39 40 40 40 41 43 43 43 43 40 41 44 52 49 55 56 53 51 50 51 49 48 47 46 43 45 45 44 45 45 42 45 43 44 43 40 40 42 38 40 39 38 39 37 38 37 37 40 39 39 39 40 43 47 -999 -999 -999 42 43 42 42 42 41 41 43
-999 -999 -999 -999 -999 -999 -999 -999 -999 -999 -999 -999 -999 -999 -999 -999 37 37 38 38 38 40 41 39 39 39 42 41 42 43 44 43 43 43 43 44 43 42 43 42 40 40 44 54 53 53 51 52 51 52 51 49 47 43 46 41 43 44 46 44 43 41 45 43 43 42 39 37 38 38 37 37 37 38 37 40 40 40 39 39 39 40 46 43 45 45 45 44 42 42 44 42 42 42 42 -999
-999 -999 -999 -999 -999 -999 -999 -999 -999 -999 -999 -999 -999 -999 -999 -999 36 38 38 39 41 42 39 39 41 40 42 42 43 43 43 43 44 44 46 45 43 42 42 43 42 40 43 54 54 52 51 49 48 49 50 49 46 44 43 42 42 45 42 42 40 43 42 42 37 40 39 37 37 38 37 37 37 37 39 39 41 39 39 39 39 40 46 46 45 43 44 -999 -999 45 44 43 42 42 -999 -999
-999 -999 -999 -999 -999 -999 -999 -999 -999 -999 -999 -999 -999 -999 -999 -999 -999 38 38 38 41 42 38 39 42 41 42 43 43 43 44 44 43 43 44 44 43 42 42 43 42 39 42 50 55 52 49 49 48 48 46 47 47 46 44 43 42 40 40 40 37 40 36 36 36 39 37 36 36 36 37 40 38 38 38 39 39 39 39 40 39 42 41 43 43 43 43 -999 -999 -999 43 43 42 41 -999 -999
-999 -999 -999 -999 -999 -999 -999 -999 -999 -999 -999 -999 -999 -999 -999 -999 -999 -999 38 38 40 43 38 40 41 43 45 44 43 43 45 44 43 44 42 42 44 43 39 41 43 39 40 46 53 52 50 49 48 47 47 44 44 43 43 42 41 39 38 38 37 35 35 -999 36 36 36 37 36 36 36 40 42 39 38 38 39 39 40 43 44 47 43 43 43 43 -999 -999 -999 -999 -999 44 41 41 -999 -999
-999 -999 -999 -999 -999 -999 -999 -999 -999 -999 -999 -999 -999 -999 -999 -999 -999 -999 37 38 38 41 38 40 41 44 43 43 42 43 43 44 40 41 42 41 41 41 40 40 43 40 41 47 52 51 50 49 47 47 46 43 43 43 39 40 40 38 37 36 35 35 36 -999 -999 36 -999 -999 -999 -999 37 37 42 40 41 43 44 47 48 46 46 46 46 45 -999 -999 -999 -999 -999 -999 -999 -999 42 -999 -999 -999
-999 -999 -999 -999 -999 -999 -999 -999 -999 -999 -999 -999 -999 -999 -999 -999 -999 -999 38 38 38 -999 -999 -999 42 43 45 42 42 43 44 44 41 42 41 40 39 39 39 39 40 38 40 46 51 51 49 47 43 45 44 44 42 41 41 38 37 37 36 -999 -999 -999 -999 -999 -999 -999 -999 -999 -999 -999 37 -999 -999 41 41 40 42 47 43 43 45 42 42 -999 -999 -999 -999 -999 -999 -999 -999 -999 -999 -999 -999 -999
-999 -999 -999 -999 -999 -999 -999 -999 -999 -999 -999 -999 -999 -999 -999 -999 -999 -999 -999 38 -999 -999 -999 -999 44 46 46 43 45 43 43 43 43 42 -999 -999 -999 -999 -999 -999 -999 39 39 45 48 50 48 46 41 44 42 41 40 40 39 38 37 -999 -999 -999 -999 -999 -999 -999 -999 -999 -999 -999 -999 -999 -999 -999 -999 39 44 45 44 42 41 44 42 40 40 -999 -999 -999 -999 -999 -999 -999 -999 -999 -999 -999 -999 -999
-999 -999 -999 -999 -999 -999 -999 -999 -999 -999 -999 -999 -999 -999 -999 -999 -999 -999 -999 -999 -999 -999 -999 -999 45 46 46 47 43 41 41 41 41 41 -999 -999 -999 -999 -999 -999 -999 39 38 41 43 45 42 44 42 42 40 39 39 38 37 37 -999 -999 -999 -999 -999 -999 -999 -999 -999 -999 -999 -999 -999 -999 -999 -999 38 37 41 42 41 39 39 40 42 39 40 40 -999 -999 -999 -999 -999 -999 -999 -999 -999 -999 -999 -999
-999 -999 -999 -999 -999 -999 -999 -999 -999 -999 -999 -999 -999 -999 -999 -999 -999 -999 -999 -999 -999 38 44 44 42 43 45 46 41 40 40 40 40 -999 -999 -999 -999 -999 -999 -999 -999 38 39 40 40 39 39 39 41 39 39 37 38 36 36 36 -999 -999 -999 -999 -999 -999 -999 -999 -999 -999 -999 -999 -999 -999 -999 -999 -999 -999 -999 -999 -999 -999 -999 -999 -999 -999 -999 -999 -999 -999 -999 -999 -999 -999 -999 -999 -999 -999 -999 -999
-999 -999 -999 -999 -999 -999 -999 -999 -999 -999 -999 -999 -999 -999 -999 -999 -999 -999 -999 -999 -999 -999 39 39 39 42 41 40 40 40 40 40 -999 -999 -999 -999 -999 -999 -999 -999 -999 38 39 38 38 -999 -999 -999 -999 37 37 37 -999 -999 -999 -999 -999 -999 -999 -999 -999 -999 -999 -999 -999 -999 -999 -999 -999 -999 -999 -999 -999 -999 -999 -999 -999 -999 -999 -999 -999 -999 -999 -999 -999 -999 -999 -999 -999 -999 -999 -999 -999 -999 -999 -999
-999 -999 -999 -999 -999 -999 -999 -999 -999 -999 -999 -999 -999 -999 -999 -999 -999 -999 -999 -999 -999 -999 -999 39 39 39 39 39 39 -999 -999 -999 -999 -999 -999 -999 -999 -999 -999 -999 -999 -999 -999 -999 -999 -999 -999 -999 -999 -999 -999 -999 -999 -999 -999 -999 -999 -999 -999 -999 -999 -999 -999 -999 -999 -999 -999 -999 -999 -999 -999 -999 -999 -999 -999 -999 -999 -999 -999 -999 -999 -999 -999 -999 -999 -999 -999 -999 -999 -999 -999 -999 -999 -999 -999 -999
-999 -999 -999 -999 -999 -999 -999 -999 -999 -999 -999 -999 -999 -999 -999 -999 -999 -999 -999 -999 -999 -999 -999 -999 39 39 -999 -999 -999 -999 -999 -999 -999 -999 -999 -999 -999 -999 -999 -999 -999 -999 -999 -999 -999 -999 -999 -999 -999 -999 -999 -999 -999 -999 -999 -999 -999 -999 -999 -999 -999 -999 -999 -999 -999 -999 -999 -999 -999 -999 -999 -999 -999 -999 -999 -999 -999 -999 -999 -999 -999 -999 -999 -999 -999 -999 -999 -999 -999 -999 -999 -999 -999 -999 -999 -999
-999 -999 -999 -999 -999 -999 -999 -999 -999 -999 -999 -999 -999 -999 -999 -999 -999 -999 -999 -999 -999 -999 -999 -999 -999 -999 -999 -999 -999 -999 -999 -999 -999 -999 -999 -999 -999 -999 -999 -999 -999 -999 -999 -999 -999 -999 -999 -999 -999 -999 -999 -999 -999 -999 -999 -999 -999 -999 -999 -999 -999 -999 -999 -999 -999 -999 -999 -999 -999 -999 -999 -999 -999 -999 -999 -999 -999 -999 -999 -999 -999 -999 -999 -999 -999 -999 -999 -999 -999 -999 -999 -999 -999 -999 -999 -999
-999 -999 -999 -999 -999 -999 -999 -999 -999 -999 -999 -999 -999 -999 -999 -999 -999 -999 -999 -999 -999 -999 -999 -999 -999 -999 -999 -999 -999 -999 -999 -999 -999 -999 -999 -999 -999 -999 -999 -999 -999 -999 -999 -999 -999 -999 -999 -999 -999 -999 -999 -999 -999 -999 -999 -999 -999 -999 -999 -999 -999 -999 -999 -999 -999 -999 -999 -999 -999 -999 -999 -999 -999 -999 -999 -999 -999 -999 -999 -999 -999 -999 -999 -999 -999 -999 -999 -999 -999 -999 -999 -999 -999 -999 -999 -999
-999 -999 -999 -999 -999 -999 -999 -999 -999 -999 -999 -999 -999 -999 -999 -999 -999 -999 -999 -999 -999 -999 -999 -999 -999 -999 -999 -999 -999 -999 -999 -999 -999 -999 -999 -999 -999 -999 -999 -999 -999 -999 -999 -999 -999 -999 -999 -999 -999 -999 -999 -999 -999 -999 -999 -999 -999 -999 -999 -999 -999 -999 -999 -999 -999 -999 -999 -999 -999 -999 -999 -999 -999 -999 -999 -999 -999 -999 -999 -999 -999 -999 -999 -999 -999 -999 -999 -999 -999 -999 -999 -999 -999 -999 -999 -999
-999 -999 -999 -999 -999 -999 -999 -999 -999 -999 -999 -999 -999 -999 -999 -999 -999 -999 -999 -999 -999 -999 -999 -999 -999 -999 -999 -999 -999 -999 -999 -999 -999 -999 -999 -999 -999 -999 -999 -999 -999 -999 -999 -999 -999 -999 -999 -999 -999 -999 -999 -999 -999 -999 -999 -999 -999 -999 -999 -999 -999 -999 -999 -999 -999 -999 -999 -999 -999 -999 -999 -999 -999 -999 -999 -999 -999 -999 -999 -999 -999 -999 -999 -999 -999 -999 -999 -999 -999 -999 -999 -999 -999 -999 -999 -999
-999 -999 -999 -999 -999 -999 -999 -999 -999 -999 -999 -999 -999 -999 -999 -999 -999 -999 -999 -999 -999 -999 -999 -999 -999 -999 -999 -999 -999 -999 -999 -999 -999 -999 -999 -999 -999 -999 -999 -999 -999 -999 -999 -999 -999 -999 -999 -999 -999 -999 -999 -999 -999 -999 -999 -999 -999 -999 -999 -999 -999 -999 -999 -999 -999 -999 -999 -999 -999 -999 -999 -999 -999 -999 -999 -999 -999 -999 -999 -999 -999 -999 -999 -999 -999 -999 -999 -999 -999 -999 -999 -999 -999 -999 -999 -999
-999 -999 -999 -999 -999 -999 -999 -999 -999 -999 -999 -999 -999 -999 -999 -999 -999 -999 -999 -999 -999 -999 -999 -999 -999 -999 -999 -999 -999 -999 -999 -999 -999 -999 -999 -999 -999 -999 -999 -999 -999 -999 -999 -999 -999 -999 -999 -999 -999 -999 -999 -999 -999 -999 -999 -999 -999 -999 -999 -999 -999 -999 -999 -999 -999 -999 -999 -999 -999 -999 -999 -999 -999 -999 -999 -999 -999 -999 -999 -999 -999 -999 -999 -999 -999 -999 -999 -999 -999 -999 -999 -999 -999 -999 -999 -999
-999 -999 -999 -999 -999 -999 -999 -999 -999 -999 -999 -999 -999 -999 -999 -999 -999 -999 -999 -999 -999 -999 -999 -999 -999 -999 -999 -999 -999 -999 -999 -999 -999 -999 -999 -999 -999 -999 -999 -999 -999 -999 -999 -999 -999 -999 -999 -999 -999 -999 -999 -999 -999 -999 -999 -999 -999 -999 -999 -999 -999 -999 -999 -999 -999 -999 -999 -999 -999 -999 -999 -999 -999 -999 -999 -999 -999 -999 -999 -999 -999 -999 -999 -999 -999 -999 -999 -999 -999 -999 -999 -999 -999 -999 -999 -999
-999 -999 -999 -999 -999 -999 -999 -999 -999 -999 -999 -999 -999 -999 -999 -999 -999 -999 -999 -999 -999 -999 -999 -999 -999 -999 -999 -999 -999 -999 -999 -999 -999 -999 -999 -999 -999 -999 -999 -999 -999 -999 -999 -999 -999 -999 -999 -999 -999 -999 -999 -999 -999 -999 -999 -999 -999 -999 -999 -999 -999 -999 -999 -999 -999 -999 -999 -999 -999 -999 -999 -999 -999 -999 -999 -999 -999 -999 -999 -999 -999 -999 -999 -999 -999 -999 -999 -999 -999 -999 -999 -999 -999 -999 -999 -999
-999 -999 -999 -999 -999 -999 -999 -999 -999 -999 -999 -999 -999 -999 -999 -999 -999 -999 -999 -999 -999 -999 -999 -999 -999 -999 -999 -999 -999 -999 -999 -999 -999 -999 -999 -999 -999 -999 -999 -999 -999 -999 -999 -999 -999 -999 -999 -999 -999 -999 -999 -999 -999 -999 -999 -999 -999 -999 -999 -999 -999 -999 -999 -999 -999 -999 -999 -999 -999 -999 -999 -999 -999 -999 -999 -999 -999 -999 -999 -999 -999 -999 -999 -999 -999 -999 -999 -999 -999 -999 -999 -999 -999 -999 -999 -999
-999 -999 -999 -999 -999 -999 -999 -999 -999 -999 -999 -999 -999 -999 -999 -999 -999 -999 -999 -999 -999 -999 -999 -999 -999 -999 -999 -999 -999 -999 -999 -999 -999 -999 -999 -999 -999 -999 -999 -999 -999 -999 -999 -999 -999 -999 -999 -999 -999 -999 -999 -999 -999 -999 -999 -999 -999 -999 -999 -999 -999 -999 -999 -999 -999 -999 -999 -999 -999 -999 -999 -999 -999 -999 -999 -999 -999 -999 -999 -999 -999 -999 -999 -999 -999 -999 -999 -999 -999 -999 -999 -999 -999 -999 -999 -999
-999 -999 -999 -999 -999 -999 -999 -999 -999 -999 -999 -999 -999 -999 -999 -999 -999 -999 -999 -999 -999 -999 -999 -999 -999 -999 -999 -999 -999 -999 -999 -999 -999 -999 -999 -999 -999 -999 -999 -999 -999 -999 -999 -999 -999 -999 -999 -999 -999 -999 -999 -999 -999 -999 -999 -999 -999 -999 -999 -999 -999 -999 -999 -999 -999 -999 -999 -999 -999 -999 -999 -999 -999 -999 -999 -999 -999 -999 -999 -999 -999 -999 -999 -999 -999 -999 -999 -999 -999 -999 -999 -999 -999 -999 -999 -999
