DE_sunshineduration/sunshineduration_2018_03.asc
NCOLS 654
NROWS 866
XLLCORNER 3280414.711633467
YLLCORNER 5237500.62890625
CELLSIZE 1000
NODATA_VALUE -999
[rows 672 to 713 of 866, columns 282 to 375 of 654]
108 107 108 107 107 109 109 109 110 111 111 111 112 113 113 113 114 113 113 114 114 114 114 114 113 113 114 113 112 111 111 111 111 111 111 111 110 110 110 110 110 111 111 111 111 112 112 112 112 112 112 112 112 112 113 112 113 114 114 114 115 116 117 116 117 118 119 119 120 122 122 123 123 124 124 124 125 126 126 126 125 125 126 125 123 123 123 122 120 119 120 120 119 118
108 108 107 108 107 109 109 109 110 111 111 111 112 113 113 114 114 114 114 113 115 114 114 114 114 113 113 113 112 111 111 111 111 111 111 111 111 110 110 110 111 111 111 111 112 112 112 112 112 112 112 112 113 113 113 112 113 113 113 115 115 116 116 117 117 118 119 119 120 121 122 123 124 124 125 124 125 125 125 125 125 125 126 125 123 122 122 121 120 119 120 119 119 118
108 108 108 108 107 109 108 109 110 110 111 112 112 113 113 114 114 115 115 114 115 115 114 114 115 113 113 112 112 112 111 111 112 111 111 111 111 111 111 111 111 111 111 112 112 112 112 112 112 112 112 112 113 113 112 113 113 113 114 115 115 116 116 116 116 117 119 119 120 121 122 123 124 124 124 124 124 124 124 124 124 125 125 124 123 122 121 121 120 119 118 118 118 118
108 107 108 108 107 109 109 109 110 111 111 112 112 113 114 114 115 115 115 114 115 115 115 115 114 113 113 113 112 111 111 111 111 111 111 111 111 111 112 111 111 112 112 112 112 112 112 112 112 112 112 112 113 113 114 114 113 114 114 115 115 116 116 116 116 117 118 119 120 121 122 122 123 125 124 125 125 125 124 125 125 126 124 124 123 122 121 122 120 119 118 118 118 118
107 108 108 108 108 108 108 108 110 111 111 110 112 114 114 114 114 115 115 115 114 115 115 115 114 113 113 113 112 111 111 111 111 111 111 111 111 111 111 111 111 112 112 112 111 111 112 112 112 112 112 112 113 114 114 114 114 115 115 115 116 116 116 116 116 118 118 119 120 122 122 122 122 124 124 125 125 125 124 124 124 124 125 124 122 121 121 121 120 118 118 118 117 118
108 108 108 108 107 109 109 108 109 111 111 112 112 113 114 114 114 115 115 114 114 115 115 115 114 113 113 113 112 112 111 111 111 111 111 111 111 111 111 111 112 112 112 112 112 111 112 112 112 111 112 112 112 113 114 113 115 114 115 115 116 116 116 116 117 118 117 119 120 121 122 123 123 123 124 124 124 124 124 124 124 124 124 123 122 121 121 120 119 119 118 119 117 117
107 107 108 108 108 109 109 108 110 110 111 111 112 113 113 114 114 114 114 114 115 115 114 114 114 113 113 113 112 112 112 111 111 111 111 111 111 111 112 112 112 112 112 112 112 111 112 112 111 112 112 112 113 113 113 114 114 115 115 116 116 116 116 117 118 118 118 119 121 120 122 123 123 123 123 124 124 123 123 123 124 123 123 123 123 122 121 120 120 120 118 119 118 117
107 108 108 108 108 108 109 109 109 111 111 111 111 113 113 113 114 114 114 114 113 114 114 114 114 113 113 113 112 112 112 112 112 112 112 112 112 112 112 112 112 112 112 112 112 112 112 111 112 112 113 113 113 114 114 114 114 115 116 115 115 117 117 117 117 118 119 119 121 121 122 121 122 123 123 122 123 122 123 122 122 123 122 122 121 121 120 121 120 119 119 118 117 117
106 108 108 108 107 109 109 109 110 110 111 111 112 113 113 113 113 114 114 114 113 113 114 114 113 113 113 113 112 112 112 112 112 112 112 112 112 112 112 112 112 112 112 112 112 112 111 111 112 113 113 113 113 114 114 114 115 115 115 115 116 117 117 117 118 119 119 119 121 121 122 121 122 123 123 123 123 123 122 123 122 121 121 122 121 120 121 121 120 119 119 119 117 116
106 106 107 108 107 109 109 109 110 110 110 110 111 112 113 113 113 113 114 113 113 113 114 113 113 113 113 113 112 112 112 112 112 112 112 112 112 112 112 112 112 112 112 112 112 111 112 112 112 113 113 113 114 114 114 114 115 115 115 116 116 116 116 118 118 119 119 119 120 121 121 121 121 122 122 122 122 122 123 123 122 121 121 120 121 121 121 119 119 119 118 118 117 116
106 106 107 107 107 108 109 108 110 110 110 110 111 112 112 112 112 112 112 113 113 113 113 113 112 113 112 112 112 112 112 112 113 112 112 112 112 112 112 112 112 112 112 112 112 111 112 112 113 113 113 114 114 114 115 115 115 116 116 116 116 116 118 118 119 120 120 120 120 120 120 121 121 121 121 122 122 122 121 121 122 121 121 121 120 121 119 119 119 118 118 117 118 118
107 106 106 107 107 108 108 108 110 110 109 109 110 111 111 110 112 112 111 112 112 112 112 112 112 112 112 112 112 112 112 112 112 113 112 112 112 112 112 112 112 112 112 112 111 112 112 112 113 113 114 114 114 115 115 115 116 116 117 117 117 117 118 118 119 120 120 120 120 120 120 120 121 120 120 121 121 121 120 121 122 121 120 119 120 119 118 119 119 118 118 118 116 115
107 107 107 106 107 108 108 108 108 109 109 110 110 110 111 111 111 111 111 111 112 112 112 112 112 112 113 112 112 112 112 113 113 112 112 112 112 112 112 112 112 112 112 111 112 112 112 112 113 114 114 114 114 115 115 115 116 117 117 117 117 117 118 118 119 120 121 120 120 120 120 120 120 120 120 120 120 120 121 121 121 121 121 119 118 119 118 118 117 118 118 117 117 116
107 107 107 107 108 108 109 109 108 110 109 109 109 110 110 110 110 110 110 111 111 111 112 112 112 112 112 112 112 112 113 114 112 112 112 112 112 112 112 112 112 112 112 111 112 112 112 112 113 114 114 114 115 115 115 116 116 117 117 117 117 117 118 119 119 120 120 121 120 120 120 120 120 120 120 120 120 120 121 120 120 120 120 120 119 118 118 117 117 117 118 116 117 116
107 107 107 107 108 108 108 109 109 108 108 109 109 110 110 109 110 109 109 109 110 111 111 111 111 111 111 111 112 111 112 112 112 112 112 112 112 112 112 112 112 112 113 112 112 112 113 113 113 113 114 114 114 115 115 116 117 117 117 118 118 118 118 119 120 120 120 120 120 120 120 120 121 120 120 120 119 118 118 118 119 119 119 119 119 118 118 118 118 116 116 115 116 116
106 107 107 107 108 108 108 108 108 108 108 108 110 110 110 110 110 108 108 109 110 111 111 112 111 111 111 111 111 111 111 112 112 111 112 112 112 112 113 113 112 113 112 112 112 113 113 113 113 113 113 114 114 115 116 116 117 117 118 118 118 119 119 119 120 120 120 120 120 120 120 120 120 120 118 118 118 118 117 118 118 118 117 118 118 117 117 118 117 116 116 116 116 115
107 107 107 107 107 108 108 108 107 109 109 109 109 110 110 110 109 109 108 109 110 112 112 112 112 112 111 112 111 111 112 112 112 111 111 111 112 112 112 112 112 113 112 112 112 113 113 113 113 113 113 113 114 116 116 116 117 118 118 118 118 119 119 119 120 120 120 120 120 120 120 120 119 119 118 118 118 117 117 117 117 117 117 117 117 117 117 117 117 115 115 116 116 115
107 107 107 107 107 108 107 107 107 108 109 109 109 109 110 109 109 109 108 109 110 112 112 112 112 112 112 112 112 112 112 112 112 111 112 113 111 112 112 112 112 113 113 112 113 113 113 113 113 113 113 114 114 115 116 116 117 118 118 118 119 119 119 119 120 120 120 120 120 120 120 119 119 118 118 118 117 117 117 117 117 117 118 117 117 117 117 116 115 116 116 116 115 115
106 106 107 106 106 107 106 107 107 108 108 108 109 109 109 109 109 108 108 109 110 111 112 111 111 112 112 112 112 112 112 112 112 112 112 112 112 112 112 112 113 113 113 112 113 113 113 113 113 113 114 114 115 115 116 117 117 118 118 119 119 119 120 119 120 120 120 120 120 120 119 119 119 118 118 118 117 117 117 117 117 117 118 117 117 116 116 116 115 116 115 115 115 115
107 107 107 107 107 106 107 107 107 107 107 108 108 108 108 108 109 108 109 109 109 111 111 110 111 111 112 112 112 112 112 112 112 113 113 112 112 113 113 112 112 112 112 113 113 113 113 114 113 113 114 114 115 116 116 117 117 118 119 119 119 119 119 120 120 120 120 120 120 119 119 119 119 119 118 118 117 117 117 117 117 116 117 116 116 116 114 115 115 114 114 114 115 115
106 107 107 107 107 107 107 107 106 106 107 107 107 108 108 108 108 108 108 109 110 111 111 111 111 111 111 112 111 112 112 112 113 113 112 112 112 113 113 113 112 113 113 113 113 113 113 114 113 114 114 114 115 116 116 116 118 119 119 119 120 120 120 120 120 120 120 120 120 119 119 119 119 118 118 118 117 117 117 117 117 116 116 116 116 115 115 115 115 115 114 114 114 115
105 105 106 106 105 106 106 106 105 106 106 107 107 107 108 108 108 109 109 109 109 110 110 110 110 111 111 111 111 112 112 113 112 112 112 112 112 113 113 113 113 114 113 113 113 114 114 114 114 114 114 115 115 116 116 117 119 118 119 120 121 121 120 121 121 120 120 120 119 119 119 119 118 118 118 118 117 117 117 117 116 116 116 116 115 115 115 115 115 115 115 115 115 114
104 104 105 105 105 105 105 105 105 105 106 106 107 107 107 109 110 109 110 110 109 109 109 110 110 110 111 111 111 111 111 112 112 112 112 112 112 113 113 113 114 114 114 113 113 113 114 114 114 114 114 115 115 116 117 117 118 118 120 121 121 121 121 121 121 121 120 120 120 119 119 119 118 118 118 117 117 117 117 116 116 116 116 115 115 115 115 115 115 115 115 114 114 114
104 104 103 104 104 104 104 105 106 105 105 107 106 107 107 108 108 109 110 109 109 110 110 111 110 110 110 110 111 111 111 111 112 112 112 112 113 113 113 113 113 114 114 114 114 113 113 114 114 114 115 115 116 116 117 117 118 119 119 119 120 121 122 122 121 120 120 120 119 119 119 119 118 118 117 116 116 116 116 116 116 115 115 115 115 115 115 115 115 114 114 114 114 114
103 103 103 103 103 104 104 106 107 106 106 105 107 106 107 107 108 110 108 110 108 111 111 110 110 110 110 110 111 111 111 111 112 112 112 112 112 113 113 113 113 114 114 114 114 113 113 113 114 116 115 115 116 118 117 117 118 119 120 119 121 121 122 122 121 120 120 120 119 119 119 119 118 117 117 117 117 116 116 116 116 115 115 115 115 115 115 115 115 114 114 115 114 114
102 102 103 104 104 104 105 106 105 107 106 106 106 108 108 108 109 109 108 108 108 110 110 110 110 110 110 110 110 111 111 111 112 112 112 112 112 113 113 113 113 114 114 114 114 113 113 114 114 115 116 115 116 117 118 118 118 119 120 120 121 121 121 120 121 119 120 120 119 119 119 118 118 118 117 117 116 116 116 116 115 115 115 114 114 115 114 114 114 114 115 115 115 114
102 102 103 103 105 103 105 107 106 106 106 107 107 107 108 107 108 109 107 110 110 110 109 110 110 110 110 110 111 111 111 111 112 111 112 112 112 112 112 113 113 114 114 114 114 113 114 115 115 115 115 116 117 117 117 118 119 119 119 121 121 120 119 119 119 119 120 119 119 119 118 118 118 117 117 116 116 116 116 115 115 115 115 115 115 115 114 113 114 113 114 114 114 114
103 101 102 102 102 102 104 105 106 106 106 106 107 107 107 108 108 108 107 109 110 110 109 109 110 110 110 110 110 111 111 111 111 111 111 112 112 112 111 113 113 114 114 114 114 114 114 114 115 116 115 116 116 117 118 119 118 119 118 119 120 120 119 119 119 118 119 119 119 118 118 118 117 118 116 116 116 115 115 115 115 115 115 115 115 114 113 113 113 113 113 113 113 113
102 101 101 101 104 104 105 104 105 106 105 105 106 107 107 107 108 109 107 108 108 109 109 109 109 110 110 109 110 111 110 110 110 111 111 111 112 112 112 112 113 114 114 114 114 114 114 114 115 115 115 115 116 117 117 117 118 119 119 119 119 119 119 118 118 118 119 119 117 118 118 118 117 116 116 116 115 115 115 115 115 114 114 114 113 113 113 113 113 113 113 113 113 113
103 102 103 102 104 103 104 104 104 104 106 105 106 107 107 107 107 107 107 108 108 109 109 109 109 110 110 110 110 111 110 110 111 112 111 112 111 111 112 112 113 114 114 114 114 113 113 114 114 114 115 115 116 116 117 117 118 118 119 119 118 118 119 118 117 117 118 118 118 118 118 117 117 116 115 116 114 114 114 114 114 114 114 114 113 113 113 113 113 113 113 113 113 113
102 102 104 104 103 103 103 103 104 104 105 105 105 105 107 107 108 107 106 107 108 108 108 109 109 110 110 110 111 111 111 111 111 111 110 111 111 111 111 113 113 113 114 114 113 113 114 114 114 114 115 115 115 116 116 117 117 118 118 118 118 118 118 117 117 117 117 117 117 118 117 117 117 116 116 114 114 114 114 113 113 113 113 113 113 113 113 113 113 113 113 112 113 112
103 101 103 102 102 102 102 103 104 104 104 104 105 107 107 107 108 108 107 107 108 107 107 109 109 110 110 110 110 111 111 111 111 111 111 111 112 111 111 112 113 114 114 114 114 114 114 114 114 114 114 115 115 116 116 115 117 117 117 117 117 117 117 116 116 116 116 116 116 117 116 116 116 116 114 114 114 113 113 113 113 113 113 113 113 113 113 113 113 112 112 112 112 112
102 101 100 102 102 102 102 102 103 104 104 103 104 106 107 107 108 107 107 107 107 108 107 108 109 110 110 110 110 111 111 111 111 111 111 110 112 112 111 111 113 114 113 113 115 114 114 114 114 114 114 114 115 116 116 116 116 117 116 117 117 117 117 117 117 116 116 116 116 116 116 116 115 114 114 114 114 113 113 113 113 113 113 113 113 113 113 113 113 112 112 112 112 112
100 102 100 102 102 102 102 102 103 103 104 103 104 105 106 106 108 108 107 107 107 107 107 108 108 109 110 110 110 111 111 111 111 110 111 110 111 111 111 113 113 114 114 114 114 114 114 114 114 114 114 114 115 116 116 116 116 116 116 116 116 116 117 117 117 116 116 116 116 116 116 115 115 114 114 114 113 113 113 113 113 113 113 113 113 113 113 113 112 112 112 112 112 112
99 99 101 102 102 102 102 102 103 103 104 104 104 105 105 106 106 107 107 107 107 108 107 107 109 109 109 110 110 110 110 111 111 111 110 110 111 111 112 112 113 113 114 114 115 115 115 114 114 114 115 115 115 116 116 116 117 117 117 117 116 116 116 117 117 116 116 116 116 116 115 115 115 114 114 114 113 113 113 113 113 113 113 112 113 112 112 112 112 112 113 112 112 112
100 101 100 100 101 101 101 102 101 103 103 104 104 105 105 106 105 106 107 107 107 108 108 107 108 108 109 108 110 110 110 110 111 111 111 111 111 111 112 112 113 114 114 115 115 114 114 114 114 115 115 115 115 116 116 116 116 117 117 117 116 116 116 116 116 116 116 116 116 115 115 115 115 114 114 114 113 113 113 113 113 112 112 112 112 112 112 113 112 113 113 113 113 112
100 99 100 99 101 101 101 101 102 102 103 103 104 105 105 104 105 106 107 107 107 107 107 108 109 109 109 109 110 110 110 110 111 111 110 111 111 112 112 112 113 114 114 114 114 114 114 114 115 115 114 115 116 116 116 116 117 117 117 117 117 116 116 116 116 116 116 116 115 115 115 115 114 114 114 114 113 113 113 113 113 112 112 112 112 112 113 113 113 113 113 113 113 112
100 100 99 100 100 101 101 101 101 102 102 103 103 104 105 104 105 105 106 106 106 107 107 107 107 109 109 109 109 110 110 109 111 111 111 111 111 112 112 113 113 114 114 114 114 114 114 114 115 115 114 115 116 115 116 116 116 117 116 116 116 116 116 116 116 116 116 116 115 115 115 115 114 114 114 114 113 113 113 113 112 112 112 112 112 112 113 112 113 113 113 113 113 112
99 99 98 98 100 100 101 102 101 101 102 103 103 104 104 105 106 106 106 107 107 108 107 107 108 108 109 109 110 109 110 110 111 111 111 111 112 112 112 113 113 114 114 114 114 114 115 115 115 116 116 116 115 115 116 117 116 117 117 116 116 116 116 116 116 116 115 115 115 115 114 114 114 114 113 113 113 113 113 112 112 112 112 112 112 112 112 113 113 113 113 113 112 111
99 98 98 97 99 100 100 101 101 102 102 102 103 104 104 105 105 106 106 106 106 108 107 107 109 109 109 109 110 109 110 109 110 110 111 111 112 112 113 113 113 114 114 114 114 115 115 114 116 116 117 116 116 116 116 116 116 116 116 116 116 116 116 116 116 115 115 115 115 114 114 114 114 113 113 113 113 112 112 112 112 112 112 113 113 112 113 112 112 112 112 112 111 111
99 98 97 98 99 100 101 101 101 102 102 102 103 104 104 104 105 106 106 105 107 108 107 107 107 109 109 109 109 109 109 109 110 111 111 111 112 113 113 113 113 114 114 114 114 115 115 114 116 117 117 116 116 116 116 116 116 116 116 116 116 116 116 116 116 115 115 115 115 114 114 114 114 113 113 113 113 112 112 112 112 112 112 112 113 113 113 112 111 112 112 111 111 111
98 98 97 98 99 101 101 102 102 103 102 102 104 104 104 104 105 105 106 106 107 107 107 107 108 108 108 108 108 109 109 109 110 111 111 111 112 113 113 113 114 114 114 113 114 115 114 115 115 117 117 116 116 116 116 116 116 116 116 116 116 116 116 116 115 115 115 115 115 114 114 114 113 113 113 113 112 112 112 112 112 112 112 113 113 112 112 113 111 111 112 112 111 111
