DE_sunshineduration/sunshineduration_2018_03.asc
NCOLS 654
NROWS 866
XLLCORNER 3280414.711633467
YLLCORNER 5237500.62890625
CELLSIZE 1000
NODATA_VALUE -999
[rows 126 to 167 of 866, columns 376 to 469 of 654]
111 111 111 111 112 112 112 112 112 113 114 114 114 115 115 115 115 116 116 116 115 117 117 117 117 117 118 118 118 118 118 118 118 119 118 118 118 119 119 119 119 119 119 119 119 119 120 119 120 119 120 119 119 119 119 119 119 119 119 119 119 119 120 120 121 121 122 122 122 123 123 125 125 124 125 125 125 126 126 126 126 126 126 126 126 125 126 125 126 125 126 125 125 125
112 112 112 112 112 112 112 113 113 113 114 115 115 115 115 116 116 116 116 116 116 117 117 118 118 118 118 118 118 118 118 119 119 119 119 119 119 119 119 119 119 119 119 120 120 120 120 120 120 120 120 120 120 120 119 119 119 119 119 119 120 120 120 121 121 122 122 122 123 123 124 125 125 125 126 126 126 126 126 127 127 126 126 126 126 126 126 126 126 126 126 126 126 126
112 112 112 112 112 112 112 113 113 113 113 115 115 115 116 116 116 116 115 116 116 117 116 118 118 118 118 118 118 118 119 119 119 119 118 120 119 119 119 119 119 119 120 120 120 120 120 120 120 120 120 120 120 120 120 119 119 119 120 120 120 120 121 121 122 122 123 124 123 123 124 125 125 125 126 127 127 127 127 127 127 127 126 126 126 126 126 126 126 126 126 126 126 126
112 112 112 112 112 112 113 113 113 113 114 114 115 115 116 116 116 115 116 116 116 116 118 118 118 118 118 118 118 119 119 119 119 119 119 119 119 119 119 119 119 119 120 120 120 120 120 120 120 120 120 120 120 120 120 119 119 120 120 120 120 121 121 121 122 123 124 124 124 124 125 125 125 126 127 127 127 127 127 127 127 127 127 126 126 126 126 126 126 126 126 126 126 126
112 113 113 113 113 113 113 113 113 114 114 114 114 116 116 116 116 116 116 116 116 116 118 118 118 119 119 119 119 119 119 119 119 120 119 119 119 119 119 119 120 120 120 120 120 121 121 121 120 120 120 120 120 120 120 120 120 120 121 121 121 121 122 123 123 124 124 124 124 125 125 127 127 128 127 128 128 128 128 128 127 127 127 127 127 126 127 126 126 126 127 126 126 126
113 114 113 113 113 113 113 114 114 114 114 115 115 115 116 117 117 116 116 116 116 116 118 118 119 119 119 119 120 120 120 120 120 120 119 119 119 119 119 120 120 120 120 121 121 121 121 121 121 121 120 120 120 120 120 121 121 121 121 121 122 123 123 123 124 124 124 125 126 126 126 128 129 129 129 128 129 129 128 128 128 128 127 127 127 127 127 127 127 127 127 127 127 126
114 114 113 113 113 113 114 114 114 114 115 115 115 115 117 117 117 116 116 116 116 116 117 119 119 119 119 120 120 120 120 120 120 120 120 119 119 119 120 120 120 120 120 121 121 121 121 121 121 121 121 120 120 120 121 121 121 121 121 122 122 122 122 124 124 124 125 126 126 126 127 129 129 129 129 130 129 130 128 128 128 128 127 127 127 127 127 127 127 127 127 127 127 127
114 114 113 113 113 113 114 114 114 115 115 115 115 115 117 117 117 117 117 117 116 117 117 118 118 119 120 120 120 120 120 120 120 120 119 119 119 120 120 120 120 120 121 121 121 121 121 121 121 121 121 120 120 121 121 121 121 121 122 122 122 122 123 124 124 125 125 125 125 126 128 129 129 129 130 130 130 130 129 128 128 128 128 127 127 127 127 127 127 127 127 127 128 127
114 114 113 114 114 114 114 115 115 115 115 115 116 117 117 117 116 116 117 116 117 117 118 118 119 120 119 120 120 120 120 120 120 120 120 120 120 120 120 120 121 121 121 121 121 121 121 121 121 121 121 121 121 121 121 121 122 122 122 122 122 122 123 124 125 124 125 125 126 127 127 129 129 129 129 130 130 130 129 129 129 128 128 128 128 127 128 128 128 128 128 128 128 128
114 114 114 115 115 115 115 115 117 117 117 116 116 117 117 116 116 116 116 117 117 117 118 119 120 119 119 119 120 120 119 119 119 119 120 120 121 121 121 121 121 121 121 121 121 121 121 121 121 121 121 122 122 122 122 122 122 122 122 122 122 122 123 123 124 124 125 126 127 127 128 128 129 129 129 130 130 130 129 129 129 129 128 128 128 128 128 128 128 128 128 128 128 127
114 114 115 115 115 114 115 117 117 117 117 117 116 116 117 116 117 116 117 117 117 117 118 119 120 119 119 120 120 120 119 119 119 119 120 121 121 121 121 121 121 121 121 121 121 121 121 121 121 121 122 122 122 122 122 122 122 122 122 122 122 122 123 124 124 124 125 127 127 127 128 129 129 129 129 129 130 130 129 129 129 129 128 128 128 128 128 128 128 128 128 128 127 127
114 114 115 115 115 116 115 116 117 117 117 117 117 117 117 116 116 116 117 117 117 118 118 119 119 119 120 120 120 119 119 119 119 120 120 121 121 121 121 121 121 121 121 121 121 121 121 121 121 122 122 122 122 122 122 122 122 122 122 122 122 123 123 124 125 125 126 127 127 128 128 129 129 129 129 130 130 131 130 129 129 129 129 128 129 129 129 128 128 128 128 128 127 127
115 115 115 115 116 116 116 117 117 116 116 116 116 116 116 116 117 117 117 117 118 118 118 120 119 119 119 120 120 120 119 119 120 120 120 121 121 121 121 121 121 121 121 121 121 122 122 122 122 122 122 122 122 122 123 122 123 123 123 123 123 123 124 124 125 126 126 127 127 128 128 129 129 129 130 129 131 130 130 130 129 129 129 130 129 129 128 128 129 127 127 127 127 127
116 116 115 116 116 116 116 116 116 116 116 116 116 116 116 117 117 117 117 118 118 118 118 119 119 119 119 120 120 119 119 120 120 120 120 121 121 121 122 122 122 122 122 122 122 122 122 122 123 123 123 123 123 123 123 123 123 123 123 123 124 124 124 126 126 126 127 127 128 128 128 129 129 129 130 131 130 131 131 131 131 131 129 130 130 130 128 128 128 128 128 128 128 128
116 116 116 116 116 116 117 116 116 116 116 116 116 117 118 118 117 117 117 118 118 118 118 119 119 119 120 120 120 119 120 120 120 120 121 121 121 122 123 123 123 123 122 122 122 122 123 123 123 123 123 123 123 123 123 123 123 123 124 124 124 124 125 127 126 126 127 128 128 128 128 129 129 129 130 131 131 130 131 131 131 131 130 130 130 130 128 128 128 128 128 128 128 128
116 116 117 116 116 116 116 116 116 116 116 116 116 117 118 118 118 117 118 118 118 118 118 119 119 120 119 119 119 119 120 120 120 120 121 122 121 122 123 123 123 123 124 123 122 123 123 123 123 123 124 123 123 123 124 124 123 124 124 124 124 125 125 127 126 127 128 128 128 128 129 129 129 130 130 131 131 131 131 131 131 131 130 130 130 129 129 128 128 128 128 128 128 128
117 117 117 117 117 116 116 116 116 116 118 117 118 118 118 118 118 119 118 118 118 118 119 119 119 120 119 119 120 121 120 120 120 121 121 121 122 123 123 124 123 124 124 123 123 123 124 124 124 124 124 125 125 125 125 125 124 125 125 125 125 125 126 127 126 128 127 127 128 128 129 129 130 130 130 130 130 131 131 131 130 130 129 129 129 129 129 129 129 129 129 129 128 128
118 118 117 118 117 117 117 117 117 118 118 117 118 118 118 119 118 118 118 118 118 118 118 119 119 119 119 120 120 120 120 121 121 121 121 122 122 122 124 124 125 125 124 124 125 124 124 125 126 126 125 126 126 126 125 125 125 125 125 125 126 126 126 127 127 127 128 128 128 129 130 130 130 130 130 130 130 130 130 130 129 129 129 129 129 129 129 129 129 129 129 129 129 129
118 118 118 118 117 117 117 117 117 118 118 118 118 118 118 118 118 118 118 118 118 118 119 119 119 119 120 120 120 120 120 121 121 121 121 122 122 122 123 124 125 125 124 125 125 124 125 126 126 126 126 126 126 125 125 125 126 125 125 126 126 126 127 126 126 126 128 129 129 129 129 130 130 130 130 130 130 130 130 129 129 129 129 129 129 129 129 129 129 129 129 129 129 129
118 118 118 118 117 117 117 117 117 118 118 118 118 118 119 119 119 118 119 118 118 118 119 119 119 119 120 120 120 120 121 121 121 121 122 122 122 123 123 124 125 125 124 124 124 125 126 126 126 126 126 126 125 125 126 126 126 125 126 126 126 126 127 127 126 128 127 129 129 129 130 130 130 130 130 130 130 130 129 129 129 129 129 129 129 129 129 129 129 129 129 129 129 129
118 119 119 119 117 117 117 117 117 118 118 118 118 119 119 119 119 118 118 118 120 120 119 119 119 120 120 120 120 121 121 121 121 121 122 122 123 123 124 124 124 126 126 126 125 126 126 126 126 126 127 126 127 126 127 127 127 127 127 126 126 126 126 126 128 127 128 129 129 129 130 130 130 130 130 130 130 129 130 129 129 129 129 129 129 130 130 130 130 130 130 130 130 129
119 119 119 119 118 118 117 117 118 118 118 119 118 119 118 118 118 118 118 119 119 119 120 120 120 121 121 121 121 121 121 121 122 121 122 122 123 123 124 125 125 125 126 127 127 127 126 127 127 126 126 127 127 127 127 127 127 127 127 126 126 126 126 127 127 128 128 129 129 129 130 130 130 130 130 129 129 129 129 129 129 129 129 130 130 130 130 130 130 131 131 131 131 129
119 119 118 119 118 118 117 117 118 117 118 118 118 119 118 118 118 118 118 119 119 119 119 120 121 121 121 121 122 121 122 122 121 121 122 124 124 123 124 125 125 126 125 127 127 126 126 126 127 126 126 127 127 127 127 127 127 127 127 127 127 127 127 128 128 127 128 129 129 129 130 130 130 130 130 129 129 129 129 129 129 129 130 130 130 130 131 131 131 131 131 131 131 131
119 118 118 119 118 118 118 117 117 117 118 118 119 119 119 118 118 118 118 119 119 119 119 120 121 120 122 122 122 121 122 122 122 123 122 124 124 125 124 125 125 125 126 127 126 126 126 127 127 126 127 126 127 127 127 127 127 127 127 127 127 127 127 128 128 128 129 129 129 129 130 130 130 129 129 129 129 129 129 129 129 130 130 130 130 130 131 131 131 131 131 131 131 130
119 118 119 119 118 118 118 119 119 119 118 118 119 118 118 118 118 118 118 119 119 119 120 121 121 120 122 122 121 122 122 122 122 122 124 124 125 125 125 125 125 126 127 126 126 127 126 127 126 127 128 126 127 127 127 127 127 127 127 127 127 127 127 128 128 128 129 129 129 129 130 130 129 130 130 129 129 130 130 130 130 130 131 132 131 132 132 131 131 131 131 131 130 130
118 119 119 119 118 118 118 119 119 119 118 118 119 118 119 118 118 118 118 119 119 120 120 121 121 120 122 121 121 122 122 123 122 122 123 123 125 125 125 126 126 127 126 126 127 127 127 127 127 128 128 128 128 128 127 127 127 127 127 127 127 127 127 128 128 128 129 129 129 129 130 130 130 130 130 130 131 131 131 131 131 131 132 132 133 131 132 132 132 131 131 131 131 131
119 119 119 118 118 118 118 118 119 119 118 118 118 118 118 119 118 118 119 119 119 120 121 121 121 121 122 121 122 122 121 122 122 122 123 125 124 124 125 127 126 126 127 127 127 127 127 128 128 128 128 128 128 128 127 127 127 127 127 127 127 127 128 128 128 128 129 129 129 129 130 130 130 130 130 131 131 131 131 132 132 132 133 133 133 133 133 132 132 132 132 131 131 131
119 118 119 118 118 118 118 118 119 119 119 119 118 118 119 119 118 118 119 119 120 120 120 121 121 121 121 121 121 122 122 123 123 123 124 124 124 124 125 127 127 126 127 127 127 127 128 128 128 128 128 128 128 128 128 127 127 127 127 127 127 127 128 128 128 128 129 129 129 129 130 130 130 130 131 131 131 132 132 132 132 133 133 133 133 133 133 133 132 132 132 131 131 131
118 118 119 118 118 118 118 118 119 119 119 119 118 118 118 118 119 119 119 119 119 121 121 121 121 120 121 121 121 122 122 123 123 123 124 124 125 125 125 126 127 127 127 126 127 127 128 128 128 128 128 128 128 128 128 128 128 127 127 127 128 128 128 128 128 129 129 129 129 130 130 130 131 131 131 131 132 132 132 133 133 133 134 134 134 134 134 134 133 133 133 132 132 132
118 119 118 118 118 118 118 118 119 119 119 119 118 118 118 119 119 119 119 120 120 121 121 121 121 120 121 121 122 122 123 123 123 123 124 125 125 125 126 127 127 127 127 127 127 127 128 128 128 129 128 128 128 128 128 128 128 128 128 128 128 128 128 129 129 129 129 130 130 130 130 131 131 131 132 132 133 133 133 133 134 134 134 135 135 135 135 135 135 134 134 133 134 133
119 119 118 118 118 118 118 118 118 119 119 119 118 118 118 119 119 119 119 120 121 121 120 120 120 120 122 122 122 122 123 123 123 123 124 125 125 125 126 127 127 127 127 128 127 127 128 128 128 129 128 127 128 128 128 128 128 128 128 128 128 128 128 129 129 129 129 130 130 130 130 131 131 131 132 133 133 133 133 134 134 134 135 136 136 136 136 135 135 135 135 134 134 134
119 119 118 118 118 118 118 118 118 118 119 119 118 118 118 120 119 119 119 120 120 120 120 120 120 121 121 121 121 121 123 123 123 124 124 125 125 125 126 127 127 127 127 127 128 127 128 128 128 129 128 127 128 128 128 128 128 128 128 128 128 128 129 129 129 129 130 130 130 130 131 131 131 132 132 133 133 133 134 134 134 135 136 136 136 136 136 136 136 136 136 135 134 134
119 119 118 118 119 119 118 118 118 118 119 118 118 118 119 119 120 120 121 120 120 120 120 120 121 122 122 122 121 122 123 123 123 124 124 125 125 126 126 126 127 127 128 128 128 127 129 129 129 128 128 127 128 128 128 128 128 128 128 128 128 128 129 129 129 129 130 130 130 130 131 131 132 132 133 133 133 134 134 135 135 136 136 137 137 137 137 137 137 137 137 137 136 135
118 118 118 118 119 119 119 118 118 119 118 118 118 118 118 120 120 120 120 121 120 120 120 121 122 122 122 121 122 122 123 123 124 124 124 125 125 125 126 127 127 127 127 128 128 128 129 129 129 128 128 127 128 128 128 128 128 128 128 128 128 128 129 129 129 129 130 130 130 130 131 131 132 132 133 133 134 134 135 135 136 136 137 138 138 138 138 138 138 138 138 138 137 137
118 118 119 119 119 119 119 119 118 119 119 119 118 118 120 120 120 120 120 121 120 121 120 122 122 122 122 121 122 122 123 124 124 124 124 125 125 125 126 127 127 127 127 128 128 128 128 129 129 129 128 128 128 128 128 128 128 128 128 128 128 128 128 129 129 129 130 130 130 130 131 132 132 132 133 134 134 134 135 136 136 136 137 138 139 139 139 139 139 139 138 138 138 138
118 118 119 119 119 119 119 119 118 119 119 118 118 118 120 120 120 120 120 120 121 121 122 122 122 122 122 122 122 123 123 123 124 124 124 125 125 125 126 127 127 127 127 128 128 128 128 129 129 129 128 128 128 128 128 128 128 128 128 128 128 128 128 129 129 129 130 130 130 131 131 132 132 133 133 134 134 134 135 136 136 137 138 139 139 140 140 140 139 139 139 139 138 138
117 119 119 119 119 119 119 119 118 119 119 118 119 119 119 119 120 119 120 120 121 121 122 122 122 122 122 122 123 123 123 123 124 124 124 125 125 126 126 126 127 127 127 127 128 128 128 128 128 128 128 128 128 128 128 128 128 128 128 128 128 128 128 129 129 129 130 130 131 131 132 132 132 133 133 133 134 135 135 136 137 137 139 139 140 140 140 140 140 140 140 139 139 138
118 118 119 119 119 119 119 119 119 118 118 119 119 119 119 119 120 120 120 121 121 121 122 122 122 122 122 123 123 123 123 123 123 124 124 125 125 125 126 127 127 127 127 127 127 127 128 128 128 128 128 128 128 128 128 128 128 128 128 128 128 128 128 129 129 129 130 130 131 131 132 132 133 133 133 134 134 134 135 136 137 138 139 140 141 141 141 141 141 141 140 140 140 139
118 118 119 119 119 119 119 119 119 118 119 119 119 119 119 119 119 119 120 121 121 121 122 122 122 122 122 123 123 123 123 123 123 123 124 125 125 125 126 127 127 127 127 127 127 127 127 128 128 128 128 128 128 128 128 128 128 128 128 128 128 128 128 129 129 129 130 131 131 131 132 133 133 133 133 134 134 134 135 137 137 137 139 140 141 141 141 141 141 141 141 140 140 140
118 118 118 119 119 119 119 119 119 118 119 119 119 119 119 120 120 120 120 121 121 121 122 122 122 122 123 123 123 123 123 123 123 124 124 125 125 125 126 126 127 127 127 127 127 127 127 128 128 128 128 128 128 128 128 128 128 128 128 128 128 128 128 129 129 129 130 131 131 131 132 133 133 133 133 133 134 134 135 136 137 138 139 140 141 141 142 141 141 141 141 140 140 140
118 118 118 119 119 119 119 119 119 120 119 119 119 119 119 120 120 120 120 121 121 121 122 122 122 122 123 123 123 123 123 123 124 124 124 125 125 125 126 126 126 127 127 127 127 127 127 127 127 127 128 127 128 128 128 128 128 128 128 128 128 128 128 129 129 130 130 130 131 132 132 133 133 133 133 133 134 135 135 136 137 138 139 140 141 141 142 141 141 141 141 140 140 139
118 118 118 119 119 119 119 120 120 120 119 119 119 119 119 119 120 120 119 121 121 121 122 122 122 122 123 123 123 123 123 124 124 124 124 125 125 125 126 126 126 126 127 127 127 127 127 127 127 127 127 127 127 127 128 128 128 128 128 128 128 128 128 129 129 129 130 131 131 131 132 133 133 133 133 134 134 134 135 136 137 138 139 140 140 141 141 141 141 141 141 140 140 139
