DE_sunshineduration/sunshineduration_2018_07.asc
NCOLS 654
NROWS 866
XLLCORNER 3280414.711633467
YLLCORNER 5237500.62890625
CELLSIZE 1000
NODATA_VALUE -999
[rows 369 to 409 of 866, columns 0 to 93 of 654]
-999 -999 -999 -999 -999 -999 -999 -999 -999 -999 -999 -999 -999 -999 332 332 332 332 332 332 332 332 332 332 332 331 332 332 331 331 331 331 330 330 331 331 330 330 330 329 329 329 329 328 328 328 327 327 326 326 326 325 325 325 324 324 324 324 322 322 322 322 321 321 321 321 321 320 320 320 320 320 320 320 319 319 319 319 319 319 319 319 318 318 318 318 318 318 318 318 318 318 318 318
-999 -999 -999 -999 -999 -999 -999 -999 -999 -999 -999 -999 -999 -999 -999 333 333 333 333 333 333 333 333 333 332 332 332 332 332 332 332 332 332 331 332 332 331 330 330 330 329 329 329 328 328 328 327 327 326 326 326 325 325 325 324 324 324 323 323 323 323 321 321 321 321 321 321 320 320 320 320 320 319 319 319 319 319 319 319 318 318 318 318 318 318 318 318 318 318 317 318 317 318 318
-999 -999 -999 -999 -999 -999 -999 -999 -999 -999 -999 -999 -999 -999 -999 333 334 333 333 333 333 333 333 333 334 334 334 333 334 333 333 333 333 333 332 332 332 331 330 329 329 329 328 328 328 328 327 327 327 327 326 325 325 325 324 324 323 323 323 322 322 321 321 321 321 321 321 320 320 320 320 319 319 319 319 318 318 318 318 318 318 318 318 318 318 318 318 317 317 317 317 317 317 317
-999 -999 -999 -999 -999 -999 -999 -999 -999 -999 -999 -999 -999 -999 333 334 334 334 334 333 333 333 334 334 334 334 334 335 335 334 334 334 334 334 333 332 331 331 330 330 329 329 329 328 328 328 328 327 327 327 326 325 325 325 324 323 323 323 323 322 322 321 321 321 321 321 320 320 320 320 319 319 319 319 318 318 318 318 318 318 318 318 318 318 318 318 317 317 317 317 317 317 317 317
-999 -999 -999 -999 -999 -999 -999 -999 -999 -999 -999 -999 -999 -999 -999 334 334 334 334 334 333 334 334 334 334 335 335 335 335 335 335 334 334 335 334 332 331 331 331 330 329 329 329 328 328 328 328 327 327 327 326 326 325 325 324 323 323 323 322 322 322 322 321 321 321 321 320 320 320 320 319 319 319 319 318 318 318 318 318 318 318 318 318 318 318 317 317 317 317 317 316 317 317 317
-999 -999 -999 -999 -999 -999 -999 -999 -999 -999 -999 -999 -999 -999 -999 -999 -999 -999 334 334 335 335 335 335 335 336 336 336 336 336 335 335 335 335 335 333 332 333 332 331 330 329 329 328 328 328 328 328 327 327 327 326 325 325 324 324 323 323 322 322 322 322 322 321 320 320 320 320 320 319 319 319 318 318 318 318 318 318 318 318 317 317 317 317 317 317 317 317 316 316 316 316 316 317
-999 -999 -999 -999 -999 -999 -999 -999 -999 -999 -999 -999 -999 -999 -999 -999 -999 -999 -999 335 336 336 336 336 336 336 336 336 336 336 335 335 336 336 334 334 333 334 332 331 331 330 329 328 328 328 328 328 328 327 327 326 326 325 324 324 323 323 322 322 322 322 322 320 320 320 321 319 319 319 319 318 318 318 318 318 318 318 318 317 317 317 317 317 316 316 316 316 316 316 316 316 316 315
-999 -999 -999 -999 -999 -999 -999 -999 -999 -999 -999 -999 -999 -999 -999 -999 -999 -999 -999 336 336 336 337 337 337 337 337 336 336 336 336 335 336 336 335 334 334 334 333 332 331 331 328 327 328 328 328 328 328 328 327 326 326 326 324 323 323 323 321 322 321 321 321 320 321 321 321 319 319 319 319 318 318 318 318 318 318 318 318 317 317 317 317 316 316 316 316 316 316 316 316 316 316 316
-999 -999 -999 -999 -999 -999 -999 -999 -999 -999 -999 -999 -999 -999 -999 -999 -999 -999 -999 336 336 337 337 338 337 338 337 337 337 337 337 337 336 336 335 335 333 334 334 332 331 330 329 328 327 328 328 328 328 327 327 326 326 325 325 324 323 323 323 322 322 322 322 321 321 321 320 319 319 319 319 318 318 318 318 318 318 318 317 317 317 317 317 316 316 316 316 316 316 316 316 316 316 316
-999 -999 -999 -999 -999 -999 -999 -999 -999 -999 -999 -999 -999 -999 -999 -999 -999 -999 336 337 337 338 338 339 339 339 338 338 338 338 337 337 337 337 337 336 335 334 334 333 333 331 329 329 329 328 328 328 328 327 327 326 326 325 325 324 324 322 323 322 322 322 321 320 320 320 320 319 319 319 319 318 318 318 318 318 318 317 317 317 317 317 317 316 316 316 316 316 316 316 316 316 316 316
-999 -999 -999 -999 -999 -999 -999 -999 -999 -999 -999 -999 -999 -999 -999 -999 -999 -999 337 338 339 339 339 340 340 340 339 339 339 339 338 338 338 338 338 337 336 336 334 333 334 332 331 330 330 329 328 328 327 327 327 326 326 326 325 324 324 323 323 322 322 322 321 320 320 320 319 319 319 319 318 318 318 318 318 317 317 317 317 317 317 317 317 316 316 316 316 315 314 314 315 315 314 314
-999 -999 -999 -999 -999 -999 -999 -999 -999 -999 -999 -999 -999 -999 -999 -999 -999 -999 338 338 339 338 339 341 341 341 341 340 340 340 340 339 339 339 339 338 338 337 336 335 334 333 332 331 330 330 329 328 327 327 327 326 326 326 325 324 324 324 323 322 322 322 320 320 320 320 320 319 319 319 318 318 318 318 318 317 317 317 317 317 317 317 316 316 316 316 315 314 314 314 314 314 314 314
-999 -999 -999 -999 -999 -999 -999 -999 -999 -999 -999 -999 -999 -999 -999 -999 -999 -999 -999 339 339 340 340 340 341 342 342 341 341 341 341 340 340 340 340 339 338 338 337 335 334 334 333 331 330 330 329 328 327 327 327 326 326 326 325 324 324 324 323 322 322 322 322 320 320 320 319 319 319 319 319 318 318 318 317 317 317 317 317 317 317 317 316 316 316 315 315 315 314 314 313 313 314 313
-999 -999 -999 -999 -999 -999 -999 -999 -999 -999 -999 -999 -999 -999 -999 -999 -999 -999 -999 -999 341 340 341 341 342 343 343 343 343 343 342 342 341 341 341 340 339 338 337 336 335 334 333 332 331 330 329 328 328 327 327 326 326 325 325 325 324 323 323 323 322 322 322 320 320 320 320 319 319 319 319 318 318 318 318 317 317 317 317 317 316 316 316 315 315 315 315 314 313 313 313 313 313 313
-999 -999 -999 -999 -999 -999 -999 -999 -999 -999 -999 -999 -999 -999 -999 -999 -999 -999 -999 -999 -999 342 341 343 343 344 344 345 345 344 343 343 343 342 341 341 340 339 337 336 335 334 332 331 331 330 330 329 328 327 327 326 326 326 325 324 324 324 323 322 322 322 322 320 320 320 319 319 319 319 318 318 318 318 317 317 317 317 317 316 316 316 315 315 314 314 314 314 313 312 312 313 312 313
-999 -999 -999 -999 -999 -999 -999 -999 -999 -999 -999 -999 -999 -999 -999 -999 -999 -999 -999 -999 -999 -999 343 344 344 344 345 346 346 346 345 344 344 344 342 341 341 340 338 337 335 334 333 331 331 330 329 329 328 328 327 326 326 326 325 324 324 324 323 322 322 322 321 321 320 320 320 319 319 319 318 318 318 318 317 317 317 317 317 316 316 316 315 314 314 313 313 313 313 313 313 312 312 312
-999 -999 -999 -999 -999 -999 -999 -999 -999 -999 -999 -999 -999 -999 -999 -999 -999 -999 -999 -999 -999 -999 -999 344 343 345 346 346 346 346 346 345 345 344 344 342 341 340 339 337 335 334 333 332 331 330 329 329 328 328 327 327 326 326 325 324 324 323 323 322 322 322 320 320 320 320 319 319 319 319 318 318 318 318 317 317 317 317 317 316 316 315 315 314 314 313 312 312 313 312 312 312 312 312
-999 -999 -999 -999 -999 -999 -999 -999 -999 -999 -999 -999 -999 -999 -999 -999 -999 -999 -999 -999 -999 -999 -999 345 345 345 346 347 347 347 347 347 346 346 345 344 342 341 339 338 336 335 333 332 331 330 329 329 328 328 328 327 326 325 325 324 323 323 322 322 322 321 321 320 320 320 320 319 319 319 318 318 318 317 317 317 317 317 317 316 316 315 315 314 313 312 313 312 312 312 312 312 311 311
-999 -999 -999 -999 -999 -999 -999 -999 -999 -999 -999 -999 -999 -999 -999 -999 -999 -999 -999 -999 -999 -999 -999 -999 346 347 347 348 348 348 348 348 348 347 346 344 343 342 340 337 336 335 332 331 330 330 329 329 330 329 327 327 326 325 325 324 323 323 322 322 320 320 320 320 320 320 319 319 319 319 318 318 317 317 317 317 317 317 317 316 316 315 315 314 313 313 312 312 311 311 311 311 311 311
-999 -999 -999 -999 -999 -999 -999 -999 -999 -999 -999 -999 -999 -999 -999 -999 -999 -999 -999 -999 -999 -999 -999 -999 -999 347 348 348 349 349 349 349 349 348 346 344 344 343 340 337 336 335 333 332 330 330 330 329 330 329 328 327 326 326 325 323 323 323 322 321 321 320 320 320 320 320 320 319 319 319 318 317 317 317 317 317 317 317 317 316 316 316 315 314 313 313 312 311 311 311 311 311 311 311
-999 -999 -999 -999 -999 -999 -999 -999 -999 -999 -999 -999 -999 -999 -999 -999 -999 -999 -999 -999 -999 -999 -999 -999 -999 -999 349 348 348 350 350 349 349 348 347 345 344 342 340 338 336 335 333 332 331 330 330 329 330 329 328 327 326 325 324 323 323 322 322 321 321 320 320 320 320 320 319 319 319 319 318 318 317 317 317 317 317 317 317 316 316 316 315 314 313 313 312 311 311 311 311 311 311 311
-999 -999 -999 -999 -999 -999 -999 -999 -999 -999 -999 -999 -999 -999 -999 -999 -999 -999 -999 -999 -999 -999 -999 -999 -999 -999 349 348 349 349 350 350 349 348 347 345 344 342 340 338 336 334 333 332 331 331 331 331 330 329 328 327 326 325 324 323 323 322 322 321 321 321 320 320 320 320 320 319 319 319 318 318 318 317 317 317 317 317 317 317 316 316 315 314 314 313 312 312 311 311 311 311 311 310
-999 -999 -999 -999 -999 -999 -999 -999 -999 -999 -999 -999 -999 -999 -999 -999 -999 -999 -999 -999 -999 -999 -999 -999 -999 -999 349 350 349 349 350 350 349 348 347 345 344 342 340 338 336 335 333 332 331 331 330 330 330 329 328 327 326 325 324 323 322 322 321 321 321 320 320 320 320 320 319 319 319 319 318 318 318 318 316 316 317 317 317 317 317 316 315 314 314 313 312 311 311 311 311 311 310 310
-999 -999 -999 -999 -999 -999 -999 -999 -999 -999 -999 -999 -999 -999 -999 -999 -999 -999 -999 -999 -999 -999 -999 -999 -999 -999 349 350 350 349 349 349 349 348 346 345 344 343 340 337 336 335 333 332 331 331 330 329 329 328 327 325 326 325 324 323 322 322 322 321 321 321 321 321 320 320 320 319 319 319 318 318 318 318 317 317 317 317 317 317 317 317 315 314 314 314 313 311 311 311 311 310 310 310
-999 -999 -999 -999 -999 -999 -999 -999 -999 -999 -999 -999 -999 -999 -999 -999 -999 -999 -999 -999 -999 -999 -999 -999 -999 -999 349 349 349 349 348 349 348 348 346 345 344 341 339 337 335 334 333 332 331 331 329 329 329 328 326 326 326 325 324 323 322 322 322 321 321 321 321 320 320 320 319 319 319 319 319 318 318 318 318 317 317 317 317 317 317 316 316 315 314 314 313 312 311 311 311 310 310 310
-999 -999 -999 -999 -999 -999 -999 -999 -999 -999 -999 -999 -999 -999 -999 -999 -999 -999 -999 -999 -999 -999 -999 -999 -999 -999 -999 348 348 348 348 347 347 347 346 344 343 340 339 337 336 334 333 332 331 330 330 328 328 327 327 326 325 324 324 323 322 321 321 322 322 321 321 321 320 320 320 319 319 319 319 319 318 318 318 318 318 317 317 317 317 316 316 315 315 314 313 313 312 311 311 311 310 309
-999 -999 -999 -999 -999 -999 -999 -999 -999 -999 -999 -999 -999 -999 -999 -999 -999 -999 -999 -999 -999 -999 -999 -999 -999 -999 -999 347 347 347 347 346 346 346 345 342 341 340 339 337 336 335 333 332 331 330 329 328 327 326 326 326 325 325 323 323 322 322 322 322 322 322 321 320 320 320 319 319 319 319 319 319 319 319 318 318 318 318 317 317 317 317 316 315 315 314 314 313 313 312 311 310 310 309
-999 -999 -999 -999 -999 -999 -999 -999 -999 -999 -999 -999 -999 -999 -999 -999 -999 -999 -999 -999 -999 -999 -999 -999 -999 -999 347 347 347 346 346 345 346 345 344 341 341 340 338 336 336 335 333 331 332 330 328 327 326 326 325 324 324 325 324 322 322 322 322 322 322 322 321 321 321 320 320 319 319 319 319 319 319 319 319 318 318 318 318 317 317 317 316 315 315 315 314 313 313 313 311 310 310 310
-999 -999 -999 -999 -999 -999 -999 -999 -999 -999 -999 -999 -999 -999 -999 -999 -999 -999 -999 -999 -999 -999 -999 -999 -999 -999 346 346 346 345 344 345 345 344 343 341 340 339 338 336 336 334 333 331 331 329 328 327 326 325 325 324 324 325 323 322 322 322 322 321 322 322 322 321 320 320 320 319 319 319 319 319 319 319 319 318 317 318 318 318 317 317 316 316 314 314 313 314 313 312 311 310 309 308
-999 -999 -999 -999 -999 -999 -999 -999 -999 -999 -999 -999 -999 -999 -999 -999 -999 -999 -999 -999 -999 -999 -999 -999 -999 344 345 344 344 343 343 343 343 342 342 341 339 338 337 336 334 333 332 331 330 328 328 327 326 325 325 324 324 323 324 324 322 322 322 321 322 322 322 321 321 321 320 320 320 319 320 319 319 318 318 318 319 319 319 318 318 317 317 315 315 314 314 313 312 312 311 310 309 309
-999 -999 -999 -999 -999 -999 -999 -999 -999 -999 -999 -999 -999 -999 -999 -999 -999 -999 -999 -999 -999 -999 -999 -999 -999 343 343 342 342 342 342 341 341 341 340 339 338 337 336 335 333 333 331 330 329 328 327 326 325 325 325 324 324 324 324 322 322 322 322 321 322 322 322 321 321 321 321 320 320 320 320 320 320 319 319 319 320 318 318 319 319 317 316 315 315 314 314 313 313 312 311 310 310 309
-999 -999 -999 -999 -999 -999 -999 -999 -999 -999 -999 -999 -999 -999 -999 -999 -999 -999 -999 -999 -999 -999 -999 -999 -999 342 342 342 341 341 340 339 340 340 338 337 338 338 335 334 333 332 330 329 328 328 328 325 325 325 324 324 324 325 323 322 322 322 322 322 322 322 321 321 321 320 320 320 320 320 320 320 320 320 319 319 319 319 318 318 318 318 316 315 315 315 314 313 313 313 311 310 309 309
-999 -999 -999 -999 -999 -999 -999 -999 -999 -999 -999 -999 -999 -999 -999 -999 -999 -999 -999 -999 -999 -999 -999 -999 -999 341 341 340 340 340 339 339 338 338 337 337 336 336 334 333 333 331 329 328 328 327 327 325 325 325 324 324 324 324 324 322 322 323 322 322 322 322 321 321 320 320 320 320 320 320 320 320 320 319 319 319 319 319 319 319 318 318 317 316 316 316 315 313 313 313 312 310 310 309
-999 -999 -999 -999 -999 -999 -999 -999 -999 -999 -999 -999 -999 -999 -999 -999 -999 -999 -999 -999 -999 -999 -999 -999 -999 340 340 339 339 338 338 338 337 337 337 336 336 335 334 333 331 330 329 328 327 326 326 325 325 325 324 324 323 323 323 322 322 322 322 322 321 321 320 320 320 320 320 319 320 320 320 320 320 320 321 320 319 320 319 319 319 318 317 316 317 315 315 315 314 314 313 312 311 310
-999 -999 -999 -999 -999 -999 -999 -999 -999 -999 -999 -999 -999 -999 -999 -999 -999 -999 -999 -999 -999 -999 -999 -999 -999 339 339 339 337 337 337 337 336 337 336 336 335 334 333 332 330 329 328 326 326 325 325 325 325 325 324 324 323 323 322 323 321 321 321 320 321 321 321 321 320 320 320 320 319 319 319 321 321 320 320 320 320 320 319 320 320 319 318 317 317 315 314 313 313 313 314 313 312 313
-999 -999 -999 -999 -999 -999 -999 -999 -999 -999 -999 -999 -999 -999 -999 -999 -999 -999 -999 -999 -999 -999 -999 -999 -999 339 337 337 337 337 336 336 336 336 335 335 335 334 332 331 330 329 327 326 325 325 325 325 325 325 324 323 323 323 322 321 321 322 320 320 320 321 321 320 320 320 320 320 319 320 320 321 321 321 320 319 319 319 319 319 320 318 317 315 316 317 314 312 313 313 314 313 314 313
-999 -999 -999 -999 -999 -999 -999 -999 -999 -999 -999 -999 -999 -999 -999 -999 -999 -999 -999 -999 -999 -999 -999 -999 -999 -999 336 336 336 336 336 336 336 335 335 334 334 333 331 330 330 328 327 326 325 325 325 325 325 324 324 323 323 322 322 321 321 321 320 320 320 321 321 320 320 321 321 320 320 320 319 321 321 321 320 320 320 320 319 319 321 320 319 318 316 316 314 313 312 313 314 314 313 312
-999 -999 -999 -999 -999 -999 -999 -999 -999 -999 -999 -999 -999 -999 -999 -999 -999 -999 -999 -999 -999 -999 -999 -999 -999 -999 335 335 336 336 336 336 335 335 334 333 332 331 330 329 328 327 326 326 325 325 325 325 324 324 324 323 323 322 322 321 321 321 320 320 320 321 321 320 320 320 321 320 320 320 321 320 321 321 320 320 320 320 319 319 319 318 318 317 317 316 313 313 313 311 313 314 312 312
-999 -999 -999 -999 -999 -999 -999 -999 -999 -999 -999 -999 -999 -999 -999 -999 -999 -999 -999 -999 -999 -999 -999 -999 -999 -999 334 335 334 335 335 335 334 334 333 332 331 330 329 328 327 326 326 325 325 325 325 324 324 324 323 323 322 322 322 321 321 321 321 321 320 320 321 320 321 321 321 320 320 320 320 320 320 321 320 320 319 321 320 320 319 318 318 317 316 316 315 314 314 311 312 311 311 312
-999 -999 -999 -999 -999 -999 -999 -999 -999 -999 -999 -999 -999 -999 -999 -999 -999 -999 -999 -999 -999 -999 -999 -999 -999 332 333 334 334 334 334 334 334 333 332 331 330 330 328 327 326 326 326 325 325 325 324 324 324 324 323 322 322 322 321 321 321 321 322 321 320 321 320 320 320 321 320 320 320 320 320 320 320 321 321 320 320 321 320 319 318 318 317 315 315 315 315 314 313 313 312 312 311 311
-999 -999 -999 -999 -999 -999 -999 -999 -999 -999 -999 -999 -999 -999 -999 -999 -999 -999 -999 -999 -999 -999 -999 -999 332 332 332 333 333 333 333 333 333 332 331 330 330 329 327 326 326 326 325 325 325 325 324 324 324 323 323 322 322 322 321 321 321 321 322 320 320 321 320 320 320 320 320 320 320 320 320 320 320 320 320 321 321 321 319 318 318 316 316 316 315 314 313 312 313 314 312 311 311 311
