DE_sunshineduration/sunshineduration_2018_08.asc
NCOLS 654
NROWS 866
XLLCORNER 3280414.711633467
YLLCORNER 5237500.62890625
CELLSIZE 1000
NODATA_VALUE -999
[rows 123 to 163 of 866, columns 470 to 563 of 654]
247 247 248 248 248 248 248 248 248 249 249 249 249 249 250 250 250 250 251 251 251 251 251 251 251 252 252 252 252 252 253 253 252 253 253 253 253 253 253 253 253 254 254 254 254 255 255 255 255 256 256 256 256 256 256 256 256 256 256 256 256 256 256 256 257 257 257 257 257 257 257 257 257 258 258 258 258 -999 -999 -999 -999 -999 -999 -999 -999 -999 -999 -999 -999 -999 -999 -999 -999 -999
247 248 248 248 248 248 248 248 248 249 249 249 249 250 250 250 250 251 251 251 251 251 251 251 252 252 252 252 252 253 253 253 253 253 253 253 253 253 253 253 254 254 254 254 254 255 255 255 255 256 256 256 256 256 256 256 256 256 256 256 256 256 256 256 257 257 257 257 -999 257 257 -999 -999 -999 -999 -999 -999 -999 -999 -999 -999 -999 -999 -999 -999 -999 -999 -999 -999 -999 -999 -999 -999 -999
247 248 248 248 248 248 248 248 249 249 249 249 250 250 250 250 251 251 251 251 251 251 251 251 252 252 252 252 253 253 253 253 253 253 253 253 253 253 253 253 254 254 254 254 255 255 255 255 255 256 256 256 256 256 256 256 256 256 256 256 256 256 256 256 257 257 257 257 257 257 -999 -999 -999 -999 -999 -999 -999 -999 -999 -999 -999 -999 -999 -999 -999 -999 -999 -999 -999 -999 -999 -999 -999 -999
248 248 248 248 249 248 249 249 249 249 250 250 250 250 250 251 251 251 251 252 252 251 252 252 252 252 252 253 253 253 253 253 254 253 253 253 254 253 254 254 254 254 254 255 255 255 255 255 256 256 256 256 256 256 256 256 256 256 256 256 256 256 257 257 257 257 257 257 257 257 -999 -999 -999 -999 -999 -999 -999 -999 -999 -999 -999 -999 -999 -999 -999 -999 -999 -999 -999 -999 -999 -999 -999 -999
248 249 249 249 249 249 249 249 249 250 250 250 250 251 251 251 251 252 252 252 252 252 252 252 252 252 253 253 253 254 254 254 254 254 254 254 254 254 254 254 254 255 255 255 255 255 255 255 255 256 256 256 256 256 256 256 256 256 256 256 256 257 257 257 257 257 257 257 257 258 258 258 -999 -999 -999 -999 -999 -999 -999 -999 -999 -999 -999 -999 -999 -999 -999 -999 -999 -999 -999 -999 -999 -999
248 249 249 249 249 249 249 249 250 250 250 250 251 251 251 251 251 252 252 252 252 252 252 252 253 252 252 253 254 254 254 254 254 254 254 254 254 254 254 254 255 255 255 255 255 255 255 255 256 256 256 256 256 256 256 256 256 256 256 256 256 257 257 257 257 257 257 257 258 258 258 258 -999 -999 -999 -999 -999 -999 -999 -999 -999 -999 -999 -999 -999 -999 -999 -999 -999 -999 -999 -999 -999 -999
249 249 249 249 249 249 249 250 250 250 250 251 251 251 251 251 252 252 252 252 252 252 252 253 252 252 252 253 253 254 254 254 254 254 254 254 254 254 254 255 255 255 255 255 255 255 255 255 256 256 256 256 256 256 256 256 256 256 256 256 257 257 257 257 257 257 257 257 258 258 258 258 258 258 -999 -999 -999 -999 -999 -999 -999 -999 -999 -999 -999 -999 -999 -999 -999 -999 -999 -999 -999 -999
249 249 249 249 250 250 250 250 251 251 251 251 251 251 252 252 252 252 252 253 253 253 253 253 254 254 254 253 253 253 254 254 255 254 255 255 255 255 255 255 255 255 255 255 256 255 256 256 256 256 256 256 256 256 256 256 256 256 257 257 257 257 257 257 257 257 258 258 258 258 258 258 259 259 259 -999 -999 -999 -999 -999 -999 -999 -999 -999 -999 -999 -999 -999 -999 -999 -999 -999 -999 -999
249 249 249 249 250 250 251 251 251 251 252 252 252 252 252 252 252 253 253 253 253 254 254 254 254 254 255 255 254 254 255 255 255 255 255 255 255 255 256 256 256 256 256 256 256 256 256 256 256 256 256 256 256 257 257 257 257 257 257 257 257 257 257 257 257 258 258 258 258 259 259 259 259 259 259 259 -999 -999 -999 -999 -999 -999 -999 -999 -999 -999 -999 -999 -999 -999 -999 -999 -999 -999
249 249 249 249 250 251 251 251 251 252 252 252 252 252 251 252 252 253 253 253 253 253 254 254 254 255 255 255 255 254 255 255 255 255 255 255 255 256 256 256 256 256 256 256 256 256 256 256 256 256 256 256 257 257 257 257 257 257 257 257 257 257 257 257 258 258 258 258 258 259 259 259 259 259 259 259 259 259 259 -999 -999 -999 -999 -999 -999 -999 -999 -999 -999 -999 -999 -999 -999 -999
249 249 249 250 250 251 251 251 252 252 252 252 251 252 251 252 253 253 253 253 254 254 254 253 254 255 255 255 255 254 254 255 255 255 255 255 256 256 256 256 256 256 256 256 256 256 256 256 256 256 256 256 257 257 257 257 257 257 257 257 257 257 257 257 258 258 258 258 259 259 259 259 259 259 259 259 259 259 259 -999 259 259 -999 -999 -999 -999 -999 -999 -999 -999 -999 -999 -999 -999
249 250 250 250 251 251 251 252 252 252 251 251 251 252 253 253 253 253 252 253 253 253 253 254 254 255 255 254 254 254 254 255 255 255 255 256 256 256 256 256 256 256 256 256 256 256 256 257 257 257 257 257 257 257 257 257 257 257 257 257 257 257 258 258 258 258 258 259 259 259 259 259 259 259 259 259 259 259 259 259 259 259 259 259 259 259 -999 -999 -999 -999 -999 -999 -999 261
250 250 251 251 251 252 252 252 252 252 252 251 251 253 253 253 253 253 253 253 253 254 254 254 254 255 254 254 255 254 255 255 255 256 256 256 256 256 256 256 256 256 256 256 256 257 257 257 257 257 257 257 257 257 257 257 257 257 257 257 257 258 258 258 258 259 259 259 259 259 259 259 259 259 259 259 259 260 260 260 259 259 259 259 259 259 259 259 259 260 260 260 261 261
250 251 251 251 251 252 252 252 252 252 252 252 252 252 253 253 253 253 253 253 253 254 254 254 254 254 255 255 255 255 255 255 255 256 256 256 256 256 256 256 256 256 256 256 256 257 257 257 257 257 257 257 257 257 257 257 257 257 257 257 258 258 258 258 258 259 259 259 259 259 259 259 259 259 259 259 259 260 260 260 259 259 259 259 259 259 259 259 260 260 260 260 261 262
251 251 251 251 252 252 252 252 252 251 251 252 252 253 253 252 253 253 253 253 254 254 254 254 254 254 255 255 255 255 255 255 256 256 256 256 256 256 256 256 256 256 256 256 256 257 257 257 257 257 257 257 257 257 257 257 257 257 257 257 258 258 258 258 259 259 259 259 259 259 259 259 259 259 259 259 260 260 260 260 260 259 259 259 259 259 259 259 260 260 260 261 261 262
251 251 251 252 252 252 252 252 252 252 252 252 252 253 253 254 254 253 253 254 254 254 254 254 254 254 255 255 255 255 256 256 256 256 256 256 256 256 256 256 256 256 256 256 256 257 257 257 257 257 257 257 257 257 257 257 257 257 258 258 258 258 258 259 259 259 259 259 259 259 259 259 259 259 260 260 260 260 260 260 260 260 259 259 259 259 260 260 260 260 261 261 262 262
251 252 252 252 251 253 252 252 253 253 253 253 253 254 253 253 253 254 254 254 254 254 254 254 254 256 256 256 256 256 256 256 256 256 256 256 256 256 256 256 256 256 256 256 256 257 257 257 257 257 257 257 257 257 257 257 257 258 258 258 258 259 259 259 259 259 259 259 259 260 260 260 260 260 260 260 260 260 260 260 260 260 260 260 260 260 260 260 260 261 261 261 262 262
252 252 252 251 251 252 252 252 252 252 253 253 254 254 253 253 253 254 254 254 254 254 254 254 254 256 256 256 256 256 256 256 256 256 256 256 256 256 256 256 256 256 256 256 257 257 257 257 257 257 257 257 257 257 257 257 258 258 258 258 259 259 259 259 259 259 259 259 260 260 260 260 260 260 260 260 260 260 260 260 260 260 260 260 260 260 260 260 261 261 261 261 262 263
252 252 252 252 253 252 252 252 252 253 253 254 254 254 253 253 254 254 254 254 254 254 254 254 255 256 255 256 256 256 256 256 256 256 256 256 256 256 256 256 256 256 256 256 257 257 257 257 257 257 257 257 258 257 257 258 258 258 258 259 259 259 259 259 259 259 259 260 260 260 260 260 260 260 260 260 260 260 260 260 260 260 260 260 261 261 260 261 261 261 261 262 262 263
252 252 252 252 252 252 252 254 254 254 254 253 253 254 253 254 254 254 254 254 254 254 254 255 255 256 255 255 256 256 256 256 256 256 256 256 256 256 256 256 256 256 257 257 257 257 257 257 258 258 258 258 258 258 258 258 259 259 259 259 259 259 259 260 260 260 260 260 260 260 260 260 261 260 261 260 261 260 261 261 261 261 261 261 261 261 262 262 262 262 262 262 263 263
253 253 252 252 252 253 253 254 254 254 255 255 254 254 254 254 254 254 254 254 254 255 255 255 255 255 255 255 256 256 256 256 256 256 256 256 256 256 256 256 256 257 257 257 257 257 257 257 258 258 259 259 258 259 259 259 259 259 260 260 260 260 260 260 260 260 261 261 261 261 261 261 261 261 261 261 261 261 261 261 261 261 262 262 262 262 263 262 262 263 263 263 263 264
253 252 253 252 252 254 254 254 254 255 254 254 254 254 254 254 254 254 254 254 255 255 255 255 255 255 255 255 256 256 256 256 256 256 256 256 256 256 256 256 257 257 257 257 257 257 257 257 258 259 259 259 259 259 259 259 259 260 260 260 260 260 260 260 260 261 261 261 261 261 261 261 261 261 261 261 261 261 261 261 262 262 262 262 262 263 263 263 263 263 263 263 264 264
252 252 253 252 253 253 254 254 254 254 254 254 254 254 254 254 254 254 254 254 255 255 256 256 255 255 255 256 256 256 256 256 256 256 256 256 256 256 256 256 257 257 257 257 257 257 257 258 258 259 259 259 259 259 259 260 260 260 260 260 260 260 260 260 261 261 261 261 261 261 261 261 262 261 261 261 262 261 261 262 262 262 262 263 263 263 263 263 264 263 263 264 264 264
254 252 253 253 253 254 255 254 254 254 254 255 255 255 255 254 255 254 255 256 256 256 256 257 256 256 256 256 256 256 256 256 256 256 256 256 256 256 257 257 257 257 257 257 257 257 258 258 259 259 259 260 260 260 260 260 260 260 260 261 261 260 261 261 261 261 261 262 262 262 262 262 262 262 262 262 262 262 262 262 263 263 263 263 264 264 264 264 264 264 264 264 265 265
253 254 254 253 253 254 255 254 254 255 255 255 255 255 255 255 255 255 255 256 255 256 257 257 257 257 257 257 256 256 256 256 256 256 256 256 256 257 257 257 257 257 257 257 257 258 258 258 259 259 260 260 260 261 261 261 261 261 261 261 261 261 261 261 261 262 262 262 262 263 263 263 263 263 263 263 262 263 263 263 263 263 264 264 264 264 265 265 264 265 265 265 265 265
254 254 254 254 255 255 255 254 255 255 255 255 255 255 255 255 255 255 255 256 256 256 256 256 257 257 257 257 256 256 256 256 256 255 255 255 255 257 256 256 257 256 257 257 257 258 258 258 259 260 260 260 260 261 261 261 261 261 261 261 261 261 261 261 262 262 262 262 262 263 263 263 263 263 263 263 263 263 263 263 264 264 264 264 265 265 265 265 265 265 265 265 266 266
255 255 254 255 255 255 255 255 255 255 255 255 255 255 255 255 255 255 255 256 257 256 256 256 256 256 257 257 257 256 256 256 255 255 255 255 255 256 256 257 256 257 256 257 258 258 258 259 259 260 260 260 261 261 261 261 261 261 261 261 261 261 261 262 262 262 262 262 263 263 263 263 263 263 263 263 264 263 263 264 264 264 264 265 265 265 265 265 265 265 265 266 266 267
255 255 255 256 256 256 256 255 255 255 255 255 255 255 255 256 256 256 256 257 256 256 256 256 256 256 257 257 257 256 256 256 256 256 255 255 255 256 256 256 256 256 256 257 258 258 259 259 260 260 259 261 261 261 261 261 261 261 261 262 262 262 262 262 262 262 263 263 263 263 263 263 263 263 264 264 264 264 264 265 265 265 265 265 265 265 265 266 266 266 267 267 267 268
256 256 257 256 256 257 257 255 255 255 255 255 255 256 256 256 256 256 256 257 256 256 256 256 256 256 256 257 257 256 256 256 256 254 254 254 255 256 256 256 256 256 256 257 258 258 259 259 260 259 260 261 261 261 261 260 260 262 262 261 262 262 263 263 263 263 263 263 263 263 263 263 263 264 264 264 264 265 266 265 265 265 266 266 265 265 266 266 266 267 268 268 268 269
256 257 257 257 257 257 257 257 255 255 255 255 255 256 256 256 256 256 256 257 256 256 256 256 256 256 256 256 257 256 256 256 255 254 254 254 255 256 256 256 256 256 257 257 258 259 258 259 259 260 260 260 260 261 261 260 260 261 261 261 261 263 263 263 263 263 263 263 263 263 263 262 263 263 264 264 265 266 266 266 266 266 266 266 266 266 266 266 267 268 268 268 269 270
257 257 257 257 257 257 257 256 256 256 256 255 257 256 256 256 256 256 256 256 257 256 256 256 256 256 256 256 257 256 256 256 255 255 254 254 256 255 256 256 256 257 257 258 258 259 258 258 259 260 260 261 261 261 261 260 261 261 261 261 262 262 262 263 263 263 263 263 263 263 262 263 263 263 263 265 265 266 266 266 266 266 266 266 266 266 266 267 267 268 268 269 270 270
257 257 257 258 258 258 257 256 256 256 256 256 256 256 256 256 256 256 256 256 257 256 256 256 256 256 256 257 257 256 256 256 255 255 254 255 255 255 256 256 256 257 258 258 258 258 258 259 259 259 260 260 261 261 262 261 261 261 261 262 262 262 262 263 263 263 264 264 264 264 263 263 263 264 264 265 266 266 266 267 267 267 267 267 267 267 267 268 268 268 269 270 270 270
258 258 258 258 258 258 257 257 256 256 256 257 256 256 256 257 256 257 257 258 257 257 256 256 256 256 256 256 257 256 256 256 255 254 255 255 256 255 257 257 257 258 258 258 257 258 258 258 259 260 260 260 261 261 261 261 261 262 262 262 262 263 263 263 263 263 264 264 263 264 264 264 264 264 265 266 266 267 267 267 267 267 268 268 268 268 269 269 269 269 270 270 270 271
258 258 258 258 258 258 257 257 256 256 256 256 256 256 256 256 257 257 257 257 258 257 256 256 256 256 256 257 257 256 256 256 256 254 255 255 256 257 257 257 258 258 258 257 258 258 258 258 259 260 260 260 261 261 261 261 262 262 262 262 263 263 263 263 264 264 264 264 264 264 264 264 265 265 266 266 267 267 267 267 268 268 268 268 269 269 269 269 270 270 270 270 271 272
258 258 258 258 258 258 257 257 257 256 256 256 256 256 256 256 257 257 257 258 258 258 256 256 257 256 256 257 257 257 256 256 256 256 256 256 256 257 257 258 258 258 258 258 258 258 258 259 259 260 260 260 261 261 261 261 262 262 262 263 263 263 263 263 264 264 264 264 265 265 265 265 265 265 266 267 267 267 267 268 268 268 268 269 269 270 270 270 270 270 271 271 272 272
259 259 259 257 259 259 257 257 257 257 257 257 257 257 257 257 257 257 257 258 257 258 257 257 257 257 257 257 257 257 257 257 257 256 257 257 257 256 257 258 259 258 258 258 258 258 259 259 260 260 260 261 261 261 262 262 262 263 263 263 263 263 264 264 264 265 265 265 265 266 267 266 266 267 267 268 268 268 268 268 269 269 269 270 270 271 271 271 271 271 272 272 273 273
259 259 258 258 258 258 258 258 257 257 257 257 257 257 257 257 257 258 258 259 258 259 259 258 257 259 258 257 257 257 258 258 257 257 257 257 257 258 258 259 258 258 259 259 259 259 259 259 260 260 261 261 261 262 262 262 263 263 264 264 264 264 264 264 265 265 266 266 267 267 268 268 268 268 269 268 268 269 269 269 269 270 271 271 271 272 272 272 272 272 273 273 274 275
259 259 258 258 258 258 258 258 257 257 257 257 257 257 257 257 257 258 258 259 258 258 259 258 258 258 258 258 257 258 258 258 258 257 258 257 257 258 258 258 258 259 259 259 259 259 259 259 260 261 261 261 262 262 262 262 263 264 264 264 264 264 264 264 265 266 266 266 267 268 267 267 268 269 269 269 269 269 269 269 270 271 271 271 272 273 273 273 273 273 273 273 274 275
260 259 258 258 259 259 258 258 258 257 257 257 257 257 257 257 258 258 258 258 258 259 259 259 258 258 258 258 258 258 258 258 258 258 258 257 258 258 258 259 259 259 259 259 259 259 259 260 260 261 261 262 262 262 262 263 263 264 264 264 264 264 264 265 265 266 267 268 268 268 268 268 269 269 269 269 269 269 269 270 271 271 271 272 273 273 273 273 273 273 273 274 275 276
259 260 260 258 259 258 258 258 258 258 258 258 258 258 258 258 258 258 258 258 258 259 259 260 259 259 258 258 259 259 259 257 258 258 259 259 258 259 259 260 259 259 259 260 260 259 260 260 261 261 261 262 262 263 263 263 264 264 264 264 264 264 265 265 266 266 267 268 269 269 269 269 269 269 270 270 270 270 270 271 271 272 272 273 273 273 273 274 274 274 274 274 275 276
259 259 260 259 258 258 258 258 258 258 258 258 258 258 258 258 258 258 258 259 258 260 260 259 259 259 259 259 259 259 259 258 258 258 259 258 259 259 260 260 260 260 260 260 260 260 260 260 261 261 262 262 263 263 264 264 264 264 264 264 264 265 265 265 266 267 268 269 269 270 270 270 270 270 270 270 270 270 271 271 271 271 273 273 273 273 273 274 274 274 274 275 276 277
