DE_sunshineduration/sunshineduration_2018_08.asc
NCOLS 654
NROWS 866
XLLCORNER 3280414.711633467
YLLCORNER 5237500.62890625
CELLSIZE 1000
NODATA_VALUE -999
[rows 820 to 860 of 866, columns 282 to 375 of 654]
240 239 239 239 240 240 239 239 240 241 241 241 242 242 242 242 242 242 242 242 241 240 240 241 241 241 240 239 240 240 241 240 240 242 242 242 242 242 242 241 242 242 241 241 242 242 242 241 242 243 243 243 244 244 245 245 246 246 246 246 246 245 245 245 246 246 246 246 247 247 247 248 248 248 248 248 248 247 247 246 247 247 247 247 247 247 248 247 246 245 244 244 244 244
239 239 239 239 239 239 239 239 240 240 241 241 241 241 241 242 242 242 241 242 241 241 241 240 241 240 239 239 240 240 240 241 241 242 242 242 242 242 242 241 241 241 241 241 241 242 241 242 242 242 243 243 243 244 244 245 245 246 246 246 245 245 245 245 245 245 246 246 246 247 247 248 247 247 247 247 246 246 246 245 244 246 246 246 246 247 247 246 245 244 243 242 241 242
238 238 238 239 239 239 239 239 240 240 240 241 240 240 240 240 241 241 240 240 240 240 240 240 238 239 240 239 240 240 240 240 241 241 241 242 242 242 242 241 241 241 241 241 241 241 240 242 242 242 242 242 243 243 243 245 245 245 245 245 245 244 244 244 243 245 245 246 246 246 246 246 246 246 246 245 245 245 244 244 244 243 244 245 245 246 246 245 245 244 242 239 239 237
238 238 238 238 238 237 238 239 240 241 241 240 242 241 240 240 241 240 240 240 239 239 238 239 240 241 240 240 239 239 239 240 240 241 241 241 242 242 242 240 240 241 242 241 241 240 241 241 241 241 242 242 242 243 244 243 244 244 245 245 245 243 244 242 243 245 245 245 246 246 246 246 246 245 245 244 244 242 241 240 240 241 241 242 244 244 245 245 245 244 242 239 239 238
238 238 238 238 238 238 237 237 239 241 241 240 241 241 241 241 241 239 239 240 240 240 240 240 240 241 241 240 239 239 240 240 241 241 241 241 241 242 241 240 240 242 241 241 240 240 240 241 241 241 242 241 242 243 243 243 244 245 245 245 244 244 243 243 243 244 244 245 245 246 246 245 245 244 244 243 243 238 238 237 236 239 237 238 241 244 241 242 244 244 244 243 241 240
238 238 238 238 238 237 237 237 239 239 241 240 240 240 240 241 239 238 239 240 240 240 239 239 239 240 239 239 238 239 240 241 241 241 241 241 241 240 240 239 240 240 240 238 239 241 241 241 242 241 242 241 241 242 242 242 243 244 244 244 244 244 244 243 243 244 243 244 244 245 243 244 244 243 243 242 239 237 239 239 238 236 238 239 239 242 240 239 240 243 243 242 241 240
237 237 238 238 237 237 237 237 238 238 238 239 239 240 238 239 239 239 240 240 238 238 238 237 237 236 236 237 238 239 240 240 241 241 241 241 239 239 239 238 239 239 238 237 239 240 240 241 241 241 241 241 241 241 241 241 242 242 243 243 243 244 244 244 243 244 244 243 243 243 243 243 243 242 241 237 236 239 239 237 238 238 239 241 240 241 240 238 240 241 242 243 243 242
236 237 236 236 236 236 236 237 237 237 237 238 239 238 238 240 239 239 239 238 239 238 236 234 235 234 236 237 237 237 238 240 240 240 240 240 238 237 237 238 238 236 237 237 239 239 239 240 239 239 239 240 240 240 240 240 240 241 242 242 243 243 243 243 243 243 242 243 242 241 241 241 241 241 239 239 241 240 239 238 238 238 238 239 238 238 237 236 238 241 237 241 242 242
235 236 235 235 235 235 236 236 237 237 237 236 238 239 238 237 237 239 238 238 238 236 235 235 236 235 235 235 236 238 238 239 239 240 240 237 236 236 237 236 235 236 236 237 238 239 238 237 238 238 237 237 239 239 239 239 240 240 240 241 242 243 243 243 242 242 242 242 241 240 240 240 240 237 237 238 239 238 238 237 236 237 237 237 237 236 236 235 235 236 236 239 240 242
233 234 235 235 236 236 237 237 236 237 236 236 236 237 238 237 236 237 238 235 236 238 236 235 234 234 235 235 235 237 238 238 238 239 239 235 236 236 236 234 234 235 236 236 236 237 235 233 237 234 234 235 236 239 239 239 239 239 241 241 241 242 242 242 242 242 241 241 240 240 240 239 237 235 235 236 237 235 236 232 234 233 233 234 233 232 232 230 234 235 234 234 234 240
233 233 234 234 235 235 237 237 236 236 234 236 236 236 235 236 236 236 236 236 236 234 234 235 235 234 234 234 235 235 236 236 236 236 234 234 235 234 233 233 233 234 234 235 235 234 234 232 234 233 234 236 236 238 238 238 238 238 239 240 240 241 241 241 241 240 240 240 239 239 239 237 235 233 233 235 233 231 229 230 229 228 229 231 232 230 231 231 232 237 237 238 239 239
232 233 233 234 235 236 236 235 235 235 235 234 236 235 235 236 234 233 233 234 234 232 232 232 234 234 234 234 234 233 234 234 235 234 232 233 233 231 229 230 231 231 231 231 235 234 233 232 233 234 235 237 237 236 237 237 237 237 238 239 239 240 239 240 240 239 239 239 238 238 236 234 233 231 231 233 234 231 228 230 233 232 231 232 233 234 234 234 235 235 234 236 235 234
231 233 233 234 236 236 235 234 233 235 235 234 235 235 235 233 234 233 233 231 230 232 233 234 234 234 234 234 232 232 233 233 232 233 232 232 229 228 227 229 230 230 230 228 230 233 232 231 234 235 235 231 232 236 237 238 237 237 234 235 238 238 238 239 238 238 237 238 237 237 235 230 227 231 231 227 229 229 226 228 227 229 232 233 232 233 234 234 233 228 231 231 226 227
231 233 234 234 235 236 234 234 233 235 235 234 235 235 235 234 234 232 232 232 233 234 234 234 232 231 231 231 231 232 232 231 230 231 232 229 225 223 226 228 228 228 228 226 229 232 230 228 233 230 231 234 235 233 233 236 236 234 -999 -999 236 237 237 238 237 235 236 236 233 234 232 231 228 227 227 225 221 223 225 224 224 229 230 230 228 229 231 231 225 227 230 227 226 230
231 233 234 235 235 234 234 234 233 234 234 234 233 233 234 232 234 234 234 234 233 232 230 228 228 226 224 224 227 228 229 228 228 228 228 225 220 222 224 227 227 224 223 226 229 230 227 -999 -999 229 230 233 231 228 226 230 233 -999 -999 -999 -999 -999 -999 -999 -999 -999 -999 235 233 230 231 229 223 223 225 222 222 223 222 224 225 228 226 223 221 221 227 225 220 225 222 220 222 227
232 234 234 235 235 233 232 232 232 234 235 234 233 234 234 234 231 230 231 230 229 228 227 225 224 222 222 223 225 222 224 225 226 225 224 220 221 222 223 224 223 223 223 226 229 229 228 -999 -999 -999 228 231 232 231 227 229 230 -999 -999 -999 -999 -999 -999 -999 -999 -999 -999 -999 -999 -999 225 229 227 225 221 223 222 223 224 223 224 221 216 216 220 222 223 218 217 218 217 221 224 226
-999 -999 234 235 -999 -999 232 231 232 234 235 234 235 234 233 233 231 230 230 228 226 224 224 225 223 221 223 223 220 219 221 222 224 223 223 222 223 222 222 220 219 222 224 225 226 227 -999 -999 -999 -999 -999 -999 -999 -999 -999 -999 -999 -999 -999 -999 -999 -999 -999 -999 -999 -999 -999 -999 -999 -999 223 226 223 221 217 -999 -999 -999 -999 -999 223 215 213 218 220 219 221 221 216 217 220 221 221 223
-999 -999 -999 236 -999 -999 -999 -999 -999 -999 236 235 233 232 232 232 231 230 227 224 226 226 225 225 222 219 219 217 218 220 221 222 222 222 223 221 220 219 219 218 219 219 219 223 225 225 -999 -999 -999 -999 -999 -999 -999 -999 -999 -999 -999 -999 -999 -999 -999 -999 -999 -999 -999 -999 -999 -999 -999 -999 224 -999 -999 -999 -999 -999 -999 -999 -999 -999 -999 215 214 213 214 213 217 220 216 216 217 216 216 220
-999 -999 -999 -999 -999 -999 -999 -999 -999 -999 235 232 231 230 230 231 231 227 227 228 227 225 223 222 218 217 218 219 221 221 219 221 221 221 221 221 220 219 219 220 222 222 222 224 224 223 -999 -999 -999 -999 -999 -999 -999 -999 -999 -999 -999 -999 -999 -999 -999 -999 -999 -999 -999 -999 -999 -999 -999 -999 -999 -999 -999 -999 -999 -999 -999 -999 -999 -999 -999 213 213 217 213 213 217 218 216 217 215 217 219 223
-999 -999 -999 -999 -999 -999 -999 -999 -999 -999 -999 232 230 228 227 228 230 229 229 227 223 223 218 219 219 220 220 221 220 217 219 220 220 220 219 220 220 220 221 222 223 224 223 221 221 219 -999 -999 -999 -999 -999 -999 -999 -999 -999 -999 -999 -999 -999 -999 -999 -999 -999 -999 -999 -999 -999 -999 -999 -999 -999 -999 -999 -999 -999 -999 -999 -999 -999 215 214 213 216 214 218 216 216 213 211 217 220 221 224 225
-999 -999 -999 -999 -999 -999 -999 -999 -999 -999 -999 -999 227 228 228 228 227 226 225 222 219 220 222 223 222 220 219 219 216 215 218 219 219 220 219 218 218 219 219 219 221 223 224 220 217 220 -999 -999 -999 -999 -999 -999 -999 -999 -999 -999 -999 -999 -999 -999 -999 -999 -999 -999 -999 -999 -999 -999 -999 -999 -999 -999 -999 -999 -999 -999 -999 -999 221 216 215 217 217 219 218 218 214 213 214 221 223 223 224 225
-999 -999 -999 -999 -999 -999 -999 -999 -999 -999 -999 -999 228 226 227 225 224 223 222 221 222 223 222 220 218 218 217 217 214 215 218 218 218 220 219 217 216 216 215 215 215 221 221 220 219 219 -999 -999 -999 -999 -999 -999 -999 -999 -999 -999 -999 -999 -999 -999 -999 -999 -999 -999 -999 -999 -999 -999 -999 -999 -999 -999 -999 -999 -999 -999 -999 -999 221 220 -999 -999 -999 219 216 216 218 217 217 220 221 222 223 223
-999 -999 -999 -999 -999 -999 -999 -999 -999 -999 -999 -999 -999 225 -999 -999 225 225 224 224 221 219 217 215 217 217 217 214 212 214 216 217 217 218 217 216 215 213 213 214 215 217 219 222 220 221 221 220 -999 -999 -999 -999 -999 -999 -999 -999 -999 -999 -999 -999 -999 -999 -999 -999 -999 -999 -999 -999 -999 -999 -999 -999 -999 -999 -999 -999 -999 -999 -999 -999 -999 -999 -999 216 213 212 212 212 215 217 217 219 220 219
-999 -999 -999 -999 -999 -999 -999 -999 -999 -999 -999 -999 -999 -999 -999 -999 -999 226 224 221 220 219 218 215 216 215 213 212 210 211 214 215 216 217 215 214 214 211 208 213 213 209 212 217 222 222 219 217 -999 -999 -999 -999 -999 -999 -999 -999 -999 -999 -999 -999 -999 -999 -999 -999 -999 -999 -999 -999 -999 -999 -999 -999 -999 -999 -999 -999 -999 -999 -999 -999 -999 -999 -999 210 209 207 207 208 212 210 210 215 215 215
-999 -999 -999 -999 -999 -999 -999 -999 -999 -999 -999 -999 -999 -999 -999 -999 -999 222 224 224 223 221 219 217 213 212 209 208 208 210 213 214 214 214 214 213 211 207 208 212 207 208 211 214 219 222 219 218 -999 -999 -999 -999 -999 -999 -999 -999 -999 -999 -999 -999 -999 -999 -999 -999 -999 -999 -999 -999 -999 -999 -999 -999 -999 -999 -999 -999 -999 -999 -999 -999 -999 -999 -999 -999 -999 206 205 205 206 201 200 211 207 212
-999 -999 -999 -999 -999 -999 -999 -999 -999 -999 -999 -999 -999 -999 -999 -999 -999 -999 -999 -999 221 219 219 217 211 210 210 209 210 209 212 212 210 212 213 211 206 204 206 211 208 207 209 210 212 220 219 218 -999 -999 -999 -999 -999 -999 -999 -999 -999 -999 -999 -999 -999 -999 -999 -999 -999 -999 -999 -999 -999 -999 -999 -999 -999 -999 -999 -999 -999 -999 -999 -999 -999 -999 -999 -999 -999 200 202 200 200 198 204 201 203 208
-999 -999 -999 -999 -999 -999 -999 -999 -999 -999 -999 -999 -999 -999 -999 -999 -999 -999 -999 -999 219 216 216 216 212 208 208 205 206 207 209 210 209 209 208 208 204 202 205 207 205 203 205 208 210 217 216 214 213 -999 -999 -999 -999 -999 -999 -999 -999 -999 -999 -999 -999 -999 -999 -999 -999 -999 -999 -999 -999 -999 -999 -999 -999 -999 -999 -999 -999 -999 -999 -999 -999 -999 -999 -999 -999 -999 196 194 189 193 197 193 199 204
-999 -999 -999 -999 -999 -999 -999 -999 -999 -999 -999 -999 -999 -999 -999 -999 -999 -999 -999 -999 218 213 215 215 212 208 207 207 207 206 203 207 204 205 205 203 204 198 198 203 203 201 205 207 213 215 213 211 211 -999 -999 -999 -999 -999 -999 -999 -999 -999 -999 -999 -999 -999 -999 -999 -999 -999 -999 -999 -999 -999 -999 -999 -999 -999 -999 -999 -999 -999 -999 -999 -999 -999 -999 -999 -999 -999 -999 184 188 183 187 190 196 202
-999 -999 -999 -999 -999 -999 -999 -999 -999 -999 -999 -999 -999 -999 -999 -999 -999 -999 -999 -999 217 213 214 212 212 208 205 204 203 203 203 205 204 204 203 202 195 200 198 198 199 203 206 209 213 209 211 207 -999 -999 -999 -999 -999 -999 -999 -999 -999 -999 -999 -999 -999 -999 -999 -999 -999 -999 -999 -999 -999 -999 -999 -999 -999 -999 -999 -999 -999 -999 -999 -999 -999 -999 -999 -999 -999 -999 -999 177 182 189 190 198 204 208
-999 -999 -999 -999 -999 -999 -999 -999 -999 -999 -999 -999 -999 -999 -999 -999 -999 -999 -999 -999 218 214 212 210 209 208 207 205 203 202 204 201 202 202 202 200 196 194 196 196 201 204 208 207 211 207 208 -999 -999 -999 -999 -999 -999 -999 -999 -999 -999 -999 -999 -999 -999 -999 -999 -999 -999 -999 -999 -999 -999 -999 -999 -999 -999 -999 -999 -999 -999 -999 -999 -999 -999 -999 -999 -999 -999 -999 181 183 186 193 198 196 201 201
-999 -999 -999 -999 -999 -999 -999 -999 -999 -999 -999 -999 -999 -999 -999 -999 -999 -999 223 219 217 215 212 210 210 210 208 206 205 204 204 202 202 201 200 199 198 199 197 196 199 205 203 206 210 206 -999 -999 -999 -999 -999 -999 -999 -999 -999 -999 -999 -999 -999 -999 -999 -999 -999 -999 -999 -999 -999 -999 -999 -999 -999 -999 -999 -999 -999 -999 -999 -999 -999 -999 -999 -999 -999 -999 -999 -999 185 186 189 -999 -999 192 -999 -999
-999 -999 -999 -999 -999 -999 -999 -999 -999 -999 -999 -999 -999 -999 -999 -999 -999 -999 -999 221 218 216 214 213 211 208 205 204 203 203 202 201 201 200 198 198 194 194 196 195 199 201 200 208 208 204 -999 -999 -999 -999 -999 -999 -999 -999 -999 -999 -999 -999 -999 -999 -999 -999 -999 -999 -999 -999 -999 -999 -999 -999 -999 -999 -999 -999 -999 -999 -999 -999 -999 -999 -999 -999 -999 -999 -999 -999 -999 -999 -999 -999 -999 -999 -999 -999
-999 -999 -999 -999 -999 -999 -999 -999 -999 -999 -999 -999 -999 -999 -999 -999 -999 -999 -999 218 218 217 213 211 208 206 206 205 203 200 201 199 200 200 200 199 201 201 202 200 198 201 202 207 202 203 -999 -999 -999 -999 -999 -999 -999 -999 -999 -999 -999 -999 -999 -999 -999 -999 -999 -999 -999 -999 -999 -999 -999 -999 -999 -999 -999 -999 -999 -999 -999 -999 -999 -999 -999 -999 -999 -999 -999 -999 -999 -999 -999 -999 -999 -999 -999 -999
-999 -999 -999 -999 -999 -999 -999 -999 -999 -999 -999 -999 -999 -999 -999 -999 -999 -999 -999 -999 211 211 209 206 205 205 -999 -999 -999 -999 -999 197 198 200 201 200 195 195 197 201 205 198 202 203 201 -999 -999 -999 -999 -999 -999 -999 -999 -999 -999 -999 -999 -999 -999 -999 -999 -999 -999 -999 -999 -999 -999 -999 -999 -999 -999 -999 -999 -999 -999 -999 -999 -999 -999 -999 -999 -999 -999 -999 -999 -999 -999 -999 -999 -999 -999 -999 -999 -999
-999 -999 -999 -999 -999 -999 -999 -999 -999 -999 -999 -999 -999 -999 -999 -999 -999 -999 -999 -999 212 210 207 206 206 208 -999 -999 -999 -999 -999 195 199 201 198 199 199 194 193 197 200 201 196 -999 -999 -999 -999 -999 -999 -999 -999 -999 -999 -999 -999 -999 -999 -999 -999 -999 -999 -999 -999 -999 -999 -999 -999 -999 -999 -999 -999 -999 -999 -999 -999 -999 -999 -999 -999 -999 -999 -999 -999 -999 -999 -999 -999 -999 -999 -999 -999 -999 -999 -999
-999 -999 -999 -999 -999 -999 -999 -999 -999 -999 -999 -999 -999 -999 -999 -999 -999 -999 -999 -999 211 -999 -999 -999 -999 -999 -999 -999 -999 -999 193 196 200 200 193 200 198 197 198 194 200 201 -999 -999 -999 -999 -999 -999 -999 -999 -999 -999 -999 -999 -999 -999 -999 -999 -999 -999 -999 -999 -999 -999 -999 -999 -999 -999 -999 -999 -999 -999 -999 -999 -999 -999 -999 -999 -999 -999 -999 -999 -999 -999 -999 -999 -999 -999 -999 -999 -999 -999 -999 -999
-999 -999 -999 -999 -999 -999 -999 -999 -999 -999 -999 -999 -999 -999 -999 -999 -999 -999 -999 -999 -999 -999 -999 -999 -999 -999 -999 -999 -999 -999 194 197 200 200 194 199 199 193 196 198 196 198 -999 -999 -999 -999 -999 -999 -999 -999 -999 -999 -999 -999 -999 -999 -999 -999 -999 -999 -999 -999 -999 -999 -999 -999 -999 -999 -999 -999 -999 -999 -999 -999 -999 -999 -999 -999 -999 -999 -999 -999 -999 -999 -999 -999 -999 -999 -999 -999 -999 -999 -999 -999
-999 -999 -999 -999 -999 -999 -999 -999 -999 -999 -999 -999 -999 -999 -999 -999 -999 -999 -999 -999 -999 -999 -999 -999 -999 -999 -999 -999 -999 194 195 197 201 201 192 198 199 199 196 194 195 -999 -999 -999 -999 -999 -999 -999 -999 -999 -999 -999 -999 -999 -999 -999 -999 -999 -999 -999 -999 -999 -999 -999 -999 -999 -999 -999 -999 -999 -999 -999 -999 -999 -999 -999 -999 -999 -999 -999 -999 -999 -999 -999 -999 -999 -999 -999 -999 -999 -999 -999 -999 -999
-999 -999 -999 -999 -999 -999 -999 -999 -999 -999 -999 -999 -999 -999 -999 -999 -999 -999 -999 -999 -999 -999 -999 -999 -999 -999 -999 -999 -999 196 197 196 199 201 195 196 200 195 199 195 -999 -999 -999 -999 -999 -999 -999 -999 -999 -999 -999 -999 -999 -999 -999 -999 -999 -999 -999 -999 -999 -999 -999 -999 -999 -999 -999 -999 -999 -999 -999 -999 -999 -999 -999 -999 -999 -999 -999 -999 -999 -999 -999 -999 -999 -999 -999 -999 -999 -999 -999 -999 -999 -999
-999 -999 -999 -999 -999 -999 -999 -999 -999 -999 -999 -999 -999 -999 -999 -999 -999 -999 -999 -999 -999 -999 -999 -999 -999 -999 -999 -999 194 196 196 192 199 201 195 195 198 192 193 193 -999 -999 -999 -999 -999 -999 -999 -999 -999 -999 -999 -999 -999 -999 -999 -999 -999 -999 -999 -999 -999 -999 -999 -999 -999 -999 -999 -999 -999 -999 -999 -999 -999 -999 -999 -999 -999 -999 -999 -999 -999 -999 -999 -999 -999 -999 -999 -999 -999 -999 -999 -999 -999 -999
-999 -999 -999 -999 -999 -999 -999 -999 -999 -999 -999 -999 -999 -999 -999 -999 -999 -999 -999 -999 -999 -999 -999 -999 -999 -999 -999 -999 -999 194 193 191 198 199 194 192 197 196 193 188 -999 -999 -999 -999 -999 -999 -999 -999 -999 -999 -999 -999 -999 -999 -999 -999 -999 -999 -999 -999 -999 -999 -999 -999 -999 -999 -999 -999 -999 -999 -999 -999 -999 -999 -999 -999 -999 -999 -999 -999 -999 -999 -999 -999 -999 -999 -999 -999 -999 -999 -999 -999 -999 -999
