DE_sunshineduration/sunshineduration_2018_07.asc
NCOLS 654
NROWS 866
XLLCORNER 3280414.711633467
YLLCORNER 5237500.62890625
CELLSIZE 1000
NODATA_VALUE -999
[rows 492 to 532 of 866, columns 282 to 375 of 654]
326 326 327 325 326 324 326 327 326 328 326 324 321 321 321 321 319 320 322 323 323 322 320 319 320 322 324 324 324 325 326 326 325 325 328 326 325 323 322 323 320 317 318 320 319 320 319 321 319 317 316 317 316 316 314 313 313 317 315 312 312 313 309 308 310 310 310 310 310 309 308 309 307 306 308 309 307 308 309 306 307 307 309 307 308 307 310 307 307 310 309 306 307 305
328 329 328 327 326 325 326 328 329 327 327 326 323 323 320 322 322 321 322 323 322 321 321 320 322 323 324 323 324 325 326 326 326 326 326 328 327 323 323 323 320 319 320 322 320 321 319 319 317 318 318 318 318 318 316 316 318 317 316 314 311 312 309 312 310 311 310 310 309 308 308 307 307 307 307 307 306 307 309 305 307 307 307 308 310 310 310 309 310 306 306 309 304 306
327 328 327 327 327 326 327 328 327 326 326 326 326 322 321 321 323 322 323 323 322 322 322 322 322 323 323 324 324 325 325 326 325 326 326 327 327 325 323 323 323 322 321 321 321 321 318 317 317 319 318 317 319 317 316 316 317 316 316 312 312 309 308 312 311 311 312 309 308 309 309 306 307 309 307 306 306 306 307 306 308 306 308 307 310 307 309 305 305 307 305 307 305 306
326 327 326 327 327 325 328 329 325 324 326 323 325 322 321 322 323 321 321 323 322 319 321 324 322 322 322 321 323 324 325 325 325 326 327 326 327 327 325 324 323 322 321 321 320 320 319 319 320 320 320 319 318 317 318 318 315 316 314 313 311 312 309 311 312 311 312 310 309 308 308 310 306 307 306 306 305 306 307 307 308 307 306 307 308 308 307 307 304 305 304 308 306 306
326 325 325 326 327 327 327 329 324 323 326 324 325 323 321 322 322 320 322 322 322 322 322 320 320 321 320 318 321 323 325 326 327 327 325 324 326 327 326 327 323 321 321 322 322 319 320 319 317 317 317 317 316 316 315 316 314 314 313 314 313 312 312 311 311 312 314 311 309 312 308 309 307 306 305 307 306 307 307 307 306 306 308 307 308 306 304 304 303 303 302 304 307 307
327 324 324 325 327 325 327 329 326 325 325 325 326 323 319 320 320 323 322 319 322 323 322 321 322 321 320 319 321 322 324 326 327 324 324 324 325 327 326 323 324 322 322 321 322 320 320 318 318 318 317 317 315 314 315 314 314 313 313 314 315 316 313 313 313 312 313 313 312 308 311 308 310 308 307 305 305 307 307 307 306 306 306 307 308 305 305 305 303 302 304 305 304 304
328 327 324 326 327 328 329 328 329 326 323 323 324 322 319 320 322 322 322 322 322 323 323 323 324 323 321 319 322 325 323 326 326 323 325 326 325 327 326 324 323 322 323 322 323 321 321 320 319 318 318 316 316 316 313 313 315 313 315 314 315 315 314 315 314 314 310 310 310 308 308 312 307 309 307 306 307 307 308 306 308 306 308 308 307 305 305 303 303 303 303 306 303 303
327 326 325 327 328 328 329 327 329 327 324 322 321 320 321 322 321 322 323 322 323 323 323 324 324 325 324 323 325 325 326 326 326 325 325 326 328 324 324 323 322 325 323 322 320 319 319 320 319 319 318 317 314 313 313 311 314 313 313 313 315 315 316 316 314 314 309 312 312 309 308 310 309 310 305 306 307 306 307 308 309 307 308 309 307 304 303 303 302 302 305 306 303 301
328 327 329 329 329 329 328 328 329 328 326 323 321 320 320 323 324 324 322 324 323 323 323 323 324 324 325 326 326 326 325 323 323 324 326 325 325 327 325 324 322 322 324 321 321 319 319 319 319 319 319 318 317 315 315 315 315 316 313 314 315 316 316 315 315 313 310 313 310 308 308 310 309 305 307 305 305 305 305 306 307 308 305 306 307 304 305 305 305 304 304 303 305 302
328 326 328 329 329 330 329 328 330 329 325 323 322 321 321 321 321 323 324 322 323 323 323 323 323 323 324 324 325 325 324 324 323 325 327 325 325 327 325 323 322 323 323 322 322 319 319 320 318 318 318 317 317 316 315 316 316 315 314 315 314 317 317 314 314 313 311 313 309 307 309 309 306 306 306 305 306 307 307 307 307 306 305 305 304 307 305 303 304 302 303 303 302 304
330 327 327 329 331 329 330 331 329 330 326 322 322 322 324 324 324 325 325 322 323 323 323 322 323 322 322 325 325 322 324 323 324 325 326 327 325 326 325 325 324 325 322 322 323 322 321 320 319 319 317 317 317 316 315 317 316 316 313 314 315 315 316 315 313 313 314 310 310 308 310 309 311 307 307 305 305 306 305 305 307 305 303 302 305 303 303 303 302 301 301 302 303 304
329 330 331 332 331 333 332 331 330 330 328 324 323 322 323 324 324 326 327 324 323 324 323 322 323 322 323 323 324 324 324 323 324 324 326 322 325 326 325 325 325 324 324 322 323 322 322 322 319 319 317 319 318 315 317 317 315 315 315 314 315 315 315 314 314 313 312 312 311 310 311 312 309 306 307 303 303 302 306 306 307 301 302 303 304 302 303 302 300 300 301 301 302 299
329 329 330 332 333 332 332 328 328 330 328 326 323 321 322 324 326 326 327 326 323 323 324 323 324 323 323 324 324 325 324 325 324 326 325 324 325 324 325 324 321 321 321 321 320 320 320 321 321 319 319 319 317 316 318 315 316 315 316 315 314 315 315 315 314 313 312 312 310 312 309 307 307 304 304 305 305 302 305 307 305 302 301 303 303 302 302 300 300 299 300 302 302 300
330 331 329 332 332 331 331 328 329 330 327 323 323 322 322 322 325 326 326 326 325 323 323 325 324 323 324 324 324 325 325 325 325 325 324 323 323 324 323 325 322 322 321 320 319 319 319 319 320 319 318 319 319 318 317 317 316 315 316 316 315 316 316 314 313 311 312 314 312 310 309 306 305 305 305 305 304 302 303 304 303 303 302 302 301 300 300 300 301 299 300 301 300 300
331 333 331 330 329 329 329 330 331 331 328 323 323 322 322 323 324 326 326 327 326 324 323 323 325 325 323 323 323 324 323 323 323 323 322 322 323 324 323 323 323 323 322 319 320 319 318 317 317 317 318 316 318 318 316 317 316 315 316 316 316 314 314 314 314 313 313 311 310 311 309 306 306 308 307 305 303 303 303 305 306 302 303 304 303 303 301 299 302 302 301 301 301 298
333 333 332 327 328 328 330 331 331 330 326 323 321 321 322 322 324 325 325 325 326 325 324 324 323 325 324 323 323 323 322 323 323 322 321 322 322 322 323 323 321 320 320 321 319 319 317 317 317 316 316 317 316 317 317 317 315 315 314 315 314 313 311 312 312 313 312 312 311 308 311 310 308 308 305 303 303 304 302 303 302 301 301 302 302 300 301 303 301 301 301 302 301 299
332 332 331 330 329 329 329 329 331 327 325 323 321 321 321 322 323 324 325 325 326 326 325 323 322 324 326 324 322 321 322 323 321 321 322 321 320 322 322 323 321 320 319 321 320 318 317 317 316 316 316 316 315 317 316 316 315 313 313 313 312 310 310 311 313 313 312 312 311 308 309 307 306 305 304 303 302 305 301 301 301 301 301 302 302 301 300 302 301 301 301 301 301 299
333 331 330 328 327 330 329 328 329 325 324 324 322 321 322 322 324 324 325 326 326 326 326 325 325 324 326 324 324 322 323 322 321 321 321 321 321 321 322 322 322 319 320 320 320 319 318 318 317 316 316 316 315 316 317 316 315 314 314 312 313 311 311 312 312 312 311 311 310 311 310 308 307 305 304 303 303 305 301 303 302 301 300 301 302 300 300 301 304 300 305 300 301 302
330 333 332 330 332 329 328 327 328 325 324 324 323 324 322 324 324 324 325 326 325 325 326 325 325 326 325 325 323 324 322 323 322 322 322 321 322 322 321 321 322 320 318 317 318 317 319 316 317 316 316 315 316 317 317 315 315 315 313 313 312 311 312 310 311 311 311 310 311 311 311 311 306 307 306 305 304 306 305 304 304 302 301 300 304 300 301 300 301 304 302 300 301 304
331 334 333 332 332 331 327 327 325 323 323 322 323 322 323 325 325 325 325 326 325 324 324 326 326 325 325 325 325 324 323 324 323 323 322 323 323 322 322 322 320 320 318 318 317 318 317 318 316 316 316 315 315 316 316 316 316 314 314 313 313 311 310 310 311 310 310 311 311 311 310 310 308 308 307 307 307 307 303 301 301 303 301 303 303 299 298 299 299 300 303 304 302 305
331 333 334 334 331 330 327 327 324 323 324 324 325 322 322 324 325 323 325 325 326 324 324 324 325 325 323 324 325 324 323 324 324 323 323 323 322 322 322 322 321 319 319 318 316 317 318 317 316 315 315 316 315 314 315 314 312 314 315 314 313 312 312 312 311 312 311 311 311 311 310 310 308 308 308 307 306 306 305 303 301 303 303 301 300 299 300 300 298 302 304 304 304 304
328 333 332 331 330 330 326 328 324 324 324 324 326 326 323 324 325 326 325 325 325 324 324 325 324 325 324 324 324 325 324 323 323 323 323 322 322 322 322 321 321 320 320 319 319 317 317 317 317 315 316 315 316 315 315 315 313 312 314 315 313 313 313 313 311 312 311 311 311 311 310 310 309 308 307 306 306 306 306 306 305 306 305 305 302 299 299 301 301 301 305 305 302 303
329 329 330 331 328 328 326 327 325 326 324 323 324 326 327 327 326 326 325 325 326 325 324 321 323 323 324 323 323 325 325 324 323 322 322 321 322 321 321 321 320 319 319 319 319 319 318 317 316 314 314 316 315 315 315 314 313 313 312 313 314 313 313 312 312 312 312 311 311 310 309 309 309 309 308 307 307 307 307 307 307 306 307 305 302 299 300 304 303 302 301 302 302 304
329 327 327 327 325 324 324 327 328 328 324 325 324 325 327 327 327 327 327 326 325 325 324 323 322 323 324 324 324 325 324 324 322 321 321 321 321 321 320 320 320 319 319 318 319 319 319 318 316 316 313 314 315 314 313 313 314 313 312 312 312 312 311 312 312 311 311 310 311 310 309 309 309 309 308 308 307 308 308 307 306 306 307 306 307 303 303 304 303 300 302 302 304 301
327 326 324 324 326 325 327 329 328 328 328 328 328 328 328 328 327 326 326 327 325 325 325 324 324 323 322 324 324 325 325 324 322 321 321 321 321 320 320 320 320 319 319 319 319 319 319 319 317 315 311 312 315 314 314 313 312 313 312 312 311 311 311 310 311 311 311 310 309 308 309 309 309 309 308 308 306 308 309 308 306 306 308 306 305 305 305 304 302 300 302 303 300 302
324 322 322 324 326 327 327 328 328 329 329 329 328 328 328 328 327 326 326 326 325 325 325 324 324 323 323 324 325 325 324 322 321 321 322 320 320 320 320 320 319 319 319 319 318 319 319 318 318 316 315 316 315 315 315 313 314 313 313 313 311 312 312 311 310 311 311 310 309 308 308 308 309 308 309 309 307 307 308 309 309 307 307 308 305 305 306 304 304 302 301 301 299 301
322 324 324 325 326 322 323 327 329 327 329 327 328 328 328 328 326 325 325 326 325 326 325 325 325 323 324 324 325 323 323 322 322 322 320 320 319 319 319 319 319 320 319 319 319 318 318 317 316 313 312 314 315 316 314 313 314 314 313 313 312 312 310 310 310 311 311 310 310 310 309 308 308 309 308 308 307 307 308 309 309 308 306 308 307 307 305 304 303 301 300 301 298 302
322 323 324 324 325 324 322 325 326 327 327 325 327 327 327 327 326 326 325 326 326 325 325 324 325 324 324 325 323 322 322 322 322 321 319 319 318 319 318 319 320 319 319 319 318 318 317 317 316 312 310 314 315 315 314 314 314 313 313 314 314 312 311 311 310 309 309 309 309 309 309 309 308 307 308 307 309 307 307 309 309 307 308 307 306 306 306 304 302 303 303 300 300 299
322 324 325 324 324 323 322 320 322 323 323 324 326 326 325 327 328 325 325 326 326 324 325 325 325 325 325 325 323 321 321 321 321 320 319 319 318 319 319 319 320 319 319 319 318 317 317 317 317 314 314 315 315 315 315 315 314 313 313 313 313 313 312 312 311 310 310 310 309 309 308 309 309 308 308 308 309 308 307 309 308 307 309 308 305 304 306 306 305 304 303 302 300 297
323 324 323 322 320 321 319 317 320 323 324 325 327 327 326 326 325 326 325 324 325 325 325 326 326 325 325 323 323 322 321 320 320 319 319 318 319 320 320 319 319 319 319 318 318 317 316 317 316 316 316 316 316 315 315 315 313 314 314 313 312 312 313 312 311 310 311 311 310 309 309 308 308 307 307 309 307 307 308 307 309 308 309 308 306 306 305 306 304 303 303 302 300 300
323 321 320 320 321 322 319 319 322 325 325 324 324 324 324 326 326 327 326 324 326 326 325 325 325 324 325 323 323 322 322 321 321 320 319 318 319 319 320 320 318 318 318 318 317 317 316 315 316 316 316 316 316 315 315 314 314 314 314 312 313 313 312 312 311 311 311 311 311 311 310 310 309 308 307 308 307 310 308 307 308 308 309 308 306 304 306 305 304 303 302 301 300 300
324 320 320 317 319 322 322 323 324 324 324 326 324 324 326 325 325 326 326 327 326 326 326 326 325 324 324 324 324 323 322 322 321 320 319 319 320 319 320 320 318 318 317 318 316 316 316 315 315 316 316 316 315 315 314 313 313 314 313 312 312 312 312 312 312 312 312 312 312 311 311 311 311 309 308 307 309 307 310 308 308 308 309 306 306 304 305 305 304 302 301 300 300 299
322 322 319 316 317 320 323 324 325 325 326 326 325 323 324 324 325 325 326 325 326 327 327 327 326 324 325 324 323 320 321 321 320 320 319 320 321 319 319 319 318 318 318 318 317 316 315 314 315 316 315 315 314 314 314 313 313 312 313 313 312 312 311 312 312 312 312 312 312 312 311 311 310 310 309 308 308 310 309 308 309 308 309 307 305 304 306 305 303 301 297 300 299 299
321 320 320 319 316 318 322 323 326 326 325 326 326 324 324 325 325 325 326 326 326 327 327 327 326 325 324 323 322 320 321 322 321 321 320 320 319 319 319 318 319 318 318 317 317 316 315 314 315 316 316 315 314 314 314 314 313 312 313 312 310 310 310 311 312 312 312 312 312 311 312 312 311 310 310 309 308 308 309 308 309 307 308 306 305 306 306 305 303 301 300 299 299 299
322 322 319 316 319 321 323 323 326 327 326 325 328 326 327 324 326 325 325 326 326 326 327 326 326 325 323 323 322 321 321 321 320 321 321 321 320 319 318 319 319 318 318 317 317 315 315 315 316 316 316 313 313 314 313 314 314 312 312 313 312 311 311 311 311 312 312 312 312 312 312 311 311 311 311 310 310 309 310 309 309 308 308 307 307 307 306 305 303 301 300 299 299 299
318 318 317 316 320 324 324 325 327 326 327 325 326 328 327 324 326 326 326 326 326 326 327 327 326 324 323 322 321 321 321 321 320 320 321 320 321 319 319 319 318 318 317 317 317 316 316 316 316 315 315 314 313 313 313 314 314 313 312 313 311 311 312 311 311 312 312 312 311 310 311 311 311 311 311 311 311 310 311 310 309 309 309 309 307 304 305 304 303 301 301 299 299 298
318 318 316 317 322 324 325 325 327 328 328 328 327 326 328 326 327 327 326 326 327 327 327 327 326 324 324 323 322 319 320 320 320 320 320 320 319 319 320 319 318 318 318 318 317 316 316 315 316 315 315 314 315 314 314 313 314 313 313 313 312 312 312 311 311 312 312 311 310 310 310 311 311 311 311 311 311 311 311 311 309 308 309 309 307 304 304 303 303 301 301 300 298 297
319 321 320 318 321 322 323 325 326 327 327 326 329 329 328 327 330 329 329 328 329 328 327 327 325 325 323 322 321 321 320 320 319 319 320 320 320 320 320 318 318 317 318 318 317 317 315 315 315 315 315 315 314 314 314 314 314 313 313 313 312 312 312 311 312 312 312 312 311 310 309 310 310 310 311 311 311 311 311 311 310 308 308 307 306 305 304 303 300 300 299 300 299 297
321 321 320 318 322 323 324 326 326 327 328 327 328 327 330 330 330 328 328 328 329 328 328 327 326 324 323 323 322 321 321 320 320 319 319 319 319 319 318 318 318 317 317 318 318 316 316 316 315 315 315 313 313 313 314 314 314 312 312 313 313 312 312 311 311 311 311 310 310 310 310 310 310 310 310 311 311 311 310 310 310 309 308 307 305 306 305 302 302 301 300 298 299 298
322 323 321 321 323 325 325 326 328 328 329 328 329 332 332 332 329 328 328 327 328 329 328 327 326 324 324 323 322 322 322 321 320 320 319 319 319 318 318 317 318 317 317 317 317 316 316 316 315 314 313 313 313 313 313 313 312 312 312 313 312 312 312 311 311 310 311 310 310 310 310 310 309 309 310 309 310 310 310 310 307 308 307 307 305 304 304 304 302 300 299 297 296 297
321 324 322 323 323 324 324 326 328 329 330 329 329 333 332 330 329 327 328 328 329 329 329 328 325 324 324 324 322 322 322 322 320 319 319 319 319 318 318 317 315 316 317 317 316 316 316 316 315 314 313 313 313 314 314 313 313 313 313 312 311 312 312 312 310 310 311 311 310 310 310 311 310 309 310 310 309 310 309 307 307 307 306 306 306 304 304 304 302 299 298 298 297 295
