DE_sunshineduration/sunshineduration_2018_05.asc
NCOLS 654
NROWS 866
XLLCORNER 3280414.711633467
YLLCORNER 5237500.62890625
CELLSIZE 1000
NODATA_VALUE -999
[rows 246 to 286 of 866, columns 282 to 375 of 654]
312 312 311 311 311 310 310 310 309 309 309 309 308 307 307 307 307 307 308 308 308 308 309 309 310 311 311 312 313 313 314 315 316 317 317 318 318 319 319 320 320 321 321 322 322 323 323 324 324 324 325 325 325 325 326 326 326 326 326 327 327 327 327 327 328 328 328 328 329 329 330 330 330 330 330 331 331 331 331 331 331 331 332 332 332 332 332 333 333 333 333 333 334 334
312 311 311 311 311 310 310 310 309 309 309 310 308 308 308 308 308 308 309 309 309 309 310 310 310 311 312 312 313 314 314 315 316 317 318 318 318 319 319 319 320 321 321 321 322 322 322 323 324 325 325 325 325 325 325 325 326 326 326 326 326 326 326 327 327 327 327 328 329 329 329 329 330 330 330 330 330 330 330 331 330 330 331 331 332 332 332 332 332 332 332 333 333 334
311 311 311 311 311 310 310 310 310 309 309 309 309 308 308 308 308 309 309 309 309 310 310 310 311 312 312 312 313 314 314 315 316 317 318 318 319 319 319 319 320 321 321 321 322 322 322 323 324 325 325 325 325 325 325 325 325 326 326 326 326 326 326 326 328 328 328 328 329 329 329 329 329 330 330 330 330 330 329 329 329 331 331 331 331 332 332 332 332 332 332 332 333 334
311 311 311 311 311 310 310 310 310 309 309 309 309 309 308 309 309 309 309 310 310 310 310 311 311 312 312 313 313 314 314 315 316 317 318 318 319 319 319 320 320 321 321 321 322 322 322 323 323 324 325 325 325 325 325 325 325 326 326 326 326 326 326 327 327 327 328 327 328 329 329 329 329 329 330 330 329 330 329 330 330 330 331 331 331 332 332 332 332 332 332 332 333 333
311 311 311 311 311 311 310 310 310 310 310 310 309 309 309 309 310 310 310 311 311 311 311 311 312 312 313 313 314 314 315 316 317 317 318 318 319 319 320 320 321 321 321 322 322 322 323 323 324 324 324 324 325 324 325 325 325 325 325 325 326 325 326 327 327 327 326 327 327 328 328 329 329 329 329 329 329 329 329 329 330 330 330 330 331 331 331 332 332 332 332 332 332 333
311 311 311 311 311 311 311 311 310 310 311 311 310 310 310 310 310 311 311 311 311 312 312 312 312 313 313 313 314 315 316 316 317 317 318 318 319 319 320 320 321 321 322 322 322 323 323 323 323 324 324 324 324 324 324 324 325 325 325 325 325 325 325 325 327 327 326 326 328 328 328 328 328 328 328 328 329 328 328 329 329 329 329 330 330 331 331 331 331 331 331 331 332 332
311 311 311 311 311 311 311 311 311 311 311 310 310 310 310 310 311 312 312 312 312 312 312 312 312 313 313 313 315 316 316 316 317 318 318 318 319 320 320 320 321 322 322 322 322 323 323 323 323 324 324 324 324 324 324 324 325 325 325 325 325 325 325 325 325 326 326 326 327 328 328 328 328 328 328 328 327 327 328 328 329 329 329 329 330 331 331 331 331 331 331 330 330 332
311 311 311 311 311 311 311 311 311 311 311 311 310 310 310 311 311 312 312 312 312 312 312 312 313 313 313 314 315 316 316 317 317 318 318 318 319 319 320 320 321 322 322 322 323 323 323 323 323 324 324 324 324 324 324 324 324 325 325 325 325 325 325 325 325 326 326 327 327 326 328 327 328 328 327 327 327 328 328 328 328 329 329 329 329 330 331 331 330 331 331 331 330 330
311 311 311 311 311 311 311 312 312 312 312 312 311 311 311 311 312 312 312 312 312 312 313 313 313 314 314 315 315 316 317 317 318 318 318 318 319 319 320 321 321 321 322 322 323 323 323 323 323 323 323 324 324 324 324 324 324 324 325 325 325 325 325 325 325 325 325 327 327 327 327 327 326 326 327 327 327 328 328 328 328 328 329 329 329 329 330 330 330 330 331 331 331 330
311 311 311 311 311 311 312 312 312 312 312 312 311 311 312 312 312 312 312 312 312 313 313 313 314 314 315 315 316 316 317 317 318 318 318 318 319 319 320 320 321 322 322 322 323 323 323 323 323 323 323 323 324 324 324 324 324 324 324 324 325 325 325 325 325 325 326 326 326 326 326 326 326 326 326 326 328 328 328 328 328 328 328 328 329 328 328 329 330 330 330 331 331 331
310 311 311 311 311 311 312 312 312 312 312 312 311 312 312 312 312 312 312 312 312 313 313 313 314 315 315 315 316 317 317 317 318 318 318 318 319 320 320 320 321 322 322 322 323 323 323 323 323 323 323 323 324 324 324 324 324 324 324 324 325 325 325 325 325 325 325 325 325 325 326 325 326 326 326 326 328 328 328 328 328 328 328 328 328 328 328 328 329 330 330 330 331 331
310 311 311 311 311 312 312 312 312 312 312 312 311 312 312 312 312 312 312 312 313 313 313 314 314 315 315 315 316 317 317 317 318 318 318 318 319 320 320 320 321 322 322 322 323 323 323 323 323 323 323 323 324 324 324 324 324 324 324 324 324 325 325 325 325 325 325 325 325 325 326 325 325 327 327 327 326 328 328 328 328 328 328 328 328 328 328 328 329 329 330 330 330 331
310 310 312 312 312 312 312 312 312 312 312 312 311 311 312 312 312 312 312 312 313 313 313 314 314 315 315 316 316 317 317 317 318 318 318 319 319 319 320 321 321 321 322 322 323 323 323 323 323 323 323 324 324 324 324 324 324 324 324 324 324 324 325 325 325 325 325 325 325 325 325 325 325 326 327 326 327 327 327 328 328 328 328 327 328 327 328 328 328 329 329 329 330 330
310 310 310 311 312 312 312 312 312 312 312 311 311 311 311 311 312 312 312 312 313 313 314 314 314 315 315 315 316 317 317 317 318 318 319 319 319 320 320 320 321 322 322 322 323 323 323 323 323 324 324 324 324 324 324 324 324 324 324 324 324 324 324 324 324 324 324 324 325 325 325 325 326 326 326 326 327 327 327 327 327 327 327 327 327 327 327 327 328 328 328 329 329 329
311 310 311 311 311 312 312 312 312 312 311 311 311 311 311 311 312 312 312 312 313 314 314 314 314 315 315 315 316 317 317 317 318 319 319 319 320 320 320 320 321 322 322 322 323 323 323 323 324 324 324 324 324 324 324 324 324 324 324 324 324 324 324 324 324 324 324 324 324 325 325 325 325 326 326 326 326 327 327 327 327 327 327 327 326 327 327 327 327 328 328 328 328 329
310 311 311 311 311 312 312 312 312 311 311 311 311 311 311 311 311 312 312 312 313 314 314 314 315 315 315 315 316 317 317 317 318 319 319 319 320 320 320 321 321 322 322 322 323 323 323 323 324 324 324 324 324 324 324 324 324 324 324 324 324 324 324 324 324 324 324 324 324 325 325 325 326 325 326 326 326 326 327 327 326 327 327 326 325 327 327 327 327 327 328 328 328 328
310 310 311 311 311 311 311 312 312 310 311 311 311 311 311 311 312 312 312 313 313 313 314 314 315 315 315 316 316 316 317 318 318 318 319 319 320 320 320 321 321 322 322 322 323 323 323 324 324 324 324 324 324 324 324 324 324 324 324 324 324 324 324 324 324 324 324 324 324 324 324 324 325 325 325 326 326 326 326 326 326 326 326 325 325 325 326 326 326 326 327 327 327 327
310 310 310 310 311 311 311 311 311 310 310 310 311 311 311 311 312 312 312 312 313 314 314 314 315 315 315 315 316 317 317 317 318 319 319 319 320 320 321 321 321 322 322 322 323 323 324 324 324 325 325 325 324 324 324 324 324 324 324 324 324 323 323 323 323 323 323 323 324 324 324 324 324 325 325 324 324 325 325 325 326 325 324 324 325 325 325 325 325 325 324 326 326 326
310 310 310 310 311 311 311 310 311 310 310 310 311 311 311 311 311 312 312 312 313 314 314 314 314 315 315 315 316 317 317 317 318 319 319 319 320 321 321 321 321 322 322 322 323 324 324 324 324 325 325 325 324 324 324 324 324 324 324 324 323 323 323 323 323 323 323 323 323 324 324 324 324 324 324 324 324 325 325 325 324 325 324 324 324 325 325 325 324 324 324 325 325 325
309 310 310 310 310 311 311 310 310 310 310 310 310 311 311 311 311 312 312 312 313 313 314 314 314 315 315 315 316 317 317 317 318 318 319 319 320 320 321 321 322 322 322 323 323 324 324 324 325 325 325 325 325 324 324 324 324 324 324 324 323 323 323 323 323 323 323 323 323 324 324 324 324 324 324 324 324 325 325 325 325 324 324 324 324 325 325 324 323 323 324 324 325 325
309 309 310 310 310 310 310 311 310 310 311 311 311 311 311 311 312 313 312 312 313 313 313 314 314 315 315 316 316 317 317 317 318 318 319 319 319 320 320 321 322 322 322 323 323 324 324 324 325 325 325 325 325 324 324 324 324 324 323 323 323 323 323 322 322 322 323 323 323 323 323 324 324 324 323 323 323 323 324 324 323 323 323 323 324 324 323 323 323 323 324 323 323 323
309 309 309 309 310 310 310 310 310 310 311 311 311 311 311 312 313 313 312 312 314 313 314 314 314 315 315 315 316 317 317 317 318 318 318 319 319 320 320 321 322 322 323 323 323 324 324 324 325 325 325 325 325 324 324 324 324 323 323 323 323 322 322 322 322 322 322 322 323 323 323 323 323 323 323 323 323 322 323 322 323 323 323 323 324 323 322 322 322 322 321 322 322 322
309 309 309 309 309 310 310 310 310 311 311 311 310 311 312 312 313 313 313 313 312 313 314 314 314 315 315 315 316 317 317 317 318 318 318 318 319 320 320 320 321 322 323 323 323 324 324 324 324 325 325 325 324 324 324 324 323 323 323 323 323 322 322 322 322 322 322 322 323 323 323 323 323 323 323 323 323 323 322 322 322 323 323 324 322 322 322 322 322 321 321 321 321 321
309 309 309 309 309 310 310 310 310 311 311 311 310 312 312 312 313 313 313 313 313 313 314 314 314 315 315 315 316 317 317 317 318 318 318 318 319 319 320 320 321 322 323 323 323 324 324 324 324 324 325 325 324 324 324 324 323 323 323 323 322 322 322 322 322 322 322 322 322 323 323 323 323 323 323 323 322 322 322 322 322 322 323 322 322 322 322 321 321 321 321 321 321 321
309 309 309 309 309 309 309 310 310 310 311 311 311 312 312 312 313 313 313 313 313 314 314 315 314 314 315 316 316 317 317 318 318 318 318 318 319 319 320 320 321 322 322 323 323 324 324 324 324 324 324 324 324 324 324 323 323 323 323 322 322 322 322 322 322 322 322 322 322 322 322 322 322 322 322 322 322 322 322 322 322 322 322 322 322 321 321 321 321 321 321 321 321 321
309 309 309 309 309 309 309 309 310 310 310 311 311 312 312 312 313 313 313 313 313 314 314 314 314 315 315 315 316 317 317 317 318 318 318 318 319 319 319 320 321 322 322 323 323 324 324 324 324 324 324 324 324 323 323 323 323 322 322 322 322 322 322 322 322 322 322 322 322 321 321 322 322 322 322 322 322 322 322 322 322 322 321 321 321 321 320 320 320 320 320 320 321 321
308 309 309 309 309 309 309 309 310 310 310 310 311 312 312 312 312 313 313 313 313 314 314 314 315 315 315 315 316 317 317 317 318 318 318 318 319 319 319 319 321 322 322 322 323 324 324 324 324 324 324 324 323 323 323 323 323 322 322 322 322 322 322 322 322 322 322 322 322 321 321 321 322 322 322 322 322 322 322 322 322 321 321 321 321 320 320 320 320 320 320 320 320 321
308 308 309 309 309 309 309 309 309 310 310 310 311 311 312 312 312 313 313 313 313 314 314 314 315 315 316 315 316 316 318 318 317 318 318 318 318 319 319 320 320 321 322 322 323 323 324 324 324 324 324 323 323 323 323 323 322 322 322 322 322 322 322 322 322 322 322 322 321 321 321 321 321 322 322 322 322 322 322 322 321 321 321 321 321 320 320 320 320 320 320 320 320 320
308 308 308 308 309 309 309 309 310 310 310 310 311 311 311 312 312 312 313 313 313 314 314 314 315 315 316 316 317 317 317 318 318 319 318 318 318 319 319 320 320 321 321 322 322 323 323 323 323 323 323 323 323 323 322 322 322 322 322 322 322 322 322 322 322 322 321 321 321 321 321 321 321 321 321 322 322 322 321 321 321 321 321 321 321 320 320 320 320 320 320 320 320 320
307 307 307 308 308 309 309 309 309 310 310 310 311 311 311 311 312 312 312 313 313 314 314 314 315 315 315 316 316 317 317 318 318 319 319 318 319 319 319 319 320 321 321 321 322 322 322 322 323 322 322 322 322 322 322 322 322 322 322 322 322 321 321 321 321 321 321 321 321 321 321 321 321 321 321 321 321 321 321 321 321 321 321 321 321 320 320 320 320 319 319 319 319 319
307 307 307 307 308 309 309 309 309 310 310 310 310 311 311 311 312 312 312 312 313 314 314 314 314 315 315 315 316 317 317 317 318 319 319 319 318 319 319 319 320 321 321 321 321 322 322 322 322 322 322 322 322 322 322 322 322 322 322 322 321 321 321 321 321 321 321 321 321 321 321 321 321 321 321 321 321 321 321 321 321 321 321 321 320 320 320 320 319 319 319 319 319 318
306 307 307 307 308 308 309 309 309 310 310 310 310 311 311 311 311 312 312 312 313 313 314 314 314 315 315 315 316 316 317 317 318 318 319 319 318 319 319 319 320 320 321 321 321 321 322 321 321 322 322 322 322 322 322 322 322 322 322 321 321 321 321 321 321 321 321 321 321 321 321 321 321 321 321 321 321 321 321 321 321 321 321 321 320 320 320 320 319 319 319 319 318 318
306 306 307 307 308 308 308 309 309 309 310 310 310 310 311 311 311 312 312 312 313 313 313 314 314 315 315 315 316 316 316 317 317 318 318 318 318 318 319 319 319 320 320 320 320 320 320 321 321 321 321 321 321 321 321 321 321 321 321 321 321 321 321 321 321 321 320 321 321 321 320 321 321 321 320 321 321 321 320 321 321 321 320 320 320 320 319 319 319 319 318 318 318 318
306 306 306 307 307 308 308 308 309 309 309 309 310 310 310 311 311 312 312 312 313 313 313 314 314 315 315 315 316 316 316 316 317 317 317 318 317 318 318 318 319 319 319 319 320 320 319 320 320 320 320 321 321 321 321 321 321 321 320 320 320 320 320 320 320 320 320 320 320 320 320 320 320 320 320 320 320 320 320 320 320 320 320 320 320 319 319 319 319 318 318 318 318 317
306 306 306 306 307 308 308 308 309 309 309 309 310 310 310 310 311 312 312 312 312 313 313 313 314 315 315 315 315 316 316 316 317 317 317 317 317 318 318 318 318 319 319 319 319 319 319 319 320 320 320 320 320 321 321 321 320 320 320 320 320 320 320 320 320 320 320 320 320 320 320 320 320 320 320 320 320 320 320 320 320 320 320 320 320 319 319 319 318 318 318 318 318 317
306 306 306 306 307 307 308 308 308 309 309 309 309 310 310 310 311 311 312 312 312 313 313 313 314 314 315 315 315 316 316 316 316 317 317 317 316 317 318 318 318 319 319 319 319 319 319 319 319 319 320 320 320 320 321 320 320 320 320 320 320 320 320 320 320 320 320 320 320 320 320 320 320 320 320 320 320 320 320 320 320 320 320 320 319 319 319 319 318 318 318 318 317 317
305 306 306 306 306 307 307 308 308 309 309 309 310 310 310 310 311 311 311 312 312 312 313 313 314 314 314 315 315 316 316 316 316 316 317 317 317 316 317 317 318 318 318 319 318 318 319 319 319 319 319 319 319 320 320 320 320 320 320 319 319 319 319 319 319 319 320 320 320 320 320 320 320 320 320 320 320 320 320 320 320 320 320 320 319 319 319 318 318 318 318 317 317 317
305 305 306 306 306 307 307 307 308 309 309 309 309 310 310 310 311 311 311 311 312 312 312 313 313 314 314 315 315 316 316 316 316 316 316 316 317 316 316 317 317 318 318 318 318 318 318 318 318 318 318 319 319 319 319 319 319 319 319 319 319 319 319 319 319 319 319 319 320 320 320 320 320 320 320 320 320 320 320 320 320 320 320 320 319 319 318 318 318 317 317 317 317 317
304 305 305 306 306 307 307 307 308 309 309 309 309 310 310 310 311 311 311 311 312 312 312 312 313 314 314 314 315 316 316 316 316 316 316 316 316 317 316 316 317 318 318 319 319 318 318 318 318 318 318 318 319 319 319 319 319 319 319 319 319 319 319 319 319 319 319 319 320 320 320 320 320 320 320 320 320 320 320 320 320 320 320 320 319 318 318 318 318 317 317 317 317 317
304 305 305 305 305 306 307 307 308 308 309 309 309 310 310 310 311 311 311 311 311 312 312 312 313 314 314 314 315 316 316 316 316 316 315 315 316 317 316 316 317 317 319 319 318 318 318 318 318 318 318 318 318 319 319 319 319 319 319 319 319 319 319 319 319 319 319 319 319 320 320 320 320 320 320 320 320 320 320 320 320 320 320 320 319 318 318 318 317 317 317 317 317 317
304 304 305 305 305 306 307 307 308 308 308 308 309 310 310 310 311 311 311 311 311 312 312 313 313 313 314 315 315 315 316 316 316 315 315 315 316 317 317 316 317 318 317 318 318 318 318 318 318 318 318 318 318 318 318 319 319 318 319 319 319 319 319 319 319 319 319 319 319 319 320 320 320 320 320 320 320 320 320 320 320 320 320 319 319 319 318 318 318 317 317 317 317 317
