DE_sunshineduration/sunshineduration_2018_05.asc
NCOLS 654
NROWS 866
XLLCORNER 3280414.711633467
YLLCORNER 5237500.62890625
CELLSIZE 1000
NODATA_VALUE -999
[rows 697 to 737 of 866, columns 188 to 281 of 654]
235 231 231 231 231 232 232 233 233 233 234 236 233 234 234 234 235 236 236 236 237 235 235 235 236 235 236 236 236 236 235 235 235 235 234 234 234 234 234 234 234 235 233 234 235 234 235 235 235 235 234 234 233 232 233 233 234 233 233 232 233 233 232 232 233 234 233 233 233 233 233 231 230 232 232 232 231 231 231 231 230 230 230 230 231 232 232 232 232 232 232 234 233 234
233 230 230 230 230 231 230 230 231 231 232 233 233 233 234 234 234 234 235 235 235 235 234 235 235 235 235 235 235 235 235 235 234 234 234 233 233 232 232 233 233 234 233 233 234 234 234 234 234 234 233 233 232 231 231 232 233 231 233 231 232 233 232 232 232 232 233 232 232 232 231 232 231 230 230 231 232 232 232 231 230 231 231 231 233 232 232 233 232 232 233 233 233 234
231 231 230 229 229 228 229 229 229 229 230 233 232 232 233 233 233 233 235 235 234 235 235 235 235 235 235 235 235 235 234 233 234 234 234 233 232 233 232 232 232 232 232 232 232 233 233 232 232 233 233 232 232 231 231 231 231 231 231 231 231 232 233 233 232 231 232 232 231 232 232 231 231 232 231 232 232 231 231 232 232 232 232 232 233 233 232 233 233 233 233 234 234 233
229 231 228 227 227 228 227 227 228 229 229 232 231 231 232 233 233 232 233 233 234 234 235 235 234 235 235 235 235 235 235 234 233 234 233 233 233 233 232 232 232 232 232 231 232 232 231 231 232 232 233 232 230 230 231 230 230 230 230 231 230 231 233 233 232 232 232 231 232 231 232 232 232 231 232 231 232 231 232 233 232 233 233 233 233 233 233 233 233 232 232 234 234 233
231 229 229 228 227 226 226 226 228 228 228 229 231 231 232 232 232 233 233 233 233 234 235 235 234 234 234 235 234 234 233 233 233 232 232 232 233 232 232 232 232 232 232 232 231 230 230 231 231 231 232 232 230 231 230 231 229 230 230 230 231 232 231 232 232 232 232 232 231 232 232 233 231 231 232 232 232 232 233 233 233 233 233 233 232 232 232 232 232 232 233 233 234 233
230 227 229 226 226 226 226 227 227 227 228 230 230 231 231 231 232 233 233 234 234 234 235 234 234 234 234 235 235 235 234 233 233 233 232 232 232 232 232 232 231 232 231 230 230 229 230 230 229 229 230 231 230 229 230 230 230 230 229 231 231 231 232 231 232 232 232 232 232 231 232 232 232 232 231 232 233 233 233 234 233 234 234 233 232 234 234 233 233 233 233 231 232 233
229 227 227 226 225 225 226 226 226 228 229 230 230 230 231 232 232 231 232 232 233 233 234 234 234 234 234 234 234 235 233 233 232 232 231 231 231 230 231 231 231 231 230 230 229 229 229 229 228 228 229 230 230 230 231 231 230 230 230 231 231 231 231 232 232 232 232 232 232 232 231 232 233 232 232 233 233 233 234 234 234 234 234 234 233 234 234 234 233 233 233 233 232 232
228 227 226 226 225 225 225 226 226 226 228 229 229 229 230 231 232 232 232 233 233 233 234 235 234 234 234 234 234 234 233 232 232 232 231 230 230 230 231 231 231 231 230 229 229 229 228 228 228 228 228 228 229 229 229 231 231 230 231 232 232 231 231 233 232 232 232 232 232 232 232 232 233 233 232 233 233 233 234 234 234 234 234 234 234 234 234 234 233 234 233 233 232 232
226 227 225 225 225 225 225 225 226 226 227 228 230 229 230 231 231 231 231 232 233 233 234 234 235 234 233 234 234 234 233 232 233 231 231 230 230 230 230 231 231 230 229 229 229 228 227 227 228 227 227 228 228 228 229 230 231 231 232 232 233 233 231 232 233 233 232 232 233 233 233 233 233 233 234 233 233 234 235 234 234 234 234 234 234 234 234 234 233 234 233 233 233 231
225 225 225 224 224 224 226 226 226 226 226 227 230 229 229 229 229 231 232 232 232 233 233 234 233 233 233 233 233 234 233 233 231 231 230 230 230 230 230 229 230 229 229 228 228 227 227 226 228 228 228 228 229 229 229 229 230 230 230 231 231 231 232 232 232 233 233 233 233 233 233 233 233 233 234 234 234 234 235 235 234 235 234 234 234 235 234 233 232 233 234 233 234 232
224 223 224 224 223 224 225 225 225 225 227 227 228 228 227 229 229 229 231 232 232 232 233 232 232 233 233 232 233 233 233 232 231 231 230 230 230 230 230 230 228 228 228 227 226 226 226 226 226 227 228 228 228 229 229 229 229 229 230 230 230 231 231 233 232 232 233 233 233 233 232 232 232 233 234 234 234 234 235 235 235 235 235 235 235 234 234 233 233 233 234 232 233 232
223 223 223 223 224 224 225 225 227 225 225 227 226 227 228 229 229 229 230 232 232 232 232 232 233 232 232 233 233 233 232 231 231 230 230 230 230 230 230 229 229 229 228 227 226 226 226 225 225 227 227 228 228 228 229 229 229 229 230 230 230 230 231 232 232 232 232 233 233 233 232 232 232 233 232 233 234 234 234 234 235 235 235 235 235 235 234 234 234 234 234 233 231 230
224 223 223 223 223 224 224 225 224 225 224 226 226 225 227 227 228 229 230 231 231 231 231 232 233 232 232 233 233 232 232 231 231 230 230 230 230 230 230 229 229 228 226 226 226 226 225 225 225 226 227 228 228 228 229 229 229 229 229 230 230 230 231 231 232 232 232 233 233 232 232 232 232 233 232 233 233 234 234 234 234 234 235 234 234 234 234 235 234 234 234 233 232 230
223 222 222 222 223 223 224 223 223 225 224 226 226 226 226 226 227 229 229 229 230 230 232 231 231 231 231 232 232 232 231 231 231 229 229 229 230 230 228 228 228 228 227 227 226 226 225 225 225 227 227 227 227 227 228 229 229 229 229 229 230 231 231 231 231 232 231 232 232 233 232 232 232 232 233 232 233 234 233 233 234 234 234 234 234 234 234 234 234 234 233 232 232 231
222 222 222 223 222 222 223 222 222 222 222 225 224 225 225 227 226 228 228 228 229 229 230 230 230 231 231 230 231 230 230 229 229 229 229 229 229 229 229 228 228 228 227 225 225 226 226 226 226 226 226 227 227 227 228 229 229 229 229 229 229 230 230 231 231 230 231 232 232 231 232 232 232 232 232 232 232 232 233 233 233 233 234 234 234 234 234 234 234 234 232 231 231 230
222 222 222 222 222 222 222 221 221 222 223 226 224 225 226 227 226 226 227 227 228 228 229 230 230 230 231 231 231 230 229 229 229 229 230 229 229 229 229 228 228 228 227 226 226 225 226 226 226 226 226 227 227 227 227 229 229 229 229 229 229 229 230 231 231 231 232 231 231 231 231 232 232 232 232 232 232 232 233 233 233 233 233 234 234 233 233 233 233 234 233 231 230 231
222 223 222 222 222 222 221 221 221 222 223 224 224 224 226 226 227 226 226 227 228 228 228 229 229 230 230 230 230 229 230 229 229 228 229 229 229 229 228 228 228 228 226 227 226 225 226 226 226 226 227 227 227 227 227 229 229 229 229 229 229 229 230 230 231 231 231 232 231 231 231 232 232 232 232 232 232 232 233 233 233 233 232 234 233 233 232 233 233 234 234 230 230 231
221 221 221 222 222 221 221 221 221 221 223 223 224 226 225 224 225 225 226 227 227 227 228 228 228 230 230 230 229 229 229 228 228 228 229 229 228 228 228 228 228 227 227 227 227 226 226 228 227 227 227 227 227 227 228 228 229 229 229 229 229 229 229 230 230 231 231 231 232 231 231 231 231 231 232 232 232 231 233 232 232 231 231 231 230 231 232 233 232 232 234 234 230 232
223 221 222 221 221 221 221 222 222 222 223 223 225 224 225 224 224 225 226 226 226 227 227 227 228 229 228 228 228 228 228 228 227 227 227 228 227 228 228 227 227 227 227 227 227 228 227 227 227 228 228 228 228 227 227 228 228 228 229 229 229 229 230 230 229 230 231 231 230 230 231 231 231 230 231 231 231 230 231 231 230 230 231 231 232 231 232 233 231 233 233 234 234 234
222 222 221 221 221 221 221 221 221 222 223 224 225 224 224 225 224 224 226 226 226 226 227 227 227 227 227 228 228 228 227 227 227 227 227 227 228 227 227 226 226 226 226 226 226 227 227 228 228 228 227 228 228 228 228 228 229 228 228 229 229 228 228 230 229 230 230 230 230 230 230 231 231 231 229 230 231 230 228 230 230 231 230 230 230 232 232 233 231 231 233 234 233 233
221 221 221 221 222 222 221 222 222 222 223 223 224 223 223 225 224 224 225 226 226 226 227 226 227 227 227 227 228 227 227 227 227 227 227 227 228 228 227 226 226 226 227 226 227 227 227 227 227 227 228 228 228 228 228 228 228 228 228 229 229 227 227 229 229 229 229 230 230 230 230 231 231 230 229 228 229 230 230 230 230 231 230 231 230 232 233 233 233 231 233 233 232 234
220 220 221 223 222 222 222 222 222 222 223 224 224 223 223 223 224 224 225 225 225 226 227 226 226 226 226 226 226 226 227 226 226 226 226 226 226 226 227 227 227 227 227 227 227 227 227 227 227 228 228 228 228 228 228 227 228 228 228 228 229 228 228 229 229 229 228 229 229 230 230 230 231 230 229 227 229 229 230 230 230 231 231 231 232 232 232 233 232 235 235 232 232 234
219 220 221 222 222 222 222 222 222 221 223 224 223 222 223 223 224 223 225 225 226 226 226 226 225 225 226 226 225 226 226 225 225 226 227 227 226 226 226 226 226 226 226 227 227 227 227 227 228 228 228 227 228 228 227 227 228 228 228 227 227 228 228 229 229 228 227 229 228 228 229 229 229 228 229 228 228 230 230 232 230 231 232 232 232 231 231 231 234 233 234 232 233 233
219 218 221 222 221 222 221 223 222 222 222 224 223 222 222 223 223 224 224 225 226 226 226 226 226 225 225 225 225 225 226 227 227 226 227 227 227 226 227 226 226 227 227 227 227 227 227 227 228 228 228 227 228 228 228 227 227 228 228 227 227 227 228 229 229 228 226 228 225 225 227 229 229 229 230 227 228 227 229 231 232 231 232 231 231 230 230 232 232 232 233 233 234 234
219 218 219 221 221 221 221 222 223 222 223 222 222 222 222 222 224 224 224 224 226 226 226 226 226 226 226 225 226 225 225 225 226 226 226 227 227 226 227 226 226 227 227 227 227 227 227 227 228 227 228 228 228 227 227 228 227 227 227 227 227 226 227 227 228 229 228 227 227 225 226 226 227 229 228 228 227 228 229 230 231 232 230 230 229 231 231 232 232 232 233 233 233 234
218 217 218 220 220 220 220 222 223 223 222 222 221 221 222 223 223 223 224 224 224 225 226 226 225 225 225 225 225 225 225 225 225 225 225 226 227 227 227 226 226 227 227 227 227 227 227 228 228 227 227 228 227 227 227 227 227 227 227 227 227 226 227 225 226 228 227 226 225 225 225 227 228 228 227 227 228 228 229 229 229 231 231 229 231 231 231 232 232 233 233 234 234 234
216 216 219 219 220 221 220 221 220 222 221 222 220 222 221 222 222 223 223 223 224 225 225 225 225 225 225 225 224 225 224 225 225 226 226 226 227 226 226 226 226 226 226 227 226 227 228 228 228 227 228 228 227 227 227 227 226 227 227 227 225 224 224 224 225 228 227 225 224 224 225 225 226 225 226 227 226 227 227 229 230 229 230 229 230 231 232 232 233 233 234 234 235 235
215 216 217 218 220 220 220 221 220 221 222 222 221 221 221 222 222 222 223 223 223 224 224 225 225 225 224 224 224 224 224 224 224 224 225 225 226 226 226 226 226 226 227 226 227 227 227 228 227 227 227 228 228 227 227 226 225 226 226 227 227 224 224 224 224 226 226 225 225 224 224 226 226 226 226 226 227 226 227 229 228 228 230 230 230 231 232 233 233 233 234 235 235 235
215 215 216 218 219 220 220 220 222 222 220 222 221 221 221 221 222 222 222 222 224 224 224 224 224 224 224 224 224 224 224 224 225 225 225 224 226 226 226 226 227 226 227 226 226 227 226 227 227 227 227 227 227 227 226 227 226 226 225 226 226 225 223 223 224 224 225 226 225 225 225 224 225 225 225 225 226 226 226 227 228 228 230 230 230 232 232 233 233 234 234 235 235 236
214 214 215 217 217 219 219 218 219 220 220 220 220 220 221 221 221 221 221 222 223 223 223 223 223 223 224 223 224 224 223 224 224 224 225 225 226 226 226 226 225 227 226 226 226 226 226 226 228 228 227 227 227 227 227 227 227 226 225 225 223 223 223 223 223 223 223 223 225 226 224 224 224 224 224 225 225 226 226 226 228 229 230 231 231 232 233 233 234 234 235 235 236 236
212 214 215 215 215 217 217 218 218 219 220 219 219 220 220 220 220 220 221 221 221 222 222 221 222 223 222 223 223 224 224 224 224 225 225 225 224 226 226 225 225 225 226 225 225 225 226 226 226 226 227 227 227 227 227 225 225 226 226 225 222 222 223 222 222 222 222 223 222 222 223 222 222 223 223 224 224 225 226 226 226 227 229 231 232 232 233 233 234 234 235 236 237 237
213 212 214 215 215 215 217 218 219 219 219 219 219 219 219 220 220 220 220 220 220 221 222 222 222 222 222 223 223 223 223 223 223 223 225 225 225 225 224 225 225 225 226 225 225 225 226 226 226 226 226 226 227 226 226 223 222 225 225 223 222 222 222 222 223 221 222 222 221 221 222 222 222 222 223 224 224 224 225 226 226 227 228 231 232 232 233 234 234 234 235 237 237 237
211 212 213 213 215 215 216 217 218 218 218 219 219 219 219 219 220 220 219 220 220 221 221 221 222 222 222 222 223 224 224 223 223 224 224 224 224 224 224 224 225 225 225 226 225 225 225 226 226 225 225 225 226 225 225 222 223 221 223 225 222 221 222 222 222 221 221 221 221 221 221 221 222 222 223 223 224 224 225 227 227 227 229 231 232 232 233 233 234 235 236 237 237 238
210 211 212 213 214 215 215 216 217 218 217 218 218 218 219 219 219 219 219 219 219 220 220 220 221 221 221 222 223 223 223 223 223 224 224 223 224 223 224 224 224 224 224 224 225 226 226 226 224 223 225 225 224 222 223 221 221 223 224 222 223 223 222 221 220 220 220 219 221 221 220 221 221 222 222 223 223 224 225 225 226 227 229 230 231 232 233 233 234 235 237 237 238 239
209 209 211 213 213 214 216 215 215 216 217 217 217 218 218 218 218 218 218 218 218 218 220 219 219 220 221 222 222 223 223 223 223 223 222 222 222 222 223 223 223 223 224 224 224 224 225 225 225 224 225 223 221 222 222 221 221 220 223 222 220 222 220 221 219 219 219 218 218 220 220 220 220 221 222 223 223 224 225 227 227 227 228 230 230 231 232 233 234 235 237 239 239 240
208 208 211 212 214 213 214 216 216 216 217 217 218 218 217 218 218 218 218 218 218 218 218 219 219 219 220 222 222 222 222 223 222 222 222 222 222 222 222 223 223 223 223 224 224 224 224 224 225 225 225 222 221 221 221 221 220 220 220 219 220 222 219 219 218 219 219 219 218 219 219 220 220 220 221 222 223 223 225 226 226 228 228 229 230 231 232 233 234 235 237 240 241 241
208 208 210 212 213 213 215 215 216 216 216 217 217 217 217 217 218 218 217 218 219 218 217 219 219 219 219 220 220 220 220 221 222 220 220 222 222 222 222 222 223 223 223 223 224 224 223 223 224 223 223 223 223 221 221 221 221 220 220 219 220 219 221 219 219 219 218 219 219 218 218 219 220 220 221 222 223 223 224 226 226 228 228 229 230 230 232 233 234 235 237 239 241 242
206 209 210 212 213 214 215 215 215 215 216 216 216 216 217 216 217 217 217 217 217 218 218 218 218 219 219 219 219 218 220 220 219 220 221 221 221 221 221 222 221 221 221 222 222 222 223 223 223 222 223 222 221 220 221 221 220 219 219 219 219 219 219 219 218 218 219 218 217 218 218 218 219 219 219 221 222 223 224 226 227 227 228 227 229 230 231 233 234 237 238 239 240 242
205 208 210 212 213 213 215 215 215 215 216 216 216 216 217 217 215 217 217 218 218 218 217 217 218 217 217 218 217 217 219 219 219 220 221 221 221 221 221 221 220 221 221 221 221 222 222 222 222 223 222 221 222 221 221 220 220 219 219 219 218 218 218 218 218 218 218 217 217 217 217 217 218 218 220 221 221 222 224 225 226 227 228 228 228 230 231 233 234 235 237 239 240 242
206 207 210 212 213 214 214 216 216 215 215 215 215 215 215 215 216 215 217 218 217 217 217 217 218 218 218 216 216 216 217 218 218 219 220 221 221 221 221 221 220 220 220 220 220 220 220 221 220 221 222 223 220 221 219 219 220 220 219 218 218 217 217 216 217 218 218 218 217 217 217 217 217 218 219 221 221 222 224 225 226 227 228 229 229 230 231 233 234 235 237 239 240 240
206 207 209 212 212 213 215 215 215 215 215 215 215 215 216 215 215 215 216 216 217 217 217 217 218 218 217 217 217 216 217 217 218 218 220 220 221 221 220 220 220 219 220 219 220 219 218 219 220 219 222 221 221 220 219 219 220 219 219 218 217 217 216 216 217 217 217 216 218 217 216 217 217 218 219 220 221 222 223 225 227 227 228 228 229 230 231 233 234 235 237 238 239 241
