DE_sunshineduration/sunshineduration_2018_05.asc
NCOLS 654
NROWS 866
XLLCORNER 3280414.711633467
YLLCORNER 5237500.62890625
CELLSIZE 1000
NODATA_VALUE -999
[rows 287 to 327 of 866, columns 282 to 375 of 654]
304 304 304 305 305 305 305 306 307 308 308 309 308 310 310 310 311 311 311 311 311 312 312 312 313 314 314 314 315 316 315 315 315 315 315 315 315 317 316 316 317 317 317 317 318 318 318 318 318 318 318 318 318 318 318 318 318 318 318 318 319 319 319 319 319 319 319 319 319 319 319 319 320 320 320 320 320 320 320 320 320 320 320 320 319 318 318 318 317 317 317 317 317 317
304 304 304 304 305 305 305 305 307 307 308 307 308 310 309 309 309 310 310 311 312 312 312 312 313 313 313 313 315 315 315 315 315 315 315 315 316 316 316 316 317 317 317 317 318 318 318 318 318 318 318 318 318 318 318 318 318 318 318 318 318 319 319 319 319 319 319 319 319 319 319 319 320 320 320 320 320 320 320 320 320 320 320 320 319 318 318 318 318 317 317 317 317 317
303 304 304 304 304 305 305 306 307 306 307 307 308 308 309 309 309 310 310 310 311 311 312 312 313 313 313 313 314 316 315 315 315 315 315 315 316 316 316 316 317 317 317 317 317 318 318 318 318 318 318 318 318 318 318 318 318 318 318 318 318 319 319 319 319 319 319 319 319 319 319 319 319 320 320 320 320 320 320 320 320 320 320 320 319 319 318 318 318 318 317 317 317 317
303 303 304 304 304 306 306 305 306 306 307 307 308 308 308 309 309 310 310 310 311 312 311 312 312 313 313 314 314 314 315 315 315 315 316 316 316 316 316 317 317 317 317 317 317 317 317 317 318 317 317 317 318 317 317 317 318 317 318 318 318 318 318 319 319 318 319 319 319 319 319 319 319 319 320 320 320 320 320 320 320 320 320 320 319 319 319 318 318 318 318 318 318 318
303 303 303 304 304 306 305 305 306 306 306 307 307 308 308 309 309 310 310 310 311 312 312 312 312 313 313 313 314 315 315 315 315 316 316 316 316 317 317 317 317 317 317 317 317 317 317 317 317 317 317 317 317 317 317 317 317 317 317 317 318 318 318 318 318 318 318 318 319 319 319 319 319 319 319 319 320 320 320 320 320 320 320 320 319 319 319 319 319 319 319 318 318 318
303 303 303 303 304 306 305 305 306 306 306 306 307 308 308 308 309 310 310 310 311 312 312 312 312 313 313 313 314 315 315 315 316 316 316 316 317 317 317 317 317 317 317 317 317 317 317 317 317 317 317 317 317 317 317 317 317 317 317 317 318 318 318 318 318 318 318 318 318 319 319 319 319 319 319 319 320 320 320 320 320 320 320 320 320 319 319 319 319 319 319 319 319 318
302 303 303 303 304 305 305 305 305 306 306 306 307 308 308 308 309 309 310 310 311 312 312 312 313 313 313 314 314 315 315 316 316 316 316 317 317 317 317 317 317 317 317 317 317 317 317 317 317 317 317 317 317 317 317 317 317 317 317 317 317 318 318 318 318 318 318 318 318 319 319 319 319 319 319 319 319 320 320 320 320 320 320 320 320 319 319 319 319 319 319 319 319 319
302 302 303 303 304 304 304 305 305 306 306 307 307 307 308 308 309 309 310 310 311 311 312 312 313 313 314 314 315 315 316 316 317 317 317 317 317 317 317 317 317 317 317 317 317 317 317 317 317 317 317 317 317 317 317 317 317 317 317 317 317 317 317 317 317 317 318 318 318 318 318 319 319 319 319 319 320 320 320 320 320 320 320 320 320 320 320 319 320 319 319 319 319 319
302 302 302 303 303 304 304 305 305 306 306 306 307 308 308 308 309 309 309 310 311 311 312 312 313 313 314 314 315 316 317 317 317 317 318 318 318 318 318 318 317 317 317 317 317 317 317 317 317 317 317 317 317 317 317 317 317 317 317 317 317 316 316 317 317 317 317 317 318 318 318 318 319 319 319 319 319 320 320 320 320 320 320 320 320 320 320 320 320 320 320 320 320 320
302 302 302 302 303 304 304 304 305 306 306 306 307 308 308 308 309 309 309 309 311 312 312 312 313 314 314 314 315 316 317 317 317 318 318 318 318 318 318 318 317 317 317 317 317 317 317 317 317 317 317 317 317 317 317 317 317 317 317 317 317 316 316 316 317 317 317 317 318 318 318 318 319 319 319 319 320 320 320 320 320 320 320 320 320 320 320 320 320 320 320 320 320 320
302 302 302 302 303 303 304 304 305 305 306 306 307 308 308 308 308 309 309 310 310 311 312 312 313 314 314 315 316 316 317 317 318 318 318 318 318 318 318 318 317 317 317 317 317 317 317 317 317 317 317 317 317 317 317 317 317 317 317 317 316 316 316 316 316 317 317 317 318 318 318 318 319 319 319 319 320 320 320 320 320 320 320 320 320 320 320 320 320 320 320 320 320 320
302 302 302 302 303 303 303 304 305 305 306 306 307 307 308 308 309 309 309 310 310 311 311 312 313 313 314 315 316 316 317 317 318 318 318 318 318 318 318 318 318 317 317 317 317 317 316 316 316 316 316 316 316 317 316 316 317 317 316 316 316 316 316 316 316 317 317 317 318 318 318 318 319 319 319 320 320 320 320 320 320 320 320 321 321 321 320 321 321 321 321 321 321 321
302 302 302 302 302 303 303 304 304 305 305 306 307 307 308 308 308 309 309 309 310 311 311 312 313 313 314 315 316 316 317 317 318 318 318 318 318 318 318 318 317 317 317 317 317 316 316 316 316 316 316 316 316 316 316 316 316 316 316 316 316 316 316 316 316 317 317 317 317 318 318 318 319 319 320 320 320 320 320 320 320 321 321 321 321 321 321 321 321 321 321 321 321 321
302 302 302 302 302 303 303 303 304 305 305 305 306 307 308 308 308 309 309 309 310 311 311 312 313 314 314 315 316 317 317 317 318 318 318 318 318 318 318 318 318 317 317 317 317 316 316 316 316 316 316 316 316 316 316 316 316 316 316 316 316 316 316 316 316 317 317 317 317 318 318 318 319 320 320 320 320 320 320 320 321 321 321 321 321 321 321 321 321 321 321 321 321 321
301 302 302 302 302 302 303 303 304 304 305 305 306 307 308 308 308 309 309 309 310 311 311 312 313 314 314 315 316 317 317 318 318 318 318 318 318 318 318 318 318 317 317 317 317 316 316 316 316 316 316 316 316 316 316 316 316 316 316 316 316 316 316 316 316 317 317 317 318 318 318 318 319 320 320 320 320 320 320 320 321 321 321 321 322 322 321 322 322 321 321 321 321 321
301 301 302 302 302 302 303 303 304 304 305 305 306 306 307 308 308 308 309 310 310 310 311 312 313 314 314 315 316 317 317 318 318 318 319 319 319 319 319 319 318 318 318 317 317 317 316 316 316 316 316 316 316 316 316 316 316 316 316 316 316 316 316 316 316 317 317 317 318 318 318 319 319 320 320 321 321 321 321 321 321 322 322 322 322 322 322 322 322 322 322 322 322 322
301 301 301 301 302 302 302 303 303 304 304 305 305 306 306 307 308 309 309 309 310 311 311 312 313 314 315 315 316 317 318 318 318 319 319 319 319 320 320 319 319 318 318 318 317 317 317 317 316 316 316 316 316 315 315 315 315 315 315 315 316 316 316 316 316 317 317 317 317 318 318 319 319 320 321 321 321 321 321 321 322 322 323 323 323 323 323 323 323 323 323 322 322 322
301 301 301 301 302 302 302 302 303 304 304 304 305 306 306 306 307 309 309 309 310 311 311 312 313 314 315 315 316 317 318 318 319 320 320 320 320 320 320 320 319 318 318 318 317 317 317 317 316 316 316 316 315 315 315 315 315 315 315 315 315 316 316 316 316 317 317 317 318 318 318 319 320 321 321 321 321 321 321 321 322 323 323 323 324 324 324 324 324 323 323 323 323 323
300 300 301 301 301 302 302 302 303 303 304 304 305 305 306 306 307 308 309 309 310 310 311 312 313 314 315 316 317 317 318 319 320 320 320 321 321 321 320 320 320 319 318 318 317 317 317 317 316 316 316 316 315 315 315 315 315 315 315 315 315 315 316 316 316 317 317 317 318 318 318 318 320 321 321 321 322 322 322 322 323 323 323 324 324 324 324 324 324 324 324 324 324 324
300 300 300 301 301 301 302 302 303 303 304 304 305 305 306 306 307 307 308 309 310 310 311 312 313 314 315 316 317 317 318 319 320 321 321 322 322 322 321 321 320 319 319 318 318 317 317 316 316 316 315 315 315 315 315 315 315 315 315 315 315 315 315 316 316 316 317 317 318 318 319 319 319 321 322 322 321 322 323 323 324 324 324 325 325 325 325 325 325 325 325 325 325 325
299 299 299 300 301 302 302 302 303 303 303 304 304 305 305 306 306 307 307 308 309 310 311 312 313 314 315 316 316 317 318 319 320 321 322 322 322 322 322 321 320 319 319 318 317 317 316 316 316 315 315 315 315 314 314 314 314 314 314 314 314 314 314 315 316 317 317 317 318 318 319 320 321 322 321 322 323 323 324 324 324 325 325 326 326 326 326 325 325 325 325 326 326 326
299 299 299 299 300 302 302 302 302 303 303 303 304 305 305 305 306 307 307 308 309 310 311 311 313 314 315 315 316 317 318 318 320 321 322 322 323 322 322 321 320 319 319 318 317 316 316 316 315 315 315 315 314 314 314 314 314 314 314 314 314 314 314 314 315 316 317 317 318 319 319 320 321 322 323 322 322 324 324 324 325 326 326 325 325 326 326 326 326 326 327 327 326 326
299 299 299 299 300 301 302 302 302 303 303 303 304 304 305 305 306 306 307 308 309 310 311 311 313 314 315 315 316 317 318 318 320 321 321 322 322 322 322 321 320 319 319 318 317 316 316 315 315 315 315 314 314 314 314 314 314 314 314 314 314 314 314 314 315 316 317 317 318 318 319 320 321 322 323 324 323 324 323 325 326 326 326 327 326 326 326 327 327 326 327 327 327 327
299 299 299 299 300 300 301 301 302 302 303 303 304 304 305 305 306 306 307 307 308 309 310 311 312 313 314 315 316 317 317 318 319 320 320 321 321 321 321 320 320 319 318 317 317 316 315 315 315 314 314 314 314 314 314 314 314 314 313 314 314 314 314 314 315 315 316 317 318 318 319 320 322 323 322 324 325 325 325 326 327 327 327 328 328 328 327 327 327 327 328 328 328 328
298 298 298 299 299 300 300 301 301 302 302 303 303 304 304 305 305 306 306 307 308 309 309 310 312 313 314 315 316 317 317 318 318 319 319 319 320 320 319 319 319 318 317 317 316 315 314 314 314 314 313 313 313 313 313 313 313 312 313 313 313 313 313 314 314 315 315 316 317 318 319 320 322 324 323 324 324 325 326 327 327 328 328 329 329 329 328 328 328 329 329 329 328 328
298 298 298 298 299 300 300 300 301 302 302 302 303 304 304 304 305 306 306 306 307 308 309 310 311 313 314 314 315 316 317 317 318 318 318 318 319 319 319 319 318 317 317 317 315 314 314 314 313 313 313 313 313 313 312 312 312 312 312 312 312 313 313 313 314 315 315 316 317 318 319 320 322 324 325 324 325 326 326 327 328 328 329 329 328 330 329 330 330 329 329 329 329 329
298 298 298 298 299 299 300 300 300 301 302 302 303 303 304 304 305 305 306 306 307 308 309 310 311 312 313 314 315 316 316 317 317 317 317 317 317 318 318 318 317 317 316 316 315 314 314 313 313 313 313 313 313 313 312 312 312 311 311 312 312 312 312 313 314 314 315 315 317 318 319 320 322 324 325 326 325 326 326 327 328 329 329 330 329 330 330 331 330 330 329 329 329 329
298 298 298 298 298 299 299 299 300 300 301 302 302 303 304 304 305 305 305 306 306 307 308 309 310 311 312 313 314 315 316 316 316 316 317 317 317 317 317 317 316 316 315 315 314 313 313 312 312 312 312 312 312 312 311 311 310 310 310 311 312 312 312 312 313 314 315 315 317 317 319 320 322 323 325 326 326 326 326 326 327 329 329 330 331 332 332 332 331 331 330 330 329 329
297 298 298 298 298 298 298 299 300 300 300 301 302 303 303 304 305 305 305 305 306 307 307 308 310 311 311 312 314 315 315 316 316 316 316 316 316 316 315 316 315 315 314 314 314 313 312 312 312 312 312 312 312 312 310 311 311 310 310 310 312 311 312 312 313 314 314 315 316 317 318 320 322 324 325 326 325 327 326 326 327 328 330 331 332 334 334 334 333 331 331 330 329 329
297 298 298 298 298 298 298 298 299 300 300 300 301 303 303 303 304 305 305 305 306 307 307 308 309 310 311 312 313 314 315 315 316 316 316 316 316 315 315 315 315 314 314 314 313 312 312 312 312 312 312 312 312 311 310 310 311 311 311 310 310 311 312 312 312 314 314 315 316 317 318 319 321 324 325 325 326 327 326 326 327 328 329 330 333 334 335 335 333 332 331 330 330 329
297 297 298 298 298 298 298 298 299 299 300 300 301 302 303 303 304 304 305 305 305 306 307 308 309 310 311 311 312 314 314 315 315 315 316 315 315 315 315 314 314 314 314 313 313 312 312 312 312 312 312 312 311 311 310 309 309 311 310 310 310 311 312 312 312 314 314 315 316 317 318 319 321 323 324 325 326 326 326 327 327 328 330 331 333 335 334 335 334 333 332 331 330 329
296 297 297 297 298 298 298 298 299 299 300 300 301 301 302 303 303 304 304 305 305 306 307 307 308 309 310 311 312 313 313 314 315 315 315 315 315 314 314 314 314 313 313 313 312 312 312 312 312 312 311 311 311 311 311 310 310 309 309 310 310 310 311 312 312 312 314 315 316 317 318 319 321 322 324 325 325 326 327 327 328 328 330 332 335 336 337 336 335 334 332 331 330 330
296 296 296 297 297 298 298 298 299 299 299 300 300 301 301 302 303 303 303 304 305 306 306 307 308 309 309 310 311 312 312 313 314 314 314 314 314 314 313 313 313 313 312 312 312 312 311 311 311 311 311 311 311 310 310 309 310 310 310 309 310 310 310 311 312 312 313 314 316 317 317 319 320 322 323 324 325 326 326 327 328 329 331 332 334 336 338 336 335 334 333 332 331 330
295 296 296 296 297 298 298 298 298 299 299 299 300 301 301 301 302 303 303 303 304 305 306 306 307 308 309 309 310 311 312 312 312 313 314 313 313 313 313 313 312 312 312 312 311 311 311 311 311 311 311 311 310 310 310 310 309 310 310 310 310 310 310 310 311 312 313 313 314 316 317 318 320 322 323 323 324 325 326 327 328 330 331 332 334 336 338 337 334 332 333 332 330 329
294 295 296 296 296 297 298 298 298 298 299 299 299 300 301 301 301 302 303 303 304 305 306 306 306 308 308 308 309 310 311 311 311 312 313 312 312 312 312 312 311 311 311 311 310 310 310 310 310 310 310 310 310 310 310 310 309 310 311 311 309 310 310 310 311 312 312 313 314 315 317 318 319 321 322 323 324 325 326 327 328 329 331 332 333 335 337 336 335 333 332 330 330 329
294 294 295 295 296 296 296 297 297 298 298 299 299 299 300 301 301 301 302 303 303 304 304 305 306 306 306 307 308 308 308 309 309 310 310 310 310 310 310 310 310 310 310 309 309 309 309 309 309 309 309 309 309 309 309 309 310 310 310 310 309 310 309 310 311 311 311 312 313 314 315 318 319 320 321 322 323 324 325 326 327 328 330 332 332 333 334 334 333 332 331 329 329 328
293 293 293 294 295 295 295 296 297 297 297 298 299 299 299 300 301 301 301 302 303 303 303 304 305 305 305 305 306 306 306 307 308 307 307 308 308 308 308 308 309 308 308 308 308 308 308 308 308 307 308 308 308 308 308 309 309 309 309 309 310 308 309 309 310 311 310 311 312 313 314 317 318 320 320 321 322 323 324 325 326 328 328 329 331 331 331 332 332 331 330 329 327 327
293 293 293 293 294 295 295 295 296 297 297 297 297 299 299 299 299 300 300 301 302 303 303 303 304 304 304 304 305 305 305 306 306 306 306 306 307 307 307 307 307 307 307 307 307 307 307 307 307 306 306 306 308 308 308 308 308 309 309 309 309 308 308 308 309 311 311 311 312 314 314 315 318 319 320 320 321 323 323 324 325 327 327 327 328 330 330 330 330 329 329 328 326 325
292 292 293 293 293 294 294 294 294 295 297 297 297 297 298 298 299 300 301 301 301 302 303 303 303 304 304 304 304 304 305 305 305 305 306 306 306 306 307 306 305 306 307 307 306 306 307 306 306 307 306 306 306 307 307 308 308 308 309 309 308 309 308 309 309 310 312 311 312 313 314 316 317 319 319 320 321 322 322 323 324 326 327 327 327 328 329 328 327 327 328 327 326 325
292 292 292 292 293 293 294 293 295 295 295 296 297 298 298 298 298 300 300 300 301 301 302 301 303 302 302 303 304 304 304 304 304 304 304 305 305 305 305 306 305 306 306 306 306 306 306 305 306 306 306 305 306 306 306 307 308 308 308 308 308 308 308 309 309 310 310 311 312 313 314 315 317 318 318 319 319 320 321 321 322 323 324 325 325 326 326 326 326 325 325 324 324 323
291 291 291 292 292 292 293 293 295 296 296 297 297 298 298 299 299 299 299 300 299 300 300 301 302 302 302 302 302 302 303 303 303 303 303 304 304 304 304 305 304 304 305 305 305 305 304 305 305 305 305 306 306 305 306 307 307 307 307 307 308 307 307 308 308 309 309 310 312 313 313 314 316 317 318 319 319 319 319 319 321 321 322 323 325 325 325 325 325 323 323 323 322 322
