DE_sunshineduration/sunshineduration_2018_09.asc
NCOLS 654
NROWS 866
XLLCORNER 3280414.711633467
YLLCORNER 5237500.62890625
CELLSIZE 1000
NODATA_VALUE -999
[rows 820 to 860 of 866, columns 282 to 375 of 654]
231 230 230 230 231 232 233 233 234 235 235 235 235 235 235 235 234 233 233 233 234 234 234 233 232 231 231 232 229 228 228 228 226 223 223 223 223 223 223 224 224 224 225 225 225 225 225 226 225 224 224 224 224 224 224 224 223 222 222 222 221 221 221 221 220 219 219 219 219 218 218 217 217 216 216 216 215 214 214 214 213 212 212 212 210 209 208 207 206 203 202 202 199 197
230 230 230 230 230 232 232 233 233 234 234 235 234 235 235 234 234 234 234 232 233 233 232 233 232 231 232 231 229 228 228 226 225 224 223 223 223 223 223 224 224 225 225 225 225 225 226 225 224 224 224 224 224 224 224 224 222 222 222 221 221 221 221 220 221 220 219 219 218 218 218 216 217 216 216 216 214 214 214 213 214 212 213 211 210 209 207 207 205 203 203 202 201 200
229 229 229 229 229 230 230 232 232 233 233 233 234 234 234 233 233 233 232 232 232 232 233 232 234 232 230 230 229 228 227 226 225 224 224 223 223 224 223 224 225 225 225 225 225 225 225 224 224 224 224 224 224 224 223 222 222 222 221 221 221 221 221 221 221 219 219 219 218 218 217 217 217 217 216 214 214 213 213 213 214 213 212 211 210 208 206 206 205 203 204 206 204 206
228 228 228 228 229 230 230 229 230 231 231 232 232 232 232 232 231 232 231 231 233 232 233 232 231 230 229 229 229 228 227 226 225 224 224 224 223 223 224 225 225 225 224 225 225 225 224 224 224 224 223 224 224 223 223 223 223 222 221 221 220 221 219 221 221 219 219 219 218 218 217 217 216 215 214 214 213 215 215 216 215 214 214 212 209 208 206 205 204 202 204 206 206 206
228 228 228 228 228 229 229 230 230 231 231 232 231 231 231 231 231 232 232 231 231 231 231 230 229 228 228 229 228 227 226 226 224 224 225 224 223 223 224 225 225 224 225 225 226 225 225 224 224 225 224 224 223 223 223 223 222 221 221 221 220 219 220 220 220 220 220 219 218 217 217 216 215 214 214 215 214 218 218 218 218 215 217 215 211 208 210 208 204 202 202 203 204 205
227 228 228 228 228 229 229 229 229 231 231 231 231 231 232 230 232 233 232 231 231 230 231 231 229 229 229 228 228 228 226 224 224 224 224 224 223 224 225 225 223 224 225 226 225 224 224 224 224 224 224 224 223 223 223 222 222 221 221 220 221 219 219 220 220 219 220 218 217 217 219 216 215 214 214 214 216 218 216 217 216 217 215 213 212 209 210 210 207 203 202 203 204 205
227 227 228 229 229 229 229 229 229 230 230 230 230 230 232 231 231 232 231 231 231 231 230 230 230 230 229 228 227 225 225 224 225 225 224 223 224 224 223 224 224 224 225 226 226 224 224 224 224 224 223 223 223 222 222 222 222 221 220 220 219 219 219 220 220 218 218 217 217 216 215 215 214 214 214 217 218 215 216 217 215 214 212 210 210 208 208 209 206 204 203 202 202 203
226 227 228 228 228 228 228 228 229 229 228 229 229 230 230 229 230 230 230 231 230 229 230 231 230 229 227 227 227 226 224 223 224 223 223 223 225 224 223 223 224 225 224 224 223 223 223 223 225 224 224 224 223 222 221 221 222 221 219 219 219 219 219 219 218 218 217 217 216 215 214 214 214 213 214 214 214 214 214 215 215 214 212 210 210 208 209 209 207 204 207 204 202 202
226 228 229 229 229 229 228 228 228 228 228 229 229 229 229 230 231 230 231 231 229 230 230 230 228 227 226 226 225 224 224 223 223 223 224 225 226 223 222 223 223 223 223 222 223 223 224 225 224 226 226 226 223 221 221 221 221 220 220 219 219 219 219 219 218 217 217 217 216 215 214 214 213 215 215 214 213 214 215 215 214 212 212 211 210 209 209 209 209 208 208 206 204 203
227 228 228 229 228 228 228 227 227 228 229 229 228 229 229 230 231 230 229 232 230 228 228 228 227 227 226 224 224 223 222 222 222 222 223 226 223 222 221 223 223 223 223 223 223 223 226 227 224 227 227 226 224 221 221 220 220 220 220 219 220 219 219 218 218 217 217 216 215 214 214 213 215 216 217 216 214 216 215 218 215 215 215 213 212 212 212 213 209 209 209 209 209 204
225 227 227 228 227 227 226 226 227 227 229 228 228 228 229 229 229 229 229 228 228 228 227 226 225 225 224 224 223 222 221 221 221 220 222 222 222 221 222 222 222 222 222 221 222 223 223 226 225 226 225 223 223 220 220 220 220 220 219 218 218 218 218 217 217 217 216 215 215 214 214 214 216 217 217 214 216 217 219 217 218 219 216 213 212 213 212 211 211 205 205 204 204 204
226 226 226 227 226 225 225 226 228 227 227 228 228 227 227 227 229 230 228 228 228 228 227 227 225 223 222 222 222 221 221 220 219 219 220 219 220 221 223 222 222 222 223 223 222 222 222 224 224 224 221 220 221 221 219 219 220 220 219 218 218 218 217 217 217 216 215 215 214 214 214 216 216 218 217 215 213 215 217 215 213 212 212 212 210 208 208 208 206 207 207 206 207 208
226 226 226 225 225 225 226 227 228 227 227 228 227 227 227 229 227 228 228 230 229 226 225 224 222 221 221 220 220 220 219 218 219 217 218 218 221 223 223 221 221 223 223 225 223 221 222 223 221 221 221 225 223 220 219 219 219 220 222 221 218 218 218 217 217 215 216 215 214 213 215 221 221 216 216 220 216 215 218 216 215 213 210 209 208 208 207 207 206 213 209 209 215 214
226 226 225 225 224 225 227 227 228 227 227 228 226 227 227 226 226 227 227 227 224 223 222 222 222 222 222 220 218 218 218 217 216 216 216 218 221 224 222 220 220 222 223 225 222 220 222 224 220 224 223 220 219 222 222 220 218 222 -999 -999 220 218 218 216 218 218 217 215 218 215 217 217 218 219 219 219 221 219 218 217 215 211 210 209 210 210 208 208 212 211 209 211 212 209
226 225 225 224 224 225 226 226 228 226 226 226 227 227 225 227 225 224 223 222 222 223 224 224 224 225 225 224 220 217 215 215 214 214 214 218 223 221 219 217 219 222 224 222 220 219 223 -999 -999 222 221 219 222 225 227 224 221 -999 -999 -999 -999 -999 -999 -999 -999 -999 -999 215 217 218 216 217 221 219 218 218 218 215 216 213 212 209 210 213 215 214 209 210 217 210 214 216 215 210
225 225 225 224 224 226 227 227 228 226 225 226 227 225 223 223 226 225 224 223 224 224 223 225 225 224 222 221 218 218 214 213 213 212 212 217 218 216 215 217 220 221 222 219 219 219 219 -999 -999 -999 221 219 220 220 224 223 223 -999 -999 -999 -999 -999 -999 -999 -999 -999 -999 -999 -999 -999 220 216 216 214 216 214 215 212 210 211 210 211 215 215 212 209 208 213 215 215 216 212 210 208
-999 -999 225 224 -999 -999 227 228 228 226 225 226 223 223 224 224 224 223 223 225 225 226 225 224 223 223 219 219 220 218 214 213 211 210 211 212 213 214 214 217 220 220 218 218 218 218 -999 -999 -999 -999 -999 -999 -999 -999 -999 -999 -999 -999 -999 -999 -999 -999 -999 -999 -999 -999 -999 -999 -999 -999 222 217 218 216 218 -999 -999 -999 -999 -999 210 215 216 212 210 211 208 209 214 214 211 211 212 210
-999 -999 -999 223 -999 -999 -999 -999 -999 -999 224 224 224 225 225 223 224 223 226 227 225 223 224 222 222 223 222 223 218 215 213 211 210 210 210 211 213 215 217 218 218 220 222 219 217 218 -999 -999 -999 -999 -999 -999 -999 -999 -999 -999 -999 -999 -999 -999 -999 -999 -999 -999 -999 -999 -999 -999 -999 -999 220 -999 -999 -999 -999 -999 -999 -999 -999 -999 -999 214 215 215 214 215 211 208 212 214 215 216 216 213
-999 -999 -999 -999 -999 -999 -999 -999 -999 -999 223 225 226 226 225 224 222 226 224 223 222 224 224 223 225 224 221 217 215 212 213 210 209 209 209 210 211 212 214 214 214 216 217 216 218 220 -999 -999 -999 -999 -999 -999 -999 -999 -999 -999 -999 -999 -999 -999 -999 -999 -999 -999 -999 -999 -999 -999 -999 -999 -999 -999 -999 -999 -999 -999 -999 -999 -999 -999 -999 215 215 209 213 213 209 210 212 212 215 214 213 209
-999 -999 -999 -999 -999 -999 -999 -999 -999 -999 -999 225 227 227 226 225 224 222 222 224 226 224 227 225 222 219 216 214 214 213 212 209 209 208 209 209 210 210 211 210 211 211 213 217 219 225 -999 -999 -999 -999 -999 -999 -999 -999 -999 -999 -999 -999 -999 -999 -999 -999 -999 -999 -999 -999 -999 -999 -999 -999 -999 -999 -999 -999 -999 -999 -999 -999 -999 214 214 214 209 211 207 208 208 211 216 211 210 210 208 208
-999 -999 -999 -999 -999 -999 -999 -999 -999 -999 -999 -999 228 225 225 225 224 225 226 227 228 225 223 220 217 217 216 214 215 213 210 209 209 208 209 210 210 210 210 210 211 211 211 216 222 222 -999 -999 -999 -999 -999 -999 -999 -999 -999 -999 -999 -999 -999 -999 -999 -999 -999 -999 -999 -999 -999 -999 -999 -999 -999 -999 -999 -999 -999 -999 -999 -999 208 214 212 208 208 205 204 204 208 209 210 206 206 206 207 208
-999 -999 -999 -999 -999 -999 -999 -999 -999 -999 -999 -999 227 227 226 228 227 228 229 228 225 223 221 221 219 218 216 214 215 213 210 208 208 208 209 209 210 211 212 213 214 211 212 215 218 221 -999 -999 -999 -999 -999 -999 -999 -999 -999 -999 -999 -999 -999 -999 -999 -999 -999 -999 -999 -999 -999 -999 -999 -999 -999 -999 -999 -999 -999 -999 -999 -999 207 207 -999 -999 -999 203 204 203 203 203 203 205 206 206 207 208
-999 -999 -999 -999 -999 -999 -999 -999 -999 -999 -999 -999 -999 228 -999 -999 226 224 225 223 224 224 224 222 218 216 214 215 216 211 209 208 208 207 207 208 209 211 212 211 212 211 211 211 215 217 220 222 -999 -999 -999 -999 -999 -999 -999 -999 -999 -999 -999 -999 -999 -999 -999 -999 -999 -999 -999 -999 -999 -999 -999 -999 -999 -999 -999 -999 -999 -999 -999 -999 -999 -999 -999 202 204 203 203 203 202 205 205 206 208 209
-999 -999 -999 -999 -999 -999 -999 -999 -999 -999 -999 -999 -999 -999 -999 -999 -999 224 223 226 223 222 219 222 218 214 214 213 215 212 208 207 207 206 206 207 209 210 212 209 212 216 216 212 211 213 218 221 -999 -999 -999 -999 -999 -999 -999 -999 -999 -999 -999 -999 -999 -999 -999 -999 -999 -999 -999 -999 -999 -999 -999 -999 -999 -999 -999 -999 -999 -999 -999 -999 -999 -999 -999 205 205 203 201 202 202 206 206 204 209 211
-999 -999 -999 -999 -999 -999 -999 -999 -999 -999 -999 -999 -999 -999 -999 -999 -999 225 223 221 218 218 218 219 219 215 216 216 214 210 207 206 205 205 205 206 207 211 211 207 215 216 214 213 212 212 216 218 -999 -999 -999 -999 -999 -999 -999 -999 -999 -999 -999 -999 -999 -999 -999 -999 -999 -999 -999 -999 -999 -999 -999 -999 -999 -999 -999 -999 -999 -999 -999 -999 -999 -999 -999 -999 -999 200 200 200 202 210 214 205 212 211
-999 -999 -999 -999 -999 -999 -999 -999 -999 -999 -999 -999 -999 -999 -999 -999 -999 -999 -999 -999 220 218 216 216 218 216 214 213 210 209 206 205 204 203 204 204 209 212 211 208 210 215 215 215 215 212 215 217 -999 -999 -999 -999 -999 -999 -999 -999 -999 -999 -999 -999 -999 -999 -999 -999 -999 -999 -999 -999 -999 -999 -999 -999 -999 -999 -999 -999 -999 -999 -999 -999 -999 -999 -999 -999 -999 203 201 202 202 208 206 210 213 211
-999 -999 -999 -999 -999 -999 -999 -999 -999 -999 -999 -999 -999 -999 -999 -999 -999 -999 -999 -999 220 220 216 213 215 216 214 213 211 208 204 202 203 201 202 202 208 209 208 208 212 216 216 215 215 210 214 220 223 -999 -999 -999 -999 -999 -999 -999 -999 -999 -999 -999 -999 -999 -999 -999 -999 -999 -999 -999 -999 -999 -999 -999 -999 -999 -999 -999 -999 -999 -999 -999 -999 -999 -999 -999 -999 -999 202 203 209 207 208 215 215 212
-999 -999 -999 -999 -999 -999 -999 -999 -999 -999 -999 -999 -999 -999 -999 -999 -999 -999 -999 -999 219 219 215 213 212 213 212 210 207 205 204 200 201 198 197 200 202 208 210 208 213 216 214 213 211 210 214 219 222 -999 -999 -999 -999 -999 -999 -999 -999 -999 -999 -999 -999 -999 -999 -999 -999 -999 -999 -999 -999 -999 -999 -999 -999 -999 -999 -999 -999 -999 -999 -999 -999 -999 -999 -999 -999 -999 -999 209 206 214 214 213 213 211
-999 -999 -999 -999 -999 -999 -999 -999 -999 -999 -999 -999 -999 -999 -999 -999 -999 -999 -999 -999 218 217 214 214 213 211 212 211 209 204 202 200 200 197 196 199 208 206 209 211 214 212 211 210 209 216 215 220 -999 -999 -999 -999 -999 -999 -999 -999 -999 -999 -999 -999 -999 -999 -999 -999 -999 -999 -999 -999 -999 -999 -999 -999 -999 -999 -999 -999 -999 -999 -999 -999 -999 -999 -999 -999 -999 -999 -999 213 210 208 208 203 205 205
-999 -999 -999 -999 -999 -999 -999 -999 -999 -999 -999 -999 -999 -999 -999 -999 -999 -999 -999 -999 216 216 216 216 213 211 210 208 206 205 201 200 197 195 196 197 203 208 210 212 209 210 209 211 209 216 217 -999 -999 -999 -999 -999 -999 -999 -999 -999 -999 -999 -999 -999 -999 -999 -999 -999 -999 -999 -999 -999 -999 -999 -999 -999 -999 -999 -999 -999 -999 -999 -999 -999 -999 -999 -999 -999 -999 -999 211 209 207 204 201 205 208 212
-999 -999 -999 -999 -999 -999 -999 -999 -999 -999 -999 -999 -999 -999 -999 -999 -999 -999 216 217 217 217 216 214 212 209 207 205 204 202 199 197 195 194 194 196 199 201 206 211 211 208 212 212 211 216 -999 -999 -999 -999 -999 -999 -999 -999 -999 -999 -999 -999 -999 -999 -999 -999 -999 -999 -999 -999 -999 -999 -999 -999 -999 -999 -999 -999 -999 -999 -999 -999 -999 -999 -999 -999 -999 -999 -999 -999 212 209 208 -999 -999 214 -999 -999
-999 -999 -999 -999 -999 -999 -999 -999 -999 -999 -999 -999 -999 -999 -999 -999 -999 -999 -999 215 215 215 214 213 210 209 208 207 205 201 198 197 195 194 194 196 204 205 205 210 210 212 215 209 212 219 -999 -999 -999 -999 -999 -999 -999 -999 -999 -999 -999 -999 -999 -999 -999 -999 -999 -999 -999 -999 -999 -999 -999 -999 -999 -999 -999 -999 -999 -999 -999 -999 -999 -999 -999 -999 -999 -999 -999 -999 -999 -999 -999 -999 -999 -999 -999 -999
-999 -999 -999 -999 -999 -999 -999 -999 -999 -999 -999 -999 -999 -999 -999 -999 -999 -999 -999 218 215 214 215 215 212 209 207 206 204 202 199 200 196 194 193 195 196 198 199 203 210 212 213 210 218 220 -999 -999 -999 -999 -999 -999 -999 -999 -999 -999 -999 -999 -999 -999 -999 -999 -999 -999 -999 -999 -999 -999 -999 -999 -999 -999 -999 -999 -999 -999 -999 -999 -999 -999 -999 -999 -999 -999 -999 -999 -999 -999 -999 -999 -999 -999 -999 -999
-999 -999 -999 -999 -999 -999 -999 -999 -999 -999 -999 -999 -999 -999 -999 -999 -999 -999 -999 -999 222 220 219 218 215 211 -999 -999 -999 -999 -999 201 198 195 194 195 202 204 204 202 203 214 213 214 219 -999 -999 -999 -999 -999 -999 -999 -999 -999 -999 -999 -999 -999 -999 -999 -999 -999 -999 -999 -999 -999 -999 -999 -999 -999 -999 -999 -999 -999 -999 -999 -999 -999 -999 -999 -999 -999 -999 -999 -999 -999 -999 -999 -999 -999 -999 -999 -999 -999
-999 -999 -999 -999 -999 -999 -999 -999 -999 -999 -999 -999 -999 -999 -999 -999 -999 -999 -999 -999 222 223 221 218 214 208 -999 -999 -999 -999 -999 203 199 197 200 197 198 204 208 208 208 209 217 -999 -999 -999 -999 -999 -999 -999 -999 -999 -999 -999 -999 -999 -999 -999 -999 -999 -999 -999 -999 -999 -999 -999 -999 -999 -999 -999 -999 -999 -999 -999 -999 -999 -999 -999 -999 -999 -999 -999 -999 -999 -999 -999 -999 -999 -999 -999 -999 -999 -999 -999
-999 -999 -999 -999 -999 -999 -999 -999 -999 -999 -999 -999 -999 -999 -999 -999 -999 -999 -999 -999 224 -999 -999 -999 -999 -999 -999 -999 -999 -999 207 202 198 199 205 199 200 202 202 209 207 210 -999 -999 -999 -999 -999 -999 -999 -999 -999 -999 -999 -999 -999 -999 -999 -999 -999 -999 -999 -999 -999 -999 -999 -999 -999 -999 -999 -999 -999 -999 -999 -999 -999 -999 -999 -999 -999 -999 -999 -999 -999 -999 -999 -999 -999 -999 -999 -999 -999 -999 -999 -999
-999 -999 -999 -999 -999 -999 -999 -999 -999 -999 -999 -999 -999 -999 -999 -999 -999 -999 -999 -999 -999 -999 -999 -999 -999 -999 -999 -999 -999 -999 205 202 198 198 205 199 201 207 205 204 211 213 -999 -999 -999 -999 -999 -999 -999 -999 -999 -999 -999 -999 -999 -999 -999 -999 -999 -999 -999 -999 -999 -999 -999 -999 -999 -999 -999 -999 -999 -999 -999 -999 -999 -999 -999 -999 -999 -999 -999 -999 -999 -999 -999 -999 -999 -999 -999 -999 -999 -999 -999 -999
-999 -999 -999 -999 -999 -999 -999 -999 -999 -999 -999 -999 -999 -999 -999 -999 -999 -999 -999 -999 -999 -999 -999 -999 -999 -999 -999 -999 -999 207 205 202 199 197 206 200 201 201 205 209 211 -999 -999 -999 -999 -999 -999 -999 -999 -999 -999 -999 -999 -999 -999 -999 -999 -999 -999 -999 -999 -999 -999 -999 -999 -999 -999 -999 -999 -999 -999 -999 -999 -999 -999 -999 -999 -999 -999 -999 -999 -999 -999 -999 -999 -999 -999 -999 -999 -999 -999 -999 -999 -999
-999 -999 -999 -999 -999 -999 -999 -999 -999 -999 -999 -999 -999 -999 -999 -999 -999 -999 -999 -999 -999 -999 -999 -999 -999 -999 -999 -999 -999 207 204 205 200 198 204 203 201 205 204 210 -999 -999 -999 -999 -999 -999 -999 -999 -999 -999 -999 -999 -999 -999 -999 -999 -999 -999 -999 -999 -999 -999 -999 -999 -999 -999 -999 -999 -999 -999 -999 -999 -999 -999 -999 -999 -999 -999 -999 -999 -999 -999 -999 -999 -999 -999 -999 -999 -999 -999 -999 -999 -999 -999
-999 -999 -999 -999 -999 -999 -999 -999 -999 -999 -999 -999 -999 -999 -999 -999 -999 -999 -999 -999 -999 -999 -999 -999 -999 -999 -999 -999 212 207 206 208 202 198 204 204 202 209 211 212 -999 -999 -999 -999 -999 -999 -999 -999 -999 -999 -999 -999 -999 -999 -999 -999 -999 -999 -999 -999 -999 -999 -999 -999 -999 -999 -999 -999 -999 -999 -999 -999 -999 -999 -999 -999 -999 -999 -999 -999 -999 -999 -999 -999 -999 -999 -999 -999 -999 -999 -999 -999 -999 -999
-999 -999 -999 -999 -999 -999 -999 -999 -999 -999 -999 -999 -999 -999 -999 -999 -999 -999 -999 -999 -999 -999 -999 -999 -999 -999 -999 -999 -999 210 209 211 204 200 205 207 205 207 210 216 -999 -999 -999 -999 -999 -999 -999 -999 -999 -999 -999 -999 -999 -999 -999 -999 -999 -999 -999 -999 -999 -999 -999 -999 -999 -999 -999 -999 -999 -999 -999 -999 -999 -999 -999 -999 -999 -999 -999 -999 -999 -999 -999 -999 -999 -999 -999 -999 -999 -999 -999 -999 -999 -999
