DE_sunshineduration/sunshineduration_2018_08.asc
NCOLS 654
NROWS 866
XLLCORNER 3280414.711633467
YLLCORNER 5237500.62890625
CELLSIZE 1000
NODATA_VALUE -999
[rows 246 to 286 of 866, columns 188 to 281 of 654]
217 217 217 217 217 217 217 217 217 217 217 216 217 217 217 217 218 219 219 219 220 220 221 221 221 221 222 222 222 222 223 223 223 223 224 224 224 224 225 225 225 225 225 225 226 226 226 226 226 226 226 226 227 227 227 227 228 228 228 229 229 229 229 229 229 230 230 230 230 231 231 232 232 232 231 231 231 231 231 231 231 231 232 232 232 233 233 233 233 233 234 234 234 235
217 217 217 217 217 217 217 217 217 217 217 217 217 217 217 218 218 218 219 220 220 220 220 221 221 221 222 221 222 222 222 223 223 223 224 224 224 224 224 225 225 225 225 226 226 226 226 226 226 226 226 227 227 227 227 228 228 228 228 229 229 229 229 229 230 231 231 231 231 231 232 232 232 232 231 232 232 232 232 232 232 232 232 233 233 233 233 234 234 234 234 235 235 235
217 217 217 217 217 217 217 216 217 217 217 217 217 217 218 218 218 217 219 220 220 220 221 221 221 221 221 221 221 222 223 223 223 223 224 224 224 224 225 225 225 225 225 226 226 226 226 226 226 226 227 227 227 227 227 228 228 228 229 229 229 228 229 230 230 231 230 232 232 232 232 232 232 232 232 232 232 232 232 232 232 232 233 234 234 234 234 234 234 234 234 235 235 235
217 217 217 216 216 217 217 216 217 217 218 216 217 218 218 218 218 218 219 219 220 220 220 221 221 221 222 221 221 222 223 223 223 223 224 224 224 224 225 225 225 225 225 226 226 226 226 226 226 226 227 227 227 227 228 228 228 228 229 229 229 230 230 230 231 231 232 232 232 232 232 232 232 232 233 233 232 232 233 232 232 233 233 234 234 234 234 234 234 234 235 235 235 235
217 217 218 217 217 217 217 218 218 218 218 217 218 218 217 218 218 218 218 219 220 220 221 221 220 220 221 221 221 221 223 223 223 224 224 223 224 225 225 225 225 225 226 226 226 226 226 226 227 227 227 227 227 228 228 228 228 229 229 229 230 230 231 231 231 232 232 232 232 232 233 232 233 233 233 233 232 233 233 233 233 233 234 234 234 234 235 234 235 235 235 235 236 236
218 218 218 217 217 217 217 218 219 219 218 218 219 219 218 219 218 218 218 219 219 220 220 221 221 220 220 221 221 221 222 222 224 224 224 225 225 225 225 225 225 225 225 226 226 226 226 227 227 227 227 228 228 228 228 229 229 229 229 230 230 230 231 231 232 232 232 233 233 233 233 233 233 233 233 234 234 233 233 234 234 234 234 235 235 235 235 235 235 235 235 236 236 236
218 218 218 218 217 217 217 218 219 219 218 218 218 219 218 219 218 218 219 219 219 219 221 221 221 220 221 221 221 221 222 223 224 224 224 225 225 225 225 225 225 225 226 226 226 226 227 227 227 227 227 228 228 228 228 229 229 229 229 230 230 230 231 232 232 232 233 233 233 233 233 233 233 233 234 234 234 233 234 234 234 234 234 236 236 236 235 235 235 235 236 236 236 236
218 218 218 218 218 217 218 218 218 219 219 218 218 219 218 218 219 218 219 219 219 219 220 220 221 220 221 221 221 222 222 223 224 224 225 225 225 225 225 225 225 225 226 226 226 226 227 227 227 227 228 228 228 228 228 229 229 229 230 230 230 231 231 232 232 232 233 233 233 233 233 233 233 233 234 234 234 235 234 234 234 235 236 236 236 236 235 235 235 236 236 236 236 237
218 218 218 218 219 219 218 218 218 218 219 218 218 219 219 218 219 219 219 219 220 220 220 220 220 221 221 221 221 222 222 223 224 224 225 225 225 225 225 225 225 225 226 226 226 227 227 227 227 228 228 228 228 228 228 229 229 229 230 230 231 231 232 232 232 233 233 233 233 233 233 233 234 234 234 235 235 235 235 234 236 236 236 236 236 236 235 236 236 236 237 237 238 237
218 218 218 219 219 219 218 218 218 219 219 219 218 218 219 219 219 219 219 220 220 220 220 221 220 221 221 221 223 223 223 224 224 224 225 225 225 225 225 225 225 225 226 226 227 227 227 228 228 228 228 228 228 228 228 229 229 229 230 230 231 231 232 232 233 233 233 233 233 233 233 234 234 234 235 235 236 236 236 236 236 236 236 236 236 236 236 236 237 237 237 237 238 238
218 218 218 219 219 219 219 219 219 218 219 219 219 218 220 219 219 219 219 220 220 220 220 221 221 220 222 223 223 223 222 224 223 224 225 225 225 225 225 225 225 225 226 227 227 227 227 228 228 228 228 228 228 228 228 229 229 229 230 231 231 231 232 233 233 233 233 233 233 233 233 234 234 234 235 236 236 236 236 236 236 236 236 236 236 236 237 237 237 237 237 239 239 239
218 218 218 219 219 219 219 219 219 219 219 219 219 218 220 219 219 219 220 220 220 220 221 221 221 220 222 223 223 223 223 224 223 224 225 225 225 225 225 225 225 226 226 227 227 227 227 228 228 228 228 228 228 228 229 229 229 230 230 231 231 232 232 233 233 233 233 233 233 233 234 234 234 235 235 236 236 236 236 236 236 236 236 236 236 236 237 238 238 238 238 239 239 238
218 218 218 219 219 219 219 219 219 219 219 219 220 220 220 219 220 220 220 220 220 220 220 221 222 222 222 223 223 223 224 224 224 224 225 225 225 225 225 225 226 226 226 227 227 227 228 228 228 228 228 228 228 229 229 229 230 230 231 231 231 232 232 233 233 233 233 233 234 234 234 234 235 235 235 236 236 236 236 236 236 236 236 236 237 237 237 238 238 238 238 238 238 238
217 218 218 219 219 219 219 220 220 220 220 220 220 220 220 220 221 220 220 220 220 220 221 222 222 222 222 223 223 223 223 223 224 223 224 224 224 225 225 226 226 226 226 227 227 227 227 228 228 228 228 229 229 229 229 230 230 230 231 231 232 232 232 233 233 233 233 234 234 234 234 235 235 235 235 236 236 236 236 237 237 237 237 237 237 237 237 238 238 238 238 238 238 238
217 217 218 219 219 219 219 220 220 220 220 220 220 220 220 221 221 220 220 220 220 220 220 222 222 222 222 223 223 223 223 224 224 223 223 224 224 225 226 226 226 226 227 227 227 227 228 228 228 228 229 229 229 229 230 230 230 230 231 232 232 232 233 233 233 233 234 234 234 234 235 235 235 235 236 236 236 236 237 237 237 237 237 237 237 237 238 238 238 238 239 239 239 239
217 217 218 219 219 219 219 220 220 220 220 220 220 220 220 221 221 221 220 220 220 220 221 221 222 222 222 223 223 223 224 223 223 223 223 224 224 225 226 226 226 226 227 227 227 227 228 228 228 228 229 229 229 229 230 230 230 231 231 232 232 232 233 233 233 233 234 234 234 235 235 235 235 235 236 236 236 236 237 237 237 237 237 237 237 238 238 238 238 238 239 239 239 239
217 218 218 218 219 219 220 220 220 220 220 220 220 220 221 221 221 221 220 220 221 220 221 221 222 222 223 223 223 223 224 223 223 223 224 224 224 224 225 226 226 227 227 227 227 228 228 228 228 229 229 229 230 230 230 230 231 231 232 232 232 233 233 233 234 234 234 235 235 235 235 235 236 236 236 236 236 237 237 237 237 238 238 238 238 238 238 238 239 239 239 239 239 240
217 217 218 219 219 219 219 220 220 220 220 220 220 220 220 221 221 221 220 220 220 221 221 222 222 222 222 223 223 223 224 224 223 223 223 224 224 224 225 225 227 227 227 228 228 228 228 229 229 229 229 230 230 230 230 231 231 231 232 232 233 233 233 234 234 234 235 235 236 236 236 236 236 236 236 237 237 237 237 238 238 238 238 238 239 239 239 239 239 239 239 240 240 240
217 217 218 219 219 219 219 220 220 220 220 220 220 220 221 221 221 221 221 220 220 220 222 222 222 222 222 223 223 223 224 223 223 223 224 224 224 224 225 227 226 227 227 228 228 228 228 229 229 229 230 230 230 230 231 231 231 231 232 233 233 233 234 234 234 234 235 236 236 236 236 236 236 236 236 237 237 237 238 238 238 238 238 239 239 239 239 239 239 239 240 240 240 240
217 217 218 219 219 219 219 220 220 220 220 220 220 220 220 221 221 221 221 221 221 221 222 222 222 222 222 223 223 223 224 223 223 223 224 224 224 224 225 226 226 226 227 228 228 228 229 229 229 229 230 230 230 230 231 231 231 232 232 233 233 233 234 234 234 235 235 236 236 236 236 236 236 236 237 237 237 237 238 238 238 239 239 239 239 239 239 239 239 239 240 240 240 240
217 218 218 219 219 219 220 220 220 220 220 220 220 220 221 221 221 221 221 221 222 222 222 222 222 222 222 223 223 223 223 223 223 224 224 224 225 225 225 225 227 227 227 228 228 228 229 229 229 230 230 230 231 231 231 231 232 232 233 233 233 234 234 235 235 236 236 236 236 237 237 237 237 237 237 237 238 238 238 239 239 239 239 239 239 240 240 239 240 240 240 240 240 241
217 217 218 219 219 219 220 220 220 220 220 220 220 220 220 221 221 221 221 222 222 222 222 222 222 222 222 223 223 223 224 223 224 224 224 225 225 225 225 225 226 227 227 228 228 228 229 229 230 230 229 231 231 231 231 232 232 232 233 233 234 234 235 235 236 236 236 237 237 237 237 237 237 237 237 238 238 238 239 239 240 240 240 240 240 240 240 240 240 240 240 241 241 241
217 217 218 219 219 219 220 220 220 220 220 220 220 220 221 221 220 221 222 222 222 222 222 222 222 222 222 223 223 223 224 225 224 225 224 225 225 225 225 225 226 226 227 228 228 228 229 230 230 230 230 231 231 231 231 232 232 231 233 234 234 234 235 236 236 236 237 237 237 237 237 237 237 237 238 238 238 238 239 240 240 240 240 240 240 240 240 240 240 240 241 241 241 241
217 217 218 219 219 219 220 220 220 220 220 220 220 220 221 221 221 221 222 222 222 222 222 222 222 222 222 223 223 223 224 224 224 225 225 225 225 226 225 225 225 227 227 228 228 228 229 230 230 230 231 231 231 231 231 231 231 232 232 233 234 235 235 236 236 236 237 237 237 237 237 237 237 238 238 238 238 239 239 240 240 240 240 240 240 240 240 240 240 241 241 241 241 241
217 218 218 219 219 220 220 220 220 220 220 220 221 221 221 221 221 222 222 222 222 222 222 222 222 222 222 223 223 224 224 224 225 225 226 225 226 226 225 225 226 227 227 228 228 229 229 229 230 230 231 231 231 231 231 232 231 233 233 234 234 235 236 236 236 237 237 237 237 237 237 238 238 238 239 239 239 239 240 240 240 240 240 240 240 240 240 241 241 241 241 241 242 242
217 218 218 219 220 220 220 220 220 220 220 221 221 221 221 222 222 222 222 222 222 222 222 222 222 222 222 223 223 223 224 225 225 225 226 226 226 226 226 226 226 227 227 228 228 228 229 230 230 230 231 231 231 231 231 232 232 233 233 234 235 235 236 236 237 237 237 237 237 237 238 238 239 239 239 239 240 240 240 240 240 240 240 240 240 240 241 241 242 242 242 242 242 242
217 217 218 220 220 220 220 220 220 220 220 221 221 221 221 222 222 222 222 222 222 222 222 222 222 222 223 223 223 223 224 224 224 225 225 226 226 226 226 227 227 227 227 228 228 228 229 230 230 230 231 231 231 231 231 232 232 232 233 235 235 235 236 237 237 237 237 237 237 237 238 239 239 239 240 240 240 240 240 240 240 240 240 240 240 240 241 242 242 242 242 242 242 242
217 218 219 219 220 220 220 220 220 220 221 221 221 221 222 222 222 222 222 222 222 222 222 222 222 222 223 223 223 224 224 224 224 225 225 226 226 226 226 227 227 227 227 228 228 228 229 230 230 230 231 231 231 231 232 232 232 233 233 234 235 235 236 237 237 236 237 237 237 238 239 239 239 240 240 240 240 240 241 240 240 240 241 240 240 241 241 242 242 242 242 242 242 242
216 218 219 219 219 220 220 220 220 221 221 221 221 221 222 222 222 222 222 222 222 222 222 222 223 223 223 223 224 224 224 225 225 225 225 225 226 226 226 227 227 227 228 228 228 229 229 229 230 229 231 231 231 231 232 232 233 233 234 234 235 236 236 236 236 238 237 238 238 239 239 239 240 240 241 241 241 241 241 241 241 241 241 241 241 242 242 242 242 242 243 242 242 242
217 217 218 219 219 219 220 221 221 221 221 221 221 221 222 222 222 222 222 222 221 221 222 223 223 223 223 224 224 224 224 225 225 225 225 225 225 226 226 227 227 227 227 228 228 228 229 230 230 229 230 231 231 231 232 232 232 232 233 235 234 236 236 237 238 238 238 239 240 240 240 240 241 241 241 241 242 242 241 242 242 242 242 242 243 243 242 243 243 243 243 243 243 243
218 218 219 219 219 219 220 221 221 221 221 221 221 221 222 222 222 222 222 222 222 221 221 223 223 223 223 224 224 224 224 225 225 225 225 225 225 225 226 227 227 227 227 228 228 228 229 230 230 230 231 231 231 230 231 232 232 232 233 234 234 235 237 238 238 238 239 240 240 240 240 241 241 241 240 241 241 241 241 242 242 242 242 243 243 243 243 243 243 243 243 243 243 243
218 218 219 219 219 220 220 221 221 221 221 221 221 221 222 222 222 222 222 222 222 222 221 223 223 223 224 224 224 224 224 225 225 225 225 225 225 226 226 227 227 227 227 228 228 228 229 230 230 230 230 230 230 230 231 232 232 232 233 234 234 235 237 238 238 239 239 240 240 241 241 241 241 241 241 241 241 241 242 242 242 243 243 243 243 243 243 243 243 243 243 243 243 243
218 219 219 219 220 220 220 221 221 221 221 221 221 221 222 222 222 222 222 222 222 222 222 222 223 223 224 224 224 224 225 225 225 225 225 225 226 226 226 227 227 227 228 228 228 229 229 229 230 230 230 231 231 232 231 231 232 233 233 235 236 236 237 238 238 239 240 240 241 241 242 242 242 242 242 242 242 242 242 242 242 244 244 244 244 244 244 244 244 243 244 244 243 243
219 219 219 220 220 220 220 221 221 221 221 221 221 221 222 222 222 222 222 222 222 222 221 222 222 222 224 224 224 224 224 225 225 225 225 226 226 226 226 227 227 227 227 228 228 228 229 230 230 230 230 231 231 231 232 232 232 233 233 235 236 236 237 238 239 239 240 241 242 242 241 242 243 243 243 243 244 243 243 243 244 243 244 245 245 244 244 244 244 244 244 244 244 244
219 219 219 220 220 220 221 221 221 221 221 221 221 221 222 222 222 222 222 222 222 222 223 222 222 223 223 224 224 224 224 225 225 225 225 226 226 226 226 227 227 227 227 228 228 228 229 230 230 230 231 231 231 231 231 232 232 232 234 236 236 236 238 239 239 239 240 242 242 241 241 243 243 243 243 244 244 243 243 244 244 244 245 245 245 245 244 244 244 244 244 244 244 244
219 219 220 220 220 220 221 221 221 221 221 221 221 221 222 222 222 222 222 222 222 222 223 222 222 223 223 224 224 224 224 225 225 225 226 226 226 226 226 227 227 227 227 228 228 228 229 230 230 230 231 231 230 230 231 231 232 234 234 235 236 237 238 239 239 240 241 242 242 242 243 243 243 243 244 244 244 244 244 244 244 244 244 245 245 245 245 244 244 244 244 244 244 244
219 219 220 220 220 221 221 221 221 221 221 221 221 221 222 222 222 222 222 222 223 223 223 223 223 223 223 224 224 224 225 225 225 225 226 226 226 226 226 226 227 227 227 228 228 229 229 229 230 230 231 231 230 231 232 232 233 234 235 235 236 237 238 239 240 241 241 242 242 242 243 243 243 244 244 245 245 244 244 244 244 245 245 246 245 245 245 245 245 244 244 243 243 244
219 219 220 220 221 221 221 221 221 221 221 221 221 221 222 222 222 222 222 223 223 223 223 223 223 222 223 224 224 224 224 225 225 225 226 226 226 226 226 226 226 227 227 228 228 228 229 230 230 230 231 231 231 231 232 232 232 233 234 236 237 238 239 240 241 241 241 242 242 242 243 243 244 244 245 245 246 245 246 246 246 246 246 246 246 246 245 245 245 245 244 243 243 243
219 219 220 221 221 221 221 221 221 221 221 221 221 221 222 222 222 222 222 223 223 223 223 223 223 223 223 224 224 224 224 225 225 225 225 226 226 226 226 226 226 226 227 228 228 228 229 230 230 230 231 231 231 231 231 232 232 233 235 236 237 237 239 240 241 241 242 242 242 242 243 244 244 244 245 246 246 246 246 246 246 246 246 246 246 246 245 245 245 245 243 243 243 243
219 220 220 221 221 221 221 221 221 221 221 221 221 221 222 222 222 222 223 223 223 223 223 223 223 223 223 224 224 224 224 225 225 225 225 226 226 226 226 226 226 226 227 227 228 228 229 229 230 230 231 230 231 231 231 232 232 233 234 236 237 238 239 240 241 241 242 242 242 242 243 244 244 245 245 246 246 246 246 246 246 246 246 246 245 246 246 245 245 244 245 243 243 243
220 220 221 221 221 221 221 221 221 221 221 221 222 222 222 222 222 222 223 223 223 223 223 223 223 223 223 223 224 224 224 224 225 225 225 225 226 226 226 226 226 226 227 227 228 228 229 229 230 230 229 231 231 231 232 232 233 234 235 235 237 238 239 240 241 241 242 242 242 243 243 244 244 245 246 246 246 247 246 246 246 246 246 246 246 246 246 245 244 244 244 244 243 243
