DE_sunshineduration/sunshineduration_2018_03.asc
NCOLS 654
NROWS 866
XLLCORNER 3280414.711633467
YLLCORNER 5237500.62890625
CELLSIZE 1000
NODATA_VALUE -999
[rows 42 to 83 of 866, columns 188 to 281 of 654]
-999 -999 -999 -999 -999 -999 -999 -999 -999 -999 -999 -999 86 -999 -999 -999 83 82 82 82 82 82 82 81 81 80 80 80 80 80 80 80 80 81 81 81 82 82 82 82 82 82 82 82 83 83 83 83 83 84 84 84 84 84 84 84 84 84 84 84 84 84 84 83 83 83 83 83 83 83 83 84 83 84 84 84 84 84 84 85 84 84 84 84 83 83 83 82 82 81 81 81 -999 80
-999 -999 -999 -999 -999 -999 -999 -999 -999 -999 -999 -999 -999 -999 -999 -999 -999 83 83 83 83 82 82 82 82 81 81 81 81 80 80 81 81 81 82 82 83 83 82 83 83 83 83 83 83 83 83 84 84 84 84 84 84 84 84 84 84 84 84 83 83 83 83 83 83 83 83 83 83 83 83 83 83 84 83 83 83 83 84 84 84 84 84 84 84 84 83 82 83 82 81 80 79 79
-999 -999 -999 -999 -999 -999 -999 -999 -999 -999 -999 -999 -999 -999 -999 -999 -999 -999 -999 83 83 83 83 82 82 82 81 81 81 81 81 81 81 81 82 83 83 83 83 83 83 83 83 83 83 83 83 84 84 84 84 84 84 84 84 84 84 84 83 84 84 83 83 83 83 83 83 83 84 83 83 83 83 83 83 83 83 83 84 84 84 84 84 84 84 84 83 82 82 82 81 80 79 79
-999 -999 -999 -999 -999 -999 -999 -999 89 89 -999 -999 -999 -999 -999 -999 -999 -999 -999 -999 83 83 83 83 82 82 82 82 81 81 82 81 81 82 82 83 83 83 83 83 83 83 83 83 83 83 84 84 84 84 84 84 84 84 84 84 84 84 83 83 83 83 83 83 83 83 83 83 83 84 83 83 83 83 83 83 83 83 83 84 84 84 84 84 84 84 83 82 82 81 81 80 79 79
-999 -999 -999 -999 -999 -999 89 89 89 -999 -999 -999 -999 -999 87 -999 -999 -999 -999 -999 83 83 83 83 83 82 82 82 82 82 82 82 82 82 83 83 83 83 83 83 83 83 83 83 83 83 84 84 84 84 84 84 84 84 84 84 83 83 83 83 83 83 83 83 83 83 83 84 84 83 83 83 82 83 83 82 83 83 83 84 84 84 84 84 83 83 83 82 82 81 81 80 -999 79
-999 91 91 90 90 -999 -999 -999 -999 -999 -999 -999 -999 88 87 -999 -999 -999 -999 -999 -999 83 83 83 83 83 83 83 83 83 82 83 83 83 83 83 83 83 83 83 83 83 83 83 83 83 84 84 84 84 84 84 84 84 84 83 83 83 83 82 82 82 82 82 82 83 82 82 83 82 82 82 82 82 82 82 82 83 83 84 84 84 84 83 83 83 83 82 82 82 81 80 80 79
-999 -999 91 -999 -999 -999 -999 -999 -999 -999 -999 -999 -999 -999 -999 -999 -999 -999 -999 -999 -999 84 83 83 83 83 83 83 83 83 83 83 83 83 83 83 83 83 83 83 83 83 83 83 83 83 83 84 84 84 84 84 84 84 83 83 83 83 82 82 82 82 82 82 83 83 82 83 82 82 82 82 82 82 82 82 82 82 83 84 84 84 84 83 83 83 83 82 82 -999 -999 80 80 80
-999 -999 -999 -999 -999 -999 -999 -999 -999 -999 -999 -999 -999 -999 -999 -999 -999 -999 -999 -999 -999 84 84 83 83 83 83 83 83 83 83 83 83 83 83 83 83 83 83 83 83 83 83 83 83 83 84 84 84 84 84 84 84 84 83 83 83 83 82 82 82 82 82 82 82 82 83 83 82 82 82 82 82 82 82 82 82 82 83 83 84 84 83 83 83 83 83 82 -999 -999 81 81 80 80
-999 -999 -999 -999 -999 -999 -999 -999 -999 -999 -999 -999 -999 -999 -999 -999 -999 -999 -999 -999 85 85 84 84 84 84 84 84 83 83 83 83 83 83 83 83 83 83 83 83 83 83 83 83 83 83 84 84 84 84 84 84 83 83 83 83 82 82 82 82 82 81 81 81 81 82 81 81 81 81 81 81 81 81 82 82 82 82 83 83 83 83 83 83 83 83 83 -999 -999 82 81 81 81 80
-999 -999 -999 -999 -999 -999 -999 -999 -999 -999 -999 -999 -999 -999 -999 -999 -999 -999 -999 86 -999 -999 -999 -999 84 84 84 84 84 84 83 83 83 83 83 83 83 83 83 83 83 83 83 83 83 83 84 84 84 84 84 83 83 83 83 82 82 82 82 81 81 81 81 81 80 80 81 80 80 80 81 80 80 81 81 82 82 82 83 83 83 83 83 83 83 -999 -999 82 82 82 81 81 81 80
-999 -999 -999 -999 -999 -999 -999 -999 -999 -999 -999 -999 -999 -999 -999 -999 -999 -999 -999 -999 -999 -999 -999 -999 -999 84 84 84 84 84 83 83 83 83 83 83 83 83 83 83 83 83 83 83 83 83 83 84 84 84 84 83 83 83 83 82 82 82 82 81 81 81 81 80 80 80 80 80 80 80 80 80 80 80 81 82 82 82 83 83 83 83 83 83 83 -999 83 82 82 82 82 81 81 81
-999 -999 -999 94 -999 -999 -999 -999 -999 -999 -999 -999 -999 -999 -999 -999 -999 -999 -999 -999 -999 -999 -999 -999 84 84 84 84 84 84 84 83 83 83 83 83 83 83 83 83 83 83 83 83 83 83 84 84 84 84 84 83 83 83 83 82 82 82 82 81 81 81 80 80 80 80 79 79 80 80 79 80 80 80 81 81 82 82 82 83 83 -999 83 -999 83 83 83 82 82 82 82 82 81 81
94 94 94 -999 -999 -999 -999 -999 -999 -999 -999 -999 -999 -999 -999 -999 -999 -999 -999 -999 -999 -999 -999 -999 -999 85 85 84 84 84 83 83 83 83 83 83 83 83 83 83 83 83 83 83 83 83 84 84 84 84 84 84 83 83 83 83 82 82 82 81 81 80 80 79 79 79 79 78 79 79 79 79 80 80 81 81 82 82 83 83 83 -999 -999 -999 83 83 83 83 83 82 82 82 82 82
-999 -999 95 95 -999 -999 -999 -999 -999 -999 -999 -999 -999 -999 -999 -999 -999 -999 -999 -999 -999 -999 -999 86 -999 -999 85 84 84 84 83 83 83 83 83 82 82 82 83 83 83 83 83 83 83 83 84 84 84 84 84 84 84 84 83 83 83 82 82 81 80 80 79 79 78 78 78 78 78 78 78 79 79 80 80 81 81 82 82 83 84 -999 84 84 84 84 83 83 83 83 83 83 83 83
-999 -999 -999 -999 -999 -999 -999 -999 -999 -999 -999 92 92 -999 -999 -999 -999 -999 88 88 -999 -999 -999 -999 -999 -999 -999 84 84 84 83 83 83 83 82 82 82 82 83 83 83 83 83 83 83 83 84 84 84 84 84 84 84 84 83 83 83 83 82 81 80 80 79 78 78 78 78 77 77 77 78 79 79 79 80 81 81 82 83 84 -999 84 84 84 84 84 84 83 83 83 83 83 83 83
-999 -999 -999 -999 -999 -999 -999 -999 94 94 94 93 -999 -999 -999 -999 -999 -999 -999 -999 -999 -999 -999 -999 -999 -999 -999 -999 84 84 83 83 83 83 82 82 82 82 83 83 83 83 83 83 83 83 84 84 84 84 84 84 84 84 84 83 83 83 82 81 80 80 79 78 78 78 77 77 77 77 78 78 79 79 80 81 81 82 83 -999 84 84 84 84 84 84 84 84 83 83 84 83 83 84
-999 -999 -999 -999 -999 95 95 95 95 95 94 94 -999 -999 -999 -999 -999 -999 -999 -999 -999 -999 -999 -999 -999 -999 -999 -999 -999 -999 84 83 83 82 82 82 83 83 83 83 83 83 83 83 84 84 84 84 84 84 85 84 84 84 84 84 83 83 82 81 81 80 79 78 78 78 77 77 77 77 78 78 79 80 80 81 82 82 83 -999 84 85 85 85 85 84 84 84 84 84 84 84 84 84
-999 -999 -999 -999 -999 96 96 96 96 95 95 94 -999 -999 -999 -999 -999 -999 -999 -999 -999 -999 -999 -999 -999 87 86 -999 -999 -999 84 83 83 83 82 83 83 83 83 83 83 83 83 84 84 84 84 85 85 85 85 85 85 85 84 84 84 83 82 81 81 80 79 78 78 78 77 77 77 77 -999 -999 79 80 80 -999 -999 82 83 84 85 85 85 85 85 85 85 85 85 85 84 85 85 85
-999 -999 -999 -999 -999 96 96 96 96 96 95 94 -999 -999 -999 -999 -999 -999 -999 -999 -999 -999 88 88 88 88 87 85 85 -999 -999 83 83 83 83 83 83 83 83 83 83 83 84 84 84 84 84 85 85 85 85 85 85 85 84 84 84 84 82 81 81 81 80 78 78 78 77 77 77 77 -999 -999 79 -999 -999 -999 -999 82 84 85 85 85 85 85 85 85 85 85 85 85 85 85 85 85
-999 -999 -999 -999 -999 96 96 96 96 96 96 -999 -999 -999 -999 -999 -999 -999 -999 -999 88 88 88 88 88 88 87 86 85 -999 -999 84 83 83 83 83 83 83 83 83 83 83 84 84 84 84 85 85 85 85 85 85 85 85 85 84 84 83 83 82 81 81 80 79 78 78 77 -999 -999 -999 78 79 79 80 81 -999 -999 -999 84 85 85 85 85 85 85 85 85 85 85 85 86 85 85 -999
-999 -999 -999 -999 -999 -999 97 96 96 96 96 -999 -999 -999 -999 -999 -999 -999 -999 90 89 89 88 88 88 88 87 87 86 -999 -999 -999 84 84 83 83 83 83 83 83 84 84 84 84 84 85 85 85 85 85 85 85 85 85 85 84 84 83 83 82 81 81 80 79 79 78 78 78 78 78 78 79 80 80 81 82 82 83 84 84 85 85 85 85 85 86 86 86 86 86 86 86 86 -999
-999 -999 -999 -999 -999 -999 -999 97 -999 -999 -999 -999 -999 -999 -999 -999 -999 -999 -999 90 90 89 89 88 88 88 87 87 -999 -999 -999 -999 85 84 84 84 84 84 84 84 84 84 84 85 85 85 85 86 86 86 85 85 85 85 84 84 84 84 83 82 82 81 80 79 79 79 78 78 79 79 79 79 80 80 81 82 83 83 84 85 85 85 85 86 86 86 86 86 87 87 86 -999 -999 -999
-999 -999 -999 -999 -999 -999 -999 -999 -999 -999 -999 -999 -999 -999 -999 -999 -999 -999 -999 -999 90 90 89 88 88 88 88 87 -999 -999 -999 -999 85 85 85 84 84 84 84 84 84 84 85 85 85 85 86 86 86 86 86 85 85 85 85 84 84 84 83 82 82 82 81 80 79 79 79 79 79 79 80 80 80 81 83 83 83 83 84 85 85 85 86 86 86 86 86 87 87 -999 -999 -999 -999 -999
-999 -999 -999 -999 -999 -999 -999 -999 -999 -999 -999 -999 -999 -999 -999 -999 -999 -999 -999 92 91 90 90 89 89 88 88 -999 -999 -999 -999 -999 86 85 85 85 85 85 85 85 85 85 85 85 85 86 86 86 86 86 86 86 85 85 85 85 84 84 84 83 82 82 81 80 80 80 80 80 80 80 81 81 81 81 82 83 83 84 85 85 85 86 86 86 86 87 -999 -999 -999 -999 -999 -999 -999 -999
-999 -999 100 -999 -999 -999 -999 -999 -999 -999 -999 -999 -999 -999 -999 -999 -999 -999 -999 -999 92 92 91 90 90 89 -999 -999 -999 -999 -999 -999 87 86 86 86 86 86 86 86 86 86 86 86 86 86 87 88 87 87 87 86 86 86 86 85 85 84 84 84 83 82 82 82 81 81 81 81 81 81 82 82 82 83 83 83 84 85 85 85 86 86 87 87 87 87 -999 -999 -999 -999 -999 88 87 87
-999 -999 -999 -999 -999 -999 -999 -999 -999 -999 -999 -999 -999 -999 -999 -999 -999 -999 -999 -999 -999 -999 -999 -999 -999 -999 -999 -999 -999 88 88 88 88 87 87 87 87 87 87 87 87 86 86 87 87 87 87 87 88 87 87 87 87 86 86 86 86 85 84 84 84 83 83 83 83 82 82 82 82 82 82 83 83 84 85 84 85 85 85 86 87 87 87 87 88 88 88 -999 -999 88 88 88 88 88
-999 -999 -999 -999 -999 -999 -999 -999 -999 -999 -999 -999 -999 -999 -999 -999 -999 -999 -999 -999 -999 -999 -999 -999 -999 -999 -999 -999 89 89 89 88 88 88 88 88 88 88 87 87 87 87 87 87 87 87 87 88 88 88 88 87 87 87 87 86 86 86 85 84 84 84 84 83 83 83 83 83 83 83 83 84 84 84 85 85 85 85 86 87 87 87 87 88 88 88 88 88 88 88 88 88 88 88
-999 -999 -999 -999 -999 -999 -999 -999 -999 -999 -999 -999 -999 -999 -999 -999 -999 -999 -999 -999 -999 -999 -999 -999 -999 -999 -999 90 90 89 89 89 89 89 89 89 88 88 88 88 87 88 88 87 87 88 88 88 88 88 88 88 87 87 87 87 86 86 86 85 85 84 84 84 84 84 84 84 84 84 85 85 84 86 86 86 86 86 87 87 87 88 88 88 88 88 88 88 88 88 88 88 88 88
-999 -999 -999 -999 -999 -999 -999 -999 -999 -999 -999 -999 -999 -999 -999 -999 -999 -999 -999 -999 -999 -999 -999 -999 -999 -999 92 91 91 90 90 90 90 90 90 90 89 89 89 89 89 88 88 88 88 88 89 89 89 89 89 89 88 88 88 88 87 87 87 86 86 85 85 85 85 85 85 85 85 85 86 85 86 86 87 87 87 87 87 87 88 88 89 89 89 89 89 89 89 88 89 88 88 88
-999 -999 -999 -999 -999 -999 -999 -999 -999 -999 -999 -999 -999 -999 -999 -999 -999 -999 -999 -999 -999 -999 -999 -999 -999 94 93 92 92 91 91 91 91 90 90 90 91 90 90 90 90 89 89 89 89 89 89 89 90 90 89 90 90 89 89 89 89 88 87 87 87 86 86 86 87 86 87 87 87 87 87 87 87 87 86 87 88 87 88 88 89 89 89 89 90 89 89 89 89 89 89 89 89 89
-999 -999 -999 -999 -999 -999 -999 -999 -999 -999 -999 -999 -999 -999 -999 -999 99 99 98 97 97 -999 -999 -999 95 95 94 92 92 92 92 91 91 91 91 91 91 91 91 90 90 90 90 89 89 89 90 90 90 90 90 90 90 90 89 89 89 89 88 87 87 87 87 87 87 87 87 88 88 88 87 87 87 87 87 87 87 87 88 89 89 89 89 90 90 90 90 89 89 89 89 89 89 89
-999 -999 -999 -999 -999 -999 -999 -999 -999 -999 104 -999 102 102 101 100 99 99 98 98 97 97 97 96 95 95 95 93 93 93 92 92 91 92 92 91 91 91 91 91 90 90 90 90 90 90 90 90 90 90 91 90 90 90 90 90 89 89 89 88 88 88 88 88 88 88 88 88 88 88 88 88 87 88 88 88 88 88 89 89 89 89 90 90 90 90 90 89 89 89 89 89 89 89
-999 -999 -999 -999 -999 -999 -999 106 106 105 105 104 103 103 102 101 100 100 99 98 98 97 97 97 96 96 95 95 94 94 93 93 93 92 92 92 92 92 92 91 91 91 91 91 91 91 91 91 91 91 91 91 91 91 90 90 90 90 90 89 89 89 89 89 89 89 89 89 89 89 89 89 88 88 89 88 89 89 89 89 90 90 90 90 90 90 90 90 90 89 90 89 89 89
-999 -999 -999 -999 -999 -999 106 106 106 106 105 105 104 104 103 102 102 101 99 98 98 97 97 97 97 96 96 96 95 95 94 94 94 93 92 92 92 92 92 92 92 92 92 92 92 92 92 92 92 91 91 91 91 91 91 91 91 90 90 90 90 90 90 89 90 89 89 89 89 89 89 89 90 89 89 89 91 90 90 90 90 90 90 90 90 90 90 90 90 90 90 90 90 90
-999 -999 -999 -999 -999 -999 106 106 106 -999 105 105 105 104 103 102 102 101 100 98 98 98 97 97 97 97 96 96 96 96 95 94 94 94 93 92 92 92 92 92 92 92 92 93 93 93 92 92 92 92 91 91 91 91 91 91 91 91 91 91 91 91 90 90 90 90 89 89 89 89 89 90 90 90 90 90 91 90 90 90 90 90 90 90 90 90 90 90 90 90 90 90 90 90
-999 -999 -999 -999 -999 -999 -999 -999 -999 -999 106 105 105 104 104 103 102 101 100 99 98 98 98 97 97 97 97 96 96 96 95 95 94 94 93 93 92 92 92 92 92 93 93 93 93 93 93 92 92 92 92 91 91 91 91 91 91 91 91 91 91 91 91 90 90 90 90 89 89 89 90 90 90 90 90 90 91 90 90 90 90 90 90 90 90 90 90 90 90 90 90 90 90 90
-999 -999 -999 -999 -999 -999 -999 -999 -999 -999 -999 105 105 104 104 103 102 102 100 100 99 98 98 98 98 97 97 97 96 96 96 95 95 94 94 93 93 93 93 93 93 93 93 93 93 93 93 93 92 92 92 92 92 91 91 91 91 91 92 92 91 91 91 91 90 90 90 90 90 90 90 90 90 91 91 91 90 91 90 90 90 90 90 90 90 90 91 91 90 90 90 90 90 90
-999 -999 -999 -999 -999 108 107 -999 107 107 106 105 105 105 104 103 103 102 101 100 100 99 98 98 98 98 97 97 97 97 96 96 96 95 94 94 94 93 93 93 94 94 94 94 94 94 93 93 93 93 92 92 92 92 92 92 92 92 92 92 92 92 91 91 91 90 90 90 90 90 90 91 91 91 91 91 91 91 91 91 91 91 91 91 91 91 91 91 91 91 90 90 90 90
-999 -999 -999 -999 108 108 108 107 107 107 106 105 105 105 104 103 103 103 102 100 100 100 99 98 98 98 98 97 97 97 97 96 96 96 95 94 94 94 94 94 94 94 94 94 94 94 94 93 93 93 93 92 92 92 92 92 92 92 92 92 92 92 92 91 91 91 91 90 90 90 91 91 91 91 91 91 91 91 91 91 91 91 91 91 91 91 91 91 91 91 90 90 90 90
-999 -999 -999 -999 108 108 108 107 107 107 106 105 105 105 104 104 103 103 102 101 100 100 100 99 98 98 98 98 97 97 97 97 96 96 96 95 95 95 95 95 94 95 95 94 94 94 94 94 93 93 93 93 92 93 93 92 92 92 93 92 92 92 92 92 91 91 91 91 90 91 91 91 91 91 91 91 91 91 91 91 91 91 91 91 91 91 91 91 91 91 91 90 90 90
-999 -999 -999 -999 -999 108 108 107 107 107 106 106 105 105 104 104 103 103 103 102 101 101 100 100 99 99 99 98 98 98 98 97 97 97 97 96 96 96 96 96 95 95 95 95 95 95 95 94 94 94 94 94 93 93 93 93 93 93 93 93 93 93 93 92 92 92 92 92 92 91 92 92 91 91 91 91 91 91 91 91 91 91 91 91 91 91 91 91 91 91 91 91 91 91
-999 -999 -999 -999 -999 -999 107 107 107 107 106 105 105 105 104 104 104 103 103 103 103 102 101 100 100 99 99 99 -999 98 98 98 98 97 97 97 97 97 97 97 97 96 96 96 96 95 95 95 95 95 94 94 95 94 94 94 94 94 93 94 94 93 93 93 93 93 92 92 93 92 92 92 92 92 91 91 91 91 91 91 91 91 91 91 91 91 91 91 91 91 91 91 91 91
