DE_sunshineduration/sunshineduration_2018_08.asc
NCOLS 654
NROWS 866
XLLCORNER 3280414.711633467
YLLCORNER 5237500.62890625
CELLSIZE 1000
NODATA_VALUE -999
[rows 410 to 450 of 866, columns 188 to 281 of 654]
218 218 217 217 216 216 214 215 215 216 218 218 219 219 221 221 223 224 225 226 227 227 228 229 230 231 231 232 232 233 235 235 236 237 238 238 238 238 239 238 239 240 240 239 239 239 239 239 239 238 238 239 239 239 239 238 238 239 240 239 240 239 241 240 240 240 241 240 240 239 239 240 240 239 239 238 238 238 238 237 237 236 238 238 239 239 240 240 239 238 238 237 237 237
218 217 217 217 217 216 216 217 217 218 218 220 221 220 221 223 224 224 225 226 225 227 228 230 231 231 232 232 232 234 234 235 235 236 237 238 237 238 239 238 238 239 239 240 239 239 238 239 239 238 237 240 240 240 239 239 239 240 240 240 241 241 241 241 241 241 241 241 241 241 241 240 240 239 239 238 238 238 238 237 237 238 239 239 238 239 240 240 241 240 239 240 239 238
219 219 218 216 217 217 216 218 219 218 219 221 221 220 221 224 224 224 225 226 225 226 229 230 231 231 232 233 233 232 234 235 235 235 237 237 237 238 238 238 238 238 239 240 239 238 239 239 238 237 237 240 240 240 240 238 239 240 240 240 240 240 241 241 241 241 241 241 241 241 241 239 239 239 239 239 239 239 238 238 237 237 239 239 238 239 240 240 240 240 241 240 240 240
219 218 218 217 218 217 218 220 218 218 221 221 222 221 222 224 224 224 226 226 226 226 229 230 231 232 232 233 233 233 234 236 235 236 236 237 237 237 238 238 238 238 238 240 240 239 239 239 239 238 239 240 240 240 240 240 239 239 239 239 240 240 241 241 241 241 241 241 241 241 241 240 240 239 239 239 239 239 239 238 238 237 238 239 239 240 240 239 239 240 240 241 241 241
221 218 219 218 218 218 220 220 219 218 221 221 222 223 223 224 225 226 225 225 226 227 229 230 232 232 233 233 234 235 235 235 235 236 236 236 237 237 238 238 238 238 239 239 240 239 239 239 239 240 239 239 240 240 239 239 239 239 238 239 240 241 241 241 241 241 241 241 241 241 241 241 240 239 241 239 239 239 240 238 238 238 238 238 239 240 239 240 240 240 239 240 241 240
219 219 220 218 218 220 219 220 220 220 222 221 224 223 223 224 226 225 226 227 228 227 229 231 232 232 232 233 233 233 234 236 235 234 235 237 237 237 237 238 238 238 238 239 239 239 239 240 240 240 239 240 240 240 239 238 238 238 238 239 240 241 241 241 241 241 242 242 242 242 241 241 240 241 240 241 240 240 240 239 239 239 238 239 240 240 239 239 239 240 240 240 242 241
218 218 219 220 220 220 221 221 222 221 221 223 223 223 224 225 225 225 226 227 227 227 229 231 232 232 232 233 232 233 234 235 235 235 235 236 237 237 237 238 238 238 238 239 239 239 237 239 240 240 239 239 240 239 238 237 237 237 238 239 240 241 241 241 241 241 242 242 242 242 241 241 241 240 240 240 240 241 240 240 239 238 238 239 239 239 240 239 239 239 241 240 241 241
218 219 220 218 220 222 221 220 222 222 223 223 224 224 224 224 224 226 227 226 227 229 230 231 232 232 231 233 232 233 234 235 235 235 235 236 237 237 236 238 238 238 238 239 239 239 239 240 240 240 239 238 239 239 239 237 237 238 238 238 240 241 241 241 241 241 242 242 242 242 241 241 241 241 240 240 240 240 240 240 240 240 239 238 237 237 239 239 239 240 241 240 241 241
220 218 219 220 222 221 220 221 221 222 223 222 223 223 225 224 226 226 227 228 229 230 230 230 231 232 231 232 233 234 234 235 235 236 235 236 237 236 236 236 237 238 238 239 239 239 240 240 240 239 239 239 239 239 239 238 239 239 239 239 240 241 241 241 241 241 242 242 242 242 241 241 241 241 241 241 240 240 239 239 239 240 239 238 238 237 239 240 240 240 241 240 239 241
219 218 219 221 221 221 222 222 221 222 222 224 224 225 225 225 226 226 227 229 230 230 230 230 231 230 231 232 233 234 234 235 235 236 236 236 236 236 236 236 236 238 238 239 239 239 239 240 240 239 239 239 239 239 239 240 240 240 239 240 241 242 241 241 241 242 242 242 242 241 241 241 241 241 241 241 241 240 239 239 238 238 238 239 238 237 238 238 239 238 241 241 240 240
218 218 219 219 220 221 221 222 222 222 222 224 224 224 225 226 226 226 228 230 230 230 230 230 230 230 231 233 233 232 234 236 235 235 236 236 236 236 236 236 236 237 238 239 239 239 239 240 240 239 239 239 239 239 239 241 241 241 241 241 241 242 241 241 242 242 241 241 241 241 241 241 241 241 241 241 241 240 239 238 239 238 238 239 238 238 238 238 238 239 241 241 239 241
217 218 218 218 219 220 221 222 221 222 223 224 224 226 225 227 226 227 228 230 230 230 230 230 230 231 232 233 233 234 235 234 235 235 236 236 236 236 236 236 236 236 238 238 239 239 239 240 240 239 239 240 240 239 238 240 241 241 241 241 241 242 241 241 241 241 241 241 241 241 241 241 241 241 240 240 240 240 240 239 238 238 238 238 238 237 238 239 238 240 241 240 240 241
218 217 218 219 221 220 220 221 221 222 224 224 225 225 227 227 227 228 229 230 230 230 230 230 231 231 232 233 234 234 234 234 234 235 236 236 236 236 236 236 236 236 238 238 238 239 239 239 239 239 240 240 239 239 238 239 241 241 242 242 241 241 241 241 241 241 241 241 241 241 241 241 240 240 240 240 239 239 240 240 240 239 239 239 239 238 239 240 239 241 240 239 241 241
216 217 217 219 219 219 221 223 223 223 225 225 225 226 227 228 229 228 229 229 230 230 230 231 231 231 233 233 234 234 234 235 235 235 236 237 236 236 236 236 236 236 238 238 238 237 239 239 239 239 240 240 239 239 239 239 240 240 241 241 241 241 241 241 241 241 242 241 240 240 240 240 240 239 239 239 239 238 238 240 239 239 239 239 238 239 239 240 241 241 240 239 240 241
218 218 219 218 219 219 222 222 223 224 224 226 225 226 226 228 229 229 228 229 230 230 231 231 232 231 233 234 234 234 234 235 235 235 237 237 236 236 236 236 237 237 238 238 238 238 238 239 239 239 239 239 240 240 239 238 240 240 241 241 241 241 241 241 241 241 241 240 239 240 240 240 239 239 239 238 239 238 239 240 240 240 238 237 237 238 238 239 240 241 239 240 239 240
218 218 218 218 219 219 221 223 222 224 224 226 225 226 228 228 229 228 229 230 230 231 232 232 231 232 233 234 234 235 234 235 236 235 236 237 236 237 237 236 236 236 237 238 238 238 238 238 239 239 238 240 240 240 239 239 240 240 241 241 241 241 241 241 241 241 241 240 239 239 240 240 240 239 239 238 239 239 240 239 238 238 239 238 238 239 240 240 241 240 239 238 240 240
216 218 218 218 220 220 221 223 223 224 224 225 227 227 228 228 228 228 230 230 231 232 231 232 232 232 233 234 233 235 235 236 236 235 236 236 237 237 237 236 236 237 237 238 238 238 238 238 239 239 239 239 239 239 240 239 238 240 241 240 241 241 241 241 241 241 241 240 239 239 239 239 240 239 238 238 239 240 241 239 238 239 240 239 239 240 240 240 240 239 237 237 238 240
216 216 217 219 218 220 222 222 224 224 226 226 226 227 228 229 229 229 230 230 231 231 232 232 234 233 233 235 235 234 235 236 236 236 235 236 237 237 237 237 237 237 237 238 238 238 238 238 238 238 240 240 239 239 239 239 239 240 240 240 240 240 241 242 241 241 241 241 240 240 239 238 239 239 238 240 240 240 240 241 240 240 240 239 240 240 240 240 239 238 237 238 238 241
215 217 219 218 217 220 222 224 224 225 226 227 227 227 228 230 228 229 230 231 231 231 232 233 233 233 233 235 235 234 234 236 236 235 237 237 237 237 237 237 237 237 237 238 238 239 238 238 237 238 239 240 240 240 240 240 239 240 240 240 240 240 241 242 242 241 241 241 240 239 239 239 239 239 239 240 240 240 240 241 241 240 240 240 240 240 240 240 240 239 237 238 239 241
216 218 217 219 218 220 221 224 225 225 226 227 227 228 228 229 228 230 230 231 231 232 232 234 233 233 234 235 235 235 235 236 235 236 237 237 237 237 238 237 238 237 237 237 238 238 239 238 238 238 239 240 240 240 240 240 239 240 240 240 240 240 240 242 241 241 240 240 240 240 239 240 239 240 240 240 241 240 240 240 240 240 240 240 240 241 241 240 240 239 239 238 241 241
216 218 219 219 220 221 223 225 225 226 227 227 227 228 229 229 229 230 231 231 232 232 233 234 233 235 235 235 235 234 235 236 237 238 238 238 237 238 238 238 238 238 237 237 238 238 238 238 237 238 239 239 239 239 239 239 239 240 239 240 240 240 241 241 241 241 241 240 241 240 240 240 241 240 240 240 241 240 240 240 239 240 241 240 240 240 242 240 241 241 241 239 241 241
214 216 219 221 222 223 223 224 226 226 227 227 228 228 229 228 230 230 231 232 233 233 233 235 236 235 235 235 236 234 237 237 238 237 237 239 237 239 239 238 239 238 238 238 238 238 238 239 238 238 239 238 238 239 239 239 239 239 240 240 240 240 240 241 241 241 241 241 241 240 240 239 240 239 240 240 239 239 239 240 240 241 241 241 241 242 241 242 242 241 242 241 241 242
215 215 217 219 221 222 225 226 226 226 227 228 229 228 230 230 230 230 232 233 232 233 233 235 235 234 234 236 235 235 236 238 238 236 237 239 238 239 239 239 239 239 238 238 238 238 238 239 238 238 239 238 238 238 239 239 239 239 240 240 240 240 240 241 241 241 241 241 241 241 240 239 239 239 240 240 239 240 241 241 240 241 241 241 241 241 241 241 241 242 242 242 242 242
217 217 219 220 220 222 224 225 226 225 227 228 228 229 229 230 230 231 232 233 233 233 234 235 236 234 234 234 234 236 236 237 237 235 238 239 239 239 239 239 239 239 238 237 238 237 238 239 238 239 238 238 238 238 238 239 239 239 239 240 240 240 241 241 240 240 240 241 241 241 241 240 240 239 241 240 240 241 240 240 241 242 241 241 241 241 240 241 242 241 242 242 242 243
218 219 219 221 222 224 225 225 225 227 227 228 228 230 231 231 231 232 233 234 234 234 234 234 235 235 234 235 235 236 236 236 235 236 237 237 238 238 238 238 239 239 239 238 238 238 238 239 237 238 238 238 238 238 238 239 239 239 240 240 240 240 241 241 240 240 241 240 240 241 241 240 240 240 241 240 241 241 240 241 242 241 241 241 240 240 240 241 241 241 242 242 244 243
218 218 221 223 223 224 225 226 226 226 227 228 230 229 230 231 233 232 234 233 235 235 235 235 235 235 234 235 237 236 236 236 236 236 236 238 238 239 239 239 239 239 239 239 239 238 238 238 238 237 238 238 238 238 238 239 239 239 239 240 240 240 240 241 241 240 240 240 240 240 241 242 240 241 241 242 241 240 241 242 241 241 241 241 241 240 240 242 242 242 242 243 244 243
217 220 221 222 224 224 225 225 225 226 228 230 229 230 230 232 232 232 233 234 235 235 234 235 234 234 234 235 235 237 235 237 237 238 237 238 238 238 238 238 238 239 239 239 239 239 238 238 238 238 238 238 238 238 238 239 239 239 240 240 240 240 240 241 240 240 240 240 241 241 241 241 242 241 240 241 241 242 242 241 240 242 241 241 241 242 241 243 243 242 243 243 243 242
218 220 222 223 225 224 225 226 226 227 228 230 229 230 231 232 232 233 233 234 234 235 235 234 234 235 235 235 235 234 235 237 238 237 237 238 237 238 238 238 238 238 239 239 239 239 238 238 238 238 238 238 238 238 238 239 239 239 239 240 240 240 240 240 240 240 240 240 241 241 242 242 241 240 241 241 241 242 242 241 241 242 241 241 242 241 242 243 242 243 243 243 243 243
219 219 221 223 225 226 226 225 227 228 228 230 231 231 231 232 233 234 233 235 235 235 235 235 235 236 235 235 235 235 237 237 237 238 237 238 238 237 237 238 239 239 239 238 238 239 239 237 238 238 238 238 238 238 238 239 239 239 240 240 240 240 241 241 240 240 240 240 242 241 241 241 241 242 242 242 242 243 242 242 242 241 242 242 243 243 242 242 243 243 243 243 243 243
220 221 223 223 225 226 226 227 228 228 229 230 231 231 232 233 234 234 233 235 235 235 234 236 235 235 235 236 235 236 236 236 237 238 237 238 238 238 238 238 238 238 238 238 238 239 238 238 238 238 238 238 238 238 238 239 239 239 239 240 240 239 239 241 240 240 239 241 241 242 242 243 243 243 243 243 243 242 242 243 243 243 243 243 243 242 242 243 243 243 243 244 243 243
221 221 222 224 224 226 227 228 229 227 230 231 230 231 232 233 234 234 235 235 235 235 235 235 235 235 236 236 235 236 236 237 237 238 237 237 237 237 238 238 238 238 238 237 238 238 237 237 238 238 238 238 238 238 239 239 239 239 240 240 239 239 240 240 240 240 240 241 242 242 243 242 242 241 242 241 242 242 242 242 243 243 242 243 242 242 242 242 243 243 243 244 244 244
221 222 224 224 225 226 227 228 228 229 230 230 230 232 232 234 234 234 235 235 235 234 235 235 235 236 236 236 235 235 236 236 237 237 237 237 237 237 237 238 238 238 238 237 237 237 238 238 237 238 238 238 238 238 239 239 239 239 240 239 239 239 240 240 240 240 241 241 242 242 243 242 240 241 241 242 242 241 242 242 243 243 243 242 242 242 242 242 242 242 243 243 244 244
223 224 225 225 227 226 228 229 229 230 231 231 232 232 233 233 234 235 235 235 236 236 235 236 237 236 235 235 236 237 235 236 236 236 238 236 237 237 238 237 238 237 239 237 238 237 238 238 238 239 239 239 239 239 239 239 240 240 240 239 239 240 240 240 240 241 241 241 243 243 243 242 242 242 242 242 243 242 241 242 242 244 243 244 243 243 243 242 243 243 244 244 244 244
225 225 225 226 227 228 229 230 230 230 231 232 233 233 234 235 234 235 235 236 236 236 236 236 238 237 237 236 236 236 237 237 236 237 237 237 237 238 238 238 239 238 238 239 240 239 239 239 240 240 239 240 240 240 240 240 240 240 240 241 240 240 240 241 241 241 240 242 243 242 243 244 244 244 243 244 242 242 242 243 244 244 243 243 244 243 243 243 243 243 244 244 244 244
225 225 226 227 227 229 229 231 231 231 232 233 234 233 234 235 235 235 236 236 235 235 236 237 237 237 237 236 237 236 236 237 236 236 237 237 237 237 238 238 238 238 239 239 240 240 240 240 240 240 240 240 240 240 240 240 240 240 240 240 239 239 239 241 241 241 242 242 242 241 242 244 244 244 244 244 244 243 244 244 244 244 243 244 244 244 243 243 243 244 244 244 244 244
226 226 228 228 229 228 231 231 231 232 233 233 233 234 235 235 235 235 236 236 236 237 236 237 237 237 237 237 236 237 237 237 237 236 237 238 238 237 238 238 239 239 239 240 240 240 239 240 240 240 240 240 240 240 240 240 240 240 241 241 240 240 240 241 241 241 242 242 241 241 243 242 243 244 244 244 244 244 245 244 245 245 245 244 245 245 245 243 244 244 244 244 244 244
228 229 230 230 232 231 232 232 232 234 233 233 234 235 235 235 236 236 236 237 237 238 237 237 237 238 238 238 238 238 238 238 238 238 239 239 239 239 240 240 240 239 240 241 241 239 240 239 241 241 241 241 241 241 241 241 241 241 241 241 241 240 240 241 241 242 242 242 242 243 242 243 243 243 243 244 245 245 245 246 245 245 245 244 245 245 245 244 244 244 245 245 244 245
229 230 232 232 232 233 234 234 235 235 234 235 235 235 235 236 236 236 237 237 237 237 237 238 238 238 238 238 239 239 238 239 238 238 238 240 239 240 240 240 239 240 240 241 241 241 240 240 241 241 241 242 242 242 241 241 241 241 241 242 241 241 241 241 241 242 242 243 243 243 242 242 243 242 243 245 245 245 246 246 247 246 245 245 246 246 245 244 244 244 244 244 245 245
231 231 232 233 234 234 233 235 235 235 235 235 235 235 236 235 236 236 237 237 238 237 238 238 239 239 239 239 239 238 239 239 238 238 238 239 240 240 238 238 239 241 240 240 241 241 240 241 241 241 241 242 241 242 242 241 241 241 242 242 242 242 242 241 241 242 243 243 243 243 242 243 242 242 244 244 245 244 246 247 247 246 246 245 245 246 246 244 245 245 245 245 244 245
231 233 234 234 234 233 235 235 235 235 235 235 235 236 235 235 236 237 238 238 237 238 238 238 238 239 239 239 239 240 239 238 237 239 240 239 239 238 238 240 240 241 241 241 240 241 240 241 241 241 242 242 242 241 242 242 241 242 242 242 241 242 242 241 241 242 242 242 243 243 241 242 243 243 243 244 245 245 246 247 247 246 245 245 246 246 246 245 245 245 244 244 244 244
233 232 234 233 234 234 234 235 235 235 234 236 235 236 237 236 236 238 237 237 238 238 238 238 238 240 240 240 240 240 241 240 238 239 240 240 239 238 239 240 241 241 241 242 242 242 242 242 242 242 242 242 242 242 242 241 242 242 242 241 242 242 242 242 243 243 242 242 242 243 242 243 243 243 244 245 245 245 247 247 247 246 247 246 246 247 246 246 246 246 245 245 244 244
