DE_sunshineduration/sunshineduration_2018_05.asc
NCOLS 654
NROWS 866
XLLCORNER 3280414.711633467
YLLCORNER 5237500.62890625
CELLSIZE 1000
NODATA_VALUE -999
[rows 656 to 696 of 866, columns 282 to 375 of 654]
245 245 245 245 246 246 246 246 247 247 247 247 247 248 248 248 248 248 247 247 248 248 248 248 248 249 249 249 249 249 250 249 249 249 250 249 249 248 248 249 250 251 252 253 254 256 256 258 259 260 260 261 262 263 264 264 264 264 264 264 264 264 264 264 264 265 265 265 264 266 266 266 265 267 266 267 267 267 267 266 266 268 268 268 268 268 268 268 267 267 267 268 268 269
245 245 245 245 245 246 245 246 246 247 247 247 247 248 248 248 248 248 247 247 247 248 248 248 248 249 249 249 249 249 249 250 249 249 249 249 249 248 248 249 250 251 252 253 254 255 257 258 258 259 260 260 261 263 262 264 263 264 264 264 264 264 264 264 264 264 265 265 265 266 266 266 266 267 267 267 267 267 267 267 268 268 268 268 268 268 268 268 268 268 268 268 268 269
245 245 245 245 245 245 245 245 246 246 246 247 247 247 247 248 248 248 248 248 247 247 248 248 248 248 248 249 249 249 249 249 249 249 249 249 249 250 249 250 250 252 253 254 255 257 256 258 257 258 259 260 261 262 261 262 262 262 262 263 263 263 263 264 264 264 264 265 265 266 266 266 267 267 267 267 267 267 267 267 268 268 268 268 268 268 267 267 267 268 267 268 268 267
246 245 245 245 245 245 245 244 245 246 246 246 247 247 247 247 248 248 248 248 247 247 247 247 248 248 248 249 249 249 249 250 250 249 249 249 249 250 251 250 251 253 254 254 255 256 257 257 257 257 258 259 260 260 260 261 262 262 263 263 263 263 263 263 263 264 264 264 264 266 266 266 267 267 267 267 266 266 267 267 268 268 268 268 268 268 268 267 267 267 266 267 267 267
245 245 245 245 245 244 244 244 245 245 245 246 246 247 247 247 247 248 248 247 247 247 247 247 247 248 248 248 249 249 250 250 249 249 249 249 249 251 251 251 252 253 254 253 255 256 257 257 257 257 257 259 259 260 260 261 261 262 263 263 263 263 263 263 263 264 264 263 264 266 266 265 266 266 267 267 267 267 267 267 268 268 268 268 268 267 267 267 267 267 267 267 267 267
244 245 245 245 245 245 244 245 245 245 245 246 246 247 247 247 247 248 247 248 247 247 247 247 247 248 248 248 248 249 249 250 249 249 249 249 249 250 251 252 253 253 254 255 255 256 257 257 257 257 257 257 259 259 260 261 261 261 262 263 263 263 263 263 263 264 264 264 264 266 266 266 267 266 266 267 267 267 267 267 268 268 268 268 268 268 268 267 267 267 267 267 267 267
244 244 245 245 245 244 245 245 245 245 246 246 245 246 246 247 247 247 247 247 247 247 247 247 247 247 247 248 248 248 248 249 250 249 249 249 249 250 250 251 253 253 254 255 255 255 256 256 257 257 257 258 258 260 259 260 261 261 261 262 262 263 262 263 263 263 264 264 265 265 266 265 266 266 266 267 267 267 268 268 268 268 268 268 268 267 267 267 267 267 267 267 267 267
244 245 244 244 244 244 244 245 245 245 245 245 246 246 246 246 247 247 246 246 246 246 246 246 247 247 247 247 248 248 248 248 249 250 249 249 249 250 250 251 252 252 254 255 255 255 255 256 256 257 257 257 259 260 259 261 260 261 261 261 261 262 262 262 263 264 264 264 265 266 266 265 266 266 267 267 267 267 268 268 268 268 268 268 267 267 268 268 267 267 267 267 267 267
243 244 245 244 244 244 244 245 244 244 245 244 244 246 246 246 246 247 247 247 247 247 246 246 246 247 247 247 247 248 248 248 249 249 250 249 249 250 250 250 251 253 254 254 255 256 255 255 256 257 257 257 259 260 260 260 261 261 261 261 261 261 262 261 262 264 264 264 265 266 266 266 266 267 267 267 267 267 268 268 268 268 268 267 267 268 267 267 266 266 267 266 267 267
243 243 244 244 244 243 245 244 244 244 245 245 245 245 246 246 246 246 247 246 245 246 246 246 246 247 247 247 247 248 248 248 248 249 250 249 249 250 250 251 251 252 253 253 255 255 256 254 255 255 257 257 258 258 260 260 261 261 261 261 261 261 262 261 262 264 264 264 265 266 266 267 266 268 268 268 267 267 268 268 269 268 268 268 268 267 267 267 266 266 266 267 267 267
242 242 243 243 243 244 244 243 243 244 243 245 245 244 244 245 246 246 245 245 245 245 245 245 246 246 246 247 247 247 248 248 248 249 250 250 251 250 250 251 251 252 252 253 253 255 255 256 255 256 256 257 258 259 258 260 259 260 260 260 260 260 261 261 262 262 264 265 265 266 266 267 268 268 268 269 268 269 269 269 269 269 269 269 269 267 266 266 266 266 266 266 267 267
241 241 241 242 243 243 243 243 243 243 243 243 243 244 243 244 245 245 245 244 245 244 245 245 245 246 246 246 247 247 247 248 248 250 250 250 251 251 250 250 251 252 252 253 254 254 254 255 256 257 256 257 258 259 258 259 259 259 259 260 260 260 260 260 262 262 263 264 265 266 267 267 268 268 269 269 268 269 269 270 270 270 270 268 267 267 267 266 266 266 266 266 266 267
241 241 241 241 242 243 242 242 243 243 243 243 243 243 243 244 244 244 244 244 245 244 244 244 245 246 246 246 247 247 247 247 248 249 249 249 250 251 250 250 251 252 252 253 254 253 253 255 256 257 257 257 258 259 259 258 259 259 259 259 260 260 259 259 261 263 262 262 264 266 267 267 268 269 269 269 269 269 270 270 270 270 270 269 268 266 266 266 266 266 266 266 266 266
240 241 241 241 242 242 243 242 242 243 243 243 243 243 243 243 243 244 244 244 244 244 244 244 245 245 246 246 246 247 247 247 248 248 249 249 249 251 251 251 252 253 253 253 254 254 253 254 255 256 257 257 258 258 259 259 258 259 259 259 260 260 259 261 260 261 263 263 265 266 267 267 268 269 269 269 270 270 270 270 270 270 270 269 267 266 266 266 267 266 266 266 266 267
240 241 241 241 242 241 241 242 242 242 242 242 243 243 243 243 243 243 244 243 243 243 244 244 245 245 245 246 246 247 247 248 249 249 249 250 250 251 251 252 252 251 252 252 253 253 254 254 255 256 256 256 258 258 258 259 259 260 259 259 260 260 259 261 261 261 262 262 264 265 265 267 268 268 269 270 270 271 271 271 270 270 269 268 267 267 266 267 267 266 266 266 266 267
240 241 241 241 242 242 242 241 242 242 242 242 242 242 242 242 242 242 242 242 243 243 243 244 244 245 244 246 246 247 247 247 248 248 249 249 250 251 250 251 252 252 252 252 253 253 254 255 255 255 255 256 256 258 258 259 259 259 259 260 260 260 260 259 261 261 261 262 264 264 265 267 268 268 269 269 269 269 270 270 270 268 269 268 267 266 266 266 267 265 265 265 265 265
239 241 240 241 241 241 241 241 241 242 242 242 242 242 242 243 242 243 243 242 243 243 243 243 244 245 244 245 246 247 247 247 248 248 248 248 249 250 250 250 251 252 252 252 253 254 254 254 254 255 255 255 257 258 257 258 259 259 259 259 259 260 259 260 261 262 261 261 262 264 264 264 266 268 269 269 270 270 270 270 270 269 268 269 268 266 266 266 266 266 265 265 265 265
239 240 241 240 241 242 241 241 241 243 242 242 242 242 242 242 242 242 242 243 242 242 243 243 244 244 245 245 246 247 247 247 248 248 248 248 249 249 250 250 251 252 252 252 253 254 254 254 254 255 255 255 256 257 257 258 259 259 260 259 259 260 260 260 261 260 261 261 262 263 264 264 265 267 268 269 269 270 270 270 270 269 269 268 268 267 267 267 266 266 265 265 266 265
239 239 240 240 241 240 242 241 241 241 241 242 242 242 242 242 242 242 242 243 242 242 243 243 243 244 245 245 246 246 247 247 248 248 248 248 249 249 250 250 251 251 252 253 253 254 254 254 255 254 255 256 255 256 257 258 259 259 259 260 259 260 260 260 260 261 261 261 262 263 264 264 265 267 268 269 269 269 269 269 269 268 268 268 267 267 267 266 266 266 266 265 265 264
239 240 240 240 241 240 241 240 242 241 241 241 242 242 242 242 242 242 243 243 242 242 242 243 243 244 244 245 246 247 247 247 248 248 248 248 249 249 249 250 251 251 252 253 253 254 254 254 254 254 254 255 256 256 256 258 258 259 259 260 259 260 260 260 260 261 260 261 262 263 263 265 266 267 267 267 268 269 269 268 269 268 267 267 268 266 266 265 266 265 265 265 264 264
239 239 241 240 240 241 241 241 241 241 242 242 242 242 242 242 242 242 242 243 243 242 242 242 243 244 244 244 245 247 247 247 248 248 248 248 249 249 249 250 251 252 252 252 254 255 255 254 255 254 254 254 255 256 256 256 258 259 258 258 259 260 260 260 260 260 261 260 262 263 263 263 265 267 267 266 268 269 269 269 269 267 266 267 267 266 266 266 266 265 265 265 265 264
238 239 239 240 241 240 241 241 242 241 241 241 241 242 242 242 242 242 242 243 243 242 242 242 243 244 244 245 245 246 247 247 248 248 248 248 249 249 249 250 251 251 252 252 254 255 254 254 255 255 255 255 256 257 256 257 258 259 258 258 259 260 260 260 260 260 261 260 261 263 263 263 265 266 267 267 267 269 269 269 267 267 267 267 266 266 266 266 265 264 265 264 265 265
238 239 238 239 239 240 241 241 241 241 241 242 242 242 242 242 242 242 242 243 243 242 243 243 243 244 244 245 245 246 246 247 247 248 248 248 249 249 250 250 251 251 252 252 254 254 253 254 255 255 256 256 256 257 257 258 258 257 258 259 260 259 260 260 259 261 261 262 261 263 263 263 264 265 266 266 267 268 268 268 267 267 267 266 266 266 266 265 265 264 265 264 265 265
237 238 238 238 239 241 240 240 241 242 241 241 242 242 242 242 242 242 242 242 243 243 243 243 243 244 244 244 245 246 246 247 247 248 248 248 249 249 250 250 251 252 252 252 253 253 253 255 255 255 256 256 256 257 257 257 258 259 259 259 260 259 259 261 260 261 261 261 261 262 262 264 264 265 265 267 267 267 266 267 268 266 266 266 266 265 265 264 264 264 265 265 265 265
237 238 237 237 239 240 240 240 241 242 241 242 242 242 242 242 242 242 242 242 244 244 243 243 244 244 244 244 245 246 246 246 247 248 248 248 249 250 250 250 251 252 252 252 253 253 254 254 255 256 256 256 256 257 257 257 258 259 259 259 259 259 259 259 260 261 261 261 261 263 262 263 264 265 265 265 265 266 267 266 266 267 267 266 265 265 264 264 264 264 264 265 265 265
236 238 238 238 239 240 240 240 240 242 242 242 242 242 242 242 242 242 242 242 244 244 243 243 244 244 244 245 245 246 246 246 247 248 248 249 249 250 250 250 251 252 252 253 253 254 254 254 255 256 256 256 256 257 257 257 258 258 259 259 259 260 260 259 260 260 261 261 262 262 263 263 264 264 264 265 265 265 265 265 265 266 267 266 265 265 264 265 265 264 265 265 265 265
236 236 237 238 239 240 240 241 240 241 242 242 242 242 242 242 242 242 243 243 243 244 243 245 245 245 245 245 245 246 246 247 246 248 248 249 249 250 250 251 251 251 252 252 254 254 254 255 255 255 256 256 257 257 257 257 258 258 258 259 259 259 260 259 260 259 260 261 261 262 262 262 263 263 263 264 264 264 264 264 263 264 264 265 265 264 264 264 264 264 264 264 264 263
234 236 236 238 238 239 240 240 241 240 241 242 242 242 242 243 242 243 243 243 243 245 244 244 244 245 245 245 245 246 246 247 247 248 249 249 249 250 250 250 251 252 253 252 254 254 254 254 255 256 256 256 256 257 257 257 258 258 258 258 259 259 258 259 259 259 260 260 261 261 261 262 262 262 262 263 263 263 263 263 262 262 263 265 264 264 265 264 264 264 263 264 265 265
234 235 235 237 238 240 240 240 241 241 241 241 242 243 242 242 242 243 243 243 243 244 244 244 244 245 245 245 245 246 246 245 246 249 249 249 249 250 250 250 251 252 252 253 254 254 254 254 255 256 256 256 256 257 257 257 258 258 258 258 259 259 259 258 259 260 259 260 260 261 261 261 262 262 262 262 262 262 261 262 262 262 262 264 264 264 265 265 265 263 263 264 264 264
234 235 235 236 237 238 239 239 240 241 241 241 242 243 243 243 243 244 244 243 243 244 244 244 244 245 245 245 246 246 245 246 247 248 249 249 249 250 250 250 251 252 253 253 254 254 254 254 255 256 256 256 256 257 257 257 258 258 258 258 259 259 258 258 259 259 260 259 260 260 261 261 261 261 262 262 261 260 262 262 261 261 263 263 263 264 265 264 264 264 263 264 263 263
234 235 236 236 237 238 238 239 239 241 241 242 242 241 242 243 243 244 244 244 243 244 244 244 245 245 245 245 246 246 246 246 248 247 248 249 249 249 250 251 251 251 252 253 254 254 254 255 255 255 256 256 256 257 257 257 258 258 258 259 259 259 259 259 259 259 259 260 260 260 260 260 260 260 260 261 261 260 261 261 261 260 261 261 262 263 263 263 263 264 264 264 263 263
235 235 236 236 237 238 238 238 240 241 241 241 241 242 242 243 244 244 244 244 243 243 243 243 244 245 245 245 246 247 247 246 247 248 247 248 249 250 249 249 251 252 253 253 254 254 255 255 255 255 255 256 256 257 257 257 258 258 259 259 259 259 259 259 259 259 259 259 259 259 259 260 259 259 260 260 260 260 260 260 260 261 260 261 263 262 262 262 262 263 263 262 262 262
235 236 236 236 237 238 238 238 240 240 240 240 241 242 242 242 243 243 244 243 243 242 242 242 244 244 245 244 246 247 246 246 247 248 248 248 249 250 250 250 251 252 253 253 254 255 255 255 255 255 255 255 256 257 257 257 258 259 259 259 259 259 259 259 258 259 259 259 259 259 259 259 260 260 260 260 260 259 259 259 260 261 260 261 261 262 262 262 262 263 263 262 262 262
235 236 236 237 238 237 239 239 240 239 240 240 241 242 242 242 243 244 244 243 242 242 242 242 243 244 244 245 245 246 246 246 247 248 247 247 249 250 250 250 251 252 253 253 254 255 255 255 255 255 255 255 256 257 257 257 258 259 259 259 259 259 259 259 258 259 259 259 259 259 259 259 259 259 260 259 259 259 259 259 259 260 259 260 261 261 262 262 263 263 262 262 262 262
236 237 237 238 238 238 238 239 240 239 240 240 241 241 242 243 243 244 244 243 242 242 242 243 244 243 244 245 246 246 246 247 247 247 247 247 248 249 250 252 251 251 252 254 254 255 255 255 255 255 255 255 256 256 257 258 258 258 259 259 259 259 258 259 258 258 258 258 259 258 259 259 259 259 259 259 259 259 259 259 259 259 259 259 260 261 261 261 262 261 262 263 262 262
235 236 236 237 238 238 237 239 238 239 239 240 241 241 242 243 243 244 244 243 243 242 242 243 244 244 245 244 246 246 247 247 247 247 246 247 248 248 249 250 251 253 253 253 254 255 255 254 255 255 255 255 256 257 257 257 258 259 259 259 259 259 259 258 258 258 258 258 258 258 258 258 258 258 258 259 259 259 259 259 259 259 259 259 260 260 261 261 261 262 262 262 262 262
235 236 236 236 237 237 238 237 239 240 240 239 240 242 242 243 244 244 244 243 242 242 242 242 244 245 245 245 246 247 247 247 247 247 247 247 248 249 249 249 251 252 253 252 254 255 255 254 255 255 255 255 256 257 257 257 257 259 259 259 258 258 258 258 258 258 258 258 258 258 258 258 258 258 258 258 259 259 259 259 259 259 259 259 261 260 260 260 261 261 262 262 263 262
235 236 237 237 237 238 238 238 239 240 240 240 240 241 242 242 242 243 243 243 244 243 243 244 244 245 245 246 246 247 247 246 247 247 247 248 248 249 249 250 250 252 252 252 253 253 254 254 254 255 255 256 256 257 257 257 257 259 259 259 258 258 258 258 258 258 258 258 258 258 258 258 258 258 258 258 258 259 259 259 259 259 259 259 259 260 260 260 260 261 261 261 262 263
235 236 236 237 237 237 238 239 239 239 239 240 240 241 241 241 240 242 241 242 244 244 245 244 245 245 245 246 246 247 247 247 247 248 248 248 249 249 249 250 250 251 252 252 253 253 253 254 254 255 256 256 256 257 257 258 258 258 259 258 258 259 259 259 258 258 258 258 258 258 258 258 258 258 258 258 258 258 258 259 259 259 259 259 259 259 260 260 260 260 261 262 262 262
234 235 235 236 237 238 238 238 238 239 239 238 240 240 240 241 241 242 241 242 244 243 244 243 245 245 246 246 246 247 247 247 248 248 249 249 249 250 250 250 250 251 251 251 252 253 253 253 254 256 256 256 256 257 257 257 258 259 259 259 260 260 259 259 259 258 258 258 258 258 258 258 258 258 258 259 259 258 258 258 258 258 258 258 259 259 259 259 260 261 261 261 262 262
234 235 235 235 237 238 238 236 236 238 238 239 239 241 240 240 241 241 243 242 244 243 243 244 245 246 246 246 246 247 247 247 248 249 249 249 249 250 250 250 250 251 251 251 253 253 253 253 255 255 256 256 256 256 257 257 258 259 259 259 258 260 259 259 258 258 258 258 258 258 258 258 258 258 258 258 259 258 258 258 259 258 259 258 258 259 259 259 259 261 261 260 260 261
