DE_sunshineduration/sunshineduration_2018_01.asc
NCOLS 654
NROWS 866
XLLCORNER 3280414.711633467
YLLCORNER 5237500.62890625
CELLSIZE 1000
NODATA_VALUE -999
[rows 477 to 529 of 866, columns 192 to 287 of 654]
21 20 21 21 21 22 22 20 21 21 19 22 22 22 22 21 21 21 21 20 20 20 20 20 20 20 20 21 22 23 23 22 21 22 23 23 23 23 23 24 25 23 22 23 22 22 23 22 22 23 25 25 25 25 23 24 25 25 25 25 26 24 23 21 20 20 21 21 19 20 20 23 22 22 21 20 19 21 24 24 22 23 21 20 21 22 23 24 23 20 19 19 20 19 18 19
23 23 23 23 22 21 20 20 19 19 21 22 24 23 21 20 20 21 21 21 21 21 20 20 20 20 21 22 22 24 23 23 21 23 24 22 22 24 23 23 24 23 23 22 22 22 23 22 22 23 24 26 25 24 26 24 25 24 24 24 24 23 21 20 22 24 24 22 19 20 22 22 21 22 21 20 22 24 24 23 22 21 20 20 21 21 22 23 20 19 18 18 18 19 18 19
22 23 22 22 21 21 20 20 19 19 20 20 22 22 21 20 20 22 23 23 23 22 21 20 20 20 23 24 24 24 24 22 22 22 23 23 22 23 23 23 24 23 24 23 23 23 22 21 22 23 22 22 23 23 24 25 24 24 23 22 21 21 21 24 24 24 23 19 18 21 22 22 22 20 20 19 23 23 22 22 22 21 21 19 21 21 20 21 21 19 21 21 19 18 18 18
20 21 22 21 21 21 20 19 19 22 22 20 21 21 20 20 21 22 23 22 24 24 23 22 20 20 22 24 24 24 24 23 22 23 22 23 23 24 23 24 25 24 24 23 24 23 22 22 22 23 24 24 24 25 25 25 24 23 23 23 21 22 23 25 24 23 22 21 19 20 21 21 22 22 19 21 20 20 22 22 21 22 20 20 21 24 20 20 20 23 20 19 18 21 19 18
21 20 22 22 20 20 19 19 19 20 22 22 23 21 20 20 20 21 24 24 24 25 26 24 22 21 20 22 23 24 24 23 23 23 22 23 24 24 23 24 24 24 23 24 24 23 23 22 23 24 27 26 23 26 25 25 24 24 23 22 22 22 25 25 24 23 22 20 19 22 20 20 21 23 19 22 20 21 22 21 21 22 22 21 22 22 21 20 21 22 20 19 20 21 20 21
22 22 20 21 20 21 19 19 19 21 23 21 21 20 20 21 22 22 23 25 24 24 25 25 24 22 21 21 22 23 24 23 24 23 23 23 24 25 24 25 24 23 23 24 24 23 25 23 25 26 27 25 25 25 25 24 24 23 23 23 23 23 24 24 24 23 21 21 19 20 21 21 21 23 21 22 18 18 22 21 22 21 21 23 22 21 23 22 20 21 21 21 21 21 19 19
23 22 21 23 22 21 20 20 21 21 21 21 21 22 23 23 24 24 24 24 25 25 25 24 23 22 23 23 22 21 23 24 23 23 24 24 24 24 25 25 23 24 24 24 24 23 25 25 23 24 26 25 27 25 25 24 24 24 22 23 24 24 25 24 23 22 22 20 19 20 21 21 20 21 23 22 20 22 19 20 21 20 19 20 19 20 21 20 20 19 19 20 21 19 18 18
22 21 21 23 22 21 20 20 21 21 22 22 22 24 26 26 26 26 25 24 25 25 25 24 24 23 24 23 23 22 21 22 23 22 22 21 24 24 25 25 24 24 24 24 25 25 26 24 23 24 25 26 28 28 25 25 24 24 24 23 24 24 26 24 24 21 20 20 20 19 19 21 20 20 20 21 20 22 18 20 20 19 20 19 19 19 19 20 22 21 20 21 19 18 18 19
22 23 24 21 23 22 21 20 20 21 23 23 24 25 26 25 26 26 24 25 25 25 25 25 24 23 24 22 24 24 22 22 22 22 23 23 22 25 25 25 25 24 24 24 25 26 25 26 25 23 23 25 26 27 26 25 24 24 23 23 25 25 26 25 22 21 21 22 21 19 20 21 20 21 21 22 21 21 18 17 18 19 18 19 18 19 19 20 24 23 21 20 19 19 17 18
23 25 25 22 23 23 21 22 22 24 24 25 24 25 23 23 23 23 25 25 24 24 25 25 25 24 24 23 23 22 21 22 22 23 23 24 24 22 25 25 24 24 25 25 25 25 26 26 24 23 24 25 26 26 26 25 24 23 24 23 24 25 23 23 21 21 21 21 20 18 21 22 21 21 23 23 21 20 20 18 17 18 18 18 18 18 22 19 21 21 20 20 19 19 22 17
27 27 26 25 24 22 21 23 23 23 24 23 25 23 22 21 22 22 23 23 24 24 24 24 25 25 24 23 23 22 21 24 23 23 24 24 23 22 24 25 25 26 26 25 25 26 26 24 25 25 25 25 25 25 24 25 24 24 24 24 24 24 23 21 20 20 20 18 19 18 20 20 22 22 23 22 22 22 21 18 17 17 17 18 18 20 22 21 21 23 22 20 18 18 20 17
27 26 26 25 25 26 24 22 24 24 22 22 22 22 23 22 22 22 22 23 23 24 24 24 24 24 24 23 23 21 23 24 23 23 23 23 24 23 24 26 25 26 27 26 25 26 26 25 26 26 25 25 25 25 23 23 24 25 25 25 25 25 24 22 21 20 19 18 20 20 18 21 21 21 20 21 22 22 20 17 18 17 17 19 18 19 22 21 22 23 21 19 18 19 18 17
26 27 26 25 25 23 22 22 23 22 23 22 22 24 25 23 24 25 24 22 23 23 23 24 24 24 23 23 22 22 23 23 24 24 23 24 25 23 25 26 25 26 27 25 26 27 25 26 26 26 25 25 25 25 23 22 24 24 23 24 28 24 23 22 20 19 19 20 19 18 18 21 21 21 20 20 20 20 18 18 17 17 16 17 18 20 22 20 21 19 19 18 17 18 17 17
25 27 26 25 25 23 23 23 22 23 23 23 23 26 25 24 25 25 24 24 24 23 25 24 24 24 24 24 23 22 24 22 24 24 25 25 25 23 23 23 25 26 27 26 28 25 25 27 27 26 25 25 25 25 23 22 23 24 23 24 25 22 23 20 19 20 23 21 20 18 19 22 21 22 20 22 20 18 18 17 16 17 17 16 17 19 20 18 18 17 21 19 18 16 17 20
27 27 25 26 25 23 23 25 24 23 24 23 23 25 24 23 23 24 24 24 23 24 24 23 25 24 24 25 24 23 24 24 24 26 24 26 27 26 25 25 25 28 28 27 26 26 26 26 27 27 26 25 24 24 23 21 21 22 21 24 21 23 23 19 21 26 25 20 18 18 20 22 22 22 22 21 22 20 20 17 16 16 16 17 15 16 17 17 15 18 18 21 21 16 17 19
27 26 25 27 25 24 23 24 24 24 24 24 24 25 25 22 24 24 24 24 23 24 23 23 24 23 23 24 24 23 23 24 25 25 26 25 27 27 25 26 26 26 28 28 27 28 27 27 28 27 25 25 25 25 23 23 22 24 21 20 20 22 22 19 22 23 22 19 18 18 20 22 22 22 22 22 22 20 19 17 18 18 16 19 17 16 15 14 15 18 18 17 17 19 20 22
25 24 25 25 24 24 25 24 26 25 22 25 24 24 23 23 24 24 24 25 24 24 24 23 23 24 24 24 23 23 23 24 24 25 25 26 27 28 27 26 26 28 28 29 28 28 28 28 28 28 25 25 25 25 23 23 24 25 22 20 21 22 22 20 24 24 21 20 20 18 17 20 21 22 22 22 20 19 17 17 19 20 18 17 18 16 15 15 15 13 15 14 15 17 18 20
26 26 25 24 24 24 25 24 24 24 23 23 23 23 23 22 23 23 24 25 24 24 24 23 24 24 24 24 23 23 23 24 25 25 24 24 25 27 28 27 26 28 27 29 29 29 29 29 28 28 26 26 26 26 26 25 25 25 23 22 21 20 20 20 21 23 24 23 21 19 18 18 21 19 19 22 20 18 17 17 17 18 19 18 16 16 15 17 16 14 17 15 16 16 17 18
25 25 25 24 24 24 25 23 23 23 22 23 23 22 24 23 23 23 23 24 23 24 24 24 24 23 23 24 24 23 23 23 23 25 26 25 27 26 28 29 29 29 28 28 31 30 30 30 28 28 28 27 25 25 25 25 26 26 24 23 22 20 20 21 21 21 23 22 22 22 20 17 16 19 21 21 20 19 17 17 16 17 18 16 14 14 16 14 15 16 18 17 19 17 17 19
25 24 25 24 24 24 24 23 23 24 24 24 25 23 23 22 22 23 23 22 22 22 22 23 23 23 23 25 23 23 24 24 24 25 24 26 28 28 26 30 31 31 32 29 30 31 30 29 28 29 27 28 27 27 25 26 26 25 24 22 22 23 20 21 21 20 20 21 20 19 17 20 16 17 18 20 20 19 18 16 16 18 16 14 14 15 16 13 15 16 18 20 20 17 17 18
25 24 24 24 24 24 23 23 24 25 25 24 24 24 22 22 23 22 22 22 23 23 23 23 22 23 23 25 25 23 23 25 24 25 26 25 27 28 28 28 31 33 31 31 30 30 29 29 28 28 28 27 26 26 25 27 27 25 24 25 22 23 20 21 21 20 19 19 20 19 19 19 19 17 18 19 20 18 18 16 16 16 14 13 14 14 14 15 14 15 16 22 19 20 16 20
23 24 24 24 24 23 23 24 24 24 25 25 24 24 23 22 22 21 21 23 22 22 22 22 22 22 23 23 24 24 24 24 24 25 24 27 26 26 28 29 30 31 32 31 31 30 30 30 28 28 28 27 26 25 25 26 27 27 26 26 24 21 23 22 21 19 18 18 19 19 21 19 18 18 19 17 17 18 16 16 15 14 15 14 13 13 13 16 15 15 15 16 20 18 17 16
23 23 23 23 23 23 23 24 24 25 26 24 25 24 23 23 23 22 21 22 21 21 22 21 21 21 22 24 25 25 23 24 26 26 28 26 26 27 28 29 29 32 32 32 32 31 31 29 29 28 28 26 26 25 27 27 24 25 25 23 23 20 23 23 20 19 20 19 19 19 19 18 17 17 17 16 17 19 18 15 14 14 14 14 14 13 13 12 12 14 17 19 19 17 14 15
23 23 23 23 23 23 23 24 25 25 25 24 24 25 24 23 23 22 21 21 21 21 21 22 21 22 23 24 25 24 23 24 24 25 26 28 29 29 31 29 32 32 32 34 33 32 31 32 30 28 28 26 25 26 27 27 26 24 22 21 21 21 24 22 19 21 21 20 19 20 19 18 17 17 17 17 17 18 18 15 15 15 14 14 13 14 14 15 14 14 16 16 15 14 14 14
23 23 24 24 24 24 24 24 26 25 25 25 24 24 23 23 23 22 22 21 21 21 21 21 21 22 22 24 22 24 24 24 25 26 27 28 29 31 32 31 30 32 32 35 34 32 33 32 30 29 27 27 26 27 27 26 25 24 23 24 23 24 21 20 19 23 23 23 21 19 19 18 18 17 16 16 16 17 17 15 15 14 14 13 13 12 13 13 16 13 15 18 16 14 15 14
22 22 23 23 22 23 23 23 23 24 24 25 24 23 23 23 22 22 22 21 21 21 21 21 21 21 21 21 22 23 23 24 25 26 26 27 30 30 31 33 33 33 35 36 35 34 33 30 30 28 27 26 27 27 27 27 26 25 25 25 21 21 20 19 20 22 23 24 21 20 20 18 18 18 17 16 16 16 16 16 15 14 14 13 13 13 13 12 14 17 14 18 18 14 13 15
23 22 22 22 22 22 22 23 24 24 24 23 24 22 22 22 22 22 21 20 20 20 21 21 21 22 22 22 22 22 23 25 25 27 27 28 30 30 30 31 33 33 34 36 35 34 33 31 31 29 27 27 26 25 25 25 26 25 24 23 21 22 21 21 21 22 24 21 20 20 19 18 18 17 16 16 16 16 16 16 14 15 14 14 13 13 14 12 14 16 16 14 14 12 13 11
23 22 22 23 22 23 24 23 24 24 24 23 23 23 22 21 21 21 20 20 21 21 21 21 20 21 22 23 23 23 23 23 23 26 27 28 29 29 29 29 31 32 34 36 35 34 34 32 31 29 29 26 26 27 27 26 26 26 25 22 24 22 22 23 20 22 23 22 21 23 21 18 18 18 16 16 17 16 16 16 14 15 14 13 14 14 12 11 14 15 15 15 15 12 11 11
22 22 22 23 23 24 25 25 24 24 23 22 21 21 21 21 21 22 21 20 20 20 21 20 20 21 21 20 22 21 21 23 26 26 27 28 27 26 28 27 30 33 34 36 37 34 34 32 31 29 28 27 27 26 25 27 27 26 25 25 26 23 22 22 20 25 23 23 21 19 20 18 18 18 17 16 16 16 15 16 15 16 14 13 14 13 13 13 12 13 14 14 16 12 12 13
22 22 22 22 23 23 24 24 23 22 22 22 22 21 23 21 20 20 21 20 20 20 20 20 21 22 22 22 22 21 22 23 25 26 26 24 24 25 28 29 30 32 33 36 35 34 33 32 31 31 31 29 28 26 26 27 25 26 27 27 26 23 24 24 21 23 24 22 20 22 21 19 18 19 18 16 16 16 16 17 17 16 15 14 14 13 14 11 13 11 11 10 12 14 17 16
22 23 22 22 23 23 24 24 23 22 21 22 21 22 22 20 20 20 21 20 20 20 20 20 20 20 21 23 22 22 23 24 24 25 23 25 24 25 27 30 29 31 33 34 32 34 35 33 30 28 28 28 27 27 26 27 26 25 28 26 25 24 25 24 23 23 24 22 23 23 21 19 20 20 18 16 15 17 16 17 18 17 16 15 15 15 12 10 10 9 10 10 12 18 18 18
22 23 22 22 23 24 24 23 23 23 21 21 21 21 21 21 20 20 20 20 20 20 19 19 21 22 23 22 22 21 22 24 26 23 22 22 24 25 27 29 28 32 31 31 32 31 34 35 31 29 27 27 27 27 27 27 25 27 27 26 26 24 26 26 25 23 25 25 23 24 22 20 22 20 17 15 16 15 17 16 17 18 15 14 13 13 10 9 9 9 11 11 13 15 16 17
23 23 24 22 23 24 23 23 22 22 21 22 21 21 20 21 20 20 20 20 19 19 20 20 21 20 22 22 21 21 23 23 24 21 22 24 24 26 27 27 30 30 28 30 31 30 33 33 31 29 28 28 27 28 28 26 26 28 28 26 26 26 26 26 25 26 23 24 22 23 21 20 18 19 16 16 17 16 16 16 16 15 14 12 12 12 12 12 11 11 10 12 16 18 18 15
22 24 23 23 23 23 23 22 22 22 21 21 21 20 20 20 20 20 20 20 20 20 20 20 20 21 20 22 21 20 21 22 20 21 23 25 26 26 25 28 29 28 30 28 29 32 32 31 31 29 28 28 29 28 28 27 27 27 27 26 25 26 26 26 24 24 24 22 20 21 20 19 17 17 16 17 16 17 18 17 16 15 14 15 15 13 15 16 13 13 14 10 10 13 12 15
23 23 23 23 23 23 22 22 21 21 21 20 20 20 21 21 21 20 20 20 19 19 19 20 21 21 21 21 20 20 23 22 21 22 24 24 23 25 27 27 27 28 26 28 31 31 30 30 31 29 31 28 28 28 27 29 28 28 28 26 26 25 24 23 22 23 23 20 20 20 20 18 17 18 17 17 20 18 17 20 17 16 15 16 16 16 16 13 14 10 11 10 11 10 11 13
24 24 24 23 24 22 22 21 21 21 21 20 21 21 21 21 20 20 19 19 19 19 19 19 20 20 21 20 20 22 20 20 22 21 21 23 23 24 26 26 26 27 30 30 29 30 29 30 29 28 28 29 28 28 28 29 28 27 27 25 25 26 26 27 27 25 21 20 20 20 19 17 19 20 17 17 19 22 17 16 19 18 14 14 13 13 12 10 10 13 12 8 9 9 11 13
25 27 24 23 23 22 21 21 21 21 22 21 22 21 21 20 20 19 20 19 19 19 19 20 20 21 20 20 20 20 20 21 21 23 22 24 25 24 26 25 25 28 28 28 29 29 28 29 29 28 28 28 29 28 27 28 28 28 27 26 26 27 27 27 25 25 24 22 20 20 19 18 18 20 20 19 18 20 20 16 16 17 15 16 13 15 14 15 16 15 17 10 12 12 15 15
26 27 26 23 21 21 21 20 20 22 21 21 21 21 21 20 19 19 20 19 19 19 20 21 21 20 20 20 21 19 20 22 24 23 25 23 25 25 25 25 26 26 26 27 28 28 28 28 28 28 27 27 27 27 26 28 27 26 25 25 27 27 27 25 24 22 22 22 20 20 18 19 19 18 21 20 21 21 18 18 17 18 16 15 17 15 16 14 13 15 15 15 14 12 17 17
25 24 24 22 22 21 21 21 20 21 21 21 22 22 20 20 19 19 19 19 19 19 19 20 20 20 20 20 20 20 22 24 23 23 24 25 24 24 24 25 26 25 26 27 29 28 27 27 27 28 27 26 26 26 27 28 27 29 26 26 27 27 25 23 22 22 21 20 20 19 19 20 19 19 22 22 23 21 18 18 18 16 16 17 20 18 20 17 19 16 15 17 17 18 20 24
26 23 22 22 22 21 21 21 21 21 22 22 22 22 21 20 20 20 19 19 19 19 20 20 21 20 20 20 20 20 20 22 23 24 23 23 24 24 24 25 26 24 25 28 27 29 26 27 26 28 27 26 26 25 27 29 27 27 26 25 24 26 25 24 24 22 21 20 21 22 21 20 19 20 23 22 23 23 22 19 19 17 19 21 24 23 22 18 21 21 17 19 21 22 19 22
27 23 22 22 22 21 21 21 21 20 23 22 21 21 20 20 20 19 19 19 19 19 20 20 21 20 20 19 20 20 22 24 24 23 23 24 24 23 24 24 24 25 26 27 27 29 27 26 26 27 28 27 26 25 26 28 28 26 27 26 23 26 27 24 22 22 22 20 20 22 21 22 21 21 21 23 22 23 22 18 19 17 20 22 23 23 25 25 23 24 23 26 24 23 20 18
24 23 22 21 21 21 21 21 20 21 22 22 21 22 21 20 19 20 20 20 19 20 21 22 21 21 21 20 22 23 23 24 24 23 24 24 23 23 23 24 24 27 28 28 25 28 27 25 25 26 28 27 26 25 26 27 27 26 28 27 23 25 25 24 23 23 22 23 21 22 23 23 23 23 24 22 24 24 24 20 22 20 19 19 20 22 27 27 29 27 25 21 22 21 21 26
23 23 21 21 21 21 21 20 21 20 21 21 22 21 20 20 20 20 20 20 20 20 21 22 22 20 20 22 21 23 24 23 23 23 23 23 24 23 25 25 25 26 26 27 25 26 25 26 26 26 26 26 25 24 26 26 27 26 24 25 25 27 26 27 25 24 22 25 25 24 24 24 24 25 26 25 27 26 24 21 24 24 20 21 22 23 25 27 28 27 24 24 22 23 21 24
24 23 22 21 22 20 20 20 20 20 20 21 21 21 21 21 20 20 20 20 20 21 21 22 21 21 20 21 23 23 24 22 24 24 22 21 23 25 25 25 25 25 26 25 25 25 25 26 26 26 24 25 25 24 25 26 26 26 26 22 25 25 26 26 25 25 24 26 26 26 26 26 26 26 26 28 28 27 23 21 24 24 20 20 20 21 21 26 26 24 25 22 20 22 23 24
22 23 23 22 20 20 20 22 21 20 20 21 21 21 20 20 20 20 20 20 20 21 22 23 21 21 21 21 23 23 22 23 24 22 23 24 25 24 25 24 26 26 25 25 25 26 25 26 25 25 25 24 26 24 25 25 26 26 27 24 24 26 25 23 22 24 25 24 21 24 26 25 24 24 26 27 28 28 24 23 26 22 20 21 21 23 21 22 24 27 24 21 24 24 27 27
21 21 22 21 21 21 22 23 21 20 21 20 21 21 20 20 20 20 20 20 21 21 22 22 21 20 21 21 21 21 24 21 20 22 25 26 26 26 25 26 25 25 25 24 26 25 26 26 25 25 25 25 26 24 25 25 26 26 26 25 21 24 23 24 21 21 22 21 24 25 22 22 23 25 27 28 27 28 24 24 26 21 21 24 27 24 27 29 25 28 23 26 28 28 27 27
24 21 23 23 22 22 22 21 20 19 20 20 20 20 20 20 20 20 20 20 20 22 22 20 20 20 20 21 22 23 21 21 24 23 25 24 25 25 25 25 25 26 24 24 26 25 26 27 25 24 24 26 26 25 22 24 26 26 25 25 22 24 25 22 21 20 21 20 21 21 23 23 25 26 28 28 26 24 23 24 22 22 24 24 26 25 28 28 24 25 22 29 27 33 30 25
23 24 25 24 24 23 21 21 20 19 20 21 20 20 21 20 20 20 20 20 20 22 20 20 20 21 23 22 20 20 20 23 22 21 21 22 24 25 24 26 25 25 23 23 24 25 26 26 24 23 25 26 25 25 22 24 25 25 25 26 22 24 24 23 20 20 21 20 21 21 22 22 24 27 27 26 25 22 21 23 27 26 22 24 23 26 27 27 28 24 24 25 30 34 35 29
24 24 27 27 26 23 23 20 20 20 20 20 20 20 21 20 20 20 20 20 20 21 20 20 21 23 23 20 20 20 21 21 22 24 24 26 23 25 26 26 25 24 23 25 26 25 25 26 23 24 24 25 25 25 22 24 25 24 24 24 20 25 23 20 20 25 24 21 22 22 21 24 25 27 23 21 21 20 21 26 26 27 26 26 26 28 27 24 27 25 26 28 28 30 34 33
24 25 28 30 26 23 21 20 20 21 21 20 20 20 21 21 20 20 20 20 20 20 20 20 21 24 22 21 20 21 21 21 23 22 25 23 24 27 26 26 23 22 24 26 26 26 25 23 21 24 24 25 24 25 23 23 25 22 24 24 20 21 20 20 22 24 25 23 26 22 25 23 25 27 23 26 26 25 25 25 25 25 25 26 26 25 25 26 27 23 24 26 30 34 30 29
22 26 29 28 25 22 21 21 21 21 20 20 20 21 21 20 20 20 20 20 20 20 20 23 24 24 22 21 21 23 21 21 21 23 21 22 23 24 25 25 24 25 24 25 26 26 25 23 20 21 23 24 24 22 21 23 25 21 21 21 19 19 21 22 22 23 25 26 27 24 23 24 24 26 23 23 27 28 27 25 23 26 26 23 23 22 22 22 23 25 31 32 33 35 29 25
24 25 28 26 25 22 22 21 21 21 21 21 20 20 21 20 20 20 21 21 21 21 22 23 23 22 21 21 25 23 21 21 21 21 22 21 23 23 27 24 22 25 24 26 26 26 26 23 20 21 25 25 23 20 21 23 21 22 19 19 20 21 24 22 22 24 27 27 27 26 24 25 25 25 22 22 23 27 25 22 23 22 22 21 24 29 28 27 28 29 30 32 34 34 28 26
25 26 25 24 23 20 21 21 20 21 21 21 20 20 20 21 20 20 21 21 21 21 23 22 22 22 21 22 22 22 22 20 21 20 21 21 23 25 23 21 24 26 26 26 26 26 26 25 21 20 22 25 23 20 22 22 20 22 23 22 21 23 24 23 26 26 26 27 28 28 27 26 26 24 21 25 24 25 24 24 20 24 24 22 24 26 28 26 26 28 29 28 29 33 30 28
