DE_sunshineduration/sunshineduration_2018_01.asc
NCOLS 654
NROWS 866
XLLCORNER 3280414.711633467
YLLCORNER 5237500.62890625
CELLSIZE 1000
NODATA_VALUE -999
[rows 477 to 529 of 866, columns 384 to 479 of 654]
35 35 35 33 37 34 35 35 32 32 33 33 33 36 37 34 36 33 34 35 34 34 35 37 37 35 34 34 34 33 33 33 33 34 32 33 33 33 33 34 34 34 34 33 33 33 34 34 34 31 29 31 31 31 31 32 33 30 28 29 32 32 32 32 31 30 31 32 31 30 30 30 29 28 30 31 31 29 29 28 28 27 27 28 28 29 30 30 32 31 30 33 33 32 33 32
33 35 36 33 32 33 33 32 32 35 36 38 38 36 37 37 36 36 34 32 33 34 35 36 34 34 33 34 33 34 34 34 34 34 33 33 33 33 34 33 33 33 34 33 33 32 33 33 32 30 32 31 30 32 32 32 31 31 30 30 30 30 30 31 30 30 30 31 30 29 29 30 28 28 28 28 29 29 28 28 27 26 26 26 29 28 30 30 31 31 30 31 31 33 33 34
30 34 34 32 33 33 33 33 37 36 40 38 38 39 36 37 38 36 37 32 32 35 34 34 34 33 34 33 35 35 35 36 35 34 36 34 34 34 34 33 33 32 32 33 32 33 32 31 29 30 31 31 29 30 30 31 30 30 29 29 28 28 28 29 30 31 31 31 30 30 29 29 28 28 28 29 27 28 28 27 28 27 26 27 27 28 28 28 29 32 31 31 32 31 32 32
30 30 31 33 33 34 34 36 36 38 40 40 39 40 39 37 38 38 36 33 32 33 34 33 34 35 34 34 36 36 36 36 37 37 36 36 36 35 34 33 32 33 33 33 33 31 30 29 30 31 31 32 30 31 31 31 30 30 30 30 29 30 30 29 29 31 31 31 30 30 29 29 29 28 28 29 28 28 29 29 28 29 26 26 27 29 28 29 29 30 30 31 32 33 32 33
30 31 32 37 37 34 35 38 38 38 41 40 42 42 39 38 36 37 35 34 32 32 33 34 35 36 35 35 37 36 36 37 38 36 35 35 34 34 33 33 33 34 32 33 33 31 30 32 32 30 31 31 31 30 31 32 32 31 31 30 29 32 31 31 30 31 31 31 30 29 30 29 29 29 27 29 29 29 29 29 29 29 29 26 28 28 28 29 30 29 29 30 32 31 30 32
32 34 33 36 35 38 38 38 39 42 42 42 43 41 39 38 37 37 35 34 34 33 33 35 35 36 36 37 38 37 37 38 36 35 34 34 34 33 33 32 32 33 32 31 31 32 29 32 32 31 32 32 31 31 31 32 31 31 31 31 27 32 30 29 31 30 30 30 30 31 30 28 29 28 28 28 29 30 30 30 30 29 29 28 26 25 27 28 27 28 28 30 30 29 29 30
30 33 36 38 36 35 36 39 39 42 42 44 43 42 41 40 39 38 36 35 35 35 35 37 36 37 37 37 37 38 38 36 35 34 34 33 33 32 32 32 32 32 32 31 31 30 29 31 30 30 31 31 31 30 30 31 32 31 31 30 30 27 28 30 31 30 29 29 29 29 29 29 29 29 29 28 28 30 29 29 28 29 27 27 27 27 26 26 27 28 29 29 29 30 30 28
30 34 37 35 37 37 37 39 41 40 41 41 41 41 40 39 40 40 39 37 37 36 37 37 37 38 38 37 36 36 36 35 35 35 34 34 34 33 32 32 32 31 31 31 31 30 29 31 31 31 30 31 31 30 30 31 31 31 30 29 29 27 29 31 30 28 30 30 30 30 30 30 29 29 28 29 29 30 29 30 30 29 29 29 26 28 26 25 25 26 27 26 28 26 26 28
30 34 33 34 35 35 37 38 38 39 40 40 40 41 40 40 40 40 39 39 40 39 37 38 39 39 38 37 36 36 36 35 35 35 35 35 34 33 33 31 31 31 31 30 29 30 31 31 30 32 31 31 31 31 31 31 32 30 30 30 29 27 27 27 30 30 31 32 31 31 30 30 29 30 30 30 30 31 31 30 29 29 28 27 28 29 28 27 27 27 27 27 26 27 27 29
30 30 31 31 33 34 36 35 36 38 39 40 40 40 40 39 41 41 41 42 41 40 39 38 38 38 37 36 36 36 35 34 35 34 34 34 34 33 33 32 32 30 30 29 29 29 31 31 30 30 32 31 30 30 32 30 31 30 31 29 29 27 29 30 29 30 31 30 31 30 31 31 29 29 30 31 31 30 31 29 28 27 28 27 27 28 30 28 27 27 27 28 28 29 28 26
30 31 30 31 32 34 36 36 36 38 39 40 40 40 40 40 40 42 42 42 40 39 38 37 36 36 35 35 36 35 34 34 34 34 34 33 31 31 31 31 30 30 30 30 30 31 31 30 30 30 31 31 31 31 30 29 29 29 30 30 26 27 26 29 29 29 29 28 29 30 30 30 31 31 31 30 29 29 29 29 28 27 27 28 25 27 29 30 27 27 30 31 29 29 27 25
31 31 31 32 34 35 38 38 38 38 40 41 41 42 41 41 42 43 41 40 38 38 36 36 36 36 34 36 36 35 34 34 34 33 33 32 31 31 30 30 31 29 30 31 31 32 31 31 30 31 31 31 32 32 31 31 30 29 29 27 27 29 28 29 30 29 29 28 29 29 29 30 29 29 30 28 29 29 29 28 27 28 27 27 26 27 27 29 30 29 30 30 30 27 28 24
33 31 31 31 35 36 36 38 36 38 40 42 43 42 41 42 41 42 40 40 38 37 37 36 34 34 35 35 35 34 34 34 33 32 32 32 32 30 30 29 29 30 31 31 32 31 31 32 30 30 30 31 32 31 31 31 30 29 29 26 29 31 30 29 30 28 27 27 28 27 28 29 28 30 30 30 30 29 29 28 29 27 27 28 27 27 27 28 30 31 30 29 29 27 26 24
33 33 32 32 34 32 32 33 38 40 41 42 41 40 41 40 40 39 40 37 36 36 35 32 35 35 36 34 34 33 33 34 32 32 32 32 31 30 30 30 30 28 31 30 30 30 32 30 29 30 32 31 31 30 29 29 28 28 28 27 29 29 28 31 28 28 28 28 29 30 28 29 31 31 30 30 29 28 28 28 28 27 27 27 27 27 27 29 31 29 29 29 26 25 25 25
36 34 33 30 31 31 34 31 31 35 36 36 36 37 36 36 36 38 37 34 36 35 33 34 33 34 33 34 33 33 34 32 31 31 31 32 31 30 30 31 31 30 30 31 29 30 30 30 31 31 31 31 30 30 29 27 27 27 28 26 28 29 30 31 30 29 29 28 28 30 30 30 31 31 29 29 29 30 28 28 28 28 26 28 26 26 26 30 30 29 28 27 24 26 26 24
37 36 34 34 31 32 34 33 34 35 32 36 33 38 34 35 33 36 34 33 32 30 32 35 35 35 34 33 33 34 33 31 30 31 31 32 31 31 32 32 32 30 30 31 29 30 30 30 32 32 32 31 30 29 29 27 29 28 28 26 29 30 29 31 31 27 29 29 27 29 30 29 29 31 29 28 28 30 28 28 28 27 27 27 28 26 27 29 30 29 28 27 26 27 27 23
38 36 34 37 36 36 38 31 37 39 40 36 38 37 39 39 35 35 32 33 35 31 29 33 34 33 32 33 32 32 31 31 31 31 31 30 31 32 31 32 32 32 31 30 30 31 30 31 31 32 32 31 30 29 29 30 28 29 28 29 27 28 29 30 30 29 30 30 29 28 28 30 29 27 28 27 28 28 29 29 30 28 28 27 28 27 28 26 28 28 27 26 26 27 25 25
38 34 37 34 35 32 30 32 35 37 40 40 37 36 38 39 39 37 36 35 34 32 34 31 34 32 32 32 31 30 30 31 31 29 29 30 30 29 29 29 30 32 32 32 32 31 30 30 32 31 32 31 31 31 29 29 30 29 30 28 28 30 30 29 30 30 31 31 30 29 29 29 28 30 28 27 27 27 28 30 28 29 28 29 28 27 27 27 28 27 26 26 26 24 25 25
34 35 33 33 30 31 35 31 36 34 38 37 38 38 38 36 36 38 36 34 34 34 33 35 30 29 30 29 29 28 29 28 29 31 31 30 32 31 30 30 30 30 31 31 32 32 31 30 30 31 31 32 31 30 30 30 29 30 29 28 28 29 30 29 29 30 32 32 30 31 31 29 30 30 28 27 26 28 27 27 28 29 30 30 29 27 28 27 26 25 25 25 24 26 26 23
36 35 35 33 36 38 39 36 34 32 36 32 33 37 39 38 37 38 35 36 34 35 35 34 33 33 28 28 30 31 30 28 30 30 30 31 31 31 31 31 31 30 30 31 31 32 31 31 31 32 33 32 30 32 31 31 30 29 30 28 28 28 28 29 30 30 31 32 31 31 30 30 31 30 30 26 29 27 28 28 29 32 31 30 29 29 28 28 26 25 24 22 25 28 26 21
36 35 31 30 33 37 40 37 34 33 33 33 38 37 35 38 38 37 37 37 35 34 34 35 34 33 31 27 31 31 30 31 31 31 31 32 32 31 31 32 31 30 30 31 31 31 32 32 32 31 32 32 32 31 31 30 30 30 29 29 28 28 28 29 30 30 30 31 31 31 30 29 31 29 30 27 27 28 27 28 28 29 29 29 30 29 27 23 24 22 24 23 25 25 22 25
30 32 29 36 37 37 38 37 33 37 33 35 37 35 37 38 37 38 37 37 36 33 35 36 34 33 32 29 28 28 28 30 32 33 33 31 32 33 32 32 31 31 31 30 31 32 32 33 31 32 32 32 32 31 31 31 30 30 29 28 28 29 27 29 29 29 31 30 28 29 29 29 30 31 30 30 28 27 28 28 28 29 30 31 31 28 27 26 25 22 20 19 23 23 21 26
35 30 29 35 32 35 37 37 38 37 34 35 33 37 38 36 37 38 37 36 35 34 36 36 34 33 32 31 30 29 30 31 32 33 32 31 32 32 33 32 32 32 31 30 30 31 32 32 30 31 30 31 31 30 29 29 29 28 28 28 26 29 28 27 28 29 29 28 28 28 30 29 29 29 30 30 29 28 28 29 29 29 30 32 29 26 25 26 23 21 19 20 20 18 24 26
31 31 32 30 29 31 37 38 39 37 35 35 33 37 36 37 37 37 35 35 34 33 33 34 33 33 31 31 31 31 29 31 32 31 30 31 31 31 31 33 32 32 31 31 31 31 31 30 30 29 29 32 32 30 29 28 29 28 28 27 26 29 28 29 28 27 28 29 30 28 29 29 31 30 29 31 28 28 27 27 29 31 31 29 28 28 24 21 22 21 20 20 20 20 22 23
33 35 32 31 31 30 34 35 37 37 35 30 36 36 35 37 37 37 37 36 36 34 37 34 33 31 30 29 28 29 31 29 31 30 30 32 31 31 33 33 32 32 31 32 31 31 30 29 30 30 29 31 31 30 29 28 28 28 28 26 26 27 29 29 28 28 30 30 30 28 28 29 31 32 29 30 29 28 29 27 30 31 30 27 28 27 26 22 24 23 21 21 21 21 21 24
32 28 29 30 33 31 31 30 33 37 36 33 33 31 34 35 35 34 35 35 35 35 34 34 32 31 31 31 29 29 32 32 32 32 31 34 32 32 33 34 32 31 31 32 33 31 30 30 28 28 28 29 30 29 29 29 28 27 27 26 27 28 28 29 28 30 30 31 29 28 28 30 31 30 29 30 28 28 28 28 30 28 29 27 25 26 24 20 23 22 21 21 18 21 20 22
35 33 36 34 31 30 35 34 31 37 35 33 33 34 32 33 34 34 35 36 36 35 34 34 32 31 30 31 28 28 29 31 30 32 33 32 32 32 31 32 32 31 31 31 32 31 31 30 30 30 30 28 29 29 29 28 27 27 27 27 29 28 29 30 28 30 30 30 28 28 28 28 30 31 29 30 27 29 30 29 29 28 27 25 22 21 21 21 23 24 24 19 18 20 20 21
37 36 35 33 32 32 34 35 35 34 35 36 33 37 35 33 33 34 35 35 36 34 34 33 32 32 32 32 29 29 29 31 31 30 31 31 32 33 32 32 32 32 31 31 32 32 31 32 31 29 30 27 29 28 27 27 26 27 27 28 29 28 28 30 30 28 29 31 29 29 29 29 30 30 30 28 28 28 29 30 29 29 25 24 24 22 23 22 23 24 25 22 20 16 21 21
35 33 34 28 30 33 32 35 36 35 36 33 33 35 35 34 33 34 38 36 35 34 34 32 32 32 31 31 31 29 30 33 33 32 32 31 33 34 32 32 33 32 31 31 32 33 32 30 31 30 28 28 27 28 27 27 28 28 29 30 29 28 30 30 30 30 30 29 29 29 29 31 31 30 31 28 30 29 30 29 28 28 27 23 24 23 23 22 25 25 24 24 22 17 24 21
31 31 29 32 32 29 32 32 36 36 34 34 36 36 36 34 32 33 34 35 33 33 33 32 32 30 31 29 28 30 32 32 31 32 31 31 33 33 32 33 33 32 31 32 32 33 32 29 28 29 28 27 28 27 28 29 29 28 29 30 30 29 28 29 30 29 31 30 28 30 31 32 31 32 31 29 31 29 30 29 26 25 26 24 25 25 24 22 23 24 23 24 21 18 26 24
35 33 33 31 34 30 34 32 34 35 35 36 36 35 35 34 31 35 35 34 33 31 31 31 31 30 30 28 27 31 31 31 32 32 32 32 31 33 33 34 33 32 32 31 32 32 32 30 29 29 28 27 27 26 29 29 29 29 29 29 29 28 29 30 31 30 31 32 30 30 32 32 32 34 33 31 32 30 28 28 28 25 25 25 25 25 26 23 23 23 23 21 19 17 22 22
36 35 33 30 30 34 34 33 35 36 37 36 36 34 34 32 36 36 36 34 33 32 31 31 30 31 28 29 30 30 31 33 32 33 31 31 31 32 32 34 33 32 32 33 32 33 33 32 30 29 28 27 27 26 27 29 29 30 28 28 30 30 30 30 31 31 31 32 33 33 32 31 31 32 32 29 30 30 28 28 28 27 28 27 27 24 25 24 24 24 21 21 18 20 19 22
36 34 34 33 32 32 35 34 34 38 36 36 35 33 32 32 34 35 34 34 33 32 32 31 30 29 28 29 31 31 32 32 32 31 30 30 32 31 32 31 34 35 32 33 32 32 31 31 31 31 31 29 27 29 28 30 28 29 28 29 29 29 29 30 29 30 29 29 31 33 32 32 33 32 32 30 31 30 28 30 30 29 28 29 28 25 26 22 23 26 24 21 21 22 21 24
35 33 34 33 32 33 33 36 35 37 35 34 33 33 33 33 33 33 35 34 33 33 31 30 30 27 29 26 29 30 31 30 31 30 29 31 31 31 30 31 33 32 33 31 31 31 29 29 30 31 30 29 27 26 27 26 26 27 28 28 28 28 27 28 29 28 29 29 31 34 32 33 34 33 34 32 30 29 29 31 30 31 30 30 30 26 24 27 26 26 24 23 23 23 22 24
33 33 33 33 30 33 33 34 35 34 37 33 33 34 33 32 32 35 33 35 34 34 31 30 29 30 27 29 29 30 30 30 29 30 29 30 30 31 30 32 31 31 32 31 30 31 30 29 29 29 30 29 27 29 29 28 29 27 27 26 26 27 27 28 28 28 28 30 31 31 29 32 34 33 34 31 29 29 30 31 32 34 32 31 29 29 25 25 26 26 25 25 -999 -999 -999 -999
32 31 33 32 31 33 33 33 35 34 34 34 33 34 35 33 34 33 35 34 35 35 32 32 29 29 27 30 30 30 28 27 28 27 29 29 30 30 32 31 30 31 31 30 30 31 30 31 30 28 27 28 29 28 29 28 29 29 29 27 26 27 28 27 28 29 30 29 30 31 32 31 34 35 34 31 30 29 30 28 29 31 32 28 30 30 29 28 -999 -999 -999 -999 -999 -999 -999 -999
29 29 30 31 31 32 31 31 34 32 34 34 33 33 34 34 34 35 35 35 35 33 33 34 31 30 27 29 30 29 26 26 28 29 27 28 30 31 30 29 30 30 30 30 30 30 30 31 31 30 27 30 29 28 30 28 28 30 29 28 29 26 27 28 29 29 30 31 32 31 32 33 34 34 32 31 31 30 28 27 26 28 28 29 31 -999 -999 -999 -999 -999 -999 -999 -999 -999 -999 -999
29 30 28 28 31 31 30 31 30 33 31 32 33 32 33 33 32 34 34 33 34 33 34 33 31 31 27 27 30 27 29 29 30 30 29 27 27 28 28 30 29 29 30 30 30 30 30 30 30 30 29 28 28 29 29 29 29 28 29 30 29 27 28 28 29 29 30 29 30 30 30 32 32 34 33 32 32 31 31 30 28 25 25 25 -999 -999 -999 -999 -999 -999 -999 -999 -999 -999 -999 -999
28 30 26 28 29 30 27 30 29 31 30 30 30 29 32 32 32 33 34 32 32 33 31 31 32 31 29 27 27 29 29 29 30 29 29 28 27 29 28 28 28 29 29 29 29 28 30 30 29 29 27 26 27 28 32 30 29 28 29 30 29 29 26 29 30 29 28 28 27 28 29 29 30 34 32 32 32 32 31 28 28 25 24 -999 -999 -999 -999 -999 -999 -999 -999 -999 -999 -999 -999 -999
28 28 27 29 28 29 29 30 31 31 30 31 29 32 30 31 31 32 32 33 32 31 31 29 29 29 27 30 28 30 29 29 30 30 28 28 27 26 29 28 29 29 29 29 28 27 28 30 28 27 27 28 26 27 30 30 29 28 29 31 29 28 28 28 28 27 27 27 28 27 28 29 33 34 31 30 32 31 27 27 27 25 27 -999 -999 -999 -999 -999 -999 -999 -999 -999 -999 -999 -999 -999
26 25 25 29 29 27 26 27 30 30 28 31 27 30 28 29 31 32 33 34 33 32 31 32 31 30 28 30 29 30 29 30 31 31 29 29 26 27 28 28 28 29 28 29 27 28 28 28 28 27 28 29 28 28 30 29 30 29 31 31 29 29 29 27 27 29 29 29 28 29 28 29 31 31 30 33 30 31 27 25 24 25 26 25 -999 -999 -999 -999 -999 -999 -999 -999 -999 -999 -999 -999
24 25 27 28 28 26 27 28 27 30 28 29 28 29 27 30 31 32 33 33 33 33 31 32 31 30 28 28 28 31 30 29 30 31 29 30 28 25 25 27 28 28 27 27 26 27 29 29 26 28 28 28 28 29 29 31 31 29 29 30 30 30 29 27 26 28 28 27 27 27 28 29 29 32 30 30 30 31 29 29 30 30 -999 -999 -999 -999 -999 -999 -999 -999 -999 -999 -999 -999 -999 -999
23 24 26 22 27 23 23 26 26 28 29 25 24 28 25 30 30 31 31 30 33 30 30 29 29 28 28 29 29 29 27 30 29 30 29 29 29 28 27 26 25 27 26 26 26 27 27 27 28 28 27 30 29 28 29 30 30 30 30 29 31 29 28 28 27 27 25 27 27 27 27 29 29 29 28 31 31 30 29 29 31 -999 -999 -999 -999 -999 -999 -999 -999 -999 -999 -999 -999 -999 -999 -999
21 24 24 26 25 25 22 25 25 26 29 29 27 27 26 28 29 28 30 32 32 32 30 30 29 29 27 27 27 29 30 29 30 31 30 30 28 28 27 25 25 24 26 25 27 27 27 27 28 28 28 28 30 29 30 29 30 30 31 30 30 31 31 28 29 29 27 25 28 29 28 29 29 29 29 31 33 33 31 27 30 -999 -999 -999 -999 -999 -999 -999 -999 -999 -999 -999 -999 -999 -999 -999
20 20 24 24 24 21 25 25 25 26 27 27 25 27 26 27 30 31 29 30 32 32 31 30 29 30 30 30 27 30 29 29 29 29 30 30 28 28 27 25 26 26 24 26 26 25 27 28 28 28 27 29 29 30 29 29 29 29 30 31 31 31 29 30 28 28 26 27 27 29 28 27 28 27 30 29 29 29 27 -999 -999 -999 -999 -999 -999 -999 -999 -999 -999 -999 -999 -999 -999 -999 -999 -999
18 21 21 23 25 23 25 22 24 26 25 27 26 23 25 28 28 30 31 30 31 32 32 29 29 30 32 30 26 27 28 30 28 28 28 27 28 27 25 26 27 26 25 25 26 26 28 28 28 28 28 29 28 30 28 28 28 29 30 30 30 -999 -999 29 27 28 28 27 26 26 28 25 27 28 28 27 26 28 -999 -999 -999 -999 -999 -999 -999 -999 -999 -999 -999 -999 -999 -999 -999 -999 -999 -999
20 20 21 20 19 25 24 23 25 25 25 26 23 25 23 27 25 26 27 30 32 31 32 32 32 30 29 28 26 27 28 27 27 28 28 28 27 26 27 25 26 25 26 26 25 25 27 27 27 27 27 28 28 27 29 29 30 29 29 30 30 -999 -999 28 28 29 28 26 28 28 26 25 26 26 26 26 26 28 -999 -999 -999 -999 -999 -999 -999 -999 -999 -999 -999 -999 -999 -999 -999 -999 -999 -999
21 20 22 19 21 24 21 24 24 21 23 25 24 21 25 28 26 30 32 30 33 34 33 31 30 30 30 27 28 29 28 25 27 27 27 28 28 27 27 26 26 26 26 25 25 26 26 26 27 26 27 28 27 27 27 29 30 30 29 29 30 -999 -999 -999 29 28 28 26 28 28 29 27 29 29 27 27 28 28 -999 -999 -999 -999 -999 -999 -999 -999 -999 -999 -999 -999 -999 -999 -999 -999 -999 -999
22 20 23 19 24 19 22 22 24 20 20 23 21 22 28 29 29 27 27 32 31 31 32 32 31 30 27 27 28 29 28 26 27 27 28 29 27 27 27 26 27 25 27 26 25 25 25 26 27 27 27 28 27 28 28 29 30 30 30 29 -999 -999 -999 -999 30 29 27 28 27 28 29 29 27 28 28 28 30 29 -999 -999 -999 -999 -999 -999 -999 -999 -999 -999 -999 -999 -999 -999 -999 -999 -999 -999
20 18 23 18 21 24 24 21 24 20 23 20 24 25 27 26 26 26 32 31 30 30 32 31 29 31 30 31 29 28 28 26 28 27 28 29 28 28 28 26 26 25 25 25 25 25 25 25 27 27 27 26 27 27 28 29 30 30 31 30 -999 -999 -999 -999 30 29 26 29 29 27 29 27 27 27 29 29 -999 -999 -999 -999 -999 -999 -999 -999 -999 -999 -999 -999 -999 -999 -999 -999 -999 -999 -999 -999
16 19 23 21 18 22 21 20 22 22 19 20 21 26 26 25 28 28 29 28 29 31 31 32 30 30 31 30 29 28 27 28 28 28 28 29 29 29 28 26 26 26 26 25 24 25 26 25 25 25 27 27 27 28 28 28 29 28 29 29 -999 -999 -999 -999 30 28 28 27 29 28 27 28 29 29 29 -999 -999 -999 -999 -999 -999 -999 -999 -999 -999 -999 -999 -999 -999 -999 -999 -999 -999 -999 -999 -999
15 17 22 20 17 21 21 23 21 18 22 20 21 25 24 26 28 25 28 30 31 30 31 32 33 33 31 30 28 28 26 28 28 28 28 30 28 28 27 24 25 25 25 27 25 27 25 26 27 27 26 28 28 28 27 29 28 28 -999 -999 -999 -999 -999 -999 -999 -999 -999 -999 30 30 26 27 27 30 28 -999 -999 -999 -999 -999 -999 -999 -999 -999 -999 -999 -999 -999 -999 -999 -999 -999 -999 -999 -999 -999
15 15 17 19 16 21 18 18 20 19 19 21 24 26 23 25 24 28 29 30 30 29 32 30 33 33 30 30 30 29 27 26 27 29 29 28 28 27 27 25 25 26 25 26 25 25 25 27 27 27 27 28 28 28 28 28 28 29 -999 -999 -999 -999 -999 -999 -999 -999 -999 -999 30 30 27 28 30 29 27 -999 -999 -999 -999 -999 -999 -999 -999 -999 -999 -999 -999 -999 -999 -999 -999 -999 -999 -999 -999 -999
