DE_sunshineduration/sunshineduration_2018_07.asc
NCOLS 654
NROWS 866
XLLCORNER 3280414.711633467
YLLCORNER 5237500.62890625
CELLSIZE 1000
NODATA_VALUE -999
[rows 246 to 286 of 866, columns 470 to 563 of 654]
330 329 330 329 330 329 329 329 329 329 329 329 329 329 328 328 328 328 328 328 328 327 327 327 327 326 326 326 326 325 325 325 325 325 325 325 325 324 324 324 324 323 323 323 323 323 322 322 322 322 322 322 322 321 321 321 321 320 320 320 320 319 319 319 319 318 317 318 318 317 317 317 316 316 315 315 315 315 315 315 315 315 315 315 314 314 315 315 315 316 315 316 316 316
330 330 330 330 330 330 330 330 330 330 330 329 329 329 329 329 328 328 328 328 328 327 327 327 326 326 326 326 325 325 325 325 325 325 325 325 324 324 324 324 324 323 323 323 323 322 322 322 322 322 322 322 322 321 321 321 321 319 320 320 319 319 319 319 317 317 318 318 317 317 317 317 316 315 315 315 315 315 315 315 315 315 315 315 314 314 315 315 315 315 315 315 316 316
330 330 330 330 330 330 330 330 330 330 330 330 330 329 329 329 329 328 328 328 328 327 327 327 327 326 326 326 326 325 325 325 325 325 325 325 324 324 324 324 323 323 323 323 323 322 322 322 322 322 322 322 322 321 321 321 321 320 320 320 320 319 319 319 318 318 318 318 318 317 317 316 316 315 315 315 315 315 315 315 315 315 315 315 315 315 315 315 315 315 315 316 316 316
331 330 330 330 331 330 330 330 331 330 330 330 330 330 329 329 329 328 328 328 328 327 327 327 327 326 326 326 326 325 325 325 325 325 325 325 324 324 324 324 323 323 323 323 323 322 322 322 322 322 322 322 322 321 321 321 321 320 320 320 320 319 319 319 319 318 318 318 318 316 316 316 316 315 315 315 315 315 315 315 315 315 315 315 315 315 315 315 315 315 315 316 316 316
331 331 331 331 331 331 331 331 331 331 331 331 331 330 330 330 329 329 328 328 328 327 327 327 327 327 326 326 326 326 325 325 325 325 324 324 324 324 324 323 323 323 323 323 323 322 322 322 322 322 322 322 322 321 321 321 320 320 320 320 320 319 319 319 319 318 318 318 318 317 316 316 316 316 316 315 315 315 315 315 315 316 315 315 316 316 315 315 315 315 315 315 315 316
331 332 332 332 331 332 332 332 331 332 332 331 331 331 331 330 330 329 329 328 328 327 327 327 327 327 327 327 326 326 326 326 325 324 324 324 324 323 323 323 323 323 323 323 323 322 322 322 322 322 322 322 321 321 321 321 320 320 320 319 320 319 319 319 318 318 318 318 317 317 317 317 316 316 316 316 316 316 316 316 316 316 316 316 316 316 315 316 315 315 315 315 315 315
332 332 332 332 332 332 332 332 332 332 332 332 331 331 331 331 330 329 329 329 328 327 327 327 327 327 327 327 326 326 326 326 325 324 324 324 324 323 323 323 323 323 323 323 322 322 322 322 322 322 322 322 321 321 321 321 321 321 320 320 319 318 319 319 318 318 318 317 317 317 317 317 316 316 316 316 316 316 316 316 316 316 316 316 316 316 315 316 316 315 315 315 316 316
332 332 332 332 332 332 332 332 332 332 332 332 332 331 331 331 330 330 329 329 328 328 327 327 327 327 327 327 326 326 326 325 325 324 324 324 323 323 323 323 323 323 323 323 322 322 322 322 322 322 322 322 321 321 321 321 321 321 321 320 320 319 319 318 318 317 318 317 317 317 317 317 317 316 316 316 316 316 316 316 316 316 316 316 316 316 316 316 316 315 315 316 316 316
332 332 332 332 333 333 332 332 332 332 332 332 332 332 331 331 331 330 329 329 329 328 328 327 327 327 327 327 326 326 325 325 325 324 324 323 323 323 323 323 323 323 323 323 322 322 322 322 322 322 321 321 321 321 321 321 321 321 321 320 320 320 318 318 318 317 317 317 317 317 317 317 317 317 317 316 316 316 316 316 315 316 315 316 316 316 315 316 316 316 316 316 316 316
332 333 333 333 333 333 333 333 332 332 332 332 332 332 332 331 331 330 330 329 329 328 328 327 327 327 327 327 326 326 325 325 324 324 323 323 323 323 323 323 323 323 323 323 322 322 321 321 321 321 321 321 321 321 321 321 321 321 321 321 320 318 318 318 317 317 317 317 317 317 317 317 317 317 317 317 316 316 316 315 315 316 316 316 316 316 316 316 316 316 316 316 316 316
333 333 333 333 333 333 333 333 332 332 332 332 332 332 332 332 331 330 330 330 329 328 328 328 327 327 327 327 326 325 325 325 324 323 323 323 323 323 323 323 323 323 323 323 322 321 321 321 321 321 321 321 321 321 321 321 321 321 321 321 320 319 318 318 318 317 317 317 317 317 317 317 317 317 317 317 315 316 315 315 316 316 316 316 316 316 316 316 316 316 316 316 315 316
333 333 333 333 333 333 333 333 333 332 332 332 332 332 332 332 331 331 330 330 329 329 328 328 327 327 327 326 326 325 325 324 324 323 323 323 323 323 323 323 323 323 323 322 321 321 321 321 321 321 321 321 321 321 321 321 321 321 321 321 320 319 318 318 318 317 317 317 317 317 317 317 317 317 317 317 315 316 315 316 316 316 316 316 316 316 316 316 316 316 316 316 315 316
333 333 333 334 334 334 334 333 333 333 333 332 332 332 332 332 331 331 330 330 330 329 328 328 327 327 327 326 326 325 324 324 324 323 323 322 322 322 322 322 322 322 322 321 321 320 320 320 320 320 321 321 321 321 321 321 321 320 321 321 320 319 319 318 318 318 318 318 318 317 317 317 317 317 317 316 316 315 316 316 316 316 316 316 316 316 316 316 316 316 316 315 316 316
333 334 334 334 334 334 334 334 333 333 333 333 332 332 332 332 331 331 331 330 330 329 329 328 327 327 326 326 325 325 324 324 323 323 322 322 322 322 321 321 321 321 320 320 320 320 319 320 320 320 320 320 321 321 321 321 321 320 321 321 320 320 319 319 318 318 319 318 317 318 318 317 317 316 316 316 316 316 316 316 316 316 316 316 316 316 316 316 316 315 316 315 316 316
334 334 334 334 335 335 335 335 334 333 333 333 333 332 332 332 332 331 331 331 330 329 329 329 328 326 326 326 325 324 324 324 323 322 322 322 321 321 321 321 320 320 320 320 320 319 319 319 320 320 320 320 321 321 321 321 321 321 321 321 320 319 319 319 318 318 319 318 317 318 318 317 317 316 316 316 317 316 316 316 316 316 316 316 316 316 316 316 315 315 315 315 315 316
334 334 334 335 335 335 335 335 335 334 333 333 333 332 332 332 332 331 331 331 330 329 329 328 328 327 326 326 325 324 324 324 323 322 322 321 321 321 321 320 320 320 320 319 319 319 319 319 319 320 320 320 320 321 321 321 321 321 321 321 320 320 319 319 319 319 319 319 319 318 317 317 317 316 316 316 317 316 316 316 316 316 316 316 316 316 316 316 315 315 316 315 315 315
334 335 335 335 336 336 336 336 335 334 334 333 333 333 332 332 332 331 331 330 330 330 329 328 328 327 326 326 325 325 324 323 323 322 322 321 321 320 320 319 319 319 319 318 319 318 319 319 319 320 320 320 321 321 321 321 321 321 321 321 321 319 320 319 320 318 319 319 319 318 317 318 318 317 316 316 317 316 316 316 316 316 316 316 316 316 316 315 315 315 315 315 316 315
335 335 336 336 336 337 337 336 335 335 334 334 333 333 333 332 332 331 331 331 330 329 329 329 328 327 327 326 325 325 324 323 323 322 321 321 320 319 319 318 318 318 318 318 318 318 318 319 319 320 320 320 320 321 321 321 321 321 321 321 321 320 320 320 319 319 319 319 318 318 318 318 318 318 317 317 317 317 317 316 317 317 316 316 316 315 315 315 315 315 315 316 315 316
335 336 336 336 336 337 337 336 335 334 334 334 333 333 333 333 332 331 331 331 330 329 329 329 328 327 327 327 326 325 324 324 323 322 321 321 320 319 318 318 318 317 317 317 318 318 318 318 319 320 320 320 321 321 321 321 321 321 321 321 321 320 320 320 320 319 319 319 318 318 318 318 318 318 318 318 317 317 317 317 317 317 316 316 315 315 315 315 315 315 315 316 317 317
335 336 336 336 337 337 337 336 336 335 334 334 333 333 333 333 332 332 331 331 330 329 329 329 328 328 327 327 326 325 324 324 323 322 321 320 320 319 318 318 317 317 317 317 317 318 318 318 319 320 320 320 321 321 321 321 321 321 321 321 321 320 320 320 319 319 319 319 319 318 318 318 318 318 318 318 317 317 317 317 317 317 317 316 315 315 315 315 315 315 315 316 317 316
335 335 336 336 337 337 336 336 335 335 334 334 334 333 333 333 332 332 331 331 330 330 329 329 329 328 328 327 327 326 325 324 323 322 321 320 319 319 318 317 317 316 316 316 317 317 318 319 319 320 320 321 321 321 321 322 322 322 321 321 321 320 320 320 320 319 319 319 318 318 318 318 318 318 318 318 318 317 317 316 317 317 316 315 316 315 315 315 315 315 315 316 316 316
335 335 335 336 336 336 336 336 335 335 334 334 334 333 333 333 332 332 332 331 330 330 329 329 329 329 329 328 327 326 326 325 323 322 321 320 319 319 318 317 317 315 315 315 316 317 318 319 319 320 321 321 321 322 322 322 322 322 322 321 321 320 320 320 319 319 319 319 318 318 318 318 318 318 318 318 317 317 317 317 317 316 316 316 316 315 316 316 315 315 315 316 316 316
334 335 335 335 336 336 336 336 335 334 334 334 334 333 333 333 333 332 332 332 331 329 329 329 329 329 329 329 328 326 326 325 324 322 321 321 320 319 318 318 317 315 314 315 317 318 318 319 320 321 321 321 322 322 322 322 322 322 322 322 321 320 320 320 319 319 319 319 318 318 318 318 318 318 318 318 317 317 317 317 316 316 316 316 316 316 316 316 316 315 315 316 316 316
334 335 335 335 335 336 336 335 335 334 334 334 334 333 333 333 333 332 332 332 331 330 329 329 329 329 329 329 328 327 326 326 324 323 322 321 320 319 318 317 317 316 315 316 317 318 318 319 320 321 321 322 322 322 322 322 322 322 322 321 321 320 320 319 319 319 319 318 318 318 318 318 318 318 318 317 317 317 317 316 316 316 316 316 316 316 316 316 316 315 316 316 316 316
334 334 335 335 335 335 335 335 335 334 334 334 334 334 333 333 333 333 332 332 331 330 330 329 329 329 329 329 328 328 327 326 325 324 323 322 321 320 319 317 317 317 317 317 318 319 319 320 321 321 322 322 322 322 322 322 322 322 321 321 320 320 319 319 319 318 318 318 318 318 318 318 318 317 317 317 317 316 316 316 316 316 316 316 316 316 316 316 316 316 316 316 316 316
334 334 334 334 335 335 335 335 334 334 334 334 334 334 334 334 333 333 333 332 331 330 330 330 329 329 329 329 328 328 328 327 326 325 324 323 321 320 319 318 318 318 318 318 319 320 321 321 321 322 323 322 322 322 322 322 322 321 321 321 320 319 318 318 318 318 317 318 318 318 318 318 317 317 316 316 316 316 315 315 315 315 315 315 316 316 316 315 316 316 316 316 316 316
334 334 334 334 335 335 335 335 334 334 334 334 334 334 334 334 334 333 333 333 332 331 330 330 330 329 329 329 329 328 328 328 327 326 325 325 323 321 320 320 319 319 319 319 320 321 321 321 322 323 323 323 322 322 322 322 322 321 321 321 320 318 318 318 318 317 317 317 317 318 318 318 317 316 316 316 315 315 315 315 315 315 315 315 316 316 316 316 316 316 316 316 316 316
334 334 334 334 334 335 335 335 334 334 334 334 334 334 334 334 334 334 333 333 333 331 331 331 331 330 330 330 330 329 328 328 328 327 326 325 324 322 321 321 321 321 320 321 321 322 322 322 323 323 323 323 323 322 322 322 322 321 321 320 319 318 318 318 317 317 317 317 317 317 317 317 316 316 316 315 315 315 315 315 315 315 315 315 315 316 316 316 316 316 316 316 316 316
334 334 334 334 334 334 334 334 334 334 334 334 334 334 334 334 335 335 334 334 334 333 332 332 332 331 331 331 331 330 330 329 329 328 328 327 326 325 325 324 323 323 323 323 323 323 323 323 323 323 323 323 323 323 322 322 322 321 320 320 319 318 318 317 317 316 316 316 316 316 316 316 316 315 315 314 314 314 314 314 314 314 315 315 315 315 315 316 316 316 316 316 316 316
334 334 334 334 334 334 334 334 334 334 334 334 334 335 335 335 335 335 335 335 334 334 334 334 333 333 333 333 332 332 331 331 330 329 329 329 328 328 329 328 326 326 327 326 325 324 324 324 324 324 324 324 323 323 323 322 322 321 320 320 319 318 317 317 316 316 315 315 315 315 314 315 314 314 314 314 314 313 313 314 314 314 314 314 315 315 315 315 316 316 316 316 316 316
334 334 334 334 334 334 334 334 334 334 334 334 335 335 335 335 335 336 336 336 335 335 335 335 335 334 334 334 333 332 332 332 331 330 330 330 330 330 330 330 329 328 328 328 326 325 325 325 324 324 324 324 323 323 323 323 321 320 320 320 319 317 317 317 316 315 315 315 314 314 314 314 313 313 313 313 313 313 313 313 314 314 314 314 315 315 315 315 315 316 316 316 316 316
334 334 334 334 334 334 334 334 334 334 334 334 335 335 335 335 336 336 336 336 336 336 336 336 336 335 335 335 335 334 333 333 332 331 331 331 332 332 331 332 333 332 330 330 329 327 325 325 324 324 324 324 324 323 323 322 322 321 320 319 318 317 317 316 315 315 315 314 313 313 313 313 312 312 313 312 311 312 313 313 313 314 314 314 314 315 315 315 315 316 316 316 316 316
334 334 334 334 334 334 334 334 334 334 334 334 335 335 335 336 336 337 337 337 337 337 337 337 337 337 337 336 336 335 335 334 334 333 333 333 333 334 335 335 336 336 334 333 331 328 326 324 324 324 324 324 324 324 323 322 322 321 320 319 318 317 316 316 315 314 314 313 313 312 312 311 311 311 311 311 312 312 312 312 313 313 314 314 314 315 315 315 315 315 315 316 316 316
334 334 334 334 334 334 334 334 334 334 334 334 335 335 336 336 337 337 338 338 338 338 338 338 338 339 339 338 337 337 336 336 335 334 335 334 335 336 337 338 338 339 339 337 332 328 326 324 323 324 324 324 324 324 324 323 322 320 319 319 318 317 316 316 315 313 313 312 312 311 310 310 310 310 310 310 311 311 311 312 312 313 313 314 314 315 315 315 315 315 315 315 315 315
333 334 334 334 334 334 334 334 334 334 334 334 335 336 336 336 337 338 338 338 338 339 339 339 339 340 340 339 338 337 337 337 336 335 335 335 336 337 338 338 340 341 341 339 333 328 326 325 324 324 324 324 324 324 324 323 321 320 319 319 318 317 316 316 314 313 312 312 311 310 309 309 309 309 308 308 310 311 311 311 312 313 313 313 314 315 315 315 315 315 315 315 315 315
333 334 334 334 334 334 334 334 334 334 334 334 335 336 336 336 337 338 338 339 339 339 339 340 340 340 340 340 340 338 338 337 337 336 336 336 337 338 338 339 341 343 341 339 334 330 327 326 325 325 324 324 324 324 323 323 322 320 319 319 318 317 316 315 314 313 312 310 309 309 309 308 308 308 309 309 310 310 311 311 312 313 313 314 314 315 315 315 315 315 315 315 315 315
333 333 333 334 334 334 334 334 334 334 334 334 335 335 336 337 337 338 338 339 340 340 340 341 341 341 341 341 340 340 339 338 338 337 337 337 337 338 338 339 340 341 340 338 335 332 329 327 326 325 325 324 324 323 323 322 322 321 320 319 318 317 316 315 314 312 311 309 308 308 308 307 307 308 308 309 309 310 311 311 312 313 313 314 314 315 315 315 315 315 315 315 315 315
333 333 333 333 334 334 334 334 334 334 334 334 335 335 336 337 337 338 339 339 340 341 341 342 341 342 342 341 341 341 340 340 339 338 338 338 338 338 338 338 339 339 338 337 335 332 330 329 327 326 325 324 323 323 322 322 322 321 321 320 319 318 317 315 313 311 310 309 308 307 307 306 307 307 307 308 309 310 310 311 312 313 314 314 315 315 315 315 315 315 315 315 315 315
333 333 333 333 334 334 334 334 334 334 334 334 335 336 336 336 337 339 339 339 340 341 342 342 342 342 342 342 342 341 341 340 339 338 338 338 338 338 338 338 338 338 337 336 335 332 331 330 328 326 325 325 323 322 322 322 322 321 321 320 319 318 317 316 313 310 309 309 308 307 306 306 307 307 307 308 309 310 310 311 312 313 314 314 315 315 315 315 315 315 315 315 315 315
333 333 333 333 333 334 334 334 334 334 334 334 335 335 336 337 338 339 339 340 341 342 342 342 342 342 342 342 342 342 341 341 340 339 338 338 338 338 338 337 337 337 337 336 335 333 331 330 328 326 325 324 323 323 322 322 322 321 321 320 319 318 317 316 313 311 309 308 307 306 306 306 306 307 307 308 309 309 310 311 312 313 314 314 315 315 315 315 315 315 315 315 315 315
333 333 333 333 334 334 334 334 334 334 334 334 335 335 336 337 338 339 339 340 341 342 342 343 343 343 343 344 343 342 341 341 341 340 339 338 338 338 338 337 337 337 336 335 334 332 331 329 328 327 326 324 324 323 322 322 322 322 321 320 319 318 317 315 314 312 310 308 308 307 306 306 307 307 307 308 309 309 310 311 312 313 314 314 315 315 315 315 315 315 315 315 315 315
