DE_sunshineduration/sunshineduration_2018_01.asc
NCOLS 654
NROWS 866
XLLCORNER 3280414.711633467
YLLCORNER 5237500.62890625
CELLSIZE 1000
NODATA_VALUE -999
[rows 795 to 847 of 866, columns 384 to 479 of 654]
75 74 73 72 70 70 70 70 70 70 71 72 72 73 73 68 68 69 69 68 68 68 68 68 70 71 70 71 70 70 69 68 69 68 68 68 67 68 67 67 67 67 66 66 66 66 63 63 63 62 62 62 61 61 61 62 62 62 63 64 64 64 64 64 64 64 64 64 64 63 65 65 65 65 63 64 63 63 64 65 65 66 65 65 65 64 64 63 63 64 65 64 63 63 63 63
74 74 73 72 70 70 70 70 70 70 72 71 73 73 72 68 68 69 69 68 68 68 68 70 71 71 70 69 69 70 70 68 68 68 68 68 68 68 67 67 67 67 66 65 65 66 66 65 64 66 65 63 61 61 61 62 62 62 63 63 64 64 63 64 64 64 64 64 64 64 63 64 64 65 64 63 63 63 63 64 63 65 64 65 65 65 64 65 63 64 63 64 63 63 64 64
75 74 73 72 70 70 70 70 70 70 71 72 73 73 72 68 68 69 69 68 68 68 68 69 71 70 70 69 69 70 69 69 68 68 69 68 68 68 68 67 68 67 68 66 66 66 66 66 66 66 64 64 66 64 63 63 62 62 62 63 63 63 64 64 64 64 64 64 64 64 63 63 64 64 63 63 63 64 64 65 65 65 65 65 65 65 64 64 63 63 64 64 63 65 65 65
74 74 73 72 71 71 70 70 70 70 71 72 72 72 72 71 68 68 68 69 69 68 68 68 68 70 70 70 69 69 70 68 69 67 69 69 68 68 68 68 68 68 69 69 69 64 66 67 66 66 66 64 66 66 66 65 64 62 63 63 62 63 63 63 63 64 64 64 64 64 63 63 62 63 63 64 64 64 63 66 66 65 66 66 65 65 65 64 64 63 64 64 64 65 65 65
74 74 72 72 72 72 71 70 70 70 70 69 71 71 72 70 68 69 69 69 68 68 68 68 68 70 70 68 67 68 68 69 69 68 69 69 69 69 68 68 68 70 70 67 66 67 64 67 67 68 67 64 66 67 67 66 64 63 63 63 62 62 63 63 63 63 63 63 63 62 62 62 63 63 64 63 63 64 65 67 67 66 66 66 65 66 66 64 64 64 64 64 64 64 64 64
75 75 73 72 72 72 71 70 70 70 69 69 71 72 70 68 67 68 68 68 68 68 67 68 67 68 69 67 69 69 69 70 69 68 70 70 69 69 69 69 70 73 72 72 69 67 65 67 67 69 67 67 66 67 69 68 64 64 64 63 62 62 63 63 63 63 63 63 63 63 62 62 62 63 63 64 63 64 66 66 65 65 67 66 66 66 67 65 64 64 64 64 64 64 64 66
73 73 72 72 72 71 70 70 70 69 69 69 71 70 71 71 69 67 68 68 68 68 67 68 68 68 68 69 68 69 70 71 69 68 69 70 70 69 69 70 71 68 69 67 68 67 65 67 67 69 68 65 66 65 67 67 67 63 63 63 62 62 62 63 63 63 63 63 63 63 62 62 62 63 62 63 63 65 66 65 65 66 66 66 67 66 67 65 64 64 64 64 64 64 64 64
72 73 72 72 71 71 70 69 69 69 69 68 69 71 71 69 68 67 68 68 67 67 68 69 67 67 67 68 69 67 69 69 68 68 69 70 70 70 70 69 68 69 68 68 67 67 66 67 67 68 67 66 66 66 67 66 66 63 63 63 62 62 62 62 62 63 63 63 62 63 62 62 62 62 63 64 65 65 66 67 65 66 66 66 66 66 67 67 65 65 66 64 64 64 64 63
71 71 72 72 70 70 70 69 68 68 68 68 67 69 68 67 66 67 67 67 67 68 68 67 67 67 67 66 68 68 68 68 68 68 69 69 70 70 70 69 69 69 69 68 68 65 67 66 67 68 67 66 66 67 66 67 66 64 63 63 62 62 62 62 62 62 62 62 62 62 62 62 62 62 63 63 65 65 65 66 67 68 69 67 66 66 68 72 73 69 70 71 67 63 63 63
71 71 71 71 71 71 68 68 68 68 68 67 68 67 67 67 67 67 67 67 67 69 68 67 68 67 67 66 68 68 68 68 69 69 69 69 70 70 69 69 69 69 69 69 69 68 69 67 67 68 70 68 66 66 67 67 67 64 63 63 62 62 62 62 62 62 62 62 62 62 62 62 62 63 66 68 70 68 67 68 70 73 79 71 66 68 72 74 76 74 74 77 76 63 63 63
69 69 71 71 71 70 68 68 68 67 67 67 67 67 68 67 67 67 67 67 69 68 67 67 67 68 66 69 68 68 68 68 69 68 69 69 70 70 69 69 69 69 69 69 68 68 69 67 68 69 68 66 67 68 70 71 70 69 68 65 63 63 62 62 62 62 62 62 62 62 62 62 65 66 72 72 68 67 69 72 76 77 75 71 66 68 72 76 76 76 78 80 72 64 63 63
68 69 70 70 69 69 68 67 67 67 67 68 67 67 67 67 66 67 66 66 68 67 67 67 66 67 67 67 68 68 68 68 68 68 67 68 69 69 69 69 69 69 68 68 69 69 69 68 68 72 69 70 67 68 69 70 71 73 72 71 62 63 62 62 61 61 61 61 62 62 62 62 65 72 70 67 68 68 70 74 76 84 76 75 65 67 78 79 86 89 83 82 80 64 63 62
67 69 69 69 69 69 68 66 66 66 66 66 66 67 66 66 66 66 66 65 66 66 66 67 68 68 67 67 68 68 68 67 67 67 68 68 69 69 69 69 69 69 68 69 69 70 68 68 72 74 70 70 70 67 68 69 70 73 73 68 66 64 63 62 64 61 61 61 61 61 62 63 65 67 68 65 67 71 77 79 89 84 82 73 67 80 83 91 89 83 85 69 67 63 63 63
68 68 68 68 68 68 67 66 66 66 66 66 66 66 66 66 66 66 66 66 66 66 66 68 69 68 66 67 68 68 67 68 68 67 68 69 69 69 69 69 69 68 68 69 71 71 69 69 72 71 73 71 70 69 70 70 70 74 74 73 73 67 67 66 70 71 64 61 61 61 61 62 64 70 64 66 69 76 83 93 83 92 77 67 70 85 91 86 79 82 77 63 63 63 63 63
67 68 68 68 68 66 66 66 66 67 67 66 66 66 66 66 66 66 65 65 66 67 68 71 71 68 68 66 68 68 67 67 67 68 69 69 70 70 70 71 68 69 70 70 72 70 69 69 69 69 72 75 75 73 67 69 71 75 76 83 78 69 73 79 75 73 67 62 61 61 61 62 63 66 72 70 73 81 -999 80 92 83 77 67 78 82 83 79 76 74 64 63 66 63 63 63
67 67 67 67 67 67 66 67 65 65 66 65 65 65 65 65 65 65 66 67 68 68 69 70 71 68 69 67 66 67 66 67 67 68 71 70 70 72 70 68 67 69 71 73 74 74 73 73 73 69 72 77 81 74 70 68 69 71 72 77 80 72 83 82 73 77 68 63 61 61 61 61 62 68 80 78 74 85 -999 85 93 79 74 68 79 82 82 81 75 69 63 69 69 75 66 64
66 66 66 66 66 67 67 67 66 65 66 66 64 66 65 65 65 65 66 67 71 77 77 77 73 68 69 67 66 67 67 72 75 75 73 77 76 73 71 68 66 69 76 82 81 79 83 79 72 69 68 72 77 75 70 68 69 72 77 77 79 72 75 80 83 78 67 63 62 62 61 61 61 65 79 77 -999 -999 -999 86 83 76 68 76 91 98 89 81 72 64 63 72 80 77 70 66
65 65 66 66 66 66 67 67 68 67 67 66 64 64 65 65 65 66 67 74 77 83 82 78 72 69 67 66 66 66 73 80 82 75 73 79 82 81 72 69 66 67 75 77 77 83 78 74 77 74 69 76 75 80 72 69 69 72 80 91 85 76 81 88 75 76 65 69 78 70 71 61 61 64 67 -999 -999 -999 -999 91 80 70 76 78 86 98 94 79 73 63 62 72 77 78 76 73
65 65 66 66 67 66 66 66 66 66 64 64 64 64 64 65 66 66 72 74 82 76 80 76 72 69 67 66 67 67 77 78 84 83 78 81 82 77 76 69 67 66 69 72 74 76 84 75 79 76 69 77 81 79 74 69 69 71 74 88 81 88 85 87 85 82 67 73 85 80 71 65 61 65 83 -999 -999 -999 -999 -999 79 69 84 91 92 95 85 77 66 64 68 82 79 79 78 74
64 65 65 66 68 69 67 68 67 65 64 64 64 64 64 64 65 66 71 71 73 77 80 76 70 68 67 66 67 67 68 69 69 79 80 85 78 77 73 70 68 66 67 72 78 81 85 82 78 81 71 70 70 69 69 69 69 71 72 82 90 101 91 91 83 80 77 67 82 81 71 65 61 65 -999 -999 -999 -999 -999 -999 -999 -999 77 80 89 85 85 68 81 67 66 75 73 73 74 72
63 64 64 64 66 67 65 68 70 67 64 64 64 64 64 65 65 66 73 76 75 75 79 79 71 68 67 66 67 67 73 75 76 75 76 84 86 75 75 70 69 67 67 68 73 73 78 81 78 79 82 72 70 79 75 79 72 69 70 74 82 86 91 85 79 79 73 73 83 79 79 77 61 61 -999 -999 -999 -999 -999 -999 -999 -999 -999 -999 -999 -999 -999 -999 -999 78 66 67 67 69 68 66
63 63 64 64 66 65 67 69 69 66 64 64 64 64 64 64 65 69 72 78 82 76 76 73 70 69 68 67 67 68 76 75 80 77 77 81 82 81 72 78 79 70 68 68 68 68 69 79 85 81 85 78 81 91 76 91 79 70 72 70 75 75 82 79 78 76 74 75 79 77 80 77 62 61 -999 -999 -999 -999 -999 -999 -999 -999 -999 -999 -999 -999 -999 -999 -999 -999 -999 -999 -999 66 66 66
64 63 63 64 65 65 69 67 66 64 64 64 64 64 64 65 67 73 72 73 74 81 79 75 73 74 67 67 66 67 72 82 85 85 92 81 78 73 82 85 81 73 68 69 73 76 69 79 88 84 91 82 85 92 87 87 79 73 72 72 69 70 75 81 82 73 73 70 68 71 73 68 70 61 -999 -999 -999 -999 -999 -999 -999 -999 -999 -999 -999 -999 -999 -999 -999 -999 -999 -999 -999 -999 69 71
63 62 63 64 65 65 64 63 64 63 63 63 63 64 64 66 71 78 75 77 77 79 83 76 79 82 70 67 66 67 73 79 81 83 84 81 75 77 92 79 73 69 68 76 75 94 79 82 90 85 82 79 82 91 92 87 82 76 75 90 85 73 73 87 82 79 82 79 72 67 68 64 63 60 61 -999 -999 -999 -999 -999 -999 -999 -999 -999 -999 -999 -999 -999 -999 -999 -999 -999 -999 -999 74 76
61 63 62 63 62 61 65 63 62 63 63 63 63 63 63 68 72 77 75 80 79 83 79 82 82 85 80 70 67 67 68 70 73 77 83 87 75 84 90 83 75 68 72 83 87 87 83 74 78 86 86 78 81 84 95 94 100 88 73 76 85 73 79 88 91 87 88 88 82 71 67 70 64 60 60 60 60 -999 -999 -999 -999 -999 -999 -999 -999 -999 -999 -999 -999 -999 -999 -999 -999 -999 -999 -999
60 60 61 62 64 64 65 64 62 62 63 63 64 64 67 74 84 82 81 87 86 93 93 89 83 83 78 69 67 67 68 73 81 83 90 81 75 84 82 84 74 68 78 84 92 87 86 77 75 80 92 81 75 81 95 97 96 91 90 88 82 73 87 96 88 86 82 81 82 75 78 76 68 63 60 60 60 -999 -999 -999 -999 -999 -999 -999 -999 -999 -999 -999 -999 -999 -999 -999 -999 -999 -999 -999
60 60 62 62 63 65 67 67 63 62 62 63 63 67 72 83 87 79 81 83 90 86 88 80 75 73 71 69 68 67 67 70 80 90 86 83 76 81 75 80 72 68 77 84 92 90 89 84 80 77 83 84 78 80 84 90 95 91 88 81 79 71 84 91 88 85 85 72 76 73 69 64 67 63 60 60 60 -999 -999 -999 -999 -999 -999 -999 -999 -999 -999 -999 -999 -999 -999 -999 -999 -999 -999 -999
60 61 61 62 64 69 70 66 64 62 62 62 64 75 76 82 79 80 76 84 81 83 74 75 77 73 76 73 70 66 66 70 77 90 87 90 81 78 72 82 82 68 72 78 83 93 86 78 81 75 74 78 72 81 81 84 89 79 78 79 78 71 76 81 82 81 85 79 79 72 72 70 67 67 63 60 60 -999 -999 -999 -999 -999 -999 -999 -999 -999 -999 -999 -999 -999 -999 -999 -999 -999 -999 -999
60 60 61 63 66 73 76 69 63 61 62 62 70 80 80 87 83 76 74 80 87 82 75 71 67 67 67 66 67 68 66 69 75 79 79 83 89 85 76 71 70 71 72 78 72 80 81 81 78 77 81 80 75 71 77 79 83 83 82 74 75 77 -999 -999 77 91 85 87 84 85 79 66 62 62 63 -999 -999 -999 -999 -999 -999 -999 -999 -999 -999 -999 -999 -999 -999 -999 -999 -999 -999 -999 -999 -999
60 60 62 66 70 75 81 74 69 67 64 68 73 82 76 81 76 76 76 72 72 68 71 68 67 71 74 73 77 80 69 67 71 74 81 85 78 78 75 78 78 78 74 77 83 72 81 81 87 78 92 78 81 71 79 78 94 81 79 82 -999 -999 -999 -999 -999 -999 -999 -999 -999 -999 -999 -999 -999 -999 -999 -999 -999 -999 -999 -999 -999 -999 -999 -999 -999 -999 -999 -999 -999 -999 -999 -999 -999 -999 -999 -999
60 60 62 65 73 75 81 88 80 78 72 75 71 71 72 77 80 71 70 73 71 75 77 68 67 76 74 75 80 72 67 78 86 78 76 71 71 73 71 78 81 84 72 75 81 81 72 81 75 90 95 93 84 75 78 90 -999 -999 -999 -999 -999 -999 -999 -999 -999 -999 -999 -999 -999 -999 -999 -999 -999 -999 -999 -999 -999 -999 -999 -999 -999 -999 -999 -999 -999 -999 -999 -999 -999 -999 -999 -999 -999 -999 -999 -999
60 62 68 77 84 84 88 95 83 90 86 74 68 68 70 73 70 70 68 68 68 67 67 67 68 72 77 81 72 67 74 86 81 79 76 74 78 82 72 87 90 84 84 82 90 84 81 81 84 83 89 -999 -999 -999 -999 -999 -999 -999 -999 -999 -999 -999 -999 -999 -999 -999 -999 -999 -999 -999 -999 -999 -999 -999 -999 -999 -999 -999 -999 -999 -999 -999 -999 -999 -999 -999 -999 -999 -999 -999 -999 -999 -999 -999 -999 -999
60 64 80 74 89 77 79 86 75 78 76 68 68 68 68 75 68 71 70 69 72 71 72 73 73 76 75 72 67 79 78 74 78 72 75 78 75 84 83 86 84 84 87 87 86 87 90 92 87 78 75 -999 -999 -999 -999 -999 -999 -999 -999 -999 -999 -999 -999 -999 -999 -999 -999 -999 -999 -999 -999 -999 -999 -999 -999 -999 -999 -999 -999 -999 -999 -999 -999 -999 -999 -999 -999 -999 -999 -999 -999 -999 -999 -999 -999 -999
60 62 67 67 71 76 76 81 77 69 67 68 68 68 68 68 68 78 84 82 80 90 81 74 75 71 78 71 68 68 70 70 76 75 -999 -999 84 87 88 -999 -999 -999 -999 -999 -999 -999 -999 -999 -999 -999 -999 -999 -999 -999 -999 -999 -999 -999 -999 -999 -999 -999 -999 -999 -999 -999 -999 -999 -999 -999 -999 -999 -999 -999 -999 -999 -999 -999 -999 -999 -999 -999 -999 -999 -999 -999 -999 -999 -999 -999 -999 -999 -999 -999 -999 -999
61 69 68 68 70 69 72 79 76 67 69 68 68 68 70 74 74 75 82 79 80 74 77 75 83 79 69 68 73 71 73 76 75 -999 -999 -999 -999 -999 -999 -999 -999 -999 -999 -999 -999 -999 -999 -999 -999 -999 -999 -999 -999 -999 -999 -999 -999 -999 -999 -999 -999 -999 -999 -999 -999 -999 -999 -999 -999 -999 -999 -999 -999 -999 -999 -999 -999 -999 -999 -999 -999 -999 -999 -999 -999 -999 -999 -999 -999 -999 -999 -999 -999 -999 -999 -999
68 70 86 75 75 77 77 69 73 68 68 68 68 76 83 75 82 79 79 81 77 75 71 69 68 68 68 68 72 81 87 72 -999 -999 -999 -999 -999 -999 -999 -999 -999 -999 -999 -999 -999 -999 -999 -999 -999 -999 -999 -999 -999 -999 -999 -999 -999 -999 -999 -999 -999 -999 -999 -999 -999 -999 -999 -999 -999 -999 -999 -999 -999 -999 -999 -999 -999 -999 -999 -999 -999 -999 -999 -999 -999 -999 -999 -999 -999 -999 -999 -999 -999 -999 -999 -999
80 81 85 83 78 97 87 76 67 71 70 70 77 82 74 79 79 77 71 68 68 67 68 69 73 74 72 70 80 93 76 -999 -999 -999 -999 -999 -999 -999 -999 -999 -999 -999 -999 -999 -999 -999 -999 -999 -999 -999 -999 -999 -999 -999 -999 -999 -999 -999 -999 -999 -999 -999 -999 -999 -999 -999 -999 -999 -999 -999 -999 -999 -999 -999 -999 -999 -999 -999 -999 -999 -999 -999 -999 -999 -999 -999 -999 -999 -999 -999 -999 -999 -999 -999 -999 -999
93 95 92 95 90 87 84 76 72 74 75 76 78 73 70 68 68 69 68 68 69 74 84 87 78 74 70 76 94 96 96 -999 -999 -999 -999 -999 -999 -999 -999 -999 -999 -999 -999 -999 -999 -999 -999 -999 -999 -999 -999 -999 -999 -999 -999 -999 -999 -999 -999 -999 -999 -999 -999 -999 -999 -999 -999 -999 -999 -999 -999 -999 -999 -999 -999 -999 -999 -999 -999 -999 -999 -999 -999 -999 -999 -999 -999 -999 -999 -999 -999 -999 -999 -999 -999 -999
100 92 95 90 88 81 78 70 70 77 78 79 80 69 71 78 84 86 74 68 76 91 88 75 74 81 78 73 80 89 83 -999 -999 -999 -999 -999 -999 -999 -999 -999 -999 -999 -999 -999 -999 -999 -999 -999 -999 -999 -999 -999 -999 -999 -999 -999 -999 -999 -999 -999 -999 -999 -999 -999 -999 -999 -999 -999 -999 -999 -999 -999 -999 -999 -999 -999 -999 -999 -999 -999 -999 -999 -999 -999 -999 -999 -999 -999 -999 -999 -999 -999 -999 -999 -999 -999
90 90 86 86 88 80 76 70 72 75 75 70 69 80 83 87 77 70 76 70 80 87 82 83 79 95 79 80 70 75 -999 -999 -999 -999 -999 -999 -999 -999 -999 -999 -999 -999 -999 -999 -999 -999 -999 -999 -999 -999 -999 -999 -999 -999 -999 -999 -999 -999 -999 -999 -999 -999 -999 -999 -999 -999 -999 -999 -999 -999 -999 -999 -999 -999 -999 -999 -999 -999 -999 -999 -999 -999 -999 -999 -999 -999 -999 -999 -999 -999 -999 -999 -999 -999 -999 -999
85 86 79 81 82 77 79 70 72 69 68 72 74 93 81 76 80 87 75 69 80 89 87 92 79 92 79 84 86 80 -999 -999 -999 -999 -999 -999 -999 -999 -999 -999 -999 -999 -999 -999 -999 -999 -999 -999 -999 -999 -999 -999 -999 -999 -999 -999 -999 -999 -999 -999 -999 -999 -999 -999 -999 -999 -999 -999 -999 -999 -999 -999 -999 -999 -999 -999 -999 -999 -999 -999 -999 -999 -999 -999 -999 -999 -999 -999 -999 -999 -999 -999 -999 -999 -999 -999
81 77 75 77 77 74 72 69 69 69 73 79 85 79 78 84 94 85 74 -999 -999 88 98 101 79 93 91 91 95 -999 -999 -999 -999 -999 -999 -999 -999 -999 -999 -999 -999 -999 -999 -999 -999 -999 -999 -999 -999 -999 -999 -999 -999 -999 -999 -999 -999 -999 -999 -999 -999 -999 -999 -999 -999 -999 -999 -999 -999 -999 -999 -999 -999 -999 -999 -999 -999 -999 -999 -999 -999 -999 -999 -999 -999 -999 -999 -999 -999 -999 -999 -999 -999 -999 -999 -999
89 84 78 78 74 70 69 69 69 73 74 91 87 87 88 97 91 76 -999 -999 -999 -999 -999 -999 -999 -999 -999 -999 -999 -999 -999 -999 -999 -999 -999 -999 -999 -999 -999 -999 -999 -999 -999 -999 -999 -999 -999 -999 -999 -999 -999 -999 -999 -999 -999 -999 -999 -999 -999 -999 -999 -999 -999 -999 -999 -999 -999 -999 -999 -999 -999 -999 -999 -999 -999 -999 -999 -999 -999 -999 -999 -999 -999 -999 -999 -999 -999 -999 -999 -999 -999 -999 -999 -999 -999 -999
81 77 84 78 71 70 70 69 75 82 83 97 84 98 99 96 84 -999 -999 -999 -999 -999 -999 -999 -999 -999 -999 -999 -999 -999 -999 -999 -999 -999 -999 -999 -999 -999 -999 -999 -999 -999 -999 -999 -999 -999 -999 -999 -999 -999 -999 -999 -999 -999 -999 -999 -999 -999 -999 -999 -999 -999 -999 -999 -999 -999 -999 -999 -999 -999 -999 -999 -999 -999 -999 -999 -999 -999 -999 -999 -999 -999 -999 -999 -999 -999 -999 -999 -999 -999 -999 -999 -999 -999 -999 -999
72 71 71 72 71 70 71 69 76 89 87 97 90 100 89 81 -999 -999 -999 -999 -999 -999 -999 -999 -999 -999 -999 -999 -999 -999 -999 -999 -999 -999 -999 -999 -999 -999 -999 -999 -999 -999 -999 -999 -999 -999 -999 -999 -999 -999 -999 -999 -999 -999 -999 -999 -999 -999 -999 -999 -999 -999 -999 -999 -999 -999 -999 -999 -999 -999 -999 -999 -999 -999 -999 -999 -999 -999 -999 -999 -999 -999 -999 -999 -999 -999 -999 -999 -999 -999 -999 -999 -999 -999 -999 -999
69 71 75 70 73 71 72 71 75 97 90 103 100 99 86 82 -999 -999 -999 -999 -999 -999 -999 -999 -999 -999 -999 -999 -999 -999 -999 -999 -999 -999 -999 -999 -999 -999 -999 -999 -999 -999 -999 -999 -999 -999 -999 -999 -999 -999 -999 -999 -999 -999 -999 -999 -999 -999 -999 -999 -999 -999 -999 -999 -999 -999 -999 -999 -999 -999 -999 -999 -999 -999 -999 -999 -999 -999 -999 -999 -999 -999 -999 -999 -999 -999 -999 -999 -999 -999 -999 -999 -999 -999 -999 -999
77 74 76 73 72 71 72 70 75 80 86 94 99 84 79 79 -999 -999 -999 -999 -999 -999 -999 -999 -999 -999 -999 -999 -999 -999 -999 -999 -999 -999 -999 -999 -999 -999 -999 -999 -999 -999 -999 -999 -999 -999 -999 -999 -999 -999 -999 -999 -999 -999 -999 -999 -999 -999 -999 -999 -999 -999 -999 -999 -999 -999 -999 -999 -999 -999 -999 -999 -999 -999 -999 -999 -999 -999 -999 -999 -999 -999 -999 -999 -999 -999 -999 -999 -999 -999 -999 -999 -999 -999 -999 -999
72 74 75 75 76 73 72 70 77 86 84 84 86 92 83 88 88 -999 -999 -999 -999 -999 -999 -999 -999 -999 -999 -999 -999 -999 -999 -999 -999 -999 -999 -999 -999 -999 -999 -999 -999 -999 -999 -999 -999 -999 -999 -999 -999 -999 -999 -999 -999 -999 -999 -999 -999 -999 -999 -999 -999 -999 -999 -999 -999 -999 -999 -999 -999 -999 -999 -999 -999 -999 -999 -999 -999 -999 -999 -999 -999 -999 -999 -999 -999 -999 -999 -999 -999 -999 -999 -999 -999 -999 -999 -999
73 80 81 81 78 74 71 70 86 87 96 94 94 99 90 97 103 100 -999 -999 -999 -999 -999 -999 -999 -999 -999 -999 -999 -999 -999 -999 -999 -999 -999 -999 -999 -999 -999 -999 -999 -999 -999 -999 -999 -999 -999 -999 -999 -999 -999 -999 -999 -999 -999 -999 -999 -999 -999 -999 -999 -999 -999 -999 -999 -999 -999 -999 -999 -999 -999 -999 -999 -999 -999 -999 -999 -999 -999 -999 -999 -999 -999 -999 -999 -999 -999 -999 -999 -999 -999 -999 -999 -999 -999 -999
78 76 82 83 77 74 70 77 79 83 93 114 115 -999 -999 -999 -999 -999 -999 -999 -999 -999 -999 -999 -999 -999 -999 -999 -999 -999 -999 -999 -999 -999 -999 -999 -999 -999 -999 -999 -999 -999 -999 -999 -999 -999 -999 -999 -999 -999 -999 -999 -999 -999 -999 -999 -999 -999 -999 -999 -999 -999 -999 -999 -999 -999 -999 -999 -999 -999 -999 -999 -999 -999 -999 -999 -999 -999 -999 -999 -999 -999 -999 -999 -999 -999 -999 -999 -999 -999 -999 -999 -999 -999 -999 -999
79 76 75 76 74 71 71 79 96 89 104 -999 -999 -999 -999 -999 -999 -999 -999 -999 -999 -999 -999 -999 -999 -999 -999 -999 -999 -999 -999 -999 -999 -999 -999 -999 -999 -999 -999 -999 -999 -999 -999 -999 -999 -999 -999 -999 -999 -999 -999 -999 -999 -999 -999 -999 -999 -999 -999 -999 -999 -999 -999 -999 -999 -999 -999 -999 -999 -999 -999 -999 -999 -999 -999 -999 -999 -999 -999 -999 -999 -999 -999 -999 -999 -999 -999 -999 -999 -999 -999 -999 -999 -999 -999 -999
97 -999 -999 -999 -999 71 74 94 105 103 -999 -999 -999 -999 -999 -999 -999 -999 -999 -999 -999 -999 -999 -999 -999 -999 -999 -999 -999 -999 -999 -999 -999 -999 -999 -999 -999 -999 -999 -999 -999 -999 -999 -999 -999 -999 -999 -999 -999 -999 -999 -999 -999 -999 -999 -999 -999 -999 -999 -999 -999 -999 -999 -999 -999 -999 -999 -999 -999 -999 -999 -999 -999 -999 -999 -999 -999 -999 -999 -999 -999 -999 -999 -999 -999 -999 -999 -999 -999 -999 -999 -999 -999 -999 -999 -999
-999 -999 -999 -999 -999 70 79 96 -999 -999 -999 -999 -999 -999 -999 -999 -999 -999 -999 -999 -999 -999 -999 -999 -999 -999 -999 -999 -999 -999 -999 -999 -999 -999 -999 -999 -999 -999 -999 -999 -999 -999 -999 -999 -999 -999 -999 -999 -999 -999 -999 -999 -999 -999 -999 -999 -999 -999 -999 -999 -999 -999 -999 -999 -999 -999 -999 -999 -999 -999 -999 -999 -999 -999 -999 -999 -999 -999 -999 -999 -999 -999 -999 -999 -999 -999 -999 -999 -999 -999 -999 -999 -999 -999 -999 -999
