DE_sunshineduration/sunshineduration_2018_07.asc
NCOLS 654
NROWS 866
XLLCORNER 3280414.711633467
YLLCORNER 5237500.62890625
CELLSIZE 1000
NODATA_VALUE -999
[rows 738 to 778 of 866, columns 94 to 187 of 654]
-999 -999 -999 -999 -999 -999 -999 -999 -999 -999 -999 -999 -999 -999 -999 -999 -999 -999 -999 -999 -999 -999 -999 -999 -999 -999 -999 -999 -999 -999 -999 -999 -999 316 317 318 318 318 318 318 318 317 317 316 315 314 312 312 308 307 308 305 304 300 299 296 292 291 291 292 289 284 280 282 283 284 281 280 279 274 273 268 271 270 270 269 267 264 265 260 260 259 258 259 260 262 264 264 264 264 268 267 268 269
-999 -999 -999 -999 -999 -999 -999 -999 -999 -999 -999 -999 -999 -999 -999 -999 -999 -999 -999 -999 -999 -999 -999 -999 -999 -999 -999 -999 -999 -999 -999 -999 316 318 318 319 319 320 321 320 319 318 318 317 315 314 314 312 308 309 309 307 304 303 299 297 294 293 291 290 288 283 284 284 281 281 277 280 277 274 272 271 273 273 270 271 269 264 267 263 260 260 260 260 262 263 264 265 266 267 267 270 268 269
-999 -999 -999 -999 -999 -999 -999 -999 -999 -999 -999 -999 -999 -999 -999 -999 -999 -999 -999 -999 -999 -999 -999 -999 -999 -999 -999 -999 -999 -999 -999 -999 317 318 319 320 321 322 322 322 321 320 319 319 317 315 314 311 308 308 308 307 306 303 300 296 293 293 291 288 282 282 287 287 283 279 277 273 274 274 274 271 270 272 274 270 265 264 266 265 263 262 264 262 264 264 264 265 267 268 268 269 268 269
-999 -999 -999 -999 -999 -999 -999 -999 -999 -999 -999 -999 -999 -999 -999 -999 -999 -999 -999 -999 -999 -999 -999 -999 -999 -999 -999 -999 -999 -999 -999 -999 317 319 319 321 322 323 323 323 323 321 320 318 318 314 311 312 308 308 306 307 305 305 302 296 296 292 289 285 283 286 288 285 281 281 278 277 275 273 273 276 271 272 274 269 266 265 268 264 267 263 261 264 264 264 265 265 267 267 271 270 270 270
-999 -999 -999 -999 -999 -999 -999 -999 -999 -999 -999 -999 -999 -999 -999 -999 -999 -999 -999 -999 -999 -999 -999 -999 -999 -999 -999 -999 -999 -999 -999 -999 318 319 320 322 323 324 324 325 324 323 321 320 318 314 309 310 309 306 306 302 303 304 301 296 297 292 290 286 288 288 287 287 284 282 277 278 279 272 276 277 274 276 274 268 268 266 267 267 267 263 265 268 266 266 268 268 268 269 268 270 269 270
-999 -999 -999 -999 -999 -999 -999 -999 -999 -999 -999 -999 -999 -999 -999 -999 -999 -999 -999 -999 -999 -999 -999 -999 -999 -999 -999 -999 -999 -999 -999 -999 318 320 321 322 324 326 326 327 326 325 323 321 318 316 311 307 306 306 304 303 303 303 300 295 297 291 289 290 289 289 285 285 282 279 281 281 278 275 275 278 279 275 273 268 270 267 268 269 265 269 268 266 266 268 269 268 269 270 269 273 272 272
-999 -999 -999 -999 -999 -999 -999 -999 -999 -999 -999 -999 -999 -999 -999 -999 -999 -999 -999 -999 -999 -999 -999 -999 -999 -999 -999 -999 -999 -999 -999 -999 318 320 321 322 324 326 327 328 326 324 323 322 319 312 311 308 306 304 305 306 304 302 301 295 295 290 289 291 289 288 284 284 277 279 279 283 278 275 276 277 279 276 273 273 273 268 269 269 266 271 267 267 268 269 270 269 270 269 269 270 270 272
-999 -999 -999 -999 -999 -999 -999 -999 -999 -999 -999 -999 -999 -999 -999 -999 -999 -999 -999 -999 -999 -999 -999 -999 -999 -999 -999 -999 -999 -999 -999 -999 318 320 321 322 324 326 326 327 325 324 322 321 315 312 314 309 309 304 303 303 303 302 297 295 295 292 292 290 288 285 283 282 279 281 283 283 279 280 280 280 279 276 272 269 271 271 272 270 270 271 271 269 269 270 270 272 270 270 271 270 271 272
-999 -999 -999 -999 -999 -999 -999 -999 -999 -999 -999 -999 -999 -999 -999 -999 -999 -999 -999 -999 -999 -999 -999 -999 -999 -999 -999 -999 -999 -999 -999 -999 318 319 320 322 323 324 324 325 323 322 319 319 317 317 315 311 309 305 304 303 302 300 298 295 295 293 291 289 286 282 283 278 278 282 279 281 282 280 277 276 278 273 272 273 271 274 274 270 273 272 272 273 271 272 271 271 271 271 271 271 272 272
-999 -999 -999 -999 -999 -999 -999 -999 -999 -999 -999 -999 -999 -999 -999 -999 -999 -999 -999 -999 -999 -999 -999 -999 -999 -999 -999 -999 -999 -999 -999 -999 317 318 319 321 322 323 323 323 323 322 320 319 317 315 312 311 309 304 300 300 299 298 296 295 293 290 286 285 282 279 276 280 280 282 284 282 283 277 278 275 275 272 275 272 275 275 276 271 274 272 271 272 274 273 272 272 272 272 272 272 272 272
-999 -999 -999 -999 -999 -999 -999 -999 -999 -999 -999 -999 -999 -999 -999 -999 -999 -999 -999 -999 -999 -999 -999 -999 -999 -999 -999 -999 -999 -999 -999 -999 316 318 319 320 321 322 322 322 320 319 317 317 316 315 314 310 307 301 302 300 299 296 295 295 293 291 288 284 281 281 278 282 282 279 281 285 279 279 278 278 275 274 275 276 273 275 275 271 275 274 274 271 273 273 273 273 272 272 272 272 272 273
-999 -999 -999 -999 -999 -999 -999 -999 -999 -999 -999 -999 -999 -999 -999 -999 -999 -999 -999 -999 -999 -999 -999 -999 -999 -999 -999 -999 -999 -999 -999 314 316 317 318 319 319 320 321 320 319 318 316 315 313 311 313 309 306 302 301 301 293 294 295 293 289 289 287 285 282 283 282 280 284 278 284 285 278 282 281 277 276 275 275 277 272 276 277 274 276 272 272 274 273 274 273 274 273 272 272 272 273 272
-999 -999 -999 -999 -999 -999 -999 -999 -999 -999 -999 -999 -999 -999 -999 -999 -999 -999 -999 -999 -999 -999 -999 -999 -999 -999 -999 -999 -999 312 313 314 315 316 317 318 319 319 319 318 318 318 317 314 312 310 310 308 304 301 300 298 295 296 295 293 290 286 288 283 286 286 281 283 282 278 280 284 281 282 277 281 276 276 276 278 277 277 280 278 276 272 273 275 274 273 273 273 273 272 272 271 272 275
-999 -999 -999 -999 -999 -999 -999 -999 -999 -999 -999 -999 -999 -999 -999 -999 -999 -999 -999 -999 -999 -999 -999 -999 -999 -999 -999 -999 311 312 312 313 314 315 316 316 318 318 318 318 317 316 316 313 313 312 310 308 302 298 295 294 295 294 294 293 290 290 284 284 286 285 283 285 283 281 282 282 281 282 281 279 277 280 276 278 277 277 280 277 274 274 274 273 272 273 273 273 273 272 272 272 272 272
-999 -999 -999 -999 -999 -999 -999 -999 -999 -999 -999 -999 -999 -999 -999 -999 -999 -999 -999 -999 -999 -999 -999 -999 -999 -999 -999 -999 311 312 312 312 314 315 315 315 317 318 318 317 316 316 316 311 309 308 307 307 303 298 294 292 293 293 294 291 292 289 285 288 287 285 286 286 281 284 280 284 281 282 284 282 280 280 281 280 277 281 280 278 275 273 274 273 272 273 273 274 272 271 272 271 271 272
-999 -999 -999 -999 -999 -999 -999 -999 -999 -999 -999 -999 -999 -999 -999 -999 -999 -999 -999 -999 -999 -999 -999 -999 -999 -999 -999 -999 310 311 312 312 313 314 315 315 315 317 316 315 315 315 312 310 310 305 307 306 301 299 296 294 293 294 291 291 291 291 290 290 288 287 287 286 286 285 284 284 278 276 281 282 283 279 279 278 280 279 277 276 274 273 273 273 272 273 273 273 272 272 272 270 272 271
-999 -999 -999 -999 -999 -999 -999 -999 -999 -999 -999 -999 -999 -999 -999 -999 -999 -999 -999 -999 -999 -999 -999 -999 -999 -999 -999 -999 310 310 311 312 312 313 313 314 315 315 314 315 314 312 309 307 308 303 304 304 301 297 295 293 295 291 289 287 287 290 288 284 284 283 283 282 284 283 282 283 282 279 276 278 279 275 278 276 277 281 276 276 273 273 273 274 273 273 273 272 272 271 271 271 271 271
-999 -999 -999 -999 -999 -999 -999 -999 -999 -999 -999 -999 -999 -999 -999 -999 -999 -999 -999 -999 -999 -999 -999 -999 -999 -999 -999 -999 310 310 310 311 312 312 312 313 314 313 313 313 313 310 306 304 306 301 301 302 301 295 293 293 292 290 286 285 288 287 286 283 281 280 282 281 280 282 285 278 282 280 277 275 276 275 275 277 276 277 280 278 276 273 273 274 272 273 272 272 270 270 269 270 270 270
-999 -999 -999 -999 -999 -999 -999 -999 -999 -999 -999 -999 -999 -999 -999 -999 -999 -999 -999 -999 -999 -999 -999 -999 -999 -999 -999 308 309 310 310 310 310 311 312 312 311 312 312 311 310 305 307 304 301 299 299 300 298 293 291 289 291 285 286 289 288 282 283 284 284 280 277 281 275 281 283 283 279 280 277 276 273 272 274 272 276 278 279 277 274 273 273 274 273 271 272 272 270 269 270 270 269 269
-999 -999 -999 -999 -999 -999 -999 -999 -999 -999 -999 -999 -999 -999 -999 -999 -999 -999 -999 -999 -999 -999 -999 -999 -999 -999 -999 308 308 309 309 309 309 310 311 310 308 310 311 310 308 308 305 303 300 301 297 298 296 292 290 287 287 283 285 287 283 280 281 283 282 280 279 278 277 281 284 283 277 276 277 274 274 274 274 275 279 275 279 278 273 273 273 272 273 272 272 271 270 269 269 269 269 269
-999 -999 -999 -999 -999 -999 -999 -999 -999 -999 -999 -999 -999 -999 -999 -999 -999 -999 -999 -999 -999 -999 -999 -999 -999 -999 -999 306 307 307 307 308 308 308 308 305 307 307 307 307 303 302 304 301 300 298 294 296 292 290 286 284 283 282 283 281 283 279 278 282 280 278 279 278 276 279 281 283 280 274 274 274 274 272 272 274 275 273 276 276 273 273 272 272 272 271 271 271 270 269 268 269 269 268
-999 -999 -999 -999 -999 -999 -999 -999 -999 -999 -999 -999 -999 -999 -999 -999 -999 -999 -999 -999 -999 -999 -999 -999 -999 -999 -999 305 306 306 306 306 307 306 306 303 306 305 303 303 300 299 297 298 298 294 292 292 289 286 284 281 281 280 282 279 278 278 278 277 277 276 274 277 274 280 282 283 278 276 275 277 275 274 274 275 275 276 274 280 277 274 272 272 271 271 271 271 270 269 268 268 268 267
-999 -999 -999 -999 -999 -999 -999 -999 -999 -999 -999 -999 -999 -999 -999 -999 -999 -999 -999 -999 -999 -999 -999 -999 -999 -999 304 304 305 305 305 305 306 305 305 303 304 304 303 301 299 297 295 295 294 292 292 292 289 286 282 283 282 281 278 279 277 276 277 276 273 276 275 272 276 280 277 280 279 280 280 274 274 273 274 275 274 275 277 277 275 272 272 272 271 270 271 271 270 268 268 268 268 267
-999 -999 -999 -999 -999 -999 -999 -999 -999 -999 -999 -999 -999 -999 -999 -999 -999 -999 -999 -999 -999 -999 -999 -999 -999 303 304 304 304 304 305 305 304 305 305 304 304 302 302 301 300 300 299 298 293 293 290 291 287 285 281 280 280 280 280 278 277 276 275 273 274 277 276 273 276 276 275 280 282 280 276 278 274 273 272 272 271 272 274 277 277 272 271 272 271 271 271 271 269 269 268 267 267 266
-999 -999 -999 -999 -999 -999 -999 -999 -999 -999 -999 -999 -999 -999 -999 -999 -999 -999 -999 -999 -999 -999 -999 -999 303 303 303 303 303 304 304 304 304 304 304 302 301 301 299 297 297 295 295 294 295 293 289 286 286 282 281 282 280 279 280 277 277 277 274 275 275 274 274 276 274 272 275 276 282 277 279 275 276 273 272 273 273 272 272 277 273 273 271 271 270 271 270 271 270 269 268 267 266 266
-999 -999 -999 -999 -999 -999 -999 -999 -999 -999 -999 -999 -999 -999 -999 -999 -999 -999 -999 -999 -999 -999 -999 -999 302 302 302 302 303 303 303 303 304 303 302 302 300 300 297 295 295 294 295 294 294 290 288 287 282 281 280 281 282 280 280 278 277 278 278 276 271 268 273 274 270 270 274 279 282 278 279 274 274 274 272 273 272 273 272 274 271 271 271 271 270 271 271 270 271 270 269 268 266 264
-999 -999 -999 -999 -999 -999 -999 -999 -999 -999 -999 -999 -999 -999 -999 -999 -999 -999 -999 -999 -999 -999 -999 302 302 302 302 302 303 303 303 303 303 303 301 301 300 299 297 296 295 294 294 294 293 292 289 286 284 280 279 280 280 279 279 278 278 279 277 275 270 267 273 273 270 272 275 279 281 275 274 277 273 271 272 272 273 273 275 275 272 270 271 271 270 271 271 272 270 270 269 267 266 264
-999 -999 -999 -999 -999 -999 -999 -999 -999 -999 -999 -999 -999 -999 -999 -999 -999 -999 -999 -999 -999 -999 -999 302 302 302 302 302 302 303 303 303 303 303 301 300 300 299 297 296 294 294 293 294 292 290 288 284 282 280 282 280 279 280 278 278 280 279 277 273 266 268 272 271 269 270 273 275 281 273 273 273 272 271 273 273 274 273 274 273 272 270 270 271 270 271 271 271 270 269 269 267 266 264
-999 -999 -999 -999 -999 -999 -999 -999 -999 -999 -999 -999 -999 -999 -999 -999 -999 -999 -999 -999 -999 -999 302 302 302 302 302 302 302 303 303 303 303 303 302 300 301 298 298 296 294 294 295 293 292 293 288 288 283 283 283 283 282 278 278 280 279 276 274 272 270 269 270 269 269 270 276 276 280 273 275 273 271 272 272 274 272 272 271 271 271 271 271 271 270 271 271 271 270 269 270 268 266 265
-999 -999 -999 -999 -999 -999 -999 -999 -999 -999 -999 -999 -999 -999 -999 -999 -999 -999 -999 -999 -999 302 301 301 302 302 302 302 302 303 303 303 303 303 303 302 300 300 299 295 296 295 295 294 293 294 292 286 284 286 283 282 282 283 280 281 277 278 276 275 273 267 270 270 268 271 272 273 278 275 276 273 273 273 273 274 270 271 272 271 272 271 271 271 270 271 271 271 271 270 268 269 266 265
-999 -999 -999 -999 -999 -999 -999 -999 -999 -999 -999 -999 -999 -999 -999 -999 -999 -999 -999 -999 -999 302 301 301 301 301 302 302 303 303 303 302 301 302 302 302 301 300 299 299 296 295 296 296 293 293 289 289 288 288 283 284 283 284 282 280 275 275 277 273 272 267 270 269 269 269 270 271 275 275 274 274 272 271 272 273 270 271 271 271 271 271 271 270 271 271 271 272 270 270 268 267 266 265
-999 -999 -999 -999 -999 -999 -999 -999 -999 -999 -999 -999 -999 -999 -999 -999 -999 -999 -999 -999 -999 301 301 301 301 301 301 300 302 301 302 302 302 302 302 302 302 301 299 299 297 297 295 295 296 292 292 287 289 289 286 286 286 282 281 280 273 274 274 273 269 269 269 270 270 271 272 271 275 274 273 274 272 270 271 271 271 271 272 271 271 271 271 271 270 270 271 270 270 269 269 268 268 265
-999 -999 -999 -999 -999 -999 -999 -999 -999 -999 -999 -999 -999 -999 -999 -999 -999 -999 -999 -999 300 300 301 301 300 300 301 300 301 301 301 302 303 302 302 302 302 302 301 301 299 298 298 298 295 292 290 290 288 289 289 288 285 280 276 278 275 272 267 270 265 267 269 269 269 269 270 274 277 276 276 275 273 271 271 272 272 271 272 271 270 272 271 270 271 270 270 270 269 269 270 268 267 266
-999 -999 -999 -999 -999 -999 -999 -999 -999 -999 -999 -999 -999 -999 -999 -999 -999 -999 -999 -999 300 300 300 299 300 301 300 298 300 300 302 303 303 303 303 303 302 303 302 302 301 300 299 299 297 294 291 292 290 287 291 289 287 283 279 274 272 273 272 269 267 267 271 269 269 270 269 271 274 273 275 275 272 271 272 272 272 271 271 272 271 271 272 271 271 271 270 270 270 269 268 267 267 266
-999 -999 -999 -999 -999 -999 -999 -999 -999 -999 -999 -999 -999 -999 -999 -999 -999 -999 -999 -999 300 299 300 298 298 298 298 299 298 301 302 303 303 303 303 303 303 303 303 303 302 301 300 298 298 295 293 294 290 292 291 288 285 286 280 280 279 276 269 266 266 266 269 269 269 270 270 269 272 272 273 272 271 271 272 272 270 271 271 271 272 271 272 272 272 270 270 270 269 269 268 268 267 266
-999 -999 -999 -999 -999 -999 -999 -999 -999 -999 -999 -999 -999 -999 -999 -999 -999 -999 -999 -999 300 300 300 299 298 301 300 299 297 301 302 302 303 303 303 303 304 304 303 303 303 302 301 299 299 297 295 292 295 293 290 289 282 285 286 284 281 272 274 272 272 269 267 269 270 268 270 269 270 270 273 271 272 270 270 271 271 271 272 272 272 271 272 272 271 271 270 271 271 268 267 268 268 267
-999 -999 -999 -999 -999 -999 -999 -999 -999 -999 -999 -999 -999 -999 -999 -999 -999 -999 -999 300 300 300 300 301 301 298 300 299 297 301 302 303 304 304 303 304 304 304 304 304 304 303 303 301 299 298 296 297 296 294 291 288 283 281 284 283 282 279 278 279 275 269 268 269 270 270 269 271 270 270 270 270 271 270 271 270 271 270 271 272 272 271 271 271 271 272 271 269 270 269 268 268 268 269
-999 -999 -999 -999 -999 -999 -999 -999 -999 -999 -999 -999 -999 -999 -999 -999 -999 -999 -999 300 300 300 299 299 299 299 296 296 300 302 302 303 304 304 305 305 305 305 305 305 305 304 304 303 301 300 299 298 295 292 289 284 283 277 281 282 284 285 280 276 278 274 270 271 271 269 270 270 270 269 270 271 271 270 271 272 271 271 271 271 271 271 271 272 271 271 271 270 268 269 269 268 269 269
-999 -999 -999 -999 -999 -999 -999 -999 -999 -999 -999 -999 -999 -999 -999 -999 -999 -999 -999 300 300 300 299 297 298 299 298 299 301 303 303 303 304 305 305 305 305 306 306 306 305 305 304 303 302 301 297 295 291 292 289 279 281 274 282 276 277 280 283 278 279 274 271 270 271 269 270 270 270 272 272 270 271 270 270 271 270 271 272 271 271 272 272 272 271 271 271 271 270 269 269 270 269 269
-999 -999 -999 -999 -999 -999 -999 -999 -999 -999 -999 -999 -999 -999 -999 -999 -999 -999 -999 300 300 300 300 298 298 297 300 300 300 303 303 303 304 305 305 305 306 306 306 306 306 306 304 304 303 300 296 292 290 289 285 281 274 276 280 278 274 281 284 278 276 275 274 271 272 272 271 272 269 270 271 271 271 271 270 270 270 270 271 272 271 272 272 272 273 271 271 271 270 270 270 270 270 270
-999 -999 -999 -999 -999 -999 -999 -999 -999 -999 -999 -999 -999 -999 -999 -999 -999 -999 -999 300 300 300 299 299 299 299 301 301 302 302 303 303 304 305 305 306 306 307 307 307 307 306 305 304 303 301 297 292 293 289 283 277 275 275 275 274 275 280 285 280 275 274 273 270 270 272 271 272 270 271 271 271 272 272 270 270 271 270 270 271 272 272 272 272 273 273 272 271 271 270 271 271 271 271
