DE_sunshineduration/sunshineduration_2018_03.asc
NCOLS 654
NROWS 866
XLLCORNER 3280414.711633467
YLLCORNER 5237500.62890625
CELLSIZE 1000
NODATA_VALUE -999
[rows 420 to 461 of 866, columns 470 to 563 of 654]
130 130 130 130 129 127 126 126 127 126 125 126 126 126 126 126 126 126 126 126 126 126 126 126 126 126 126 126 126 126 126 126 126 126 126 126 126 126 126 126 126 126 126 126 126 126 126 126 125 125 125 125 124 124 123 123 124 123 123 124 123 125 125 125 125 126 126 125 126 126 126 126 127 127 127 127 128 129 129 129 129 129 129 129 129 129 129 129 129 128 128 128 127 126
131 130 130 129 128 128 127 127 127 126 126 125 126 126 126 126 126 126 126 126 126 126 126 126 126 126 126 126 126 126 126 126 126 126 126 126 126 126 126 126 126 126 126 126 126 126 126 126 125 125 125 125 124 123 123 123 123 123 124 123 124 125 125 125 126 125 125 125 125 126 126 126 127 127 127 128 128 129 129 129 130 130 129 129 129 129 129 129 129 128 128 128 127 126
130 130 129 129 128 128 127 127 127 126 126 126 125 126 126 126 126 126 126 126 126 126 126 126 126 126 126 126 126 126 126 126 126 126 126 126 126 126 126 126 126 126 126 126 126 126 126 125 125 125 125 125 123 124 124 124 124 124 124 124 124 124 125 124 126 125 125 125 125 126 126 126 127 127 128 128 129 130 130 130 131 131 130 130 130 130 129 129 129 128 128 127 127 127
130 130 129 129 128 127 127 127 127 126 126 126 125 125 125 125 126 126 126 126 126 126 126 126 126 126 126 126 126 126 127 126 126 126 127 126 126 126 126 126 126 126 126 126 126 125 125 125 125 125 125 125 123 123 124 124 124 124 124 124 124 125 124 124 124 125 125 125 125 125 126 126 127 127 128 128 129 130 131 131 131 131 131 131 130 130 130 129 129 128 128 128 128 126
130 129 129 129 128 127 127 127 126 126 126 125 125 125 125 126 126 126 126 126 126 126 126 126 126 126 126 126 126 127 127 127 126 126 126 126 126 126 126 126 126 126 126 126 126 125 125 125 125 125 125 125 124 124 123 124 124 124 124 124 124 125 124 124 124 125 125 125 125 125 125 126 127 128 128 128 129 131 131 131 132 132 132 132 131 130 130 130 129 128 128 128 127 127
129 129 129 128 128 127 127 127 126 126 126 126 126 126 126 125 126 126 126 126 126 125 126 126 126 126 126 126 126 126 126 126 127 126 126 126 126 126 126 126 126 126 126 126 125 125 125 125 125 125 125 125 124 124 124 124 124 124 124 124 124 125 124 125 125 125 125 125 125 125 125 127 127 128 128 129 130 131 131 132 132 132 132 132 131 130 130 129 129 128 128 128 127 127
129 128 128 128 127 127 127 126 126 126 126 126 126 126 126 125 126 126 125 126 125 126 126 126 126 126 126 126 126 126 126 126 127 127 126 126 126 126 125 126 126 126 125 126 125 125 125 125 125 125 124 124 124 124 124 124 124 124 124 124 125 125 125 125 126 125 125 125 125 125 126 126 127 128 128 129 130 130 131 132 133 133 132 132 131 130 130 129 129 128 128 127 127 128
128 128 127 127 127 126 126 126 126 126 126 126 126 125 124 125 125 125 125 126 126 126 126 126 126 126 126 126 126 126 126 126 126 126 126 126 125 125 125 125 125 125 125 125 125 126 125 125 125 124 124 124 124 124 124 124 124 124 124 124 124 124 125 125 125 126 125 125 125 126 126 126 127 128 128 129 130 131 131 132 132 132 132 132 131 130 129 129 129 129 129 129 127 126
127 127 127 127 127 126 126 126 126 126 126 126 125 125 124 125 126 126 126 126 126 126 126 126 126 126 126 126 126 126 126 126 126 125 125 125 125 125 125 125 125 125 125 125 126 126 125 125 125 124 124 124 124 124 124 124 124 124 124 124 123 125 125 125 125 126 126 125 125 126 126 126 127 128 128 128 129 130 131 131 131 132 132 131 130 129 129 129 128 129 129 129 127 126
127 127 127 127 126 126 126 126 126 126 126 126 125 125 125 125 125 126 126 126 127 126 126 127 126 126 127 127 127 126 126 126 126 125 125 125 125 125 125 125 125 125 125 125 126 126 125 125 125 124 124 124 124 124 124 124 124 124 124 124 124 125 125 125 126 126 126 126 125 125 126 126 126 127 127 127 128 129 130 131 131 131 131 131 130 129 129 128 128 129 128 128 128 127
127 126 126 126 126 126 126 125 125 125 125 125 125 125 125 125 125 125 125 126 127 127 127 127 127 127 127 127 127 127 126 126 126 125 125 125 125 125 125 124 125 124 126 126 126 126 126 125 125 125 124 124 124 125 125 124 124 124 124 124 125 125 125 126 126 125 126 126 125 126 125 125 126 126 127 127 128 128 128 129 129 130 130 130 129 129 128 128 128 128 127 127 128 127
126 126 126 126 126 125 125 125 125 125 124 124 125 125 125 125 125 125 125 125 127 126 127 127 127 127 127 127 127 127 126 126 126 125 125 125 125 124 124 124 125 124 125 125 126 126 125 125 125 125 125 125 125 125 125 125 124 125 124 124 124 125 125 126 126 125 125 125 125 125 125 125 125 126 126 127 127 127 127 128 128 128 128 127 128 128 127 127 128 127 127 128 128 127
126 126 126 126 125 125 125 125 125 124 124 124 125 125 125 125 125 125 125 125 126 127 127 127 127 127 127 127 127 127 127 127 125 125 126 125 125 125 124 124 125 125 125 125 125 126 125 126 125 125 125 126 125 125 125 125 125 125 124 124 125 125 125 126 126 126 126 125 125 125 125 125 126 126 126 126 126 127 127 127 127 127 127 128 127 127 127 127 127 128 128 127 126 127
126 126 126 125 125 125 125 125 124 124 124 124 124 125 125 125 125 125 125 125 125 126 126 126 127 127 127 127 127 127 127 126 126 126 126 126 125 124 125 124 124 125 125 125 125 126 126 126 126 125 126 125 125 125 125 125 125 125 124 125 125 126 125 126 126 126 126 126 126 126 126 126 126 126 127 126 126 126 127 127 126 126 127 126 126 126 127 127 127 127 127 128 127 127
125 125 125 125 125 125 124 124 124 124 124 124 124 124 124 124 125 124 125 125 125 126 127 127 127 127 127 127 127 127 126 125 126 126 125 124 125 125 125 125 124 124 125 125 124 125 126 125 125 126 126 126 125 125 125 125 125 125 125 124 125 125 125 126 126 126 126 126 126 126 126 126 126 127 127 126 126 126 126 126 126 126 126 126 125 125 125 126 126 127 127 127 127 127
125 125 124 124 124 124 124 124 124 124 124 124 124 124 124 124 124 124 125 126 126 126 127 127 127 127 127 127 127 126 125 125 125 124 125 124 125 125 125 124 124 124 124 125 124 124 124 125 125 125 126 126 126 125 125 125 124 124 124 125 125 125 125 125 126 126 126 126 126 126 126 126 126 126 125 126 126 126 125 125 126 125 125 125 125 125 125 125 126 126 127 127 127 126
125 124 124 124 124 124 124 124 124 124 124 124 124 124 124 124 124 125 124 125 126 127 126 127 127 127 127 127 125 125 126 125 125 125 125 125 125 125 125 125 124 124 124 125 125 124 125 125 126 126 125 125 124 125 125 124 124 125 125 124 125 125 125 125 125 126 126 126 126 126 126 126 126 126 126 126 126 126 125 125 125 125 125 125 125 125 125 125 125 126 126 127 127 126
124 124 124 124 124 124 124 124 124 124 125 124 124 124 124 124 124 124 125 125 126 126 127 127 127 127 127 127 126 125 125 126 125 125 125 125 125 125 125 125 124 125 125 125 125 125 125 124 126 126 126 125 126 125 125 125 125 125 125 125 125 125 125 125 125 126 126 126 126 126 126 126 126 126 126 126 125 126 126 125 125 125 125 125 125 125 125 125 125 125 126 127 127 126
124 124 124 123 124 124 124 124 124 124 124 124 124 124 124 124 124 124 124 124 126 126 126 127 127 127 126 126 126 126 125 125 125 125 125 125 125 125 125 125 125 125 125 125 125 125 125 125 125 126 126 125 125 125 125 125 125 125 125 125 125 125 125 125 125 125 125 126 126 126 126 126 126 126 126 126 126 126 125 126 126 126 126 125 125 125 125 125 125 125 125 126 127 126
124 123 123 123 123 123 123 123 123 123 123 123 124 124 124 124 124 124 124 124 125 125 126 126 126 126 126 126 126 125 124 125 125 125 125 125 125 125 125 125 124 125 125 125 125 125 125 125 125 125 125 125 124 125 125 125 125 124 124 124 124 124 124 124 125 125 125 125 125 125 125 125 125 124 124 124 126 125 125 125 125 125 125 124 125 125 125 125 125 125 125 125 125 125
123 123 123 123 123 123 123 123 123 124 124 123 123 124 124 124 124 124 124 125 124 125 125 126 126 126 126 126 125 125 124 125 125 125 125 125 125 125 125 125 125 125 125 125 125 125 125 125 125 125 125 125 125 124 125 125 124 124 124 124 124 124 124 124 124 125 126 125 125 125 125 125 125 125 124 124 124 125 126 125 125 125 125 125 125 125 125 125 125 125 125 125 124 124
123 123 123 123 123 123 124 124 124 123 124 124 124 124 124 124 124 124 125 125 125 125 126 126 125 126 126 125 124 124 124 124 125 125 125 125 125 125 125 125 125 125 125 125 125 125 125 125 125 125 125 125 125 125 125 125 124 124 125 125 124 124 124 124 124 125 126 124 124 124 125 124 124 124 125 124 124 125 125 125 125 125 125 125 125 125 125 124 124 124 125 124 124 124
123 123 123 123 123 123 123 124 124 124 124 124 124 124 123 123 124 124 124 125 125 125 125 125 125 125 125 125 125 125 125 124 125 125 124 124 125 125 124 124 125 125 124 124 125 125 124 124 125 125 125 124 125 125 124 124 124 124 124 124 125 124 124 124 125 125 124 124 124 124 122 124 125 124 124 123 124 123 124 124 125 124 125 124 124 124 123 124 124 124 124 123 123 123
122 122 122 122 123 122 123 122 123 123 123 123 124 124 123 123 123 123 124 124 123 124 124 124 125 124 124 124 124 123 123 124 124 124 124 124 124 124 124 124 124 124 124 124 124 124 124 124 124 125 125 125 125 124 124 124 124 123 123 123 124 124 124 123 123 124 123 124 124 123 122 123 123 123 122 122 124 123 123 124 124 124 124 124 124 123 123 124 124 124 122 123 123 122
122 122 122 123 123 122 123 122 123 123 123 123 123 124 123 123 123 124 124 124 124 124 124 124 124 124 124 124 124 123 124 124 124 124 124 124 124 124 124 124 124 124 124 124 124 124 124 124 124 125 125 124 124 124 124 124 123 123 123 123 124 124 124 123 124 123 122 123 123 123 122 122 122 121 121 122 123 124 124 123 123 123 123 123 123 124 123 123 123 123 123 123 122 122
122 122 122 122 123 123 123 123 122 123 123 122 122 123 123 123 123 124 124 124 124 124 124 124 124 124 124 124 124 124 124 123 124 124 124 124 124 124 124 124 123 124 124 124 124 124 124 124 125 125 125 125 124 124 125 123 123 123 123 123 123 124 124 123 123 123 122 123 122 122 123 121 121 122 122 122 122 123 124 124 124 123 123 122 122 122 124 123 122 123 123 123 122 123
122 122 122 122 123 123 123 122 122 122 123 123 123 122 122 123 123 124 124 124 124 123 123 123 123 123 123 123 123 123 124 124 124 124 123 123 123 123 123 123 123 123 123 123 123 123 124 124 125 125 124 124 123 123 124 124 124 124 123 123 124 123 123 123 123 122 122 122 122 121 122 120 121 122 121 121 122 122 123 123 123 122 122 122 121 121 122 122 123 122 122 122 122 122
122 122 122 122 122 121 122 122 122 122 122 122 123 122 122 122 122 122 123 123 123 123 123 123 123 123 123 123 123 123 123 123 123 123 123 123 124 123 122 122 122 123 123 124 123 123 123 124 124 124 124 124 123 122 122 122 123 123 123 123 123 123 123 123 122 122 121 121 121 121 120 121 121 121 121 122 121 123 122 123 123 121 121 120 120 121 121 122 122 122 121 121 122 121
121 122 122 122 122 122 122 121 121 122 122 122 122 122 122 123 122 123 123 123 123 123 123 123 123 123 123 123 123 123 123 123 123 123 124 124 123 122 122 122 122 122 123 122 123 124 124 124 124 124 124 124 123 123 122 123 123 123 123 123 123 123 123 123 122 121 121 121 121 120 119 120 121 121 121 121 121 121 122 122 122 122 122 122 121 120 121 122 121 122 122 122 122 121
121 122 122 122 121 121 121 121 122 122 121 121 121 122 122 123 123 122 123 123 123 123 123 123 123 123 123 123 123 123 123 123 123 124 124 123 122 122 122 123 123 123 123 123 123 124 124 124 124 124 124 124 123 123 123 123 122 123 123 122 122 123 123 122 121 122 121 120 120 120 120 120 120 120 121 121 121 122 122 122 120 121 122 121 120 120 122 122 121 120 121 121 121 121
121 121 121 121 121 121 122 122 122 122 122 121 121 121 121 122 123 121 122 123 123 123 123 123 123 123 123 123 123 123 123 121 123 122 123 122 122 122 122 123 123 123 123 123 123 122 123 123 123 123 123 123 123 123 123 123 123 123 123 122 122 122 121 121 121 120 121 120 120 120 119 120 120 120 120 120 120 120 120 120 120 120 121 120 121 121 121 120 120 119 120 120 120 120
121 120 120 120 121 121 121 122 122 122 122 121 121 122 121 122 122 122 122 121 122 123 123 123 123 123 123 123 123 122 122 122 122 122 122 122 122 122 123 123 123 123 123 123 123 122 121 123 123 123 123 123 123 123 123 123 123 122 122 122 122 121 120 120 120 120 119 121 120 120 120 120 120 119 119 119 119 118 118 118 119 120 120 119 120 120 120 119 118 120 119 119 119 119
121 120 121 121 121 122 122 122 122 121 121 122 122 121 121 122 122 122 122 122 122 123 123 123 123 123 123 123 123 122 122 122 122 122 122 122 122 123 122 123 123 123 123 124 122 122 122 122 122 123 123 123 123 123 123 123 122 122 122 122 121 120 120 120 120 120 119 120 119 120 121 119 119 118 118 118 117 116 117 117 118 119 119 119 118 120 120 119 119 118 119 118 118 118
120 120 121 121 121 122 122 122 122 121 122 121 121 122 122 122 122 122 122 122 122 123 123 123 123 123 123 123 122 122 122 122 122 122 122 122 122 123 123 123 123 124 124 123 122 122 122 122 122 122 123 123 122 123 123 122 122 122 122 121 120 120 120 119 119 119 120 120 120 119 120 120 118 117 117 116 116 116 116 116 116 117 118 117 118 117 118 117 117 118 118 117 117 117
120 121 121 121 121 121 122 122 122 121 122 122 122 122 122 122 122 122 122 122 122 122 122 123 123 123 122 122 122 122 122 122 122 122 122 121 123 123 122 122 122 122 123 122 123 122 122 122 122 122 122 123 123 123 123 122 122 121 121 121 121 120 119 119 120 119 119 119 119 118 117 118 118 116 115 115 114 114 114 114 115 115 115 115 116 116 116 115 116 115 115 115 116 116
120 121 121 121 121 120 121 121 121 122 122 122 122 122 122 122 122 122 122 122 122 122 122 122 122 122 122 123 122 122 122 122 122 121 121 121 121 122 122 123 122 123 122 121 121 121 121 121 121 121 121 122 123 122 122 122 122 121 120 120 121 119 118 119 119 119 118 118 118 117 116 116 116 115 114 113 113 112 111 113 113 113 112 113 113 113 112 113 112 113 112 113 114 114
120 121 121 121 121 120 121 120 120 121 122 122 122 122 122 122 122 122 123 122 122 122 122 122 122 122 122 122 122 122 122 122 122 121 121 122 121 122 122 123 122 122 122 122 121 122 122 121 121 122 121 122 122 122 122 122 121 120 120 120 120 119 118 119 118 118 118 118 117 116 116 115 115 114 112 113 112 110 111 111 111 111 111 111 111 112 112 110 110 111 111 111 112 113
121 121 121 121 121 120 121 121 121 122 122 122 122 122 122 123 122 123 123 123 122 122 122 122 122 122 122 122 122 122 122 122 121 121 122 122 122 122 122 121 122 122 121 121 122 122 122 122 121 122 121 121 121 122 122 121 121 121 120 119 119 119 119 117 118 118 117 117 116 116 115 114 113 113 112 112 111 110 109 111 110 109 110 109 109 108 109 109 108 109 110 111 111 112
121 121 120 120 120 121 121 120 121 121 121 121 122 121 122 123 123 123 123 123 123 122 122 122 122 122 122 123 123 122 122 122 122 121 121 121 122 121 121 121 121 121 121 120 121 121 121 121 121 121 120 121 121 121 121 121 120 120 118 119 119 118 118 117 117 117 116 116 115 114 114 114 112 112 111 110 111 109 108 108 108 108 107 106 106 106 106 106 108 107 109 109 109 111
120 120 120 120 119 120 120 120 121 121 121 122 121 121 121 122 123 123 122 123 123 122 122 122 122 122 122 122 122 122 122 122 121 121 121 121 120 120 119 119 120 120 120 120 120 121 121 121 121 121 120 120 121 120 120 120 120 119 117 117 118 118 117 117 117 116 115 115 114 113 113 112 111 110 111 110 109 107 106 105 107 105 104 104 104 102 103 104 106 106 106 107 109 109
120 120 119 119 120 120 120 120 121 121 121 121 122 122 121 122 123 123 123 123 122 123 123 122 122 122 122 122 123 123 122 122 121 121 122 121 120 119 119 119 119 119 120 120 121 121 121 121 121 120 120 120 120 120 120 120 119 117 117 117 117 117 117 117 116 115 115 115 113 112 111 111 111 110 110 110 108 107 105 106 104 104 103 103 103 101 101 102 103 105 105 106 107 109
120 119 119 119 120 120 120 120 120 121 122 122 122 122 122 122 122 123 123 123 122 123 122 122 122 122 122 122 122 123 123 122 122 122 122 120 120 119 120 120 119 120 120 121 121 121 121 121 120 120 120 120 119 120 120 119 119 118 118 117 117 116 117 116 115 115 114 114 113 111 111 111 111 109 110 109 107 106 105 104 103 102 102 102 100 100 99 100 102 103 104 106 107 109
