DE_airtemperature/2018_10_airtemp.asc
NCOLS 654
NROWS 866
XLLCORNER 3280414.711633467
YLLCORNER 5237500.62890625
CELLSIZE 1000
NODATA_VALUE -999
[rows 688 to 730 of 866, columns 192 to 287 of 654]
110 114 111 111 114 110 112 107 107 107 106 106 107 107 105 106 106 106 107 111 108 111 111 112 113 111 110 112 113 113 115 116 118 116 116 116 116 116 119 120 120 120 121 121 122 122 122 122 120 120 119 120 120 120 117 117 118 117 116 110 112 112 113 108 113 114 114 109 107 106 103 101 103 102 102 101 102 101 104 105 103 104 104 102 101 102 106 103 105 103 104 105 104 105 105 105
108 110 108 113 109 108 110 113 110 106 106 105 107 105 106 106 106 110 106 107 107 107 108 109 109 110 111 112 113 114 114 117 116 117 116 116 116 117 119 120 120 121 122 123 122 123 123 119 121 121 121 119 120 117 116 116 117 115 114 114 110 112 110 109 109 111 114 111 111 108 103 102 101 103 102 102 102 101 101 104 105 105 104 103 102 102 104 105 103 104 104 106 105 105 106 105
109 110 105 112 112 108 108 107 110 107 105 105 105 105 106 107 109 106 105 106 106 107 108 110 112 109 109 111 112 114 115 116 115 115 116 117 117 117 120 121 121 122 123 123 123 124 122 119 119 119 121 120 117 116 112 114 116 111 111 111 112 111 110 108 108 109 114 112 110 107 106 106 102 102 101 102 102 102 102 103 102 102 102 103 105 103 104 104 107 105 108 108 106 107 108 106
101 102 106 106 109 106 105 104 112 105 104 104 104 105 106 107 104 105 106 105 106 108 109 108 110 110 109 111 113 113 114 117 115 115 116 117 118 117 120 122 123 125 124 125 125 124 122 120 120 119 122 118 117 117 116 111 110 113 107 110 111 111 109 111 108 109 114 113 110 107 105 107 104 106 103 102 102 102 104 102 103 102 102 104 104 105 106 106 108 105 105 105 105 106 106 108
104 102 102 104 111 113 105 103 105 111 111 107 105 106 105 106 105 105 105 105 106 106 107 109 109 108 110 112 112 113 114 116 116 115 116 117 117 117 120 122 125 125 125 127 125 122 121 119 119 120 122 119 119 118 118 111 114 109 106 105 110 108 109 111 114 111 112 113 111 110 106 109 106 103 108 104 102 104 102 106 104 104 107 105 105 105 104 106 106 106 106 106 105 105 105 106
101 101 100 101 100 106 113 102 102 105 104 106 106 107 106 107 104 105 105 105 106 105 106 107 106 108 109 110 112 112 113 116 116 116 117 117 118 118 120 122 124 124 125 127 123 122 121 119 120 120 119 120 119 118 118 117 113 113 110 110 108 108 107 109 112 114 110 112 112 112 109 110 109 106 109 106 106 107 106 107 104 106 108 108 105 105 106 108 109 108 106 106 108 109 108 108
99 99 98 98 101 106 112 103 103 103 104 105 110 106 107 107 105 107 105 105 105 105 106 106 107 107 107 109 111 112 113 115 116 116 117 117 117 117 119 122 123 122 123 125 124 121 121 119 119 119 119 119 119 120 119 118 117 117 116 112 109 109 112 109 110 113 113 114 112 112 110 110 108 107 109 109 108 109 108 106 109 108 105 105 105 108 106 107 109 106 107 110 109 108 107 108
97 97 98 100 102 103 104 107 103 103 104 106 108 108 107 106 105 108 107 105 105 105 106 107 106 107 110 111 111 113 114 115 116 116 116 117 117 119 120 121 120 122 124 124 123 121 119 119 118 118 118 118 119 119 118 118 117 116 115 115 115 115 114 113 113 113 113 112 113 113 112 111 108 104 105 110 109 110 109 106 111 108 107 109 106 108 110 112 109 111 111 108 109 108 108 108
98 98 102 101 101 101 101 111 106 104 104 104 105 107 109 108 107 106 104 104 105 105 107 107 107 108 110 111 111 107 112 114 115 115 115 117 115 115 119 118 119 123 123 123 122 122 119 117 116 117 116 118 118 119 116 116 116 112 109 114 114 114 114 113 113 112 112 110 111 110 113 111 107 108 108 109 109 112 111 111 111 105 106 109 109 110 110 109 109 108 108 107 108 109 109 108
97 99 100 99 100 101 101 111 101 105 103 105 105 106 106 109 106 104 105 105 106 105 107 108 108 109 111 111 111 109 109 112 111 111 113 114 115 116 115 117 119 121 122 122 122 122 119 117 111 110 115 117 118 116 115 111 116 115 110 106 109 110 112 109 112 111 110 107 104 109 111 111 111 108 112 111 108 107 105 107 109 111 111 112 111 107 109 111 109 109 109 109 108 107 106 104
97 97 97 96 98 99 100 103 105 102 103 103 103 103 106 108 109 107 105 107 107 106 107 108 106 107 110 110 111 110 109 109 109 109 109 112 113 116 115 115 119 119 120 121 121 121 119 115 113 111 108 114 116 112 115 109 108 115 109 110 106 107 109 108 106 104 104 105 101 102 103 107 111 112 111 107 104 106 106 108 112 109 107 110 109 110 108 109 109 109 108 108 105 104 98 106
98 94 94 97 99 100 101 110 103 102 102 103 102 103 106 107 109 108 106 107 107 107 108 108 107 106 107 106 109 110 111 110 108 109 109 110 112 114 114 114 119 118 118 114 116 121 121 115 115 110 110 111 115 109 110 111 109 114 111 110 107 104 105 106 102 104 105 102 102 104 103 105 105 104 104 106 109 108 106 108 107 110 108 110 111 109 109 109 109 107 103 108 105 104 106 104
95 97 96 96 97 98 100 109 102 102 103 102 102 100 103 104 107 108 107 107 104 107 108 108 108 108 109 108 108 110 109 111 109 109 111 110 111 111 112 112 118 115 112 113 117 116 120 118 112 112 114 109 109 110 108 110 107 109 113 109 105 105 107 103 104 102 106 104 106 103 106 103 107 104 106 108 106 107 107 108 107 107 107 108 107 106 106 109 109 106 107 107 107 105 97 97
96 95 96 97 100 99 100 101 102 102 102 102 101 103 103 103 104 107 108 106 104 105 105 108 105 104 106 107 106 107 107 108 110 111 110 110 111 116 116 117 112 110 113 117 119 117 118 119 112 114 112 113 108 110 110 107 110 111 109 106 105 108 104 104 102 106 107 108 103 102 104 106 106 106 106 106 106 108 108 107 106 104 105 104 105 103 103 105 108 106 98 103 97 104 95 98
96 96 96 97 98 98 100 107 105 102 101 101 104 104 105 106 107 107 108 105 103 103 105 106 107 107 107 106 108 108 107 108 109 110 110 109 112 115 113 110 111 110 111 112 111 113 113 119 115 112 114 115 111 110 107 108 107 110 106 104 105 107 106 106 104 102 104 107 106 105 104 106 106 107 107 110 110 108 106 104 100 106 109 109 106 103 104 98 101 106 103 101 96 96 98 99
96 96 97 98 100 103 108 109 106 102 102 102 101 100 100 101 103 104 108 105 103 104 104 106 105 106 106 108 106 105 105 107 108 107 109 109 110 110 111 111 111 111 112 111 110 110 113 117 117 117 117 117 115 112 111 110 107 107 108 105 104 107 106 106 106 105 103 106 109 104 104 105 106 107 110 109 108 108 108 108 105 107 109 109 107 106 107 105 102 102 95 101 96 97 98 97
96 96 97 97 98 99 101 105 104 103 104 103 103 102 103 104 105 104 107 108 105 105 104 104 105 106 107 107 107 106 106 105 106 106 108 109 110 110 111 111 112 112 113 110 110 111 111 111 113 113 113 117 117 115 113 114 112 109 106 108 105 107 107 106 106 106 105 105 109 108 106 107 108 108 109 109 110 110 108 108 108 109 110 110 105 108 106 107 102 103 98 102 105 98 97 99
97 95 95 97 99 100 102 105 109 103 104 103 103 101 101 101 102 103 107 106 106 106 104 105 106 106 107 106 108 105 105 106 106 106 106 109 110 110 111 112 111 112 112 112 111 112 112 111 112 111 112 113 117 116 116 115 115 114 108 105 109 108 106 107 109 108 110 111 111 108 109 108 108 109 109 109 108 108 109 108 109 110 108 109 105 109 106 108 106 99 105 99 105 98 98 98
95 95 97 97 99 101 101 104 110 107 105 100 100 101 102 103 102 103 104 107 105 105 105 105 106 106 108 108 106 106 107 107 107 106 108 107 110 110 110 111 112 113 113 113 114 114 115 112 112 113 112 112 112 114 113 113 113 111 112 108 109 111 111 111 110 109 109 109 108 110 110 110 110 110 110 110 110 110 109 109 109 110 109 106 104 107 110 106 109 105 109 106 102 98 98 98
95 96 97 99 99 99 103 103 109 106 101 103 104 101 103 103 102 103 103 105 105 108 106 106 107 106 108 108 108 108 108 108 106 107 109 109 108 108 110 111 112 112 113 113 113 113 113 112 114 114 113 112 115 113 112 110 109 111 111 112 109 109 107 108 107 107 106 106 105 108 108 108 108 109 109 111 111 111 111 111 110 110 109 107 107 108 111 109 111 109 106 100 102 102 100 100
97 97 101 99 106 100 101 109 104 105 105 102 102 103 104 103 104 103 103 103 106 105 106 107 107 107 108 108 108 106 107 107 107 107 109 109 109 109 110 110 111 111 113 113 113 114 114 113 113 113 114 115 113 112 112 110 112 113 110 108 108 109 109 108 107 107 105 105 106 108 107 107 108 109 109 108 110 111 110 110 110 110 110 110 110 110 111 111 104 100 101 102 102 104 101 100
96 97 98 104 100 102 101 110 103 99 103 100 101 101 103 104 104 105 104 105 107 104 105 107 107 107 108 108 108 106 106 106 107 109 108 108 109 108 109 111 111 111 113 113 114 114 114 113 113 113 114 113 112 112 113 113 112 109 109 109 107 106 107 107 107 106 105 105 106 107 106 107 107 108 109 107 109 109 110 109 109 109 111 111 112 110 111 111 109 102 103 102 104 103 101 102
97 96 103 99 99 106 102 110 109 103 100 100 101 101 102 104 104 103 106 103 104 104 104 107 107 106 107 107 107 106 107 106 108 109 108 107 109 109 110 110 112 112 113 113 114 113 114 113 112 112 111 112 113 113 113 112 111 113 108 108 106 105 105 106 106 106 106 106 106 105 107 105 107 108 106 107 109 108 109 109 109 108 110 110 111 110 107 107 109 104 104 104 104 106 103 102
97 97 103 99 100 99 101 110 104 102 101 102 100 101 102 101 101 103 105 103 103 107 105 106 106 104 104 105 106 105 105 108 108 109 110 109 109 109 111 109 109 111 112 112 111 112 111 110 110 111 111 112 112 114 113 111 110 110 108 106 105 104 103 106 106 104 106 106 105 106 106 105 105 106 106 107 107 108 108 107 106 108 108 109 110 110 106 103 103 104 104 103 105 109 103 103
99 100 97 99 100 102 104 110 103 102 103 102 100 100 101 100 102 103 104 104 104 106 107 107 106 105 106 104 105 106 108 109 109 109 109 110 109 109 110 111 110 109 111 112 111 110 110 110 111 111 110 111 112 113 113 110 108 111 109 108 107 105 106 105 104 104 105 105 105 105 106 105 105 105 106 106 107 106 104 107 106 101 105 106 106 110 108 102 102 103 104 103 105 107 106 103
99 98 99 101 101 101 102 106 103 104 106 105 104 100 101 102 102 102 103 104 105 106 106 106 105 106 107 106 105 106 107 109 111 109 111 111 110 110 109 113 109 109 110 112 110 111 112 111 111 111 110 112 111 114 113 111 108 108 108 107 107 107 106 106 105 105 106 106 105 105 104 104 105 105 104 105 106 104 103 104 102 103 99 102 107 107 110 100 102 105 105 105 111 108 104 101
98 98 99 100 100 101 102 104 104 107 104 100 100 100 100 101 103 103 104 104 105 106 107 106 105 105 105 105 106 106 108 108 108 108 109 111 112 111 113 112 112 111 108 114 111 112 113 112 111 112 113 114 114 114 112 110 110 108 106 107 107 106 106 107 107 106 105 105 105 102 104 104 103 102 103 103 101 98 98 99 94 94 97 101 100 99 110 110 101 109 103 110 105 102 101 101
98 99 100 102 103 102 102 104 106 104 105 100 100 100 102 102 103 104 104 105 106 106 105 105 104 104 105 106 105 105 106 108 106 108 110 110 111 111 112 112 111 113 113 112 112 114 113 113 114 112 111 113 115 112 111 110 110 109 108 108 107 107 107 107 107 107 107 106 106 103 101 99 98 98 97 97 93 93 95 97 99 98 101 102 96 102 106 109 109 108 106 100 100 100 99 99
99 99 99 100 100 104 104 104 107 104 102 101 101 101 101 103 104 104 105 105 105 106 104 103 104 104 105 105 105 105 106 106 107 106 107 108 107 107 107 107 108 110 112 113 115 115 112 112 114 114 112 113 118 112 112 110 110 108 107 108 107 108 107 107 107 106 107 106 104 104 97 98 98 96 90 93 93 97 94 92 93 101 99 103 93 93 103 108 105 107 99 98 99 98 99 98
101 101 100 102 103 103 104 105 105 100 100 104 101 101 102 103 104 105 106 103 104 105 103 103 104 103 104 105 105 105 105 105 107 109 109 108 108 106 109 109 111 112 113 111 111 111 113 115 115 115 112 112 114 114 112 112 110 105 104 105 107 107 107 106 106 106 106 106 105 103 98 89 93 95 95 94 91 97 92 97 91 101 102 102 102 95 104 104 98 104 98 96 98 98 98 98
103 103 103 102 102 105 105 109 106 98 100 100 100 100 102 104 105 106 106 103 102 102 103 103 104 104 104 102 104 105 106 105 106 106 109 108 109 110 111 110 111 111 109 111 111 112 115 114 114 113 113 111 112 113 111 111 111 109 106 105 108 106 104 106 106 105 104 104 104 101 98 89 91 92 95 90 90 94 95 98 99 101 97 101 97 104 104 96 95 103 98 97 97 97 96 97
104 103 104 104 104 101 101 107 102 99 99 100 102 101 102 104 106 107 107 106 101 102 102 103 103 104 102 102 102 105 107 107 106 107 105 105 105 105 107 108 109 109 109 110 112 114 113 112 113 114 110 111 112 113 111 108 109 108 108 106 107 103 97 105 104 103 100 103 102 99 96 90 92 95 96 98 94 94 99 99 98 94 91 92 99 95 101 95 94 95 97 99 97 98 97 95
100 101 100 106 104 103 101 107 103 99 100 100 100 101 103 104 107 108 107 107 107 105 104 103 104 104 108 108 108 103 108 107 108 106 107 105 106 108 110 109 109 110 110 111 115 115 112 111 112 113 113 111 111 112 111 109 107 108 106 106 107 103 94 103 92 91 99 100 103 100 100 89 90 89 89 95 98 96 99 97 98 91 89 90 91 92 92 94 95 96 98 98 97 98 97 96
99 100 100 101 107 101 106 104 100 99 100 101 101 102 103 104 106 107 108 108 108 107 106 106 107 103 104 104 103 106 106 108 109 107 108 106 107 108 110 109 110 110 111 111 115 111 114 114 112 111 111 112 111 111 110 109 109 106 104 105 104 105 102 98 99 91 96 90 94 102 95 90 89 92 90 97 95 98 90 93 90 89 89 90 90 91 92 93 93 95 96 96 99 98 96 97
99 99 99 101 106 106 105 105 101 100 100 101 102 102 104 104 105 107 108 109 109 107 107 108 108 107 105 105 106 106 105 108 110 108 109 107 107 108 109 112 111 109 110 113 115 112 113 114 112 111 110 111 110 110 109 109 107 106 104 95 100 106 104 94 91 91 91 95 101 96 91 94 90 90 90 90 90 96 93 88 89 89 88 89 90 90 91 92 92 93 94 96 95 98 96 96
103 104 100 101 100 105 103 107 100 101 101 101 102 103 104 105 106 107 108 108 109 108 108 107 109 108 106 107 108 108 110 111 111 109 108 107 108 108 110 112 111 113 113 115 114 112 114 115 113 112 109 109 108 108 108 107 98 97 95 95 99 106 103 93 91 91 91 89 92 91 90 91 89 87 87 89 93 88 89 88 87 87 88 88 88 88 90 90 90 91 93 94 94 98 97 96
102 104 104 101 100 101 107 107 104 101 101 102 104 104 105 105 105 106 107 108 108 107 107 108 108 108 104 106 105 105 107 106 108 108 107 108 110 108 111 112 114 114 113 115 112 112 112 114 113 111 109 108 103 106 106 108 108 95 96 95 96 103 105 96 92 92 91 91 92 92 90 89 90 88 87 89 86 87 88 86 87 87 87 87 87 88 89 89 89 90 91 95 95 98 95 97
105 102 105 103 105 106 103 106 102 101 102 103 103 104 105 105 106 106 107 107 107 109 108 108 109 108 106 109 108 108 107 106 109 109 108 110 112 109 113 112 111 112 112 112 113 112 111 114 113 112 109 111 108 106 101 105 105 100 96 95 96 96 98 104 94 93 93 89 90 89 89 88 86 87 86 88 87 87 88 87 87 86 86 86 86 86 87 88 88 89 92 94 95 94 94 97
101 103 104 99 99 101 104 103 102 102 103 104 104 104 105 106 106 107 107 106 106 107 108 110 110 110 105 108 107 108 108 109 112 112 112 112 110 112 111 111 110 111 112 113 114 113 113 113 113 113 112 112 111 111 107 105 96 95 96 96 95 95 95 95 102 101 92 92 90 89 89 87 86 86 86 88 89 88 88 88 86 86 86 85 86 85 87 87 87 89 89 92 92 92 96 95
99 103 99 99 100 101 102 102 101 103 103 103 104 104 105 105 106 107 106 105 107 107 105 108 109 110 110 110 111 111 112 112 110 112 112 108 109 109 112 110 110 111 112 112 113 111 111 112 110 112 111 108 105 109 108 104 98 96 99 97 98 97 96 99 95 93 95 91 89 89 86 87 88 86 86 88 88 87 87 87 86 85 86 84 84 85 87 87 87 89 89 90 91 93 94 94
99 99 100 100 101 105 101 102 101 102 102 103 104 104 105 105 105 106 106 106 107 108 108 107 109 109 110 108 107 107 111 112 112 112 111 108 109 109 112 111 111 111 111 111 111 111 110 109 109 108 110 98 95 107 109 103 97 98 97 102 103 96 95 94 93 91 91 89 90 91 88 86 87 87 88 87 87 88 87 86 86 87 86 85 84 86 86 88 86 88 88 90 92 92 93 93
100 100 100 99 101 101 101 101 102 103 104 104 104 104 104 105 105 106 107 107 106 107 108 109 110 110 110 110 109 110 111 112 109 110 110 109 110 111 110 113 112 111 111 112 110 108 106 106 108 105 108 95 97 95 103 109 98 98 102 101 99 96 95 94 93 91 91 90 90 90 87 87 86 89 88 89 89 87 87 87 86 87 86 85 85 85 88 87 87 88 88 90 92 93 94 94
98 99 100 101 103 101 101 101 102 103 104 105 104 104 105 105 105 107 107 107 107 107 107 109 110 111 111 111 111 111 111 108 111 108 108 109 110 110 110 111 112 112 112 112 107 99 106 105 101 96 100 95 94 102 107 99 107 107 100 98 94 94 94 94 94 93 90 89 91 91 88 89 87 89 88 87 88 87 88 88 87 86 86 86 86 88 88 87 87 88 90 90 90 91 93 92
