DE_airtemperature/2018_11_airtemp.asc
NCOLS 654
NROWS 866
XLLCORNER 3280414.711633467
YLLCORNER 5237500.62890625
CELLSIZE 1000
NODATA_VALUE -999
[rows 795 to 847 of 866, columns 384 to 479 of 654]
42 43 44 44 46 46 46 46 46 47 47 47 46 46 44 48 48 46 45 45 45 45 44 44 42 41 40 39 39 38 39 39 38 39 39 39 40 39 40 40 41 40 41 41 40 41 43 43 43 44 45 45 45 45 46 46 46 46 46 45 45 45 45 46 46 46 46 46 46 47 45 45 45 45 46 46 47 46 44 44 44 42 44 43 43 44 44 46 46 46 46 47 49 49 50 49
42 43 44 45 46 46 46 46 46 46 46 47 45 45 44 48 48 47 45 45 45 45 45 43 41 41 40 40 40 39 38 39 39 39 39 39 39 39 40 40 40 40 40 42 41 41 40 40 42 40 41 43 45 45 45 46 46 46 46 45 45 45 45 46 46 46 46 46 46 46 47 46 46 45 46 46 47 47 45 44 45 44 45 43 43 43 44 44 46 46 46 48 48 49 49 49
42 42 44 45 46 45 46 46 46 47 45 46 45 44 44 48 48 47 45 45 45 45 45 44 41 41 40 40 40 39 39 38 39 39 38 39 39 39 39 40 39 40 39 40 41 41 39 40 40 40 41 41 40 42 44 44 46 46 46 45 45 46 45 45 46 46 46 46 46 46 47 47 46 46 46 46 47 45 44 44 44 43 43 43 43 43 44 45 46 46 46 48 48 47 47 48
42 44 43 44 45 45 45 46 46 47 46 46 45 44 44 45 48 46 45 45 45 45 45 44 44 41 41 39 40 40 39 39 38 40 38 38 39 39 39 39 39 39 38 37 37 42 40 38 40 39 40 42 40 40 40 42 44 46 46 46 46 45 46 46 46 46 46 46 46 46 47 47 47 46 47 46 46 45 46 41 41 43 42 42 43 43 43 45 46 47 46 46 47 47 47 47
43 43 44 45 44 45 44 45 46 46 47 47 45 44 43 45 47 46 44 45 45 45 44 43 44 41 40 42 42 41 40 38 38 40 38 38 38 38 39 39 39 37 36 39 40 39 41 38 38 37 38 42 39 38 39 40 43 44 45 46 46 46 46 46 46 46 46 46 46 47 47 48 47 47 46 46 45 44 43 41 41 42 41 42 43 42 42 44 45 45 46 46 46 45 46 47
43 43 43 45 44 45 45 46 46 46 47 46 44 43 45 46 48 46 45 45 46 46 44 43 44 44 40 43 40 41 38 36 38 39 37 37 38 38 38 38 37 33 33 34 37 39 42 38 38 36 38 38 39 38 36 38 43 43 45 46 46 46 45 46 46 46 46 46 46 46 47 48 48 47 46 44 46 45 42 41 43 43 40 42 42 42 41 44 45 45 45 45 46 45 45 44
43 43 45 45 45 45 45 46 46 46 46 47 45 45 44 44 46 48 46 46 46 46 44 43 44 44 41 40 41 40 38 35 38 39 38 37 37 38 38 37 36 39 37 39 38 39 42 38 38 36 37 41 39 40 40 40 40 44 46 46 46 47 47 46 46 46 46 46 46 46 48 48 48 46 46 46 45 44 41 43 43 41 42 42 41 42 41 44 44 44 45 44 45 45 45 45
45 44 44 44 45 45 45 46 46 46 46 46 44 43 43 46 46 46 46 46 46 46 44 43 44 43 44 42 40 41 39 38 39 39 38 37 37 37 37 38 38 37 38 38 39 39 40 39 39 37 39 40 39 40 40 40 40 44 46 46 46 46 47 47 47 46 47 47 47 47 48 48 47 46 46 44 43 44 42 41 43 42 42 41 42 42 40 40 43 44 42 44 44 44 44 44
45 45 44 44 45 45 45 46 46 46 46 46 45 44 44 45 47 46 46 46 46 44 43 44 43 43 43 43 40 40 40 39 39 39 38 38 37 37 37 37 37 37 37 38 38 41 39 40 39 38 39 40 40 39 40 40 40 44 45 46 46 46 46 47 46 46 47 47 47 47 47 47 47 46 46 46 43 43 43 42 41 39 38 40 41 41 38 33 33 37 36 33 38 43 44 44
46 46 44 44 44 44 46 46 46 46 46 46 45 46 45 46 46 46 46 46 46 44 43 44 43 43 42 42 40 40 39 39 38 38 38 38 37 37 37 37 37 37 37 37 37 38 37 39 39 38 35 38 40 41 39 39 40 43 45 46 46 46 46 46 46 46 47 47 47 47 47 47 46 45 42 39 37 40 40 40 37 34 26 35 41 39 33 31 28 31 30 26 27 43 43 43
46 46 45 43 44 43 45 46 46 46 46 46 46 45 45 46 46 46 46 46 44 43 44 44 44 43 43 39 40 40 40 39 38 39 38 38 37 37 37 37 36 37 37 37 38 38 37 39 38 37 38 40 39 38 37 34 35 37 38 44 46 46 46 46 46 46 46 47 47 47 47 46 44 41 35 35 40 40 38 35 30 29 31 35 40 39 33 28 28 29 24 22 32 41 42 42
46 45 44 44 43 44 44 46 46 46 46 45 45 46 45 46 46 45 46 46 42 43 44 44 43 42 43 42 40 40 40 39 39 38 39 38 37 37 37 37 37 37 38 38 37 36 37 38 38 33 36 35 39 38 36 37 35 33 35 34 46 45 47 47 47 47 47 47 48 48 48 47 44 35 37 40 40 38 35 31 28 19 28 30 40 38 26 23 14 10 18 19 21 38 40 41
46 45 44 43 42 43 43 46 46 46 46 45 45 45 46 46 46 46 46 44 43 44 43 42 41 41 42 42 40 40 40 39 39 39 38 38 37 37 36 37 37 37 38 37 37 35 38 38 33 31 35 35 35 39 38 38 36 33 34 39 41 44 45 47 45 47 47 47 48 48 48 47 44 42 39 42 39 34 27 25 12 19 21 33 39 23 19 7 10 18 15 33 35 40 40 41
46 45 45 44 43 44 44 45 46 46 46 45 45 46 45 46 46 46 45 44 44 44 43 41 40 41 42 41 40 40 39 38 38 39 38 37 36 36 36 37 37 38 38 36 34 34 37 37 32 35 32 35 36 37 36 37 36 32 31 34 32 41 41 41 37 35 44 47 48 48 48 48 45 38 44 41 37 28 20 8 20 8 27 40 35 17 8 14 23 19 24 39 39 39 39 39
45 44 44 43 43 44 44 45 45 45 45 45 45 46 45 46 46 46 45 44 43 42 41 37 37 41 40 42 40 40 40 39 39 38 37 36 35 35 35 34 38 37 36 36 33 35 37 36 37 37 32 30 29 32 39 38 36 30 30 21 27 38 33 25 30 33 41 47 47 48 48 48 47 42 35 35 32 22 -999 23 9 20 27 40 26 19 19 22 26 29 39 39 36 39 39 39
46 44 44 43 43 44 45 44 45 45 45 45 46 46 46 46 45 45 44 42 41 41 40 39 37 41 40 41 41 40 41 39 39 38 35 36 35 33 35 38 39 37 35 31 31 31 32 31 32 36 34 27 21 30 35 38 36 35 34 27 24 34 21 21 32 28 39 45 47 48 48 48 47 39 24 27 32 17 -999 18 8 24 31 38 23 20 20 21 26 32 40 31 32 23 35 38
46 45 44 43 43 44 44 44 45 45 45 45 46 45 46 45 45 45 44 42 37 30 30 30 35 41 39 40 42 40 40 32 29 29 32 27 28 32 34 38 41 37 28 21 22 24 19 24 34 36 37 33 27 29 35 38 36 34 27 27 24 33 31 24 21 27 40 46 47 47 48 48 48 42 26 28 -999 -999 -999 16 20 28 38 27 8 0 11 19 29 39 40 28 17 21 29 34
46 46 44 43 43 44 43 44 43 43 44 44 46 46 46 45 44 44 43 34 30 23 24 29 36 40 40 41 41 41 33 23 21 29 32 24 21 21 32 36 41 39 30 27 27 20 26 30 27 30 37 28 30 24 32 37 37 34 23 10 17 28 23 15 31 30 42 38 27 37 35 48 48 44 40 -999 -999 -999 -999 10 23 36 28 25 15 0 4 21 29 41 41 27 21 20 22 26
45 44 44 42 43 44 44 44 45 45 45 46 46 46 46 44 44 44 36 34 24 32 26 32 37 40 40 41 40 40 28 26 18 20 26 22 21 27 28 37 39 40 37 34 30 28 18 29 24 28 37 27 22 24 31 37 36 34 30 13 22 13 17 16 18 22 40 33 18 24 35 43 48 43 21 -999 -999 -999 -999 -999 24 37 18 9 8 4 14 24 37 39 33 16 18 18 20 24
45 44 44 42 40 39 42 41 42 44 46 45 46 46 46 45 45 44 37 37 34 30 26 31 37 40 41 41 40 40 39 38 37 24 23 17 26 27 32 35 38 40 39 32 26 22 17 21 26 22 34 35 36 37 37 37 37 35 34 22 11 -2 10 10 21 24 28 40 22 23 35 44 48 44 -999 -999 -999 -999 -999 -999 -999 -999 27 22 11 15 15 35 19 35 37 24 26 26 24 25
44 44 45 43 41 41 43 41 38 42 46 46 46 46 46 45 44 44 35 31 33 33 26 27 36 40 40 41 40 40 33 30 29 30 29 19 17 31 30 35 37 39 39 38 32 32 26 22 25 24 21 34 35 24 30 25 33 38 36 32 22 16 11 18 25 25 33 35 22 27 27 29 49 49 -999 -999 -999 -999 -999 -999 -999 -999 -999 -999 -999 -999 -999 -999 -999 22 37 34 33 31 32 34
44 44 45 43 41 42 41 40 40 44 46 46 46 46 45 45 44 40 36 29 23 31 30 33 37 39 40 40 41 39 29 30 25 28 28 23 22 23 34 26 24 35 38 38 38 38 37 24 17 22 17 26 22 10 28 11 25 36 35 37 30 30 22 25 26 29 32 32 26 29 26 29 48 48 -999 -999 -999 -999 -999 -999 -999 -999 -999 -999 -999 -999 -999 -999 -999 -999 -999 -999 -999 34 35 34
43 44 45 43 42 42 39 41 43 46 46 46 46 46 46 45 42 35 36 35 34 25 27 31 34 32 41 40 41 40 34 21 18 18 10 23 27 33 22 17 22 32 38 37 32 28 37 24 13 19 10 21 17 8 16 15 25 33 35 35 37 36 31 23 22 33 33 38 40 36 33 40 37 49 -999 -999 -999 -999 -999 -999 -999 -999 -999 -999 -999 -999 -999 -999 -999 -999 -999 -999 -999 -999 31 28
43 44 45 44 43 43 44 46 45 46 46 46 46 46 45 44 37 29 32 30 29 28 22 30 27 22 37 41 41 40 33 25 23 21 20 22 29 28 9 25 32 38 39 29 28 7 25 22 10 18 22 25 22 11 10 15 22 29 30 12 18 33 33 16 22 25 23 25 35 40 41 44 45 48 50 -999 -999 -999 -999 -999 -999 -999 -999 -999 -999 -999 -999 -999 -999 -999 -999 -999 -999 -999 26 23
44 43 44 44 46 46 43 46 46 46 46 46 46 46 46 39 35 28 31 25 26 21 25 22 21 18 26 38 41 41 39 36 32 26 19 14 29 18 11 20 29 38 33 20 14 14 20 31 25 16 16 25 22 18 6 7 -1 14 33 29 18 33 25 15 12 17 15 15 23 36 41 37 45 49 50 50 50 -999 -999 -999 -999 -999 -999 -999 -999 -999 -999 -999 -999 -999 -999 -999 -999 -999 -999 -999
46 46 46 46 43 43 43 44 47 47 46 46 45 45 41 32 20 23 23 17 17 9 9 13 20 20 26 39 41 41 38 31 22 19 11 22 29 18 20 18 31 38 25 18 9 14 16 27 29 23 9 22 29 22 5 3 4 11 12 15 22 33 16 6 15 17 23 24 23 32 28 30 40 46 49 50 50 -999 -999 -999 -999 -999 -999 -999 -999 -999 -999 -999 -999 -999 -999 -999 -999 -999 -999 -999
46 46 45 46 45 42 39 41 46 47 47 46 46 41 34 21 16 26 24 21 13 17 15 24 30 32 36 39 40 41 39 35 23 10 15 20 28 22 29 23 33 38 27 18 9 11 11 18 23 27 20 18 25 23 18 12 6 11 14 23 25 35 21 12 15 19 19 35 30 34 39 45 41 46 50 50 49 -999 -999 -999 -999 -999 -999 -999 -999 -999 -999 -999 -999 -999 -999 -999 -999 -999 -999 -999
45 46 46 45 43 36 36 40 44 47 47 46 43 31 30 22 26 25 30 20 24 21 32 31 29 33 29 32 36 41 41 35 27 11 14 11 22 25 33 21 21 38 33 25 19 7 15 25 22 29 30 25 33 22 22 18 12 25 26 25 27 36 30 24 23 23 19 26 26 34 36 38 42 42 48 49 50 -999 -999 -999 -999 -999 -999 -999 -999 -999 -999 -999 -999 -999 -999 -999 -999 -999 -999 -999
45 45 45 44 41 32 28 37 44 46 47 46 37 24 24 16 21 30 32 25 17 23 31 36 41 41 40 41 40 38 40 37 29 25 24 20 12 17 28 33 36 35 33 25 33 23 22 22 25 27 22 23 29 33 26 24 20 20 22 32 31 29 -999 -999 29 12 19 17 21 19 26 44 48 49 48 -999 -999 -999 -999 -999 -999 -999 -999 -999 -999 -999 -999 -999 -999 -999 -999 -999 -999 -999 -999 -999
45 45 45 41 36 29 23 31 37 39 45 38 33 21 30 24 30 30 30 34 35 39 36 40 41 36 32 33 28 24 38 39 34 31 21 17 25 25 29 25 25 25 31 26 20 33 22 22 14 25 9 25 22 33 24 25 6 22 25 23 -999 -999 -999 -999 -999 -999 -999 -999 -999 -999 -999 -999 -999 -999 -999 -999 -999 -999 -999 -999 -999 -999 -999 -999 -999 -999 -999 -999 -999 -999 -999 -999 -999 -999 -999 -999
45 45 45 42 32 29 23 14 23 26 33 31 34 35 33 28 25 36 37 34 36 31 28 40 41 30 31 30 24 34 40 26 16 25 28 33 35 32 35 25 22 18 33 29 22 22 33 22 29 11 5 7 18 29 25 11 -999 -999 -999 -999 -999 -999 -999 -999 -999 -999 -999 -999 -999 -999 -999 -999 -999 -999 -999 -999 -999 -999 -999 -999 -999 -999 -999 -999 -999 -999 -999 -999 -999 -999 -999 -999 -999 -999 -999 -999
45 43 37 26 18 18 14 5 20 12 16 32 39 39 37 33 38 38 39 40 40 40 41 41 39 35 29 23 34 40 31 16 22 24 28 30 25 20 33 14 11 18 18 21 11 18 22 22 18 20 12 -999 -999 -999 -999 -999 -999 -999 -999 -999 -999 -999 -999 -999 -999 -999 -999 -999 -999 -999 -999 -999 -999 -999 -999 -999 -999 -999 -999 -999 -999 -999 -999 -999 -999 -999 -999 -999 -999 -999 -999 -999 -999 -999 -999 -999
46 40 22 29 11 25 25 17 30 27 29 40 40 39 39 31 39 36 37 38 35 36 34 34 33 30 30 34 40 25 26 31 26 34 29 26 29 18 20 16 18 18 14 14 16 14 11 9 14 25 29 -999 -999 -999 -999 -999 -999 -999 -999 -999 -999 -999 -999 -999 -999 -999 -999 -999 -999 -999 -999 -999 -999 -999 -999 -999 -999 -999 -999 -999 -999 -999 -999 -999 -999 -999 -999 -999 -999 -999 -999 -999 -999 -999 -999 -999
45 43 39 38 33 28 29 23 29 37 40 40 40 40 39 39 39 27 21 22 25 13 24 32 31 37 27 35 38 39 36 36 29 30 -999 -999 18 14 13 -999 -999 -999 -999 -999 -999 -999 -999 -999 -999 -999 -999 -999 -999 -999 -999 -999 -999 -999 -999 -999 -999 -999 -999 -999 -999 -999 -999 -999 -999 -999 -999 -999 -999 -999 -999 -999 -999 -999 -999 -999 -999 -999 -999 -999 -999 -999 -999 -999 -999 -999 -999 -999 -999 -999 -999 -999
44 34 37 36 34 37 34 26 29 40 38 40 40 40 38 32 32 31 23 28 25 33 29 31 22 26 38 39 33 36 33 29 31 -999 -999 -999 -999 -999 -999 -999 -999 -999 -999 -999 -999 -999 -999 -999 -999 -999 -999 -999 -999 -999 -999 -999 -999 -999 -999 -999 -999 -999 -999 -999 -999 -999 -999 -999 -999 -999 -999 -999 -999 -999 -999 -999 -999 -999 -999 -999 -999 -999 -999 -999 -999 -999 -999 -999 -999 -999 -999 -999 -999 -999 -999 -999
36 34 16 30 29 26 29 38 34 40 41 41 40 31 22 32 23 26 25 24 28 32 37 39 40 40 40 40 34 23 15 34 -999 -999 -999 -999 -999 -999 -999 -999 -999 -999 -999 -999 -999 -999 -999 -999 -999 -999 -999 -999 -999 -999 -999 -999 -999 -999 -999 -999 -999 -999 -999 -999 -999 -999 -999 -999 -999 -999 -999 -999 -999 -999 -999 -999 -999 -999 -999 -999 -999 -999 -999 -999 -999 -999 -999 -999 -999 -999 -999 -999 -999 -999 -999 -999
22 21 17 19 26 4 17 30 42 36 38 38 30 24 33 27 27 29 37 40 40 40 40 38 34 32 35 38 25 9 29 -999 -999 -999 -999 -999 -999 -999 -999 -999 -999 -999 -999 -999 -999 -999 -999 -999 -999 -999 -999 -999 -999 -999 -999 -999 -999 -999 -999 -999 -999 -999 -999 -999 -999 -999 -999 -999 -999 -999 -999 -999 -999 -999 -999 -999 -999 -999 -999 -999 -999 -999 -999 -999 -999 -999 -999 -999 -999 -999 -999 -999 -999 -999 -999 -999
6 4 8 5 12 16 21 32 36 34 33 32 30 35 39 40 40 40 40 40 39 33 21 16 27 32 37 30 8 5 4 -999 -999 -999 -999 -999 -999 -999 -999 -999 -999 -999 -999 -999 -999 -999 -999 -999 -999 -999 -999 -999 -999 -999 -999 -999 -999 -999 -999 -999 -999 -999 -999 -999 -999 -999 -999 -999 -999 -999 -999 -999 -999 -999 -999 -999 -999 -999 -999 -999 -999 -999 -999 -999 -999 -999 -999 -999 -999 -999 -999 -999 -999 -999 -999 -999
-3 8 5 12 15 24 30 39 38 31 28 28 27 41 38 28 21 19 33 40 30 12 15 32 32 24 27 33 25 14 21 -999 -999 -999 -999 -999 -999 -999 -999 -999 -999 -999 -999 -999 -999 -999 -999 -999 -999 -999 -999 -999 -999 -999 -999 -999 -999 -999 -999 -999 -999 -999 -999 -999 -999 -999 -999 -999 -999 -999 -999 -999 -999 -999 -999 -999 -999 -999 -999 -999 -999 -999 -999 -999 -999 -999 -999 -999 -999 -999 -999 -999 -999 -999 -999 -999
11 13 19 19 18 28 33 41 39 33 33 39 42 28 23 18 30 37 31 39 26 17 22 21 26 6 26 25 37 31 -999 -999 -999 -999 -999 -999 -999 -999 -999 -999 -999 -999 -999 -999 -999 -999 -999 -999 -999 -999 -999 -999 -999 -999 -999 -999 -999 -999 -999 -999 -999 -999 -999 -999 -999 -999 -999 -999 -999 -999 -999 -999 -999 -999 -999 -999 -999 -999 -999 -999 -999 -999 -999 -999 -999 -999 -999 -999 -999 -999 -999 -999 -999 -999 -999 -999
20 18 28 27 26 33 30 42 40 44 43 37 35 11 27 32 27 18 32 39 26 14 16 10 26 10 26 20 17 25 -999 -999 -999 -999 -999 -999 -999 -999 -999 -999 -999 -999 -999 -999 -999 -999 -999 -999 -999 -999 -999 -999 -999 -999 -999 -999 -999 -999 -999 -999 -999 -999 -999 -999 -999 -999 -999 -999 -999 -999 -999 -999 -999 -999 -999 -999 -999 -999 -999 -999 -999 -999 -999 -999 -999 -999 -999 -999 -999 -999 -999 -999 -999 -999 -999 -999
24 29 34 32 34 37 39 43 45 42 37 29 21 28 30 22 9 21 32 -999 -999 15 3 -1 26 9 12 11 7 -999 -999 -999 -999 -999 -999 -999 -999 -999 -999 -999 -999 -999 -999 -999 -999 -999 -999 -999 -999 -999 -999 -999 -999 -999 -999 -999 -999 -999 -999 -999 -999 -999 -999 -999 -999 -999 -999 -999 -999 -999 -999 -999 -999 -999 -999 -999 -999 -999 -999 -999 -999 -999 -999 -999 -999 -999 -999 -999 -999 -999 -999 -999 -999 -999 -999 -999
14 21 30 31 37 43 43 44 44 39 37 15 19 19 18 6 13 31 -999 -999 -999 -999 -999 -999 -999 -999 -999 -999 -999 -999 -999 -999 -999 -999 -999 -999 -999 -999 -999 -999 -999 -999 -999 -999 -999 -999 -999 -999 -999 -999 -999 -999 -999 -999 -999 -999 -999 -999 -999 -999 -999 -999 -999 -999 -999 -999 -999 -999 -999 -999 -999 -999 -999 -999 -999 -999 -999 -999 -999 -999 -999 -999 -999 -999 -999 -999 -999 -999 -999 -999 -999 -999 -999 -999 -999 -999
24 30 24 31 42 44 44 45 37 28 26 7 24 6 5 8 22 -999 -999 -999 -999 -999 -999 -999 -999 -999 -999 -999 -999 -999 -999 -999 -999 -999 -999 -999 -999 -999 -999 -999 -999 -999 -999 -999 -999 -999 -999 -999 -999 -999 -999 -999 -999 -999 -999 -999 -999 -999 -999 -999 -999 -999 -999 -999 -999 -999 -999 -999 -999 -999 -999 -999 -999 -999 -999 -999 -999 -999 -999 -999 -999 -999 -999 -999 -999 -999 -999 -999 -999 -999 -999 -999 -999 -999 -999 -999
34 36 39 41 42 44 43 45 37 20 21 7 17 3 16 27 -999 -999 -999 -999 -999 -999 -999 -999 -999 -999 -999 -999 -999 -999 -999 -999 -999 -999 -999 -999 -999 -999 -999 -999 -999 -999 -999 -999 -999 -999 -999 -999 -999 -999 -999 -999 -999 -999 -999 -999 -999 -999 -999 -999 -999 -999 -999 -999 -999 -999 -999 -999 -999 -999 -999 -999 -999 -999 -999 -999 -999 -999 -999 -999 -999 -999 -999 -999 -999 -999 -999 -999 -999 -999 -999 -999 -999 -999 -999 -999
38 37 35 42 40 42 42 43 37 11 19 0 4 5 21 24 -999 -999 -999 -999 -999 -999 -999 -999 -999 -999 -999 -999 -999 -999 -999 -999 -999 -999 -999 -999 -999 -999 -999 -999 -999 -999 -999 -999 -999 -999 -999 -999 -999 -999 -999 -999 -999 -999 -999 -999 -999 -999 -999 -999 -999 -999 -999 -999 -999 -999 -999 -999 -999 -999 -999 -999 -999 -999 -999 -999 -999 -999 -999 -999 -999 -999 -999 -999 -999 -999 -999 -999 -999 -999 -999 -999 -999 -999 -999 -999
28 32 34 39 42 42 41 44 38 30 23 12 5 22 30 28 -999 -999 -999 -999 -999 -999 -999 -999 -999 -999 -999 -999 -999 -999 -999 -999 -999 -999 -999 -999 -999 -999 -999 -999 -999 -999 -999 -999 -999 -999 -999 -999 -999 -999 -999 -999 -999 -999 -999 -999 -999 -999 -999 -999 -999 -999 -999 -999 -999 -999 -999 -999 -999 -999 -999 -999 -999 -999 -999 -999 -999 -999 -999 -999 -999 -999 -999 -999 -999 -999 -999 -999 -999 -999 -999 -999 -999 -999 -999 -999
34 32 35 35 35 40 41 44 34 23 25 25 21 13 25 17 17 -999 -999 -999 -999 -999 -999 -999 -999 -999 -999 -999 -999 -999 -999 -999 -999 -999 -999 -999 -999 -999 -999 -999 -999 -999 -999 -999 -999 -999 -999 -999 -999 -999 -999 -999 -999 -999 -999 -999 -999 -999 -999 -999 -999 -999 -999 -999 -999 -999 -999 -999 -999 -999 -999 -999 -999 -999 -999 -999 -999 -999 -999 -999 -999 -999 -999 -999 -999 -999 -999 -999 -999 -999 -999 -999 -999 -999 -999 -999
32 25 27 28 32 38 41 43 23 22 10 12 11 5 17 7 -1 3 -999 -999 -999 -999 -999 -999 -999 -999 -999 -999 -999 -999 -999 -999 -999 -999 -999 -999 -999 -999 -999 -999 -999 -999 -999 -999 -999 -999 -999 -999 -999 -999 -999 -999 -999 -999 -999 -999 -999 -999 -999 -999 -999 -999 -999 -999 -999 -999 -999 -999 -999 -999 -999 -999 -999 -999 -999 -999 -999 -999 -999 -999 -999 -999 -999 -999 -999 -999 -999 -999 -999 -999 -999 -999 -999 -999 -999 -999
27 30 24 25 33 37 42 34 32 26 13 -13 -15 -999 -999 -999 -999 -999 -999 -999 -999 -999 -999 -999 -999 -999 -999 -999 -999 -999 -999 -999 -999 -999 -999 -999 -999 -999 -999 -999 -999 -999 -999 -999 -999 -999 -999 -999 -999 -999 -999 -999 -999 -999 -999 -999 -999 -999 -999 -999 -999 -999 -999 -999 -999 -999 -999 -999 -999 -999 -999 -999 -999 -999 -999 -999 -999 -999 -999 -999 -999 -999 -999 -999 -999 -999 -999 -999 -999 -999 -999 -999 -999 -999 -999 -999
25 30 31 34 36 41 41 31 10 18 -1 -999 -999 -999 -999 -999 -999 -999 -999 -999 -999 -999 -999 -999 -999 -999 -999 -999 -999 -999 -999 -999 -999 -999 -999 -999 -999 -999 -999 -999 -999 -999 -999 -999 -999 -999 -999 -999 -999 -999 -999 -999 -999 -999 -999 -999 -999 -999 -999 -999 -999 -999 -999 -999 -999 -999 -999 -999 -999 -999 -999 -999 -999 -999 -999 -999 -999 -999 -999 -999 -999 -999 -999 -999 -999 -999 -999 -999 -999 -999 -999 -999 -999 -999 -999 -999
2 -999 -999 -999 -999 40 36 11 -2 0 -999 -999 -999 -999 -999 -999 -999 -999 -999 -999 -999 -999 -999 -999 -999 -999 -999 -999 -999 -999 -999 -999 -999 -999 -999 -999 -999 -999 -999 -999 -999 -999 -999 -999 -999 -999 -999 -999 -999 -999 -999 -999 -999 -999 -999 -999 -999 -999 -999 -999 -999 -999 -999 -999 -999 -999 -999 -999 -999 -999 -999 -999 -999 -999 -999 -999 -999 -999 -999 -999 -999 -999 -999 -999 -999 -999 -999 -999 -999 -999 -999 -999 -999 -999 -999 -999
-999 -999 -999 -999 -999 39 29 8 -999 -999 -999 -999 -999 -999 -999 -999 -999 -999 -999 -999 -999 -999 -999 -999 -999 -999 -999 -999 -999 -999 -999 -999 -999 -999 -999 -999 -999 -999 -999 -999 -999 -999 -999 -999 -999 -999 -999 -999 -999 -999 -999 -999 -999 -999 -999 -999 -999 -999 -999 -999 -999 -999 -999 -999 -999 -999 -999 -999 -999 -999 -999 -999 -999 -999 -999 -999 -999 -999 -999 -999 -999 -999 -999 -999 -999 -999 -999 -999 -999 -999 -999 -999 -999 -999 -999 -999
