DE_airtemperature/2018_08_airtemp.asc
NCOLS 654
NROWS 866
XLLCORNER 3280414.711633467
YLLCORNER 5237500.62890625
CELLSIZE 1000
NODATA_VALUE -999
[rows 779 to 819 of 866, columns 94 to 187 of 654]
-999 -999 -999 -999 -999 -999 -999 -999 -999 -999 -999 -999 -999 -999 -999 -999 -999 -999 -999 218 218 218 217 215 217 213 217 218 218 218 216 217 217 217 217 217 216 217 217 217 216 216 214 214 205 212 211 209 207 201 190 179 165 172 169 171 167 175 195 192 168 172 172 165 166 171 175 172 166 173 167 165 170 176 167 168 171 174 176 179 181 183 187 188 189 189 185 186 186 188 189 188 190 188
-999 -999 -999 -999 -999 -999 -999 -999 -999 -999 -999 -999 -999 -999 -999 -999 -999 -999 -999 217 218 218 218 218 217 218 218 218 218 216 213 217 217 217 216 216 217 217 217 216 216 215 211 209 206 209 200 206 201 204 191 189 175 180 175 169 168 169 188 193 180 174 170 168 170 173 172 173 177 169 175 178 177 175 175 169 171 173 176 178 182 185 187 187 185 188 186 186 187 188 189 186 187 186
-999 -999 -999 -999 -999 -999 -999 -999 -999 -999 -999 -999 -999 -999 -999 -999 -999 -999 -999 218 217 218 217 217 217 218 217 217 217 213 217 217 217 217 216 217 217 216 216 216 216 215 209 211 205 207 199 188 198 189 200 190 182 177 170 170 167 169 168 193 170 173 173 170 171 171 171 163 165 167 164 169 167 174 173 174 172 175 178 178 182 184 187 189 189 189 189 186 188 188 188 188 185 184
-999 -999 -999 -999 -999 -999 -999 -999 -999 -999 -999 -999 -999 -999 -999 -999 -999 -999 -999 -999 218 218 217 217 217 217 217 217 213 216 217 217 218 217 217 217 216 217 217 216 216 212 199 206 203 203 197 176 179 180 180 178 192 183 181 181 173 168 166 183 185 171 172 171 164 163 164 165 170 171 173 169 166 165 179 169 171 174 176 179 182 184 186 189 189 190 187 186 189 189 189 187 187 185
-999 -999 -999 -999 -999 -999 -999 -999 -999 -999 -999 -999 -999 -999 -999 -999 -999 -999 -999 -999 -999 217 217 217 217 217 215 214 213 216 218 217 217 217 216 216 216 216 216 216 215 205 202 188 192 186 194 189 193 197 197 193 188 186 185 188 180 175 173 179 189 180 182 176 174 170 163 161 161 162 162 163 169 178 174 169 171 175 176 179 182 184 184 186 187 189 187 186 187 189 189 189 185 186
-999 -999 -999 -999 -999 -999 -999 -999 -999 -999 -999 -999 -999 -999 -999 -999 -999 -999 -999 -999 -999 -999 217 217 217 217 212 214 216 217 218 217 217 216 216 216 217 216 216 215 215 209 200 200 201 197 204 198 197 206 200 189 181 192 190 187 188 177 175 176 173 183 173 166 163 166 164 165 169 169 173 173 177 171 171 177 171 175 177 179 182 185 184 186 186 189 186 185 189 189 190 187 184 187
-999 -999 -999 -999 -999 -999 -999 -999 -999 -999 -999 -999 -999 -999 -999 -999 -999 -999 -999 -999 -999 -999 217 217 217 217 217 212 216 216 217 217 217 217 216 216 216 216 214 214 209 209 207 203 206 202 200 204 205 200 190 195 201 191 191 196 179 185 177 170 182 176 174 164 162 163 163 162 165 163 167 161 167 175 175 182 180 178 177 179 182 185 184 184 184 189 185 185 189 189 190 189 184 187
-999 -999 -999 -999 -999 -999 -999 -999 -999 -999 -999 -999 -999 -999 -999 -999 -999 -999 -999 -999 -999 -999 218 217 218 218 218 214 215 217 217 217 217 216 217 217 216 215 214 214 214 213 214 211 212 211 210 209 209 202 203 204 189 191 199 188 191 176 178 173 171 167 167 167 165 160 160 162 168 166 164 161 163 175 171 170 172 183 185 182 181 184 185 185 187 186 188 186 189 188 190 185 186 187
-999 -999 -999 -999 -999 -999 -999 -999 -999 -999 -999 -999 -999 -999 -999 -999 -999 -999 -999 -999 -999 -999 218 218 218 218 218 213 215 217 217 217 217 217 217 217 214 216 213 214 202 204 204 211 210 212 211 210 208 205 203 205 194 198 190 183 180 177 175 173 166 165 166 170 161 158 163 167 168 166 167 172 166 169 167 169 171 177 176 182 181 183 186 183 184 186 188 185 187 189 187 187 185 187
-999 -999 -999 -999 -999 -999 -999 -999 -999 -999 -999 -999 -999 -999 -999 -999 -999 -999 -999 -999 -999 -999 218 218 218 218 218 217 217 216 217 217 217 218 215 204 205 213 210 207 206 201 200 198 205 211 210 209 208 207 206 199 194 194 189 193 189 186 171 167 165 170 170 164 171 168 161 163 159 160 164 169 166 164 167 169 171 173 175 178 181 186 186 186 183 184 188 186 188 189 189 189 186 189
-999 -999 -999 -999 -999 -999 -999 -999 -999 -999 -999 -999 -999 -999 -999 -999 -999 -999 -999 -999 -999 -999 218 218 218 218 218 218 217 217 216 216 217 216 214 206 195 210 213 200 204 199 189 206 204 206 205 209 206 206 205 204 202 186 188 176 178 177 167 163 169 168 172 166 166 173 163 163 161 165 166 166 166 165 165 169 171 173 176 178 182 184 186 187 184 185 189 187 189 190 190 189 188 189
-999 -999 -999 -999 -999 -999 -999 -999 -999 -999 -999 -999 -999 -999 -999 -999 -999 -999 -999 -999 -999 218 218 218 218 218 218 218 217 217 216 216 214 211 209 201 203 209 208 201 204 193 196 190 203 195 207 207 201 192 200 191 184 187 172 180 164 166 162 161 167 169 173 175 164 174 165 169 160 159 165 163 165 168 169 170 172 174 175 178 181 183 186 187 169 182 184 189 189 190 190 187 189 189
-999 -999 -999 -999 -999 -999 -999 -999 -999 -999 -999 -999 -999 -999 -999 -999 -999 -999 -999 -999 218 218 218 218 218 218 218 217 217 217 216 211 216 210 201 207 209 206 197 202 196 202 189 196 184 186 202 207 204 194 198 200 195 171 171 167 164 166 170 159 162 166 170 175 162 171 173 166 165 162 164 167 170 172 174 174 173 175 178 180 184 184 185 187 181 182 184 187 190 190 190 190 189 190
-999 -999 -999 -999 -999 -999 -999 -999 -999 -999 -999 -999 -999 -999 -999 -999 -999 -999 -999 -999 218 218 218 218 218 218 217 217 216 216 216 213 211 205 207 209 209 201 197 193 197 199 183 179 168 188 202 205 204 184 184 187 186 186 166 170 171 168 172 168 167 164 170 175 175 175 164 167 166 166 166 168 169 171 174 176 178 178 177 180 182 186 187 187 186 186 187 187 188 190 190 190 190 189
-999 -999 -999 -999 -999 -999 -999 -999 -999 -999 -999 -999 -999 -999 -999 -999 -999 -999 -999 -999 218 218 217 217 217 217 217 216 216 216 216 215 213 210 212 210 205 189 183 179 192 185 167 172 164 186 197 190 190 193 181 169 177 188 187 170 173 174 169 172 165 164 168 168 175 172 166 173 163 166 167 169 171 173 175 176 178 180 180 180 182 184 184 184 187 188 188 188 189 191 190 190 190 190
-999 -999 -999 -999 -999 -999 -999 -999 -999 -999 -999 -999 -999 -999 -999 -999 -999 -999 -999 -999 218 217 217 217 217 217 217 216 215 215 215 214 215 213 211 203 201 204 191 189 180 177 169 161 160 182 183 172 176 180 196 172 164 161 167 177 188 177 172 174 171 168 170 176 174 174 176 169 169 167 168 169 171 173 175 176 178 179 180 180 180 180 180 183 183 185 186 188 188 189 189 190 190 191
-999 -999 -999 -999 -999 -999 -999 -999 -999 -999 -999 -999 -999 -999 -999 -999 -999 -999 -999 -999 218 217 217 217 217 216 216 216 215 215 214 214 213 212 211 203 193 199 195 188 176 163 164 168 177 186 173 158 164 165 173 191 166 159 167 165 175 173 178 176 176 177 176 176 167 172 172 177 172 168 173 171 175 174 175 176 177 177 178 178 184 179 179 180 183 185 187 188 188 187 187 188 191 191
-999 -999 -999 -999 -999 -999 -999 -999 -999 -999 -999 -999 -999 -999 -999 -999 -999 -999 -999 -999 217 217 217 217 217 216 216 215 215 214 213 212 210 208 205 203 202 190 189 175 172 167 159 163 173 172 185 174 169 157 167 179 163 155 160 165 157 166 177 172 170 176 177 167 157 155 165 174 173 168 169 173 175 176 177 178 178 178 177 178 180 182 179 180 183 185 188 188 187 186 187 188 188 188
-999 -999 -999 -999 -999 -999 -999 -999 -999 -999 -999 -999 -999 -999 -999 -999 -999 -999 -999 217 217 217 217 217 217 215 215 215 214 213 213 209 205 203 197 193 192 184 185 193 181 170 158 164 171 166 162 177 184 167 155 170 160 163 165 167 164 170 171 176 176 176 164 169 168 164 159 162 169 174 170 173 177 175 176 177 177 178 179 181 183 185 186 183 186 184 184 187 183 184 187 185 180 181
-999 -999 -999 -999 -999 -999 -999 -999 -999 -999 -999 -999 -999 -999 -999 -999 -999 -999 -999 217 217 217 217 217 216 215 214 214 214 213 212 205 192 187 185 188 189 200 199 187 179 163 154 161 159 159 156 156 168 174 150 155 153 164 168 171 167 172 173 182 169 168 174 173 175 172 169 167 166 178 169 173 176 175 174 175 178 177 178 179 183 185 186 186 186 185 185 182 186 182 182 179 186 183
-999 -999 -999 -999 -999 -999 -999 -999 -999 -999 -999 -999 -999 -999 -999 -999 -999 -999 -999 217 217 217 217 217 217 214 214 212 212 211 212 212 200 201 199 194 202 192 175 187 175 159 154 160 166 160 162 155 150 156 150 145 149 164 168 173 177 170 170 166 173 168 167 167 168 174 171 174 171 173 172 171 174 175 175 176 177 178 178 179 181 183 185 188 184 186 186 183 190 184 185 185 184 178
-999 -999 -999 -999 -999 -999 -999 -999 -999 -999 -999 -999 -999 -999 -999 -999 -999 -999 -999 217 217 217 217 217 215 214 212 212 210 206 199 199 201 209 201 206 197 184 164 182 164 159 163 160 169 167 161 161 153 152 167 168 147 153 159 164 161 161 172 172 166 163 166 172 174 170 173 176 177 179 176 179 175 172 172 173 175 178 178 182 182 184 185 189 185 186 185 186 189 183 186 186 182 189
-999 -999 -999 -999 -999 -999 -999 -999 -999 -999 -999 -999 -999 -999 -999 -999 -999 -999 -999 217 217 217 216 216 214 213 212 210 206 197 193 199 197 197 201 198 182 184 174 176 173 164 168 169 171 163 171 162 175 161 180 160 154 161 168 162 154 157 168 167 167 166 166 165 159 162 172 170 172 172 176 178 183 177 178 178 180 181 183 184 184 186 189 193 187 189 184 184 194 186 183 183 182 189
-999 -999 -999 -999 -999 -999 -999 -999 -999 -999 -999 -999 -999 -999 -999 -999 -999 -999 -999 216 216 216 216 214 215 215 213 210 207 204 195 185 196 194 189 203 197 185 169 161 161 177 180 164 172 185 172 167 179 179 164 153 153 165 162 173 156 161 164 165 169 159 163 158 159 161 162 167 168 174 172 177 178 180 182 188 178 182 183 183 193 185 184 191 193 194 188 190 194 181 184 186 188 189
-999 -999 -999 -999 -999 -999 -999 -999 -999 -999 -999 -999 -999 -999 -999 -999 -999 -999 217 216 216 216 216 213 215 213 211 207 197 200 204 190 179 190 194 201 177 186 173 154 155 165 178 181 162 178 186 191 189 173 155 150 153 158 165 178 165 156 168 173 172 161 158 167 164 159 160 161 164 171 171 174 174 178 178 175 179 182 185 184 187 183 184 185 186 194 194 196 197 190 188 190 189 186
-999 -999 -999 -999 -999 -999 -999 -999 -999 -999 -999 -999 -999 -999 -999 -999 -999 -999 216 216 216 216 213 212 214 209 204 197 192 200 190 190 198 187 181 192 177 152 146 160 164 187 179 171 167 180 190 171 170 165 165 172 169 148 164 169 165 156 157 166 172 171 162 169 166 164 161 162 163 164 166 170 172 177 177 174 174 175 177 176 179 181 180 181 183 184 186 189 197 186 182 190 186 184
-999 -999 -999 -999 -999 -999 -999 -999 -999 -999 -999 -999 -999 -999 -999 -999 -999 -999 216 216 216 216 213 212 208 202 205 197 194 184 188 191 181 185 190 180 170 164 160 167 164 176 179 192 179 185 188 169 169 157 174 164 175 164 158 176 171 153 159 158 164 172 171 170 169 165 161 161 168 173 168 170 172 173 174 175 177 174 176 176 178 179 180 182 184 187 186 187 194 192 194 195 189 183
-999 -999 -999 -999 -999 -999 -999 -999 -999 -999 -999 -999 -999 -999 -999 -999 -999 217 216 216 216 210 215 212 210 209 204 199 201 190 183 174 172 169 172 175 174 176 193 173 175 176 191 190 183 193 183 191 171 167 167 172 175 172 165 165 176 158 154 157 156 161 165 169 169 164 165 163 164 166 169 170 179 179 180 179 181 179 178 178 180 180 181 183 190 195 194 189 192 192 195 192 189 181
-999 -999 -999 -999 -999 -999 -999 -999 -999 -999 -999 -999 -999 -999 -999 -999 217 216 216 216 216 210 213 210 210 203 190 189 189 178 174 168 173 167 161 173 179 185 179 180 182 187 186 197 192 178 181 186 162 181 156 164 166 176 174 174 177 158 166 158 157 155 157 167 171 171 169 168 167 168 170 171 171 174 179 180 182 180 184 181 183 183 183 184 186 188 194 195 192 195 196 190 183 187
-999 -999 -999 -999 -999 -999 -999 -999 -999 -999 -999 -999 -999 -999 -999 -999 217 216 216 216 213 210 212 206 204 202 187 167 164 173 166 165 170 166 162 168 183 189 171 185 185 189 197 195 181 179 176 183 181 166 161 166 171 170 175 177 178 176 171 169 158 164 164 169 171 161 163 170 174 170 171 174 177 177 182 180 181 182 184 186 190 184 185 194 193 190 191 200 194 198 191 190 178 182
-999 -999 -999 -999 -999 -999 -999 -999 -999 -999 -999 -999 -999 -999 -999 -999 217 216 216 215 209 204 206 206 198 197 190 176 165 180 179 173 174 176 172 171 185 189 173 178 191 187 197 188 190 176 160 174 188 181 167 168 162 169 167 168 177 181 180 165 157 164 161 168 174 165 163 171 172 171 173 175 179 178 182 180 183 178 179 183 195 194 193 192 191 196 193 197 195 192 195 191 179 179
-999 -999 -999 -999 -999 -999 -999 -999 -999 -999 -999 -999 -999 -999 -999 -999 216 216 215 210 210 209 210 204 205 199 190 176 170 183 178 174 173 186 175 172 177 193 184 171 183 196 192 174 167 166 162 172 173 167 162 164 164 160 167 171 175 174 173 178 163 168 161 164 181 165 168 174 169 172 176 176 178 179 182 189 185 178 182 187 185 188 192 194 195 195 196 198 192 194 -999 -999 -999 -999
-999 -999 -999 -999 -999 -999 -999 -999 -999 -999 -999 -999 -999 -999 -999 -999 216 216 215 214 210 208 206 210 206 197 183 189 180 188 173 182 183 189 177 179 181 193 178 172 182 192 194 188 189 182 169 163 162 166 168 172 154 163 167 169 172 167 168 175 176 173 165 166 174 169 170 171 170 170 173 178 177 178 180 185 188 185 182 183 186 187 189 190 194 195 199 -999 -999 -999 -999 -999 -999 -999
-999 -999 -999 -999 -999 -999 -999 -999 -999 -999 -999 -999 -999 -999 -999 -999 216 216 209 215 211 213 210 206 206 202 190 190 182 186 174 172 185 191 178 186 184 197 177 169 178 193 190 179 180 169 167 168 161 168 176 175 156 158 165 167 168 174 175 175 173 179 177 174 183 170 171 175 170 171 174 177 179 180 179 185 190 187 183 185 183 187 190 195 194 203 -999 -999 -999 -999 -999 -999 -999 -999
-999 -999 -999 -999 -999 -999 -999 -999 -999 -999 -999 -999 -999 -999 -999 -999 -999 214 207 206 214 212 203 202 200 201 201 189 190 191 169 180 186 192 186 193 197 191 180 172 186 199 180 178 173 173 181 175 163 173 172 176 165 165 167 168 166 170 171 168 173 185 174 174 179 184 173 173 173 174 174 177 178 181 182 185 191 186 183 189 187 189 191 199 202 198 -999 -999 -999 -999 -999 -999 -999 -999
-999 -999 -999 -999 -999 -999 -999 -999 -999 -999 -999 -999 -999 -999 -999 -999 -999 213 207 208 209 209 206 205 198 205 199 200 200 184 174 179 187 196 193 196 195 181 177 165 188 202 183 182 186 186 171 169 162 173 177 169 168 165 169 172 163 165 171 169 173 181 166 169 174 180 177 174 180 173 178 179 181 183 185 183 189 184 188 189 189 193 192 203 197 -999 -999 -999 -999 -999 -999 -999 -999 -999
-999 -999 -999 -999 -999 -999 -999 -999 -999 -999 -999 -999 -999 -999 -999 -999 216 209 209 209 204 200 209 206 206 202 204 199 195 179 181 176 187 193 193 200 179 177 182 184 188 195 199 184 180 173 167 167 171 171 183 171 169 169 169 173 169 172 176 181 175 179 168 169 171 177 194 174 179 178 181 182 183 184 188 185 192 188 189 198 191 193 194 202 201 -999 -999 -999 -999 -999 -999 -999 -999 -999
-999 -999 -999 -999 -999 -999 -999 -999 -999 -999 -999 -999 -999 -999 -999 215 212 210 209 210 208 208 211 208 206 208 201 193 184 175 191 185 185 189 192 195 179 185 193 193 201 202 187 176 170 163 171 177 171 175 177 165 170 174 167 173 171 169 178 180 182 170 174 172 174 175 184 178 179 187 183 184 186 189 191 188 197 193 192 195 193 195 205 204 -999 -999 -999 -999 -999 -999 -999 -999 -999 -999
-999 -999 -999 -999 -999 -999 -999 -999 -999 -999 -999 -999 -999 -999 216 210 210 211 210 209 210 210 209 204 210 199 198 198 196 187 192 192 193 193 189 205 188 186 201 204 199 199 181 173 167 168 171 172 182 178 175 167 169 174 171 169 171 172 174 188 180 174 174 177 179 180 183 185 182 185 191 188 189 192 191 190 198 193 195 196 195 202 201 -999 -999 -999 -999 -999 -999 -999 -999 -999 -999 -999
-999 -999 -999 -999 -999 -999 -999 -999 -999 -999 -999 -999 -999 -999 215 208 209 213 210 208 213 213 212 206 207 197 206 194 193 203 203 196 200 194 196 200 195 191 205 201 181 183 180 180 174 176 174 178 182 183 174 169 169 170 175 169 175 173 176 188 175 175 182 179 180 187 189 196 189 186 189 191 193 191 193 196 201 192 196 204 205 206 -999 -999 -999 -999 -999 -999 -999 -999 -999 -999 -999 -999
-999 -999 -999 -999 -999 -999 -999 -999 -999 -999 -999 -999 -999 -999 217 207 211 213 209 210 213 213 210 212 207 201 197 192 195 191 205 205 204 204 205 207 205 191 199 192 181 179 186 189 171 176 181 181 178 178 169 171 170 173 179 174 180 177 176 192 179 179 178 183 183 191 187 192 199 191 193 197 191 191 198 200 195 196 198 199 208 203 -999 -999 -999 -999 -999 -999 -999 -999 -999 -999 -999 -999
