DE_airtemperature/2018_08_airtemp.asc
NCOLS 654
NROWS 866
XLLCORNER 3280414.711633467
YLLCORNER 5237500.62890625
CELLSIZE 1000
NODATA_VALUE -999
[rows 738 to 778 of 866, columns 188 to 281 of 654]
193 193 201 192 204 204 197 200 196 197 197 198 199 198 200 198 197 199 201 200 200 205 202 203 203 204 202 198 201 204 204 202 201 203 204 203 204 201 203 195 192 185 187 186 191 187 189 182 188 195 198 186 186 183 186 184 184 188 186 188 184 181 181 184 186 185 185 183 184 185 184 181 182 179 180 178 180 181 180 182 182 184 185 189 187 187 187 188 192 188 188 188 188 189
189 194 191 195 205 195 196 197 197 198 197 198 199 200 205 197 197 198 200 201 202 205 203 205 205 205 201 201 200 200 200 202 202 202 203 202 201 198 198 197 194 189 187 183 182 182 182 183 182 183 196 186 186 184 185 183 187 185 188 187 184 186 185 184 185 187 186 186 185 185 182 181 180 180 180 180 182 181 182 184 185 185 186 187 188 186 186 186 187 196 197 189 189 197
192 191 193 194 195 197 198 196 197 197 197 197 197 198 205 203 198 198 199 200 201 202 205 205 202 201 203 201 202 200 201 202 201 204 203 202 201 199 196 190 184 187 185 181 181 183 181 184 182 184 181 191 188 186 186 188 188 186 187 187 188 187 186 188 186 186 182 183 183 180 179 181 180 180 182 182 182 182 182 183 184 185 186 186 186 187 190 191 197 197 197 193 198 195
190 191 194 193 197 205 205 198 199 198 197 197 198 200 198 205 198 199 200 199 201 202 204 201 198 199 201 200 199 202 200 200 203 202 202 200 195 195 198 192 190 176 179 179 182 183 184 184 183 181 184 184 188 189 185 184 185 185 185 181 187 187 185 189 186 181 182 181 183 180 179 182 181 182 186 184 182 181 182 184 184 185 185 185 187 186 187 192 197 187 190 193 195 189
189 192 200 204 203 198 199 203 200 200 201 198 197 198 198 198 199 198 201 201 202 204 206 205 204 197 198 197 199 201 200 201 202 201 199 198 185 181 194 195 184 185 182 180 181 183 185 183 179 181 185 186 187 187 185 184 183 186 186 182 185 188 189 185 182 180 181 182 180 184 181 181 181 186 182 187 183 183 186 182 184 185 186 186 189 188 191 193 190 188 189 188 193 189
196 201 197 195 197 198 198 200 201 203 200 200 198 198 197 200 205 200 200 204 204 204 204 204 205 204 199 201 200 198 199 199 195 196 190 190 187 192 194 194 189 184 184 181 182 183 183 186 182 184 185 186 186 185 184 184 185 185 185 184 186 184 187 187 185 187 183 182 182 183 182 182 182 182 182 184 192 187 186 186 186 187 187 187 193 197 197 191 196 194 191 190 191 193
202 194 196 197 199 201 198 199 200 201 195 196 195 197 199 200 201 201 201 201 201 200 202 204 197 204 199 202 202 201 199 197 196 190 188 178 187 190 182 184 184 185 181 182 183 183 186 184 184 185 186 185 184 183 183 183 184 184 185 185 186 188 185 189 186 190 185 185 182 181 185 186 183 185 183 184 185 193 186 194 194 195 194 196 194 197 197 189 190 192 190 192 194 195
194 194 195 200 198 197 198 199 201 200 199 193 197 195 199 198 202 199 201 202 199 195 196 202 199 203 200 201 202 199 199 197 194 190 193 186 179 180 181 177 182 184 186 182 182 181 187 183 184 186 186 185 185 182 183 185 184 185 183 185 184 186 185 184 183 180 184 186 183 182 182 185 184 184 190 186 189 183 186 187 186 185 186 188 197 197 196 195 190 191 191 193 194 194
194 203 197 196 197 197 199 200 198 198 197 196 200 201 201 199 202 201 203 200 200 199 199 199 200 201 201 197 201 201 200 200 198 195 190 178 179 181 182 183 177 182 187 180 182 187 186 182 183 185 186 186 182 181 183 185 184 185 185 183 184 184 183 184 183 183 185 191 183 186 183 186 184 184 186 184 184 185 186 185 186 189 193 196 197 194 197 194 193 191 191 193 194 197
195 203 194 196 197 198 199 199 199 190 198 201 201 200 201 202 202 200 202 203 196 195 197 197 197 199 201 198 197 199 199 197 194 198 193 178 179 181 181 182 185 180 186 187 185 183 185 182 183 185 185 183 183 181 184 185 185 183 185 184 183 182 181 184 180 181 185 189 190 186 183 184 183 183 183 184 184 185 186 186 186 188 195 195 194 196 196 196 193 192 193 197 198 199
195 196 195 195 196 198 198 198 188 192 193 201 196 196 201 201 200 199 201 203 200 196 199 199 196 198 201 197 196 197 197 199 193 190 193 187 185 180 181 183 185 186 182 180 181 185 184 183 185 186 185 184 182 182 183 184 183 184 184 184 183 183 183 186 181 185 186 186 191 185 184 185 184 183 186 186 186 188 187 189 189 192 193 191 196 198 193 194 192 193 196 198 197 197
193 200 193 194 195 197 198 194 197 194 194 200 194 198 199 198 196 196 198 201 201 201 200 197 196 198 197 197 192 189 194 196 194 193 194 192 186 187 181 181 178 181 182 182 180 188 186 185 185 186 184 180 181 184 183 184 184 184 182 181 184 184 181 185 187 187 187 186 186 186 189 183 184 185 188 189 187 188 189 190 191 191 193 193 198 198 196 194 193 193 194 196 197 198
191 192 192 193 196 197 195 196 196 198 196 198 196 196 196 195 194 196 194 197 197 201 199 199 198 197 197 197 196 190 184 190 194 188 187 187 190 181 181 179 176 180 180 181 182 186 185 183 183 185 183 183 182 184 183 184 184 184 182 183 181 184 183 184 184 186 186 186 191 190 184 184 185 184 189 190 189 189 190 190 191 189 191 194 198 196 193 193 195 197 197 198 198 199
192 189 193 193 195 191 190 194 193 195 193 196 198 192 193 196 194 194 195 197 199 200 198 196 197 197 195 194 190 186 175 176 187 177 182 185 189 178 184 182 177 179 178 182 182 186 184 183 184 187 183 182 179 183 183 184 184 183 184 184 184 185 184 185 185 186 186 191 194 185 187 184 186 186 191 190 189 187 190 190 189 188 192 195 198 198 195 197 197 197 199 199 200 201
198 191 193 194 195 193 190 190 190 189 194 194 196 194 193 194 196 195 197 198 199 200 199 198 197 195 193 191 180 177 177 177 175 180 186 181 189 185 184 184 180 184 179 181 183 181 183 184 184 182 182 181 182 183 183 184 183 183 181 185 184 186 184 186 186 187 188 189 189 188 186 185 188 191 192 190 189 187 188 186 187 190 193 196 196 198 197 198 197 197 197 199 199 201
199 191 197 193 193 194 189 187 188 189 190 195 194 196 194 193 195 197 196 197 199 199 196 196 195 191 188 187 184 179 180 179 176 174 179 184 183 182 183 186 186 187 186 181 185 183 184 188 186 182 181 180 182 184 183 183 183 183 185 187 185 185 186 188 188 186 186 191 193 188 187 185 190 191 189 186 187 187 188 193 191 195 195 198 198 199 198 197 197 199 200 200 201 201
195 199 199 194 194 195 192 193 190 189 191 192 193 194 193 193 197 195 195 198 199 199 197 196 192 183 178 176 177 183 178 184 178 177 176 182 182 176 177 178 180 179 179 187 184 181 184 188 183 181 183 182 182 183 182 183 184 182 184 184 183 185 190 185 190 188 186 189 188 190 188 192 190 190 189 186 188 187 192 193 197 198 196 196 198 198 201 201 201 201 201 201 201 201
189 194 194 196 194 194 192 188 187 189 188 191 189 188 190 195 193 196 197 201 199 198 195 194 190 190 187 185 179 180 180 184 179 179 177 182 176 179 178 176 179 178 180 182 185 184 184 188 184 184 183 183 181 183 184 183 183 184 184 183 184 183 183 189 186 187 186 189 189 188 193 194 191 192 192 188 192 196 196 196 194 193 196 197 199 201 198 197 198 199 201 202 202 202
188 190 197 194 194 194 191 187 189 188 191 192 190 190 191 192 195 195 195 196 199 196 194 188 183 188 190 188 179 184 182 180 186 177 178 179 176 178 177 179 178 180 183 181 187 184 187 185 183 184 182 183 183 182 183 183 183 183 184 184 183 183 183 182 189 187 187 185 186 192 191 191 192 195 194 193 196 194 193 193 194 194 195 198 199 200 200 199 199 199 199 202 202 202
191 192 195 192 193 193 195 195 192 189 192 190 191 190 191 194 196 198 198 198 196 198 197 191 194 193 187 180 185 186 184 181 184 178 176 178 178 177 178 179 178 178 178 182 187 185 185 189 185 183 182 183 183 183 181 182 183 183 184 184 183 183 183 185 187 188 186 186 186 190 192 193 191 189 195 195 197 194 194 194 193 193 196 199 200 200 200 199 199 199 199 200 201 202
191 191 199 198 197 194 196 187 187 187 190 191 192 191 191 193 196 190 196 195 196 196 197 196 193 188 177 178 185 190 181 184 181 187 178 177 178 179 180 180 180 181 180 183 187 189 184 188 188 183 182 183 183 182 183 182 183 184 184 184 183 182 181 186 184 190 187 184 186 186 192 194 193 196 196 196 197 196 195 196 196 196 196 197 200 200 200 199 199 199 201 201 201 202
189 196 199 189 191 193 196 194 192 187 189 188 191 191 191 191 192 193 193 193 193 194 194 196 190 177 180 180 188 190 183 182 179 187 180 178 178 178 181 183 181 182 181 186 186 186 188 186 188 184 185 182 182 182 182 183 184 183 185 183 184 184 182 184 189 191 191 189 187 191 195 194 192 194 195 195 195 196 197 197 198 197 198 200 200 199 199 199 199 199 200 200 201 202
190 197 190 190 191 193 193 193 189 192 192 189 188 190 191 191 190 188 190 184 185 192 182 191 194 195 182 177 178 199 180 177 176 190 177 178 179 178 180 180 185 182 183 184 185 185 185 188 190 188 183 182 182 181 181 182 182 183 184 183 184 185 188 187 190 187 191 194 189 188 193 195 192 192 194 192 193 196 198 196 198 198 199 200 200 199 199 198 198 199 200 201 201 202
188 188 193 190 190 190 190 183 186 189 190 190 188 189 189 190 185 172 177 176 181 174 173 184 186 187 193 193 193 188 188 187 189 190 179 179 178 180 180 179 183 181 183 185 186 185 185 189 188 183 181 182 180 180 181 182 184 184 184 185 183 185 188 190 188 184 184 191 193 194 194 193 194 192 191 192 194 194 195 196 198 199 199 199 198 199 198 199 199 199 200 201 201 201
189 189 186 189 191 192 192 191 185 187 188 188 189 189 190 189 181 171 181 180 184 175 178 175 187 175 190 183 185 184 187 186 186 190 190 180 180 180 180 180 181 183 185 187 186 186 184 185 189 182 180 179 179 180 181 183 182 181 184 188 185 181 184 189 187 184 182 183 195 195 192 192 192 190 191 191 194 194 196 197 196 198 199 198 198 198 198 199 199 200 201 201 201 202
187 189 190 194 192 190 185 183 184 185 187 188 187 188 190 190 187 180 181 186 181 182 181 174 176 174 184 175 180 176 177 178 179 179 180 189 182 181 180 181 183 183 185 186 187 185 186 187 185 182 181 180 180 180 182 182 183 184 185 183 187 189 184 187 182 182 189 192 193 193 193 193 191 190 189 191 195 195 194 196 197 198 198 198 198 198 199 199 199 199 200 200 202 202
187 188 188 194 190 190 190 190 189 185 185 185 187 183 188 188 187 189 187 178 173 174 179 179 175 175 175 172 177 174 177 177 178 178 180 182 188 188 183 182 183 185 187 186 187 186 187 188 183 181 180 180 180 182 184 182 185 186 184 188 187 183 183 185 182 191 192 192 194 194 193 192 191 191 192 194 193 193 195 198 197 197 198 198 199 198 198 198 198 199 200 201 201 202
186 188 188 188 190 191 193 190 187 186 188 187 187 185 181 181 171 172 177 182 174 174 176 183 175 177 175 170 175 174 175 177 178 179 178 180 180 185 189 184 183 185 187 186 188 187 186 189 186 180 179 181 182 183 183 184 184 187 188 186 184 184 185 183 187 192 192 193 194 194 193 193 191 191 192 192 194 194 195 196 197 197 197 198 197 198 198 198 198 198 199 199 201 202
185 187 188 189 194 190 194 190 187 187 188 188 188 185 181 183 173 174 180 174 176 176 181 176 182 180 174 172 172 173 172 175 178 179 177 179 180 183 189 184 184 184 183 183 187 190 190 189 185 181 181 182 184 185 184 183 184 186 184 182 182 185 187 190 192 193 193 192 194 194 194 192 189 189 190 192 193 194 195 195 196 196 198 197 198 197 196 197 198 199 199 200 201 202
186 187 189 190 193 195 193 191 189 186 190 189 186 174 175 185 174 173 180 176 172 175 174 173 182 179 173 171 173 174 175 175 178 176 178 179 179 180 184 188 185 183 182 183 185 185 189 185 184 179 180 180 185 185 183 184 188 186 185 186 185 183 188 189 187 192 193 193 193 192 194 189 186 186 189 192 193 194 195 195 195 195 197 196 197 196 196 197 198 197 200 201 200 201
187 189 189 191 194 193 188 188 189 190 193 191 180 179 175 184 178 177 185 178 175 176 175 175 184 175 175 172 171 171 176 177 178 176 178 179 179 181 184 190 187 183 181 183 185 188 190 187 187 181 180 183 183 186 185 186 185 189 191 191 191 192 193 191 192 192 193 193 192 192 192 192 189 188 190 192 193 194 194 194 194 193 196 194 195 196 197 197 197 196 200 200 200 200
187 190 191 192 193 194 189 193 191 194 192 189 182 183 186 187 187 185 187 175 172 177 174 177 183 174 173 174 172 172 173 177 176 179 178 179 179 182 183 190 185 185 181 184 186 186 191 190 185 182 180 183 186 188 187 185 188 190 191 190 192 193 192 192 192 193 193 193 191 191 192 193 191 191 191 193 192 193 192 193 193 193 194 195 195 195 196 196 195 195 199 200 199 198
193 190 194 192 195 195 196 192 193 197 193 193 189 184 182 178 178 176 182 187 177 177 181 187 175 173 174 175 174 173 176 176 177 176 178 177 179 181 182 181 188 189 180 181 183 186 186 190 186 181 183 185 184 186 188 187 187 190 192 191 192 192 192 193 193 193 193 191 192 192 192 193 192 192 191 192 192 192 192 193 192 191 193 194 193 196 195 195 195 196 199 200 198 197
191 194 192 194 196 195 195 199 194 196 195 194 193 193 185 177 178 180 179 176 188 178 177 187 176 175 176 176 178 177 177 177 178 177 178 179 182 182 184 181 187 182 185 181 181 186 185 189 182 182 183 186 187 186 186 186 188 192 190 191 191 192 191 192 194 194 194 192 191 191 191 194 193 192 191 193 192 192 193 193 191 192 192 192 194 196 194 195 195 197 199 201 196 197
191 190 193 195 194 192 193 197 199 196 199 198 197 188 179 181 180 180 178 184 188 186 179 174 180 176 176 178 178 177 177 177 177 179 180 182 182 181 181 180 182 188 186 183 182 185 184 189 182 184 185 187 189 188 185 186 189 190 190 190 191 191 191 192 194 194 193 192 191 191 193 193 192 193 193 193 192 192 193 194 191 192 192 193 194 195 196 196 197 196 198 200 197 196
190 194 195 190 191 193 193 195 197 200 200 199 196 184 182 181 180 182 181 180 179 186 190 190 179 177 176 177 176 179 178 179 179 181 182 180 183 181 183 183 186 187 188 183 185 183 187 184 189 186 188 189 190 189 186 187 190 190 189 189 190 190 192 194 194 194 192 191 190 191 191 193 193 191 191 193 192 192 194 193 192 191 192 193 195 195 196 195 196 195 199 197 197 196
192 193 189 188 190 192 193 197 197 199 201 200 198 184 184 181 180 182 182 180 180 181 179 181 190 180 179 179 178 180 179 180 181 181 181 186 183 183 188 183 182 182 186 183 183 183 185 186 184 184 187 187 188 187 189 189 191 191 189 190 190 190 193 193 194 195 193 192 191 191 191 191 194 191 191 192 192 193 194 194 193 192 193 194 194 197 196 196 197 198 199 197 195 196
193 192 189 189 193 191 197 194 196 198 200 199 198 183 182 182 182 180 179 181 181 180 180 180 187 187 179 179 179 180 178 178 179 180 184 192 191 188 190 191 181 184 187 185 183 183 187 188 189 185 186 187 190 189 188 189 190 188 190 191 190 191 193 194 194 194 192 192 192 192 192 191 193 192 192 193 193 193 194 194 193 192 193 193 195 196 197 198 196 198 198 199 197 195
190 191 191 190 191 193 194 193 195 196 197 201 198 189 189 183 185 185 182 189 183 182 181 179 180 186 183 180 180 179 182 180 181 189 191 182 180 192 188 191 188 190 186 184 187 188 188 186 189 187 186 188 187 188 187 188 190 189 189 189 190 190 193 194 194 194 191 192 192 192 191 191 192 193 192 193 193 193 194 194 192 192 194 194 196 196 196 198 195 196 197 197 198 198
192 189 188 190 192 191 192 193 194 196 198 200 200 197 192 185 182 185 182 182 190 182 182 182 182 184 182 181 179 181 180 190 192 186 180 180 180 188 181 189 190 189 183 187 185 186 186 184 185 189 190 191 191 191 191 191 191 191 193 193 193 193 193 194 194 194 194 193 193 193 193 192 192 194 193 194 194 194 195 195 193 192 194 194 196 195 195 198 198 196 197 198 199 197
188 189 189 189 190 192 191 188 192 191 195 196 196 197 197 193 185 185 183 183 184 184 182 183 184 184 185 182 181 185 185 194 181 180 180 182 182 183 185 183 186 188 184 183 186 186 183 184 185 185 188 190 191 189 192 192 192 192 193 193 193 193 194 194 193 192 195 192 193 193 192 191 192 192 193 193 194 194 195 195 196 194 195 196 196 196 195 196 196 196 196 199 199 198
