DE_airtemperature/2018_09_airtemp.asc
NCOLS 654
NROWS 866
XLLCORNER 3280414.711633467
YLLCORNER 5237500.62890625
CELLSIZE 1000
NODATA_VALUE -999
[rows 779 to 819 of 866, columns 282 to 375 of 654]
150 145 146 147 145 145 147 146 146 147 144 145 146 146 146 148 147 147 148 148 148 148 149 148 147 146 147 143 144 144 146 146 147 147 148 148 147 147 146 145 143 145 146 146 146 146 147 144 146 146 146 144 144 144 145 146 146 146 146 146 146 146 146 146 146 146 146 145 146 147 147 147 146 147 147 147 147 148 145 146 146 146 146 146 146 145 145 146 149 147 148 148 149 150
150 148 146 146 145 145 147 146 147 146 144 145 146 145 146 148 146 147 148 148 148 148 149 149 147 146 146 144 143 144 145 146 147 147 147 145 147 147 146 146 143 145 146 145 146 146 146 146 146 146 146 146 144 143 144 145 146 146 146 146 146 146 146 146 146 146 145 145 145 146 147 147 147 147 147 147 147 147 145 145 146 145 145 146 145 145 146 146 147 147 149 148 148 150
148 145 146 145 145 144 145 145 146 146 144 146 145 145 145 147 146 147 148 148 148 148 148 148 147 145 145 143 143 144 146 146 146 147 147 146 147 147 146 146 143 145 146 146 145 145 145 146 146 146 146 146 143 143 144 145 146 146 146 146 146 146 146 146 146 146 145 145 146 146 146 147 146 146 147 147 147 147 146 145 145 145 145 145 145 144 146 146 146 146 145 148 148 150
147 145 145 144 145 144 145 144 145 146 145 145 145 145 147 146 145 147 147 148 148 148 148 147 145 145 146 143 145 146 146 146 146 146 147 146 146 146 146 145 144 145 146 146 145 145 144 146 146 145 145 145 143 143 143 145 146 146 146 146 146 146 145 146 145 145 145 145 146 146 146 147 145 145 146 146 147 147 148 145 145 145 145 144 144 143 145 146 147 146 146 147 148 150
145 146 146 144 146 144 144 145 144 143 144 144 145 146 147 145 145 146 147 148 148 147 147 146 146 146 146 146 146 146 146 146 146 145 146 146 146 146 146 146 145 146 145 145 145 145 144 145 145 145 145 145 144 143 144 145 146 145 145 145 146 146 145 145 145 145 145 145 146 146 146 146 145 145 146 146 147 148 148 145 144 145 144 144 145 144 144 146 145 145 145 146 148 150
146 144 144 143 145 144 143 144 144 142 143 143 144 145 145 144 144 145 147 148 147 147 146 146 146 146 146 146 145 146 146 146 146 145 146 146 146 146 145 146 145 145 145 144 144 144 143 145 145 145 145 145 145 143 143 144 145 145 145 145 145 145 145 145 145 145 145 144 146 146 146 146 144 144 145 146 146 147 145 145 144 144 144 144 145 145 146 146 145 145 145 145 147 150
146 145 143 143 144 144 143 143 143 143 144 146 145 144 144 146 144 146 147 147 147 146 146 146 146 146 145 146 145 145 145 145 146 145 146 142 145 145 145 145 145 144 143 143 144 144 143 143 144 145 145 143 144 142 143 145 144 145 145 145 145 143 145 145 145 144 144 144 145 145 146 146 144 144 146 146 146 147 145 145 144 144 143 144 145 145 146 146 145 145 145 145 147 149
146 144 144 144 143 143 142 143 144 143 143 146 143 143 144 146 144 144 146 146 147 146 146 145 146 146 146 146 145 145 145 145 145 145 145 142 145 145 145 146 146 144 144 144 145 142 143 144 143 145 144 143 145 143 143 145 145 144 145 146 146 142 145 146 146 143 145 145 145 145 145 146 143 144 146 146 146 147 144 144 144 144 143 143 143 144 145 145 145 145 144 144 146 149
146 144 145 143 143 142 142 144 144 143 142 145 143 144 144 146 144 143 146 147 147 146 145 145 146 146 146 146 145 145 145 145 145 145 144 141 143 146 145 145 145 146 144 144 145 142 144 144 145 145 143 143 145 145 145 145 145 145 146 146 146 144 145 145 145 145 145 145 145 145 145 145 145 145 145 145 146 147 145 144 144 143 143 143 143 144 144 145 144 144 144 145 146 148
146 146 143 142 140 142 142 143 143 143 144 144 143 143 143 144 143 143 146 146 146 145 144 145 145 145 145 145 146 145 145 145 145 145 144 141 143 144 145 145 145 145 144 145 144 142 143 144 145 144 142 142 144 144 144 144 145 144 145 146 146 145 145 145 144 144 145 144 144 144 145 144 144 145 145 145 146 146 143 143 143 143 142 143 143 143 144 145 144 143 144 144 146 148
146 145 143 142 140 141 142 143 143 143 144 144 142 142 143 143 143 143 146 146 146 144 144 144 144 144 145 145 146 145 144 144 144 143 145 142 142 142 144 145 144 145 144 143 143 142 141 143 145 143 142 142 144 144 144 144 144 144 145 145 145 145 145 142 144 144 144 144 144 144 144 143 142 145 145 145 145 147 143 143 143 142 141 142 143 144 144 144 143 144 143 146 147 148
146 144 142 142 141 141 143 143 143 143 144 141 142 141 141 142 142 142 146 146 145 144 144 144 144 144 145 146 145 144 143 143 143 142 143 145 141 142 142 144 144 145 143 143 141 141 141 144 144 144 141 141 146 144 143 144 144 144 145 145 145 145 145 143 143 144 144 144 144 144 143 142 141 145 145 145 146 148 142 143 143 143 141 143 143 144 143 144 145 144 143 146 146 147
143 143 143 143 142 143 144 143 142 141 140 141 140 141 141 142 142 142 146 146 145 144 144 144 144 145 145 146 145 144 143 143 142 144 145 145 141 142 142 142 141 145 140 141 140 140 142 144 144 143 140 143 143 143 142 143 143 145 144 144 144 144 144 143 143 143 144 143 143 142 141 144 143 143 145 145 145 146 148 143 142 142 143 143 143 144 144 143 144 144 145 147 147 148
141 142 144 144 144 144 144 144 141 141 139 141 139 140 140 141 142 143 145 145 146 144 143 143 144 145 144 145 145 144 143 142 141 143 144 144 141 140 140 143 141 143 143 140 140 140 143 142 143 140 143 143 141 142 140 143 144 145 145 144 144 144 143 143 143 143 143 143 143 141 142 143 142 144 145 145 145 145 146 146 144 145 144 143 142 144 144 143 144 146 145 149 148 148
140 144 144 144 144 144 143 141 140 141 139 140 140 139 140 141 141 141 145 145 146 145 143 143 144 145 142 145 145 144 144 141 141 140 143 144 144 141 141 140 141 141 144 139 139 140 140 140 142 140 142 141 141 141 140 143 144 145 145 143 144 144 143 142 143 143 143 143 142 140 141 142 144 143 144 144 144 144 145 146 147 144 144 143 143 143 144 142 143 146 147 148 148 149
142 144 144 144 144 142 142 140 139 140 139 139 139 139 140 141 141 145 145 145 143 145 143 143 144 144 141 145 145 144 145 145 140 140 143 143 143 142 140 142 139 139 143 139 138 141 138 138 139 142 142 142 139 139 140 142 143 144 144 143 143 143 142 142 142 142 142 142 142 140 140 140 143 142 142 144 143 144 144 144 147 147 143 144 144 144 143 143 143 144 147 149 149 148
144 144 144 144 144 143 141 139 140 139 139 139 139 139 139 140 144 144 145 145 143 143 143 143 141 144 141 144 144 145 145 145 142 140 143 143 143 139 139 140 140 138 139 143 138 140 138 137 139 140 140 142 138 139 140 139 142 142 144 143 143 143 141 141 142 142 140 142 140 140 140 142 141 142 143 142 143 143 144 144 144 147 144 145 145 146 145 143 142 143 147 148 147 147
144 144 144 142 143 142 140 142 138 139 138 139 139 138 139 140 142 143 145 144 143 143 145 144 144 141 142 141 143 144 144 144 143 140 139 142 142 142 138 138 139 137 138 143 138 137 138 138 141 138 139 141 139 138 137 137 140 142 143 143 143 143 140 140 141 141 139 139 141 141 141 140 140 142 143 141 143 143 144 146 145 144 144 144 144 145 143 143 143 145 148 149 148 147
144 144 143 139 143 144 144 144 141 139 139 138 139 139 139 144 145 145 145 142 144 144 143 145 145 143 141 143 144 144 144 144 143 141 139 141 142 138 138 138 136 137 137 141 137 137 137 139 138 138 140 141 140 139 137 138 138 142 143 144 143 142 140 142 141 139 139 141 139 139 140 139 140 140 142 141 141 141 143 143 146 147 143 144 145 144 144 143 145 146 148 149 148 149
143 143 141 139 141 144 143 143 139 140 138 138 138 139 142 144 141 144 144 142 144 143 143 142 145 144 142 143 144 143 143 143 142 141 138 138 138 141 137 138 138 138 140 139 137 136 137 138 137 138 139 140 141 140 137 139 138 141 142 143 143 141 140 142 140 138 139 140 138 138 139 138 138 139 139 139 139 140 141 143 144 145 144 144 144 145 144 145 144 143 148 150 150 149
144 143 140 139 142 143 144 143 138 137 137 138 138 139 143 143 141 141 141 142 143 143 142 142 142 144 145 142 141 141 142 143 142 137 139 138 136 139 142 137 137 136 141 138 136 136 136 137 136 137 138 138 140 139 130 138 137 142 142 143 143 141 140 140 142 141 138 138 140 137 139 138 137 139 139 139 140 140 140 142 141 142 147 145 144 144 146 145 144 142 143 148 150 149
143 142 140 140 143 143 143 143 139 137 137 142 143 143 143 138 138 141 142 142 142 142 142 142 143 143 143 141 140 139 142 143 142 141 136 138 137 138 141 139 139 136 138 142 138 137 137 136 137 137 138 137 140 139 138 136 139 141 142 141 143 141 140 139 141 140 138 139 140 137 138 138 137 137 139 138 137 140 141 142 143 145 146 146 144 146 146 145 144 145 145 149 152 151
142 141 140 141 143 142 143 143 141 141 142 143 143 143 143 141 140 139 141 142 142 142 142 142 142 142 145 138 141 140 141 143 142 142 139 137 137 137 140 136 134 138 138 142 141 138 135 135 138 137 139 138 141 141 138 137 141 141 141 141 143 141 141 140 141 138 139 140 139 136 137 137 137 138 140 138 140 140 141 142 142 141 143 145 147 148 148 149 148 148 147 150 153 150
141 141 142 143 143 142 142 143 144 143 143 142 142 142 140 140 138 140 141 142 140 141 141 141 142 142 143 138 139 140 142 143 144 143 143 137 135 137 139 137 137 137 137 140 142 139 136 135 137 137 140 140 141 141 139 137 141 142 143 141 144 143 141 142 141 140 140 140 136 137 137 136 138 140 140 141 140 140 141 142 142 141 147 145 146 148 150 151 150 149 152 151 154 152
142 142 143 143 143 141 143 143 141 142 141 142 142 141 141 139 142 140 140 140 140 140 141 141 140 142 141 145 144 142 142 143 144 143 144 143 141 139 139 139 140 138 139 141 141 138 136 136 137 138 139 141 141 141 136 139 142 143 143 143 144 144 142 142 140 141 140 141 136 136 137 135 138 140 140 141 141 140 142 142 142 141 147 145 148 150 151 152 151 150 150 152 154 153
142 140 141 143 143 143 143 143 141 140 140 142 141 141 142 141 140 141 140 140 141 140 140 140 140 141 139 139 143 144 145 142 144 145 144 144 143 138 140 139 139 136 138 141 139 140 139 139 139 139 140 140 141 141 139 142 142 142 143 144 143 143 141 142 139 141 140 140 135 135 137 135 139 141 141 141 141 141 142 144 145 146 147 147 148 151 151 151 153 146 150 154 156 154
142 142 141 145 144 143 142 143 141 141 140 140 140 141 141 140 139 141 141 140 141 140 140 139 139 140 139 139 141 146 145 143 145 146 145 144 144 143 141 139 138 136 141 141 139 139 137 138 140 139 140 141 141 141 141 141 142 142 143 143 142 143 142 140 140 140 140 139 136 133 136 138 139 140 140 141 141 141 141 143 145 143 147 148 149 152 151 151 149 145 146 153 156 153
143 142 143 145 144 143 142 143 142 139 138 139 140 140 139 139 139 139 138 140 138 139 138 139 139 139 141 143 142 143 144 148 147 146 146 145 144 143 142 138 137 136 142 140 139 137 139 138 140 140 141 141 141 142 141 141 142 143 143 144 141 143 142 140 140 140 140 140 137 134 135 139 140 141 141 141 141 142 142 145 145 142 146 148 149 150 150 151 147 152 152 156 155 154
143 144 143 145 144 142 141 142 142 139 138 139 138 139 139 139 139 140 137 138 137 137 138 137 137 139 138 141 143 146 145 148 147 147 145 146 144 144 143 138 137 135 142 140 139 137 139 139 140 140 141 142 141 142 141 142 141 143 143 142 141 143 143 141 140 140 139 138 137 136 134 138 140 140 141 142 142 143 144 145 143 145 145 146 148 149 148 150 151 154 153 155 155 154
145 144 144 145 143 141 141 141 141 139 140 138 137 138 139 138 139 139 139 138 137 136 134 136 137 137 139 135 140 142 145 147 147 147 147 146 145 144 143 142 137 137 142 140 138 135 137 138 139 140 140 142 141 141 141 142 142 142 142 141 140 143 142 141 140 136 135 138 138 137 133 137 141 141 142 142 142 144 143 140 143 145 144 146 149 148 150 152 151 154 152 151 152 150
144 143 144 144 144 142 141 143 141 139 140 138 138 137 138 139 139 138 137 138 135 135 134 135 136 137 137 139 141 141 142 145 145 147 147 147 146 145 144 142 140 139 143 142 138 135 137 139 139 141 141 141 141 140 141 141 142 142 142 141 140 143 141 141 140 136 136 138 137 136 134 139 140 140 142 145 145 145 141 141 144 143 145 145 147 147 152 154 153 147 148 147 149 151
144 144 144 144 143 143 143 142 142 141 140 138 137 137 139 139 140 139 139 137 136 134 131 133 134 135 136 136 137 140 142 143 143 144 147 146 145 146 145 145 143 143 144 141 138 135 137 138 138 140 141 141 140 141 142 141 142 142 142 141 141 143 142 142 139 137 137 138 139 138 138 139 141 142 142 143 142 142 141 142 143 142 138 144 140 143 147 146 146 148 149 147 148 148
144 144 144 145 143 144 144 142 141 141 142 139 137 140 140 140 139 139 137 137 137 133 132 129 133 134 135 133 138 138 140 141 143 144 146 145 145 146 144 144 144 145 143 143 140 138 138 137 138 139 140 140 140 142 143 143 141 141 141 140 141 141 142 142 139 138 136 136 134 137 139 141 139 142 142 143 142 141 141 142 140 141 137 145 146 145 145 147 148 147 147 147 148 148
145 135 145 145 144 144 144 144 142 141 140 140 140 139 140 140 140 139 137 137 136 137 133 135 132 132 133 134 135 137 139 141 140 144 146 145 146 145 143 143 144 144 143 141 137 135 137 137 137 140 138 140 142 141 142 142 141 140 140 140 140 142 142 143 142 136 134 133 132 137 140 140 140 142 144 142 142 142 142 141 138 137 140 143 147 145 144 144 146 139 145 147 147 148
144 144 144 144 144 143 146 144 144 142 139 140 140 139 137 139 140 140 137 134 135 136 133 134 133 136 134 132 134 136 138 139 139 143 144 146 147 144 144 144 145 144 140 139 136 135 137 137 139 140 139 140 140 139 140 141 141 140 140 139 139 141 141 142 141 136 132 129 131 135 138 140 141 142 144 142 141 142 141 140 138 142 141 142 143 146 142 141 138 136 139 144 144 144
144 145 147 144 147 144 143 144 142 142 143 141 138 135 135 140 139 140 136 130 132 136 134 132 129 129 134 129 128 132 137 139 138 140 145 146 146 145 144 144 145 143 141 139 135 135 136 138 138 140 140 139 139 139 140 140 140 140 140 139 139 140 142 142 141 140 137 136 138 138 141 141 142 142 143 142 142 141 141 141 140 137 138 140 140 147 140 139 138 139 136 140 143 144
145 145 147 147 143 143 143 142 142 142 140 140 137 141 141 141 139 141 139 136 132 137 128 128 124 128 130 134 131 132 136 139 136 140 146 146 148 147 146 145 143 141 142 137 135 137 137 138 138 139 139 139 138 140 139 139 139 139 140 140 139 141 141 142 142 140 139 137 138 140 139 140 141 142 144 142 142 142 141 137 133 132 139 137 138 143 139 139 140 141 141 140 143 144
146 148 147 145 144 142 142 143 142 142 141 142 141 137 142 142 141 141 140 129 128 136 127 127 124 133 125 128 132 135 137 140 138 143 144 144 147 147 144 145 142 140 139 137 135 134 136 137 138 139 139 139 138 140 139 139 139 139 140 138 138 140 141 141 140 141 138 139 139 139 139 141 142 144 143 142 142 142 138 134 135 135 136 136 138 142 141 141 141 140 140 142 143 143
150 148 144 144 143 143 140 141 143 144 142 141 143 141 141 141 141 141 139 128 129 132 134 128 126 131 126 129 131 134 136 139 140 144 143 144 147 146 146 145 142 139 138 138 135 135 136 138 138 139 140 138 140 137 138 139 138 139 139 139 139 139 140 141 138 140 141 140 139 140 140 141 142 142 142 142 142 139 138 137 137 138 136 135 138 140 140 140 139 139 139 139 142 142
150 148 145 144 144 143 146 144 146 143 143 142 143 143 142 142 142 141 140 135 131 124 131 130 128 128 128 129 133 135 135 134 142 143 143 143 146 147 145 143 142 142 139 137 135 135 136 137 138 138 138 137 140 138 137 138 138 138 139 139 139 138 140 140 138 138 139 139 140 140 139 141 142 141 141 139 140 139 139 136 137 135 134 136 137 139 136 139 139 137 136 138 139 139
151 149 147 146 147 149 149 145 144 144 144 143 142 143 143 142 141 142 142 140 130 127 130 126 128 131 128 132 133 133 134 134 139 143 142 144 146 145 145 142 141 141 139 136 133 135 136 135 137 138 137 137 138 137 138 137 137 138 138 139 140 138 138 139 140 138 139 138 140 139 139 142 142 141 138 139 138 137 136 136 135 134 133 133 135 136 137 136 135 135 135 134 135 136
