DE_airtemperature/2018_03_airtemp.asc
NCOLS 654
NROWS 866
XLLCORNER 3280414.711633467
YLLCORNER 5237500.62890625
CELLSIZE 1000
NODATA_VALUE -999
[rows 715 to 769 of 866, columns 96 to 191 of 654]
-999 -999 -999 -999 -999 -999 -999 -999 -999 -999 -999 -999 -999 -999 -999 -999 -999 -999 -999 -999 -999 -999 -999 -999 -999 -999 -999 -999 -999 -999 -999 -999 -999 -999 -999 -999 -999 54 54 54 54 54 54 54 54 54 53 53 53 53 53 53 53 53 51 54 52 53 51 39 23 25 17 23 7 7 10 10 17 13 7 18 27 24 22 24 28 25 8 11 12 12 14 9 10 14 18 13 16 22 20 18 27 19 22 21
-999 -999 -999 -999 -999 -999 -999 -999 -999 -999 -999 -999 -999 -999 -999 -999 -999 -999 -999 -999 -999 -999 -999 -999 -999 -999 -999 -999 -999 -999 -999 -999 -999 -999 -999 -999 -999 54 54 54 54 54 54 54 54 54 53 53 53 53 53 53 53 51 51 53 51 47 48 45 31 20 7 10 0 -2 4 7 13 17 21 24 13 4 16 25 35 20 8 8 9 12 13 11 11 16 15 16 17 18 20 21 24 21 22 23
-999 -999 -999 -999 -999 -999 -999 -999 -999 -999 -999 -999 -999 -999 -999 -999 -999 -999 -999 -999 -999 -999 -999 -999 -999 -999 -999 -999 -999 -999 -999 -999 -999 -999 -999 -999 54 54 54 54 54 54 54 54 54 54 54 53 53 53 53 53 52 53 52 51 51 48 40 34 29 15 12 12 -5 2 10 13 16 12 20 9 2 10 22 20 32 26 26 14 8 10 10 11 13 16 16 18 21 20 20 21 23 25 24 24
-999 -999 -999 -999 -999 -999 -999 -999 -999 -999 -999 -999 -999 -999 -999 -999 -999 -999 -999 -999 -999 -999 -999 -999 -999 -999 -999 -999 -999 -999 -999 -999 -999 -999 -999 -999 55 55 55 55 55 54 54 54 54 54 54 54 54 53 54 53 52 53 53 51 51 50 49 40 24 24 23 12 -9 0 0 14 5 12 6 10 20 19 23 31 31 33 32 16 11 11 12 13 18 16 19 19 20 23 22 24 25 24 24 33
-999 -999 -999 -999 -999 -999 -999 -999 -999 -999 -999 -999 -999 -999 -999 -999 -999 -999 -999 -999 -999 -999 -999 -999 -999 -999 -999 -999 -999 -999 -999 -999 -999 -999 -999 55 55 55 55 55 55 55 54 54 54 54 54 54 54 54 54 53 52 52 52 49 47 50 48 38 20 32 29 17 8 10 6 15 19 19 18 18 24 29 28 26 28 26 31 14 13 15 16 13 16 18 20 26 28 25 25 26 27 28 28 29
-999 -999 -999 -999 -999 -999 -999 -999 -999 -999 -999 -999 -999 -999 -999 -999 -999 -999 -999 -999 -999 -999 -999 -999 -999 -999 -999 -999 -999 -999 -999 -999 -999 -999 -999 55 55 55 55 55 55 55 55 54 54 54 54 54 54 53 53 53 52 52 51 49 42 49 36 47 36 30 31 27 20 8 -4 4 4 11 16 19 18 25 13 12 23 26 31 25 13 13 20 15 14 18 23 21 28 25 25 27 33 28 34 29
-999 -999 -999 -999 -999 -999 -999 -999 -999 -999 -999 -999 -999 -999 -999 -999 -999 -999 -999 -999 -999 -999 -999 -999 -999 -999 -999 -999 -999 -999 -999 -999 -999 -999 -999 55 55 55 55 55 55 55 55 54 54 54 54 54 53 53 53 52 52 52 51 46 40 44 27 37 40 36 30 26 25 15 9 5 11 8 2 13 18 20 6 15 9 26 30 25 13 15 20 14 16 20 27 30 28 23 25 26 30 27 27 27
-999 -999 -999 -999 -999 -999 -999 -999 -999 -999 -999 -999 -999 -999 -999 -999 -999 -999 -999 -999 -999 -999 -999 -999 -999 -999 -999 -999 -999 -999 -999 -999 -999 -999 -999 55 55 55 55 55 55 55 55 55 55 55 55 54 53 54 53 53 52 52 50 44 44 33 22 41 42 37 29 21 3 3 0 -1 2 10 16 20 12 10 9 6 15 10 27 31 17 14 22 23 14 20 20 23 22 25 25 26 30 25 26 29
-999 -999 -999 -999 -999 -999 -999 -999 -999 -999 -999 -999 -999 -999 -999 -999 -999 -999 -999 -999 -999 -999 -999 -999 -999 -999 -999 -999 -999 -999 -999 -999 -999 -999 -999 55 55 55 55 55 55 55 55 55 55 55 55 54 54 54 54 54 53 52 52 48 47 29 20 31 33 38 26 23 0 -3 6 7 5 3 7 3 9 17 23 11 11 20 31 29 14 14 15 28 22 19 28 20 21 22 24 28 28 28 28 27
-999 -999 -999 -999 -999 -999 -999 -999 -999 -999 -999 -999 -999 -999 -999 -999 -999 -999 -999 -999 -999 -999 -999 -999 -999 -999 -999 -999 -999 -999 -999 -999 -999 -999 -999 55 55 55 55 55 55 55 55 55 55 55 54 55 54 54 54 54 53 53 52 52 46 28 24 30 30 28 33 29 12 3 12 18 14 22 7 6 7 8 17 25 15 28 30 29 19 15 21 26 28 26 21 20 21 22 23 24 26 26 25 26
-999 -999 -999 -999 -999 -999 -999 -999 -999 -999 -999 -999 -999 -999 -999 -999 -999 -999 -999 -999 -999 -999 -999 -999 -999 -999 -999 -999 -999 -999 -999 -999 -999 -999 -999 55 55 55 55 55 55 54 54 54 54 54 55 55 54 53 53 53 52 53 52 51 43 34 33 30 20 15 20 18 19 2 0 2 12 8 25 23 12 7 11 21 21 13 27 29 26 15 19 17 27 18 19 20 23 22 25 24 24 25 27 28
-999 -999 -999 -999 -999 -999 -999 -999 -999 -999 -999 -999 -999 -999 -999 -999 -999 -999 -999 -999 -999 -999 -999 -999 -999 -999 -999 -999 -999 -999 -999 -999 -999 -999 -999 55 56 55 56 55 56 54 55 54 55 54 56 54 55 53 53 51 50 50 53 52 52 49 47 32 31 19 14 29 24 1 8 5 22 24 24 17 24 18 18 13 28 14 22 30 16 16 19 19 18 18 21 24 23 24 22 23 25 25 28 30
-999 -999 -999 -999 -999 -999 -999 -999 -999 -999 -999 -999 -999 -999 -999 -999 -999 -999 -999 -999 -999 -999 -999 -999 -999 -999 -999 -999 -999 -999 -999 -999 -999 -999 -999 56 56 56 56 56 55 55 55 55 55 56 55 55 53 54 53 48 49 52 47 49 52 51 51 41 31 31 19 31 17 8 13 19 16 23 11 23 18 29 26 20 26 29 31 22 23 18 19 20 20 18 19 22 23 23 25 25 26 32 30 25
-999 -999 -999 -999 -999 -999 -999 -999 -999 -999 -999 -999 -999 -999 -999 -999 -999 -999 -999 -999 -999 -999 -999 -999 -999 -999 -999 -999 -999 -999 -999 -999 -999 -999 -999 56 56 56 55 55 55 55 55 55 55 55 55 54 54 53 50 47 47 46 43 46 49 47 37 50 46 31 31 32 33 15 8 12 20 5 20 12 26 22 21 23 29 31 16 16 28 17 20 22 22 22 20 19 21 24 27 27 29 25 26 25
-999 -999 -999 -999 -999 -999 -999 -999 -999 -999 -999 -999 -999 -999 -999 -999 -999 -999 -999 -999 -999 -999 -999 -999 -999 -999 -999 -999 -999 -999 -999 -999 -999 -999 56 56 55 55 55 55 55 55 55 55 55 55 55 54 53 49 47 46 43 45 48 47 46 40 32 46 38 45 34 39 33 21 7 10 13 9 9 20 13 22 12 23 27 27 14 16 22 18 21 21 22 22 20 21 24 26 27 25 28 25 23 20
-999 -999 -999 -999 -999 -999 -999 -999 -999 -999 -999 -999 -999 -999 -999 -999 -999 -999 -999 -999 -999 -999 -999 -999 -999 -999 -999 -999 -999 -999 -999 -999 55 55 56 55 55 55 55 55 55 55 55 55 55 56 56 55 52 52 51 50 47 41 43 47 44 44 33 37 44 39 26 40 34 29 18 4 6 5 8 9 23 18 10 14 22 30 21 15 16 21 23 26 23 22 23 20 23 26 26 29 28 26 26 25
-999 -999 -999 -999 -999 -999 -999 -999 -999 -999 -999 -999 -999 -999 -999 -999 -999 -999 -999 -999 -999 -999 -999 -999 -999 -999 -999 -999 -999 -999 -999 -999 55 55 55 55 55 55 55 55 55 55 55 56 56 56 55 55 52 50 40 43 47 45 36 43 35 36 36 44 45 41 33 43 27 24 28 7 20 9 8 16 15 8 21 26 14 28 15 16 20 22 24 24 26 28 25 19 24 27 26 29 25 22 25 26
-999 -999 -999 -999 -999 -999 -999 -999 -999 -999 -999 -999 -999 -999 -999 -999 -999 -999 -999 -999 -999 -999 -999 -999 -999 -999 -999 -999 -999 -999 -999 -999 55 55 55 55 55 55 55 55 55 55 55 56 56 55 55 54 53 46 31 35 43 45 34 32 37 35 35 39 44 47 42 41 39 34 27 9 23 4 5 5 8 7 11 13 16 23 22 18 19 23 26 26 27 26 22 22 24 25 28 27 27 22 26 28
-999 -999 -999 -999 -999 -999 -999 -999 -999 -999 -999 -999 -999 -999 -999 -999 -999 -999 -999 -999 -999 -999 -999 -999 -999 -999 -999 -999 -999 -999 -999 -999 55 55 55 55 55 55 55 55 55 55 55 56 56 56 55 54 50 35 37 28 33 43 42 34 30 26 19 35 37 47 34 33 32 29 19 23 22 7 7 9 9 10 12 12 12 13 19 23 21 23 26 28 30 26 29 23 22 25 27 24 26 21 26 27
-999 -999 -999 -999 -999 -999 -999 -999 -999 -999 -999 -999 -999 -999 -999 -999 -999 -999 -999 -999 -999 -999 -999 -999 -999 -999 -999 -999 -999 -999 -999 -999 55 55 55 55 55 55 55 55 55 55 55 56 56 55 55 54 44 37 42 41 31 36 32 31 15 14 17 23 30 45 38 34 23 19 27 33 19 6 14 11 13 9 9 14 12 19 15 24 22 25 24 24 26 31 27 27 24 26 23 22 22 24 26 28
-999 -999 -999 -999 -999 -999 -999 -999 -999 -999 -999 -999 -999 -999 -999 -999 -999 -999 -999 -999 -999 -999 -999 -999 -999 -999 -999 -999 -999 -999 -999 -999 55 55 55 55 55 55 55 55 55 55 55 56 56 55 55 56 45 49 51 45 42 39 40 28 14 16 19 15 17 39 40 31 17 22 34 23 25 7 17 26 22 18 18 12 13 13 17 15 16 23 26 26 26 28 29 31 26 24 26 23 24 24 26 26
-999 -999 -999 -999 -999 -999 -999 -999 -999 -999 -999 -999 -999 -999 -999 -999 -999 -999 -999 -999 -999 -999 -999 -999 -999 -999 -999 -999 -999 -999 -999 55 55 55 55 55 55 55 55 55 55 55 55 56 56 55 55 56 55 53 48 49 45 39 39 34 20 21 22 28 16 32 40 28 23 31 26 20 14 7 18 14 21 14 22 17 12 14 13 16 19 24 26 29 28 30 33 34 24 24 27 28 28 25 25 25
-999 -999 -999 -999 -999 -999 -999 -999 -999 -999 -999 -999 -999 -999 -999 -999 -999 -999 -999 -999 -999 -999 -999 -999 -999 -999 -999 -999 -999 -999 -999 55 55 55 55 55 55 55 55 55 55 55 55 54 54 55 54 56 56 53 53 51 45 36 42 33 27 32 36 20 15 32 39 41 39 34 14 23 5 9 10 9 14 30 27 13 14 15 13 16 15 20 26 27 28 32 25 31 31 26 24 27 29 29 25 30
-999 -999 -999 -999 -999 -999 -999 -999 -999 -999 -999 -999 -999 -999 -999 -999 -999 -999 -999 -999 -999 -999 -999 -999 -999 -999 -999 -999 -999 -999 -999 55 55 55 55 55 55 55 55 55 55 55 52 54 50 52 48 46 55 55 52 44 45 39 29 29 32 39 34 20 14 21 29 35 28 32 33 20 19 5 18 18 21 21 21 16 26 15 17 17 15 18 23 26 28 29 26 26 34 28 23 24 27 26 34 26
-999 -999 -999 -999 -999 -999 -999 -999 -999 -999 -999 -999 -999 -999 -999 -999 -999 -999 -999 -999 -999 -999 -999 -999 -999 -999 -999 -999 -999 -999 55 55 55 55 55 55 55 55 55 55 55 55 52 53 51 53 44 53 55 55 53 51 43 40 35 40 36 36 33 18 27 29 23 26 17 28 22 16 12 11 25 31 24 31 25 13 27 21 16 18 19 20 25 26 29 29 30 29 28 34 23 23 23 28 25 29
-999 -999 -999 -999 -999 -999 -999 -999 -999 -999 -999 -999 -999 -999 -999 -999 -999 -999 -999 -999 -999 -999 -999 -999 -999 -999 -999 -999 -999 -999 55 55 55 55 55 55 55 55 55 55 55 55 54 52 52 46 42 49 52 53 55 54 44 34 32 44 39 30 14 20 34 38 29 18 17 5 10 15 19 12 11 25 35 24 13 14 25 19 18 20 28 21 24 24 24 28 29 30 30 32 25 23 26 24 26 28
-999 -999 -999 -999 -999 -999 -999 -999 -999 -999 -999 -999 -999 -999 -999 -999 -999 -999 -999 -999 -999 -999 -999 -999 -999 -999 -999 -999 -999 -999 55 55 55 55 55 55 55 55 55 55 55 52 55 51 42 50 42 50 46 52 52 55 49 37 43 40 35 23 20 33 40 33 22 24 19 18 14 11 16 29 15 24 36 19 14 15 28 17 27 19 16 23 23 23 24 25 27 28 35 34 26 24 24 24 28 27
-999 -999 -999 -999 -999 -999 -999 -999 -999 -999 -999 -999 -999 -999 -999 -999 -999 -999 -999 -999 -999 -999 -999 -999 -999 -999 -999 -999 -999 -999 55 55 55 55 55 55 55 55 55 55 52 52 51 42 33 44 42 41 47 40 47 54 49 41 48 39 34 31 37 40 39 37 31 28 15 21 28 9 26 32 24 34 32 17 19 15 20 24 23 15 20 33 24 26 28 27 28 29 25 29 25 23 22 25 33 38
-999 -999 -999 -999 -999 -999 -999 -999 -999 -999 -999 -999 -999 -999 -999 -999 -999 -999 -999 -999 -999 -999 -999 -999 -999 -999 -999 -999 -999 -999 55 55 55 55 55 55 55 55 55 55 54 52 50 48 38 31 34 39 39 40 47 54 46 36 50 38 34 41 43 42 30 30 26 18 27 29 23 16 18 31 37 30 24 13 23 16 19 27 15 29 28 21 22 25 26 25 27 29 25 37 33 31 29 35 31 29
-999 -999 -999 -999 -999 -999 -999 -999 -999 -999 -999 -999 -999 -999 -999 -999 -999 -999 -999 -999 -999 -999 -999 -999 -999 -999 -999 -999 -999 -999 55 55 55 55 55 55 55 55 54 54 51 52 52 35 35 30 36 36 41 51 52 54 50 35 48 40 40 46 43 41 27 28 11 20 22 35 23 18 22 26 37 31 22 23 27 20 23 23 17 33 21 22 23 25 26 23 26 25 25 27 23 26 35 27 29 31
-999 -999 -999 -999 -999 -999 -999 -999 -999 -999 -999 -999 -999 -999 -999 -999 -999 -999 -999 -999 -999 -999 -999 -999 -999 -999 -999 -999 -999 -999 55 55 55 55 55 55 55 55 51 50 51 52 41 38 45 35 45 37 38 43 53 54 39 41 50 45 49 45 40 32 26 24 18 26 34 37 27 32 34 33 34 31 22 12 21 25 28 26 24 29 29 23 23 23 26 29 23 24 28 23 24 25 27 27 29 34
-999 -999 -999 -999 -999 -999 -999 -999 -999 -999 -999 -999 -999 -999 -999 -999 -999 -999 -999 -999 -999 -999 -999 -999 -999 -999 -999 -999 -999 -999 56 56 55 55 55 55 55 54 50 51 47 50 50 53 52 45 45 41 46 48 51 54 53 50 51 50 44 41 32 22 28 12 14 32 22 30 35 30 25 20 30 14 14 22 16 31 32 22 31 28 29 31 23 26 22 23 23 24 22 23 25 26 27 36 30 30
-999 -999 -999 -999 -999 -999 -999 -999 -999 -999 -999 -999 -999 -999 -999 -999 -999 -999 -999 -999 -999 -999 -999 -999 -999 -999 -999 -999 -999 -999 56 56 55 56 55 56 55 55 55 55 53 53 53 50 46 50 49 42 36 42 50 53 51 52 49 44 33 28 23 13 6 20 19 30 39 33 41 19 24 16 16 12 22 13 27 32 34 22 32 26 21 25 31 25 22 23 23 23 22 24 25 24 28 36 28 29
-999 -999 -999 -999 -999 -999 -999 -999 -999 -999 -999 -999 -999 -999 -999 -999 -999 -999 -999 -999 -999 -999 -999 -999 -999 -999 -999 -999 -999 -999 56 55 55 55 55 55 55 55 51 52 47 50 50 53 52 45 45 41 46 42 52 53 53 52 50 46 41 27 20 22 12 26 30 24 28 42 27 27 23 24 17 17 19 23 22 29 31 18 31 33 31 22 25 22 22 23 22 22 22 23 24 25 28 29 29 28
-999 -999 -999 -999 -999 -999 -999 -999 -999 -999 -999 -999 -999 -999 -999 -999 -999 -999 -999 -999 -999 -999 -999 -999 -999 -999 -999 -999 -999 55 56 55 55 55 55 55 55 53 53 53 48 42 43 39 53 47 46 44 42 49 36 47 53 48 38 38 36 29 24 28 25 22 37 21 38 44 23 35 32 21 17 18 20 26 14 30 34 28 36 23 23 30 24 25 22 26 22 22 23 23 25 24 26 33 26 27
-999 -999 -999 -999 -999 -999 -999 -999 -999 -999 -999 -999 -999 -999 -999 -999 -999 -999 -999 -999 -999 -999 -999 -999 -999 -999 -999 55 55 55 55 55 55 55 55 55 55 54 51 52 49 42 38 38 50 50 44 38 46 45 42 51 53 53 43 31 39 26 36 40 25 35 30 20 26 44 31 36 19 33 15 20 19 32 27 31 40 39 32 20 21 28 25 22 22 22 21 22 23 21 24 34 24 25 25 26
-999 -999 -999 -999 -999 -999 -999 -999 -999 -999 -999 -999 -999 -999 -999 -999 -999 -999 -999 -999 -999 -999 -999 -999 -999 -999 55 55 55 55 55 55 55 55 55 55 55 52 49 47 49 40 45 48 51 50 41 38 33 37 45 49 51 53 41 47 30 29 40 39 34 41 38 30 36 36 32 36 32 27 18 31 18 25 27 27 38 30 24 22 22 22 21 22 23 23 21 21 21 21 23 25 26 24 26 26
-999 -999 -999 -999 -999 -999 -999 -999 -999 -999 -999 -999 -999 -999 -999 -999 -999 -999 -999 -999 -999 -999 -999 -999 -999 -999 55 55 55 55 55 55 55 55 55 55 54 51 48 48 49 38 41 43 43 51 47 44 33 31 41 45 51 47 52 45 32 46 46 41 43 43 32 42 29 42 32 36 42 35 30 33 37 33 29 41 38 30 24 20 22 21 21 22 23 25 22 20 21 20 21 24 32 26 26 27
-999 -999 -999 -999 -999 -999 -999 -999 -999 -999 -999 -999 -999 -999 -999 -999 -999 -999 -999 -999 -999 -999 -999 -999 -999 -999 55 55 55 55 55 55 55 55 55 55 53 50 51 48 41 35 47 33 45 48 45 48 41 41 45 51 43 45 50 52 49 52 50 50 49 49 47 47 43 43 22 17 33 37 41 31 29 26 37 33 28 25 22 20 20 21 21 22 22 23 21 21 21 20 25 24 33 25 31 26
-999 -999 -999 -999 -999 -999 -999 -999 -999 -999 -999 -999 -999 -999 -999 -999 -999 -999 -999 -999 -999 -999 -999 -999 -999 -999 55 55 55 55 55 55 55 55 55 54 53 51 52 47 38 35 43 32 43 50 46 42 39 40 49 43 41 38 38 51 51 41 39 38 40 39 45 41 36 40 35 27 18 23 26 17 29 22 25 39 26 25 17 19 20 21 22 22 22 22 21 20 21 21 21 25 30 32 33 29
-999 -999 -999 -999 -999 -999 -999 -999 -999 -999 -999 -999 -999 -999 -999 -999 -999 -999 -999 -999 -999 -999 -999 -999 -999 -999 55 55 55 55 55 55 55 55 55 53 52 52 52 46 36 33 41 34 42 47 50 40 38 42 42 41 34 35 46 52 51 40 33 32 41 34 33 39 46 24 38 29 22 13 17 17 19 24 24 29 36 30 25 19 20 22 21 20 21 22 20 19 20 22 23 22 23 27 28 29
-999 -999 -999 -999 -999 -999 -999 -999 -999 -999 -999 -999 -999 -999 -999 -999 -999 -999 -999 -999 -999 -999 -999 -999 -999 55 55 55 55 55 55 55 55 54 52 53 54 52 52 37 44 35 32 33 36 45 47 36 35 31 43 30 35 46 50 36 45 47 47 37 28 40 19 34 42 42 30 32 20 18 13 9 14 10 25 32 34 29 23 19 20 22 22 20 21 20 19 19 22 22 20 21 22 23 31 28
-999 -999 -999 -999 -999 -999 -999 -999 -999 -999 -999 -999 -999 -999 -999 -999 -999 -999 -999 -999 -999 -999 -999 -999 -999 55 55 55 55 55 55 55 55 53 49 53 54 54 53 52 43 38 38 46 34 45 42 37 33 29 34 24 35 43 39 33 39 48 45 39 34 32 27 34 44 41 22 19 22 13 12 14 15 18 35 22 35 30 20 18 20 21 22 21 21 21 20 19 20 21 21 22 25 26 28 25
-999 -999 -999 -999 -999 -999 -999 -999 -999 -999 -999 -999 -999 -999 -999 -999 -999 -999 -999 -999 -999 -999 -999 -999 -999 55 55 55 55 55 55 55 55 47 49 53 52 53 44 40 49 44 44 45 35 47 37 35 28 23 23 26 36 34 44 34 35 49 41 35 37 34 24 35 40 42 32 12 13 11 14 10 10 17 19 15 25 26 19 20 19 20 21 20 21 21 20 19 20 20 21 22 24 23 32 31
-999 -999 -999 -999 -999 -999 -999 -999 -999 -999 -999 -999 -999 -999 -999 -999 -999 -999 -999 -999 -999 -999 -999 -999 -999 56 55 55 55 55 55 54 54 48 52 52 50 50 39 39 38 42 45 37 37 39 34 32 28 23 24 29 39 31 33 35 38 37 37 33 26 30 19 35 43 44 27 20 17 24 16 15 17 18 24 24 20 37 31 22 19 19 19 20 21 21 21 19 19 19 21 21 21 28 31 23
-999 -999 -999 -999 -999 -999 -999 -999 -999 -999 -999 -999 -999 -999 -999 -999 -999 -999 -999 -999 -999 -999 -999 -999 56 56 55 55 55 55 55 54 54 50 53 52 52 46 43 40 36 36 37 37 42 41 37 33 24 28 30 33 30 32 33 31 40 37 28 32 30 19 28 36 27 35 31 31 33 12 16 15 16 20 19 23 29 28 26 20 19 20 21 20 21 21 21 19 18 19 20 20 22 29 24 24
-999 -999 -999 -999 -999 -999 -999 -999 -999 -999 -999 -999 -999 -999 -999 -999 -999 -999 -999 -999 -999 -999 -999 56 56 56 56 55 55 55 55 54 54 54 54 54 53 53 51 51 49 49 38 39 35 39 34 32 22 23 29 34 34 32 37 37 33 26 31 38 33 23 27 24 21 38 41 34 21 27 15 13 10 11 12 12 19 30 32 20 16 19 19 19 21 21 20 17 18 18 20 20 20 22 26 24
-999 -999 -999 -999 -999 -999 -999 -999 -999 -999 -999 -999 -999 -999 -999 -999 -999 -999 -999 -999 -999 -999 56 56 56 56 56 56 56 55 54 54 54 53 51 51 46 43 43 38 40 39 46 41 34 29 31 21 26 30 31 30 41 32 37 41 30 37 39 29 27 34 23 16 22 22 41 23 29 17 20 16 9 15 14 14 13 32 18 20 15 17 17 19 20 21 22 21 20 19 18 19 22 23 19 23
-999 -999 -999 -999 -999 -999 -999 -999 -999 -999 -999 -999 -999 -999 -999 -999 -999 -999 -999 -999 -999 -999 56 56 56 55 55 55 55 55 54 54 54 52 50 52 44 40 39 37 44 38 42 35 29 31 20 21 26 32 37 39 43 34 36 43 43 37 21 12 26 25 10 9 19 35 40 27 30 13 14 16 11 14 13 16 13 19 13 17 15 16 17 19 21 21 21 22 22 20 18 19 20 23 24 27
-999 -999 -999 -999 -999 -999 -999 -999 -999 -999 -999 -999 -999 -999 -999 -999 -999 -999 -999 -999 -999 56 56 56 55 55 55 55 55 55 54 54 51 51 50 50 47 42 38 40 38 39 39 42 33 27 28 22 23 27 30 36 40 35 38 44 39 31 18 6 25 24 8 12 22 34 37 16 15 22 13 10 10 12 18 17 24 22 16 14 15 17 18 19 20 22 21 22 23 20 18 19 21 22 22 27
-999 -999 -999 -999 -999 -999 -999 -999 -999 -999 -999 -999 -999 -999 -999 -999 -999 -999 -999 -999 -999 55 55 55 55 55 55 55 55 55 54 54 51 49 48 48 48 42 39 39 37 39 37 34 32 22 23 22 31 30 32 39 35 40 45 42 39 25 4 11 22 18 6 7 16 22 37 12 9 12 8 9 15 16 22 16 20 16 17 13 14 16 17 20 19 21 21 20 21 21 17 18 20 20 22 22
-999 -999 -999 -999 -999 -999 -999 -999 -999 -999 -999 -999 -999 -999 -999 -999 -999 -999 -999 -999 55 55 55 55 55 55 55 55 55 55 55 54 54 50 51 48 50 42 40 40 43 38 38 44 31 36 24 28 31 38 39 34 37 46 43 33 27 19 12 9 12 10 6 9 23 26 36 10 17 10 6 13 10 19 13 16 11 13 12 15 16 16 18 19 19 19 22 20 24 21 19 18 19 20 21 23
-999 -999 -999 -999 -999 -999 -999 -999 -999 -999 -999 -999 -999 -999 -999 -999 -999 -999 -999 55 55 55 55 55 55 55 55 55 55 55 54 54 54 52 50 50 49 39 41 42 42 42 39 48 43 28 28 39 32 31 38 47 39 45 35 38 32 29 22 4 11 10 3 10 13 15 27 16 19 10 11 15 14 17 10 11 14 13 17 18 16 17 18 19 20 20 21 23 20 25 19 17 19 20 21 22
-999 -999 -999 -999 -999 -999 -999 -999 -999 -999 -999 -999 -999 -999 -999 -999 -999 -999 -999 55 53 55 55 55 55 55 55 55 55 52 51 54 54 54 51 52 49 48 42 44 46 47 41 44 33 38 38 44 33 39 41 48 45 39 25 30 37 23 21 0 10 7 6 4 6 10 17 18 14 14 9 10 10 15 9 12 11 12 14 17 16 16 22 18 20 22 21 22 20 22 19 17 20 21 23 23
-999 -999 -999 -999 -999 -999 -999 -999 -999 -999 -999 -999 -999 -999 -999 -999 -999 -999 -999 55 55 55 55 54 54 51 52 51 53 53 54 54 54 54 53 51 49 49 42 45 44 44 50 42 44 32 42 44 42 42 49 43 39 39 16 24 27 19 8 5 5 8 7 10 14 8 18 15 10 12 7 6 7 8 12 10 14 12 14 15 17 18 16 18 19 20 23 21 21 23 24 19 19 22 24 25
