DE_airtemperature/2018_06_airtemp.asc
NCOLS 654
NROWS 866
XLLCORNER 3280414.711633467
YLLCORNER 5237500.62890625
CELLSIZE 1000
NODATA_VALUE -999
[rows 451 to 491 of 866, columns 94 to 187 of 654]
176 178 182 177 176 178 180 178 177 176 173 170 180 175 181 177 176 178 176 176 180 170 172 175 177 175 172 170 168 173 171 176 172 172 169 165 162 164 168 170 169 167 168 171 169 167 163 163 162 161 162 166 170 169 165 164 158 165 165 158 163 164 167 167 166 160 151 154 153 154 155 156 159 161 160 161 159 158 162 161 156 158 154 158 160 161 167 162 165 169 163 168 166 160
179 176 182 179 182 177 176 175 174 175 173 181 181 181 182 182 183 172 183 172 176 183 178 179 173 172 171 172 171 175 176 177 172 175 170 168 164 168 167 168 165 164 163 170 170 170 169 167 163 161 161 168 172 169 163 151 157 161 167 162 164 161 166 164 164 163 152 151 151 156 158 154 156 161 157 157 157 159 160 156 158 158 154 156 156 163 166 165 159 166 167 170 170 169
182 178 181 180 178 175 180 181 180 184 181 178 177 175 175 178 176 173 175 175 179 179 176 175 176 171 174 172 173 174 172 176 174 177 174 171 164 162 162 164 163 164 167 169 169 167 169 167 167 165 164 162 170 171 167 162 161 165 167 167 165 167 170 159 163 163 155 153 155 154 153 158 157 161 156 151 156 158 156 154 155 153 157 153 157 155 155 163 155 159 164 168 165 165
180 183 184 177 177 180 182 184 184 179 179 174 173 176 171 171 171 173 177 175 177 174 177 174 175 175 176 172 176 173 173 172 173 173 173 167 166 166 167 168 166 166 168 168 168 167 170 169 167 166 167 167 171 171 169 168 166 166 170 169 170 168 164 167 165 156 153 151 153 159 157 156 155 160 155 155 162 151 156 155 156 157 158 158 153 155 159 157 155 159 159 167 161 164
184 178 178 179 177 178 184 180 179 176 173 170 173 175 175 173 170 168 171 170 178 179 179 175 175 175 172 177 175 174 173 174 172 172 167 172 167 168 169 170 166 167 169 168 167 164 168 168 168 168 169 171 168 171 175 167 171 172 171 163 165 171 170 166 164 161 161 156 157 156 153 151 155 157 153 157 162 156 157 162 156 155 166 157 157 159 156 160 164 160 158 162 158 158
184 180 177 178 178 184 185 178 181 180 175 172 169 168 168 169 170 172 175 178 173 174 176 179 176 177 177 176 174 173 172 171 174 170 170 170 170 169 171 168 168 166 170 166 169 168 167 168 166 167 171 174 172 173 175 171 171 171 166 168 168 172 165 168 168 165 165 160 156 153 151 153 155 156 155 160 165 166 160 159 164 162 160 164 158 160 162 162 166 158 168 160 156 151
179 182 177 178 183 185 178 175 177 175 174 173 172 171 170 172 171 171 172 171 175 173 175 175 174 175 179 174 175 173 176 174 170 174 174 174 173 169 169 166 165 168 167 169 169 167 169 168 164 166 171 174 170 170 172 174 169 169 167 172 168 172 165 161 168 168 162 161 156 153 150 152 157 152 155 163 163 164 160 166 169 170 167 164 155 166 169 157 166 162 169 166 153 158
179 176 177 180 184 179 178 178 176 175 175 172 172 174 174 174 173 173 172 174 171 174 171 170 177 177 172 178 175 173 176 178 172 170 169 167 168 172 169 166 169 167 167 168 166 168 168 168 166 165 168 170 167 172 173 176 174 173 172 170 173 166 169 170 172 162 154 153 154 155 152 152 156 154 161 165 164 166 166 166 161 167 162 168 165 166 165 164 172 168 170 160 158 164
182 177 180 184 183 176 178 179 175 175 174 172 176 176 173 176 172 176 175 173 176 177 175 177 177 178 175 173 171 177 177 170 169 168 170 166 168 166 168 169 170 172 168 166 166 165 166 167 166 167 171 171 173 172 174 172 174 175 168 167 175 170 174 173 169 166 168 158 152 152 154 156 154 161 162 164 164 158 160 159 161 168 172 169 173 174 170 164 169 168 172 166 170 168
178 177 180 185 182 178 179 177 178 179 176 174 176 176 176 175 170 173 178 176 179 177 176 177 175 175 175 176 174 175 174 173 173 169 167 167 166 165 166 173 174 171 170 169 166 170 171 170 167 169 171 174 173 171 172 177 177 173 173 175 175 171 174 171 170 170 168 156 165 161 157 157 155 156 161 153 156 158 162 164 169 165 170 172 166 166 174 173 174 173 173 170 171 164
179 179 185 186 182 178 180 179 176 174 175 173 175 176 176 174 176 175 179 179 174 176 175 172 173 175 175 177 175 172 173 173 171 170 168 170 171 171 170 168 176 173 170 168 170 169 173 173 169 170 173 171 171 175 173 170 175 178 173 177 177 176 174 173 169 166 170 168 162 162 166 160 152 154 158 155 153 161 164 166 164 155 165 164 168 169 172 174 174 169 173 176 175 169
181 179 186 182 178 179 183 178 176 177 176 177 176 178 175 175 178 179 179 174 173 173 175 175 172 174 176 176 175 173 172 173 169 170 170 172 174 175 168 170 176 172 174 169 172 172 175 168 170 171 171 174 175 174 172 170 176 179 173 171 173 165 166 175 174 167 164 167 170 169 162 159 155 158 156 153 160 158 162 169 165 152 155 165 164 169 170 172 165 165 165 165 173 173
179 182 185 180 182 185 182 178 177 178 176 178 178 176 177 177 178 180 180 177 173 173 176 173 173 170 173 175 173 175 172 169 169 171 174 174 178 171 170 172 177 173 173 172 172 174 175 173 171 175 172 174 174 176 178 175 176 178 174 176 166 167 168 171 173 172 168 165 171 161 161 157 156 154 154 153 156 161 166 162 159 157 158 161 169 169 172 168 169 165 160 167 170 176
182 179 185 180 184 178 180 177 176 179 178 176 176 176 178 179 179 179 179 175 174 175 177 176 174 179 173 175 175 172 171 173 170 176 170 174 173 177 173 176 177 172 171 173 170 175 173 173 173 175 172 174 176 175 176 180 177 177 178 174 170 174 173 169 173 174 173 170 166 161 159 156 155 155 151 150 155 153 161 165 165 162 162 162 164 172 172 172 164 162 162 168 168 177
181 185 182 183 183 180 177 178 178 180 177 177 175 176 178 178 181 177 176 176 178 179 174 175 176 175 176 176 172 172 172 173 172 178 174 178 177 174 176 179 172 173 171 174 176 171 175 173 173 176 172 174 169 172 171 178 180 179 177 177 175 172 175 167 165 170 172 167 169 162 167 166 163 155 157 158 155 159 158 158 160 160 162 161 165 166 170 172 172 169 163 160 168 177
186 181 180 180 180 178 178 182 182 178 179 178 177 176 177 180 178 176 176 177 178 178 180 180 180 177 174 170 171 173 172 173 176 174 178 175 177 178 175 172 174 170 170 173 178 175 178 177 179 175 171 171 170 172 176 179 178 178 176 175 177 171 174 171 171 167 172 169 171 171 165 166 161 155 155 162 159 161 159 162 163 167 168 165 164 169 169 164 172 168 163 169 168 173
185 184 181 182 179 178 180 182 180 178 176 177 178 179 179 182 176 177 177 178 180 177 176 176 173 171 173 175 177 173 173 178 176 176 181 174 174 176 172 173 173 170 174 177 178 180 177 173 173 171 171 168 178 170 179 182 180 173 176 175 174 178 176 176 173 171 167 166 164 170 168 158 162 160 166 164 160 164 167 170 166 163 168 172 168 162 163 164 172 166 169 172 173 176
182 184 183 180 178 178 180 178 178 178 177 179 179 179 181 180 179 179 179 179 173 176 173 171 171 173 177 175 173 178 172 176 176 177 181 176 177 174 177 177 172 171 171 174 178 178 170 174 168 166 171 176 179 180 180 176 176 170 173 170 168 176 170 171 173 172 170 171 167 164 160 159 162 163 170 164 162 168 170 172 163 168 166 169 167 162 164 168 168 169 173 172 176 177
186 184 181 180 178 179 183 178 178 176 180 178 183 180 178 179 179 179 177 174 172 171 168 178 178 176 177 177 181 174 174 181 178 174 181 179 177 173 174 176 177 173 172 176 180 179 174 174 173 163 167 174 181 179 180 173 172 168 170 172 172 173 171 169 174 173 170 167 168 160 160 164 163 158 163 171 168 167 171 170 167 165 171 165 167 169 170 168 168 168 172 173 177 173
186 185 184 180 182 182 183 178 179 182 184 184 177 177 176 178 178 176 176 173 173 175 180 180 179 176 177 178 178 175 173 178 181 178 180 180 176 174 178 174 173 174 175 174 179 174 178 179 175 175 172 181 176 172 180 179 175 180 177 173 174 169 170 170 174 170 170 167 162 164 162 167 168 161 166 164 169 175 174 168 164 166 168 162 165 162 165 169 166 166 171 174 172 174
185 185 185 182 180 183 179 177 179 185 180 176 176 175 175 176 174 176 174 177 178 179 182 180 178 185 183 179 181 178 176 173 176 182 180 179 178 174 176 179 176 177 177 173 177 178 179 182 181 181 182 180 172 167 175 168 170 172 170 174 171 172 172 167 172 169 168 163 168 167 169 164 167 169 161 163 171 171 173 173 166 170 166 160 160 164 170 161 164 162 163 169 175 175
187 187 187 183 181 179 179 180 180 179 179 177 179 177 175 177 177 175 178 177 180 186 186 186 185 179 186 186 183 177 178 176 174 181 177 182 176 179 178 174 175 177 175 175 175 180 180 178 179 171 173 175 167 166 165 171 175 171 169 174 174 173 170 169 169 169 164 168 172 173 164 163 165 169 171 169 161 164 174 173 174 172 160 162 164 167 168 160 165 165 165 169 175 173
187 187 187 187 182 179 185 183 180 177 176 174 175 178 176 179 175 180 181 180 183 184 186 178 184 186 181 185 185 176 175 174 181 178 179 183 179 181 176 179 183 184 182 178 183 175 182 173 173 171 163 167 174 171 169 172 175 173 177 175 171 174 167 165 161 163 162 168 171 173 168 172 169 169 165 165 167 173 173 173 175 164 163 165 167 166 164 160 163 160 161 168 168 170
188 187 187 188 188 187 186 187 181 178 179 180 179 175 180 183 181 178 182 181 181 179 178 177 178 186 181 181 185 179 185 179 181 178 183 181 179 179 181 183 184 179 177 183 179 179 183 176 172 172 168 172 175 175 175 178 176 175 172 171 166 171 172 162 163 162 167 170 168 175 173 174 173 167 165 167 168 176 179 169 161 167 161 163 164 162 159 162 163 163 163 160 160 171
187 186 187 187 187 186 186 181 180 180 187 179 179 185 187 186 186 186 182 183 186 181 181 176 176 177 179 182 185 179 181 183 185 182 183 181 181 183 181 182 180 176 175 182 178 179 183 183 176 170 175 178 179 179 179 176 179 176 172 172 169 163 167 168 165 163 161 166 175 178 178 174 169 162 170 172 176 180 173 162 164 159 161 164 161 157 161 160 161 163 161 166 170 172
184 183 183 183 183 187 186 187 187 185 184 183 186 182 184 184 186 187 187 184 181 186 182 172 177 178 179 183 180 184 182 182 180 178 182 181 179 182 176 177 180 179 173 177 172 176 179 179 182 180 181 178 174 171 171 173 173 172 176 165 169 167 167 161 161 167 165 172 176 178 174 172 165 169 174 178 179 174 170 169 165 169 171 164 160 162 163 162 163 164 168 170 171 174
187 183 181 180 181 184 182 181 180 181 180 183 182 186 181 186 181 182 186 185 186 187 174 173 175 178 182 177 180 178 181 181 179 177 176 183 177 171 180 182 180 179 171 178 169 176 175 175 171 176 170 172 172 166 169 170 166 174 174 170 172 167 163 167 166 169 169 176 178 177 172 173 176 176 179 181 172 174 169 168 169 173 163 168 164 163 165 170 168 170 170 172 176 176
185 185 180 180 184 181 182 180 182 179 180 180 182 184 181 182 178 181 183 183 180 177 172 171 174 179 179 174 178 178 180 181 180 179 177 182 179 177 179 175 173 173 172 174 164 170 168 170 180 179 175 170 168 166 164 167 164 168 171 175 168 166 172 172 171 170 170 172 173 180 175 179 181 179 179 178 174 170 173 168 174 169 169 165 167 166 169 172 172 170 173 177 176 177
182 185 184 183 178 182 185 180 178 179 178 181 181 183 179 182 180 177 172 179 181 174 172 172 173 178 181 176 177 176 176 178 177 174 177 181 180 177 179 177 170 169 171 171 173 172 165 170 171 175 176 176 169 169 165 163 166 166 164 170 171 171 167 164 163 174 178 179 179 181 177 179 179 179 182 178 177 174 175 177 171 174 171 169 168 169 168 169 169 174 174 172 177 178
182 181 183 184 179 179 179 181 181 180 177 182 179 181 178 179 179 173 175 175 172 172 172 173 176 180 176 172 171 171 176 173 174 175 177 176 183 176 174 174 169 167 171 170 173 170 167 163 166 172 175 170 176 175 167 172 160 160 162 158 166 166 158 166 172 177 174 177 177 180 179 182 174 179 182 182 178 176 172 180 176 171 165 173 173 168 165 167 171 170 168 172 174 175
182 182 180 184 183 178 177 183 181 183 178 178 176 176 177 178 180 176 173 173 173 174 174 172 175 178 175 173 173 173 177 173 174 174 174 181 177 175 174 171 169 169 170 169 169 169 166 166 164 165 170 164 174 166 174 167 162 156 160 160 164 160 161 166 174 176 173 176 177 169 171 174 173 178 179 184 175 181 181 178 170 169 171 171 174 170 167 174 169 165 168 169 170 170
181 180 181 182 181 180 178 181 181 180 180 177 174 175 177 177 174 174 168 172 173 176 174 174 175 177 176 174 176 175 176 178 177 176 176 179 179 178 174 174 173 171 167 165 165 166 165 165 165 165 165 164 169 166 171 162 166 158 160 164 158 163 168 171 174 170 164 169 175 170 171 175 171 173 174 181 183 174 174 172 171 169 173 173 176 176 175 171 171 172 172 171 169 174
181 180 182 180 182 180 177 180 184 178 177 176 177 177 174 172 173 172 171 174 177 177 175 176 175 175 174 177 177 177 179 176 176 174 174 173 179 180 178 177 173 175 171 172 174 166 166 166 165 164 163 163 168 166 166 164 161 158 157 158 156 161 160 165 172 164 165 173 171 167 173 177 179 179 177 178 184 178 176 175 175 175 175 168 171 172 176 172 173 175 173 170 169 172
179 175 177 179 180 180 175 178 180 179 181 180 178 175 175 175 174 174 174 175 177 177 175 173 178 177 176 177 177 178 179 178 177 176 173 172 174 180 179 178 177 175 172 173 168 166 167 166 166 164 164 161 163 160 162 158 153 155 157 156 158 159 162 167 165 161 164 170 166 170 174 174 174 176 184 182 184 179 178 181 175 177 171 175 173 177 178 178 176 174 174 174 175 175
173 168 173 176 178 179 180 176 177 177 177 178 176 174 174 174 175 175 176 176 178 177 175 176 177 176 178 176 178 179 177 175 174 177 176 172 175 175 174 177 178 175 174 172 174 168 170 168 168 167 166 162 160 160 158 158 155 156 156 156 159 161 161 164 161 162 165 163 163 168 173 175 178 182 173 178 184 183 183 180 179 179 179 181 181 176 173 176 179 177 174 176 176 175
175 170 170 176 178 177 179 178 177 174 173 176 175 173 173 176 177 176 176 178 175 175 176 176 179 176 178 179 179 178 178 180 179 177 177 173 172 173 173 175 178 177 174 172 170 169 168 167 168 165 165 167 165 162 160 160 160 160 158 157 160 161 159 160 158 161 162 162 169 171 172 174 176 178 172 180 184 174 181 175 180 178 177 170 175 174 177 173 177 178 174 173 173 174
177 171 173 174 176 176 178 178 177 173 175 174 175 177 175 176 177 177 181 175 175 175 177 177 179 178 179 181 178 179 177 176 173 174 179 175 173 172 175 174 173 178 180 179 179 174 173 166 165 166 163 164 165 164 163 159 161 158 157 157 158 158 158 159 159 162 161 161 163 167 170 173 173 173 176 180 183 181 175 175 178 172 173 175 171 175 176 177 174 176 176 177 177 177
182 177 180 177 174 174 174 176 173 173 176 179 176 175 175 178 178 177 178 175 176 178 177 178 179 177 176 176 174 174 174 175 174 175 175 177 176 175 176 174 176 173 174 171 169 176 172 167 168 165 163 160 161 160 161 161 161 158 156 159 161 157 155 157 160 160 157 162 165 171 174 170 174 176 180 178 183 182 174 174 175 171 171 174 174 175 175 175 176 177 177 176 174 174
187 184 180 172 172 172 172 173 171 176 178 178 177 177 179 177 178 178 179 180 179 178 177 178 180 177 176 174 178 177 174 174 172 174 175 176 178 177 175 175 174 174 172 169 168 172 172 175 169 165 160 164 163 163 164 162 162 161 159 161 161 157 156 158 158 158 160 163 165 167 167 168 175 178 176 180 182 182 180 175 173 176 178 176 176 177 176 172 174 177 174 174 175 173
187 183 176 176 172 172 174 173 172 173 176 179 176 174 179 177 177 179 179 179 176 178 179 180 181 179 176 178 177 175 172 173 173 175 175 175 175 174 174 172 172 171 170 168 166 168 170 175 170 163 164 169 165 163 164 164 162 162 162 160 162 158 154 155 157 158 159 163 161 160 164 169 174 171 175 179 177 181 182 176 174 176 181 179 179 181 179 175 174 175 173 168 174 171
187 185 175 173 170 167 172 173 175 175 175 183 177 177 179 180 178 181 177 176 177 177 179 180 177 179 180 177 175 177 173 175 172 174 171 173 175 176 175 171 168 169 170 166 164 168 172 175 168 167 170 167 163 162 166 164 161 162 162 161 162 160 157 158 158 156 159 163 162 162 166 172 166 162 167 176 180 183 181 176 181 176 180 182 179 177 173 174 174 172 172 171 170 180
