DE_airtemperature/2018_09_airtemp.asc
NCOLS 654
NROWS 866
XLLCORNER 3280414.711633467
YLLCORNER 5237500.62890625
CELLSIZE 1000
NODATA_VALUE -999
[rows 492 to 532 of 866, columns 0 to 93 of 654]
-999 -999 -999 -999 -999 -999 -999 -999 -999 -999 -999 -999 -999 -999 -999 -999 -999 -999 -999 -999 -999 -999 -999 -999 -999 135 136 136 136 135 135 135 138 140 149 149 147 145 140 140 139 139 143 143 141 143 143 145 146 149 149 147 147 150 152 147 148 149 149 150 150 149 149 151 150 149 150 151 150 150 149 147 149 148 150 150 150 151 152 152 151 150 150 150 150 149 148 148 151 152 149 150 154 158
-999 -999 -999 -999 -999 -999 -999 -999 -999 -999 -999 -999 -999 -999 -999 -999 -999 -999 -999 -999 -999 -999 -999 132 135 136 135 136 135 137 136 137 138 142 148 149 142 144 148 145 141 139 137 139 140 142 145 147 148 149 148 149 148 148 148 147 150 148 149 150 150 151 152 152 150 148 148 149 150 150 145 145 145 147 148 150 149 151 151 151 151 151 151 150 150 149 147 147 149 151 149 153 154 158
-999 -999 -999 -999 -999 -999 -999 -999 -999 -999 -999 -999 -999 -999 -999 -999 -999 -999 -999 -999 -999 -999 -999 131 136 136 135 135 134 135 136 140 145 143 148 139 138 140 143 144 139 138 136 132 140 141 143 146 147 148 147 148 148 147 148 149 146 147 148 148 150 150 151 151 151 149 146 147 147 147 147 144 143 147 146 146 147 150 150 150 151 150 150 149 150 149 148 147 148 149 152 156 157 158
-999 -999 -999 -999 -999 -999 -999 -999 -999 -999 -999 -999 -999 -999 -999 -999 -999 -999 -999 -999 -999 131 134 137 135 135 137 136 135 136 137 144 143 148 138 138 136 140 141 143 143 144 140 141 138 143 144 146 146 148 148 147 147 148 147 148 144 145 146 146 147 148 151 150 149 148 147 146 144 145 145 144 144 145 144 144 146 148 149 149 149 149 149 148 148 148 150 150 149 149 151 149 153 158
-999 -999 -999 -999 -999 -999 -999 -999 -999 -999 -999 -999 -999 -999 -999 -999 -999 -999 -999 -999 132 132 136 138 138 135 140 138 135 136 145 137 140 143 140 140 137 137 138 141 142 142 144 144 140 139 143 144 146 145 141 144 144 147 149 145 143 141 143 146 147 148 146 144 145 147 143 142 142 145 145 142 142 140 141 145 146 147 148 148 149 149 149 148 146 147 148 150 153 151 150 153 152 154
-999 -999 -999 -999 -999 -999 -999 -999 -999 -999 -999 -999 -999 -999 -999 -999 -999 -999 -999 132 135 135 136 139 142 143 139 145 144 145 141 141 138 145 137 137 136 136 137 137 140 142 142 137 144 142 143 144 145 142 139 142 142 146 147 143 142 141 143 146 149 147 142 143 143 146 145 143 141 142 141 141 141 141 142 144 146 147 147 147 148 149 147 148 149 149 149 151 154 148 149 150 154 153
-999 -999 -999 -999 -999 -999 -999 -999 -999 -999 -999 -999 -999 -999 -999 -999 -999 -999 -999 135 136 137 137 139 135 139 139 136 140 139 135 140 135 139 135 135 136 136 136 136 142 146 137 136 143 142 142 142 144 141 144 139 142 145 145 144 144 147 142 144 147 147 146 143 142 140 143 143 142 142 142 142 141 141 144 141 143 143 145 144 145 147 146 147 148 151 152 153 154 152 151 150 151 151
-999 -999 -999 -999 -999 -999 -999 -999 -999 -999 -999 -999 -999 -999 -999 -999 -999 -999 -999 -999 136 135 135 139 135 135 135 139 136 138 135 135 135 135 135 134 136 136 138 143 139 143 140 138 141 144 143 142 140 138 139 142 146 144 142 145 146 148 146 141 148 142 141 143 139 141 140 141 143 142 144 141 141 141 145 143 143 144 145 145 144 144 144 145 150 151 148 149 150 152 154 155 156 156
-999 -999 -999 -999 -999 -999 -999 -999 -999 -999 -999 -999 -999 -999 -999 -999 -999 -999 -999 -999 135 135 135 135 138 134 134 134 133 133 136 135 135 135 133 135 137 137 138 138 142 142 139 137 141 142 140 138 138 141 139 143 142 145 141 143 147 144 140 142 143 141 138 137 138 137 139 140 140 141 143 142 140 141 142 145 141 141 144 144 145 144 145 144 151 153 154 154 154 155 156 155 156 153
-999 -999 -999 -999 -999 -999 -999 -999 -999 -999 -999 -999 -999 -999 -999 -999 -999 -999 -999 -999 -999 135 134 134 135 135 134 133 132 133 132 136 133 133 134 139 138 140 141 141 139 136 137 138 142 141 142 140 139 139 138 138 140 141 139 144 143 142 141 144 145 143 142 140 135 138 137 141 143 141 145 141 139 142 146 147 141 143 143 144 146 146 143 151 153 152 152 154 152 152 154 148 154 154
-999 -999 -999 -999 -999 -999 -999 -999 -999 -999 -999 -999 -999 -999 -999 -999 -999 -999 -999 -999 -999 -999 133 134 134 133 135 134 132 131 135 135 132 133 133 134 138 136 142 143 140 136 137 138 137 139 141 139 138 139 139 138 139 139 140 144 141 142 142 141 144 143 143 139 138 136 140 140 143 142 144 141 138 142 144 145 146 142 143 142 151 146 146 151 147 148 145 143 152 147 149 152 151 152
-999 -999 -999 -999 -999 -999 -999 -999 -999 -999 -999 -999 -999 -999 -999 -999 -999 -999 -999 -999 -999 -999 132 134 -999 -999 132 133 132 131 132 132 131 133 135 136 136 136 140 144 139 137 138 137 138 137 139 140 138 138 138 137 138 138 140 141 138 140 140 137 139 141 143 140 137 135 140 142 140 142 146 144 144 146 150 149 146 144 148 143 150 139 142 141 144 143 142 140 145 144 148 148 151 150
-999 -999 -999 -999 -999 -999 -999 -999 -999 -999 -999 -999 -999 -999 -999 -999 -999 -999 -999 -999 -999 -999 -999 -999 -999 -999 -999 132 131 130 130 132 131 137 138 138 138 138 140 139 138 138 136 137 137 137 137 139 138 138 139 138 136 135 139 139 138 138 138 138 143 143 143 142 138 138 139 137 141 144 140 143 145 143 142 145 151 152 152 147 145 134 141 138 141 143 141 143 141 143 145 147 151 150
-999 -999 -999 -999 -999 -999 -999 -999 -999 -999 -999 -999 -999 -999 -999 -999 -999 -999 -999 -999 -999 -999 -999 -999 -999 -999 -999 -999 -999 -999 133 136 139 135 134 135 137 142 143 140 136 136 135 135 135 136 136 136 136 136 138 138 136 137 136 136 136 140 141 141 140 138 139 139 137 139 139 139 136 140 142 139 138 139 142 141 144 140 134 138 142 134 132 139 135 142 137 138 141 145 145 147 147 148
-999 -999 -999 -999 -999 -999 -999 -999 -999 -999 -999 -999 -999 -999 -999 -999 -999 -999 -999 -999 -999 -999 -999 -999 -999 -999 -999 -999 -999 -999 -999 131 130 132 132 133 139 139 137 140 136 136 133 132 133 135 138 136 135 138 138 139 139 137 136 136 138 136 139 141 139 139 138 139 137 140 141 140 138 140 144 141 141 141 145 151 151 144 132 135 134 140 138 135 137 137 139 145 144 145 147 147 147 150
-999 -999 -999 -999 -999 -999 -999 -999 -999 -999 -999 -999 -999 -999 -999 -999 -999 -999 -999 -999 -999 -999 -999 -999 -999 -999 -999 -999 -999 -999 -999 132 131 132 138 136 142 135 138 137 140 136 134 133 133 133 135 135 135 136 139 137 137 137 138 135 135 137 139 136 138 137 139 140 140 142 141 144 143 144 145 148 141 142 150 144 144 142 143 139 138 142 135 141 137 139 138 142 142 145 148 147 150 152
-999 -999 -999 -999 -999 -999 -999 -999 -999 -999 -999 -999 -999 -999 -999 -999 -999 -999 -999 -999 -999 -999 -999 -999 -999 -999 -999 -999 -999 -999 -999 131 130 134 134 133 140 133 136 138 140 139 136 135 135 133 134 134 134 138 136 136 135 136 136 135 134 136 135 136 138 140 142 141 143 143 141 144 142 142 145 146 143 147 148 140 150 139 137 142 144 141 138 137 141 137 138 136 139 144 144 145 146 149
-999 -999 -999 -999 -999 -999 -999 -999 -999 -999 -999 -999 -999 -999 -999 -999 -999 -999 -999 -999 -999 -999 -999 -999 -999 -999 -999 -999 -999 -999 -999 -999 131 130 131 132 139 132 136 139 136 137 135 136 135 134 133 134 135 138 138 135 134 135 136 135 136 139 139 140 140 140 141 142 142 143 145 145 146 140 143 143 147 149 139 141 149 138 144 139 133 138 136 136 134 134 132 135 138 142 143 145 145 146
-999 -999 -999 -999 -999 -999 -999 -999 -999 -999 -999 -999 -999 -999 -999 -999 -999 -999 -999 -999 -999 -999 -999 -999 -999 -999 -999 -999 -999 -999 -999 -999 -999 129 130 134 130 132 132 136 134 135 134 134 134 134 134 136 136 136 136 136 135 134 135 138 136 139 140 140 140 140 139 143 144 143 145 146 143 150 144 143 140 151 145 141 143 139 139 136 132 139 137 139 129 130 132 136 142 144 147 147 149 150
-999 -999 -999 -999 -999 -999 -999 -999 -999 -999 -999 -999 -999 -999 -999 -999 -999 -999 -999 -999 -999 -999 -999 -999 -999 -999 -999 -999 -999 -999 -999 -999 -999 128 130 134 131 130 133 134 137 134 133 133 134 134 135 136 137 135 135 135 136 135 135 138 136 135 138 136 140 140 141 140 141 143 140 143 150 145 147 150 149 146 142 144 136 140 141 143 132 133 133 131 129 130 133 135 137 138 145 145 146 148
-999 -999 -999 -999 -999 -999 -999 -999 -999 -999 -999 -999 -999 -999 -999 -999 -999 -999 -999 -999 -999 -999 -999 -999 -999 -999 -999 -999 -999 -999 -999 -999 -999 129 132 133 130 131 133 132 133 136 134 133 134 134 135 135 135 134 135 135 136 136 138 138 136 137 136 138 139 142 139 142 143 147 147 150 141 143 147 144 148 141 138 142 143 134 136 142 137 137 135 131 129 134 133 138 137 143 145 142 146 145
-999 -999 -999 -999 -999 -999 -999 -999 -999 -999 -999 -999 -999 -999 -999 -999 -999 -999 -999 -999 -999 -999 -999 -999 -999 -999 -999 -999 -999 -999 -999 -999 -999 128 129 130 131 130 130 130 130 134 133 134 135 135 135 134 135 136 138 134 139 139 141 138 138 139 138 138 136 136 136 141 141 143 145 143 140 138 140 147 149 146 141 138 132 136 140 144 139 130 127 131 129 135 137 135 133 139 138 137 145 145
-999 -999 -999 -999 -999 -999 -999 -999 -999 -999 -999 -999 -999 -999 -999 -999 -999 -999 -999 -999 -999 -999 -999 -999 -999 -999 -999 -999 -999 -999 -999 -999 -999 129 133 130 131 130 131 131 131 134 134 134 134 134 134 134 136 136 138 139 138 136 141 142 138 140 140 139 136 136 135 138 132 146 143 139 141 138 141 141 149 143 142 132 137 139 135 136 130 129 133 134 132 136 138 133 136 136 136 141 144 145
-999 -999 -999 -999 -999 -999 -999 -999 -999 -999 -999 -999 -999 -999 -999 -999 -999 -999 -999 -999 -999 -999 -999 -999 -999 -999 -999 -999 -999 -999 -999 -999 127 131 131 130 132 131 131 134 131 134 133 133 133 134 135 134 137 139 139 136 139 140 141 144 142 141 142 142 140 140 139 141 142 150 144 141 137 136 139 144 150 146 141 140 133 133 142 139 134 135 135 138 132 136 137 138 138 135 134 135 137 140
-999 -999 -999 -999 -999 -999 -999 -999 -999 -999 -999 -999 -999 -999 -999 -999 -999 -999 -999 -999 -999 -999 -999 -999 -999 -999 -999 -999 -999 -999 -999 -999 129 132 133 131 131 130 133 133 132 132 135 134 135 135 134 134 135 137 140 138 139 141 139 140 143 143 142 142 142 139 141 143 147 147 146 139 140 141 146 146 141 144 137 139 137 135 139 134 134 137 138 140 133 135 136 140 139 134 136 132 137 139
-999 -999 -999 -999 -999 -999 -999 -999 -999 -999 -999 -999 -999 -999 -999 -999 -999 -999 -999 -999 -999 -999 -999 -999 -999 -999 -999 -999 -999 -999 -999 126 132 133 133 133 132 134 133 134 132 134 135 135 134 137 132 132 135 135 138 140 141 139 136 141 141 142 145 144 142 142 144 146 144 149 146 142 142 142 146 145 143 141 141 137 135 133 134 137 132 132 137 136 141 138 141 141 136 141 141 138 133 139
-999 -999 -999 -999 -999 -999 -999 -999 -999 -999 -999 -999 -999 -999 -999 -999 -999 -999 -999 -999 -999 -999 -999 -999 -999 -999 -999 -999 -999 -999 -999 -999 130 130 132 133 136 135 137 131 131 135 138 133 135 138 136 134 132 135 136 138 137 138 139 142 142 143 143 146 142 147 144 148 144 147 147 143 145 143 144 146 147 145 143 140 140 134 127 133 132 129 131 133 135 141 135 140 140 140 139 136 137 142
-999 -999 -999 -999 -999 -999 -999 -999 -999 -999 -999 -999 -999 -999 -999 -999 -999 -999 -999 -999 -999 -999 -999 -999 -999 -999 -999 -999 -999 -999 -999 -999 131 132 129 133 131 132 137 135 133 135 136 134 135 137 135 135 135 133 137 135 139 139 140 140 141 142 141 141 144 145 148 146 142 146 149 147 145 141 140 145 143 142 144 141 135 130 132 134 136 136 136 135 137 135 142 141 138 145 139 137 139 140
-999 -999 -999 -999 -999 -999 -999 -999 -999 -999 -999 -999 -999 -999 -999 -999 -999 -999 -999 -999 -999 -999 -999 -999 -999 -999 -999 -999 -999 -999 -999 -999 131 132 132 131 134 131 132 135 135 135 139 138 138 139 137 134 134 135 137 139 139 139 139 139 139 139 143 142 145 145 144 144 144 148 147 143 141 143 142 142 139 140 141 139 135 138 135 133 134 132 138 136 135 134 135 137 136 138 144 148 143 139
-999 -999 -999 -999 -999 -999 -999 -999 -999 -999 -999 -999 -999 -999 -999 -999 -999 -999 -999 -999 -999 -999 -999 -999 -999 -999 -999 -999 -999 -999 -999 -999 -999 -999 130 131 132 131 130 132 134 137 134 139 133 135 139 139 135 136 137 139 138 138 138 137 139 141 141 142 143 143 142 147 145 145 143 142 141 138 136 135 140 136 138 137 138 135 138 134 135 137 140 132 141 142 143 137 144 142 137 138 142 145
-999 -999 -999 -999 -999 -999 -999 -999 -999 -999 -999 -999 -999 -999 -999 -999 -999 -999 -999 -999 -999 -999 -999 -999 -999 -999 -999 -999 -999 -999 -999 -999 -999 -999 130 129 133 134 132 133 134 133 132 135 134 134 133 139 139 137 138 136 139 138 137 137 140 139 141 143 144 142 143 141 143 147 143 142 138 141 135 135 134 133 133 135 138 139 139 137 139 138 143 140 137 137 143 145 148 149 141 141 143 142
-999 -999 -999 -999 -999 -999 -999 -999 -999 -999 -999 -999 -999 -999 -999 -999 -999 -999 -999 -999 -999 -999 -999 -999 -999 -999 -999 -999 -999 -999 -999 -999 -999 -999 130 130 131 131 131 129 134 131 132 134 134 132 136 137 140 139 136 139 140 138 136 137 136 137 142 143 144 142 142 140 139 143 141 139 138 137 134 134 133 133 136 137 137 141 139 139 139 140 142 136 134 140 138 141 136 143 146 148 146 148
-999 -999 -999 -999 -999 -999 -999 -999 -999 -999 -999 -999 -999 -999 -999 -999 -999 -999 -999 -999 -999 -999 -999 -999 -999 -999 -999 134 133 -999 -999 -999 -999 132 130 132 131 128 130 129 131 132 134 132 136 132 137 138 139 142 139 140 140 140 138 136 136 140 141 142 143 142 141 137 138 141 145 143 141 140 140 136 134 134 136 138 139 141 142 139 141 139 136 137 138 140 139 139 140 141 144 147 149 149
-999 -999 -999 -999 -999 -999 -999 -999 -999 -999 -999 -999 -999 -999 -999 -999 -999 -999 -999 -999 -999 -999 -999 -999 -999 -999 -999 138 138 135 137 133 132 131 130 130 128 130 129 130 131 131 133 134 132 132 134 138 139 141 141 141 141 139 138 136 139 141 142 140 143 141 143 139 140 140 141 140 142 142 140 137 133 136 139 138 139 140 137 139 137 138 139 139 141 141 142 140 144 136 146 148 151 152
-999 -999 -999 -999 -999 -999 -999 -999 -999 -999 -999 -999 -999 -999 -999 -999 -999 -999 -999 -999 -999 -999 -999 -999 -999 -999 -999 136 135 132 134 134 132 130 129 128 131 129 131 132 130 132 133 132 133 133 135 137 138 139 143 140 138 138 138 137 139 143 139 141 141 144 139 140 140 139 140 139 141 140 140 137 135 135 137 139 137 135 140 140 139 139 140 143 142 143 143 144 145 142 143 147 148 150
-999 -999 -999 -999 -999 -999 -999 -999 -999 -999 -999 -999 -999 -999 -999 -999 -999 -999 -999 -999 -999 -999 -999 -999 -999 -999 134 133 134 132 133 134 131 130 127 127 130 134 132 132 133 132 131 133 133 137 136 136 139 139 143 141 138 140 138 138 141 140 137 139 139 141 140 138 139 137 137 136 136 137 140 139 138 134 135 137 135 137 137 139 141 142 141 142 143 142 144 148 145 144 144 146 149 150
-999 -999 -999 -999 -999 -999 -999 -999 -999 -999 -999 -999 -999 -999 -999 -999 -999 -999 -999 -999 -999 -999 -999 -999 -999 -999 133 131 132 130 132 132 129 126 127 130 133 133 135 132 130 129 131 133 133 134 138 138 137 138 142 142 140 140 139 140 140 136 141 138 137 141 137 139 137 139 138 137 135 137 138 140 138 134 134 136 136 139 139 141 141 142 146 142 143 144 147 148 146 148 145 145 146 149
-999 -999 -999 -999 -999 -999 -999 -999 -999 -999 -999 -999 -999 -999 -999 -999 -999 -999 -999 -999 -999 -999 -999 -999 -999 136 133 133 133 131 131 129 126 127 132 133 131 134 133 132 132 132 130 133 134 137 138 137 138 138 140 142 141 140 136 139 139 137 138 137 141 138 133 136 135 136 137 135 135 133 137 137 135 134 136 135 139 142 141 142 144 143 145 147 147 143 148 141 144 149 148 146 145 146
-999 -999 -999 -999 -999 -999 -999 -999 -999 -999 -999 -999 -999 -999 -999 -999 -999 -999 -999 -999 -999 136 137 133 136 134 132 134 132 132 131 128 125 131 132 134 133 135 133 135 131 131 130 132 136 137 138 138 139 139 139 141 141 140 138 135 137 135 135 135 139 137 137 137 133 134 134 137 137 137 135 135 133 131 138 139 137 140 141 141 143 146 147 135 140 143 145 142 143 146 150 146 146 146
-999 -999 -999 -999 -999 -999 -999 -999 -999 -999 -999 -999 -999 -999 -999 -999 -999 -999 -999 -999 142 140 138 138 138 135 134 133 135 132 128 125 131 132 133 134 132 133 136 131 130 129 130 133 136 136 140 137 140 138 138 140 143 142 140 139 135 135 134 133 139 138 139 135 134 137 137 139 140 135 134 137 140 140 138 138 140 140 140 144 147 146 140 140 142 145 140 139 142 143 153 150 150 148
-999 -999 -999 -999 -999 -999 -999 -999 -999 -999 -999 -999 -999 -999 -999 -999 -999 -999 -999 -999 138 138 137 137 138 138 136 135 134 130 129 133 132 133 133 134 132 132 135 137 134 131 131 132 133 138 140 139 138 135 137 137 142 141 139 141 140 139 135 134 133 137 136 137 135 135 140 139 137 137 136 138 140 138 141 138 138 141 144 143 146 143 144 141 140 143 143 139 142 142 146 149 151 153
