DE_airtemperature/2018_09_airtemp.asc
NCOLS 654
NROWS 866
XLLCORNER 3280414.711633467
YLLCORNER 5237500.62890625
CELLSIZE 1000
NODATA_VALUE -999
[rows 451 to 491 of 866, columns 376 to 469 of 654]
151 151 152 152 155 155 157 157 157 156 155 155 153 154 153 153 155 154 152 150 150 149 150 150 150 149 148 148 152 157 159 159 149 149 150 150 149 151 151 152 153 154 154 154 154 151 153 153 156 155 153 156 159 160 160 159 156 155 154 154 156 155 154 153 154 155 154 154 153 155 152 151 151 152 153 154 153 152 153 152 153 154 154 154 157 156 155 155 155 155 156 156 156 155
151 150 150 151 153 153 155 156 155 155 154 152 153 152 152 153 155 153 151 150 149 149 149 148 147 150 149 150 159 159 156 156 158 157 156 156 155 150 150 151 151 153 154 154 153 150 150 152 153 156 155 158 160 160 160 159 157 155 154 155 155 154 153 154 154 154 154 153 153 154 152 151 151 152 152 153 153 153 152 153 153 153 155 156 156 155 154 155 154 155 155 155 155 156
148 148 148 150 150 151 152 155 156 154 152 153 153 152 152 153 154 152 151 149 151 151 149 149 148 152 156 157 159 156 147 152 154 150 157 156 155 153 153 154 154 153 152 151 151 150 153 154 156 156 156 155 159 159 160 158 153 153 153 154 154 153 154 155 155 155 154 153 153 153 152 152 151 151 152 152 152 153 153 153 152 154 153 155 157 155 155 155 155 154 155 154 155 156
145 145 145 146 148 148 149 150 154 155 153 155 153 152 151 151 151 150 150 150 150 151 149 149 148 150 159 159 158 157 156 147 153 155 153 155 155 154 154 156 153 152 151 152 152 152 152 151 150 153 153 153 155 157 160 160 159 156 154 153 153 153 155 155 155 156 154 154 153 153 154 152 152 152 152 153 153 153 153 153 153 152 154 156 155 156 156 155 155 155 154 154 154 155
143 143 143 144 144 146 147 147 149 152 155 154 153 153 153 151 149 148 151 151 150 151 153 154 149 158 159 158 146 146 146 149 151 152 155 154 155 155 153 154 151 150 151 152 152 152 152 150 150 153 152 152 154 156 158 160 160 158 154 155 153 154 155 154 155 156 156 154 154 155 153 154 153 153 153 153 153 153 154 153 154 156 156 154 154 156 156 156 156 154 154 154 155 154
141 143 143 144 143 143 144 147 147 147 150 153 154 153 151 149 149 149 148 149 150 152 149 149 155 159 159 156 156 156 155 154 151 149 152 152 154 153 153 150 152 149 151 153 152 151 152 151 150 151 151 153 154 156 156 156 160 160 158 155 158 158 158 156 156 155 155 154 154 155 153 155 154 152 152 152 152 153 153 154 154 156 154 153 154 156 155 155 154 153 153 154 154 154
137 140 140 143 144 143 144 147 151 148 149 150 150 151 152 150 149 148 147 148 149 150 148 152 158 159 157 153 147 150 150 148 151 147 148 151 152 153 150 149 152 149 151 152 152 153 151 150 150 152 153 153 153 153 153 157 155 159 158 158 158 155 155 155 155 154 154 153 155 153 155 155 155 153 154 152 153 153 153 155 156 154 153 153 155 154 155 154 154 153 154 154 155 154
137 138 138 138 140 145 145 149 146 152 146 146 147 148 151 151 149 147 145 147 149 149 147 153 158 159 150 147 146 146 146 146 146 146 148 152 151 151 149 148 149 151 152 151 150 152 151 150 150 150 151 153 153 153 153 153 155 159 160 160 159 157 155 155 155 153 153 154 154 154 153 154 154 156 153 155 155 155 156 156 154 155 154 154 157 155 154 153 154 154 154 154 155 155
136 138 141 138 144 143 146 144 145 146 142 143 144 147 149 150 151 146 145 145 147 150 149 156 157 159 157 152 147 147 148 148 151 152 153 151 151 153 151 150 151 151 151 150 150 150 150 151 150 151 150 153 152 153 154 155 158 157 158 160 159 157 156 154 154 154 153 153 153 153 152 152 154 155 156 156 156 155 156 155 154 154 155 154 157 156 155 154 155 153 153 154 155 155
137 140 140 142 143 137 137 138 140 141 140 144 146 145 149 150 150 150 148 147 146 147 149 149 155 158 159 154 150 151 149 153 154 153 152 156 154 153 153 153 152 153 149 149 150 149 150 151 151 151 151 152 155 156 156 155 154 154 154 160 159 157 155 154 154 154 152 152 152 152 153 152 153 154 156 154 153 154 153 154 153 153 153 155 156 155 156 154 153 153 153 154 154 154
139 141 141 140 142 143 142 137 140 138 140 143 143 145 148 149 147 146 148 148 147 147 148 149 149 155 158 157 155 153 152 153 154 156 156 154 152 152 152 150 150 149 149 149 149 149 150 152 153 154 156 156 155 154 154 157 153 152 154 160 159 156 155 154 155 155 153 153 154 153 153 152 154 155 153 152 153 154 155 152 153 153 155 155 156 155 155 155 153 152 153 154 154 154
141 140 140 143 140 140 141 143 141 139 141 140 143 144 148 145 144 145 145 146 147 149 147 146 148 157 158 157 158 156 157 156 155 155 155 157 155 153 152 150 150 149 150 149 149 150 150 150 151 153 151 152 151 153 152 154 157 155 156 158 158 158 157 156 155 154 154 154 153 153 153 154 155 155 155 154 153 154 154 152 152 155 155 155 155 154 155 156 155 154 153 153 155 157
143 144 144 141 141 138 139 141 141 138 140 142 141 145 147 144 143 143 148 147 150 150 154 155 155 157 158 155 158 158 157 157 156 157 158 157 154 153 154 152 152 151 148 148 148 149 149 150 150 150 151 152 152 156 156 156 154 155 155 158 158 156 154 154 154 153 154 153 153 153 154 155 155 155 154 155 155 153 153 154 154 154 156 157 154 155 154 155 154 153 154 156 156 157
141 142 142 142 142 141 139 142 142 142 144 144 142 144 143 142 143 144 144 145 144 144 145 145 150 154 157 158 153 152 154 153 154 154 153 155 153 152 152 151 150 148 148 148 148 149 150 151 151 151 154 154 154 154 154 155 154 152 155 158 158 156 156 153 153 153 152 151 152 153 153 153 153 155 153 154 154 153 152 153 153 154 157 156 155 154 154 155 154 154 155 156 156 156
145 144 142 142 140 141 142 143 143 144 143 144 143 142 144 143 142 143 144 144 143 145 151 149 150 155 157 158 157 156 151 153 154 153 155 157 154 151 150 149 149 153 151 150 150 149 150 150 151 151 151 153 154 154 152 154 152 155 156 157 158 154 155 156 153 153 152 151 151 153 153 154 153 153 153 153 154 154 152 153 153 154 157 155 154 154 153 155 153 154 156 156 156 155
142 140 143 144 144 144 142 143 142 143 140 141 141 143 142 144 144 143 143 148 144 145 148 154 155 155 158 157 156 152 152 153 150 151 153 154 157 156 155 155 152 151 153 151 151 151 149 149 150 150 154 153 151 152 151 153 154 155 157 157 158 157 155 153 153 154 153 152 151 152 152 152 152 153 152 152 152 152 152 154 154 155 156 155 155 154 153 153 154 156 156 156 156 154
141 140 140 143 141 142 140 140 140 140 141 141 141 142 143 142 143 144 149 149 151 153 154 154 154 153 158 156 155 154 150 153 153 155 155 151 152 154 151 154 154 154 153 150 149 150 151 149 150 150 150 152 150 150 150 151 153 154 154 155 158 157 155 152 152 152 152 152 151 150 150 151 152 152 152 151 152 152 154 154 154 155 156 155 156 154 153 154 155 157 157 156 155 154
138 138 139 141 141 138 139 144 140 140 141 143 142 143 143 142 144 144 145 144 145 146 148 153 154 157 157 157 155 154 155 150 152 153 155 150 149 150 153 155 151 151 151 154 152 152 149 149 149 150 151 151 151 151 152 154 155 155 155 157 158 157 154 151 152 151 152 153 151 151 151 151 151 151 150 150 151 152 154 154 155 156 156 154 155 155 155 153 155 156 157 157 155 154
137 137 137 137 139 139 138 139 139 141 141 142 144 142 147 149 150 149 147 152 153 152 151 152 156 158 153 152 151 152 151 151 150 151 153 153 149 150 150 154 150 150 150 152 154 148 148 148 148 149 150 150 149 151 151 154 152 155 155 156 156 157 158 151 152 153 155 152 152 153 153 152 151 151 150 151 152 152 153 154 154 154 157 155 154 154 154 153 154 156 157 157 154 154
139 139 139 138 139 138 139 139 140 141 138 140 139 140 143 147 147 150 152 152 153 153 156 155 155 158 151 150 149 150 151 149 149 152 151 151 149 149 153 153 151 153 150 149 150 150 150 149 149 150 151 150 150 150 151 152 152 151 153 154 155 155 156 153 153 154 154 153 154 152 152 152 152 151 152 151 153 154 155 153 154 157 157 156 154 154 154 155 155 157 158 157 157 155
140 138 138 137 138 138 139 139 139 139 139 143 145 143 145 140 143 145 144 148 148 150 152 155 155 156 158 154 152 151 150 150 151 151 152 150 150 150 150 150 152 153 150 149 150 153 149 152 150 149 149 152 152 152 152 152 153 153 155 155 155 152 153 155 154 153 153 154 153 152 152 154 153 152 154 153 153 154 154 156 155 157 156 156 155 155 154 156 157 159 157 157 156 155
138 136 136 136 137 140 144 138 139 139 138 139 143 148 149 148 147 144 146 147 151 152 154 155 157 158 157 152 150 150 149 150 149 150 154 153 152 151 149 149 151 153 149 148 150 151 150 149 150 151 152 152 152 153 152 152 153 153 154 155 155 153 155 152 152 151 151 152 151 152 153 155 154 153 152 151 153 153 153 155 156 157 156 156 156 156 155 156 156 158 158 157 156 155
138 136 135 136 136 135 141 145 140 137 139 145 145 149 149 151 152 152 150 144 151 152 153 155 158 154 154 151 151 150 151 149 149 151 151 150 149 151 149 148 150 150 151 148 150 151 151 149 150 151 151 151 152 152 151 151 152 153 155 155 154 152 151 152 153 153 153 152 151 153 153 154 153 152 151 152 153 154 154 155 157 157 156 155 155 154 154 154 156 158 158 156 156 155
141 140 139 142 134 143 144 144 143 143 145 146 146 145 150 149 150 152 154 153 154 157 157 157 153 153 150 151 149 148 149 150 150 150 150 151 150 150 149 148 149 150 150 149 149 149 150 149 150 151 151 152 152 151 150 151 151 151 151 152 154 150 151 153 153 152 157 155 153 153 152 153 152 152 151 152 155 155 154 154 155 157 157 156 155 155 154 155 157 159 159 157 155 154
141 142 141 144 143 144 144 144 145 143 144 149 147 147 148 148 146 146 152 155 154 158 156 157 151 150 151 153 151 148 150 152 150 149 149 152 151 152 152 150 151 152 152 150 148 149 150 150 151 151 151 151 152 152 153 148 149 149 150 153 154 150 152 153 153 156 154 152 154 150 150 151 152 151 152 154 154 154 153 155 154 155 157 157 156 153 154 155 158 158 159 157 155 154
141 144 143 146 146 147 147 143 147 146 149 151 146 145 152 149 149 149 152 157 157 154 154 153 157 152 150 149 152 147 152 150 149 149 149 150 153 153 153 153 153 153 153 152 151 150 150 149 149 149 151 151 151 151 150 148 148 150 152 155 155 151 151 152 150 152 156 154 152 153 151 149 151 152 152 153 152 154 153 154 155 155 156 156 155 155 156 158 158 159 159 157 156 155
142 140 139 140 144 141 148 150 144 144 146 153 146 151 153 152 156 156 156 157 157 152 150 155 151 157 155 150 152 153 151 149 150 153 152 154 154 153 153 152 151 151 151 151 150 150 149 148 148 148 149 150 149 150 149 148 148 151 154 152 151 151 151 150 150 153 156 154 150 150 149 149 152 152 151 151 152 153 154 155 156 157 156 154 153 155 157 158 158 159 160 157 157 156
139 137 138 136 139 140 142 150 148 147 145 152 154 155 156 156 156 152 152 149 150 153 151 150 151 151 155 155 154 152 152 149 154 153 153 154 153 152 151 149 149 149 149 149 149 149 148 148 148 148 149 149 147 149 147 149 151 153 150 150 154 150 150 150 152 152 153 153 151 151 153 151 152 151 151 149 151 154 154 155 155 156 158 157 157 157 158 158 158 159 159 159 156 156
136 135 137 139 139 144 143 147 152 147 152 155 156 156 156 155 149 150 145 149 152 150 152 151 150 150 150 155 155 152 153 153 153 155 153 154 150 149 149 147 147 148 145 147 146 147 146 148 149 149 150 149 150 148 150 151 153 152 151 149 153 151 151 149 152 152 152 154 154 155 155 152 150 149 149 149 150 151 153 154 155 156 157 157 158 156 156 157 157 159 159 157 157 156
136 137 136 139 143 144 145 146 152 152 154 154 155 154 154 151 150 148 147 149 150 147 150 151 149 149 151 155 155 154 154 155 154 152 152 151 148 148 146 146 144 144 143 143 143 145 146 147 149 148 148 147 149 151 152 152 152 150 151 149 152 150 149 150 151 152 152 152 154 151 152 152 152 150 149 150 150 150 153 155 155 156 157 156 157 156 156 155 156 155 159 158 157 155
135 135 141 141 144 145 148 151 153 152 153 146 149 153 151 147 147 148 146 150 146 145 151 152 154 152 154 155 156 155 155 154 151 150 150 149 146 146 145 143 142 144 145 145 146 146 148 149 148 146 148 149 149 150 151 148 149 151 150 150 149 151 149 149 149 150 151 151 153 149 149 150 150 149 149 150 151 152 152 154 154 155 157 155 155 155 155 156 154 155 155 158 156 155
141 140 135 135 134 141 142 150 148 147 149 147 149 147 148 146 148 144 146 148 147 150 153 154 154 154 154 155 155 154 154 151 151 149 147 147 144 144 143 142 144 145 147 146 147 147 148 148 148 147 149 150 149 149 153 147 149 150 148 148 150 151 150 148 148 150 150 149 155 146 152 152 149 150 151 151 152 151 151 154 154 155 155 156 154 153 155 153 154 154 154 155 157 158
144 143 142 138 139 143 144 149 151 148 146 144 148 152 151 148 149 145 147 148 148 152 152 152 153 154 153 153 153 152 150 149 148 147 146 146 143 142 142 144 145 146 146 147 148 148 149 149 148 148 150 149 149 150 152 148 150 149 148 147 149 150 150 148 147 147 148 149 150 155 155 150 149 151 153 151 152 152 151 152 152 154 155 154 154 152 154 154 154 154 156 156 156 155
136 141 144 143 146 147 149 150 151 144 144 150 146 146 149 147 147 147 149 152 153 154 154 154 152 150 148 150 149 149 150 148 146 145 144 144 145 144 145 144 144 145 146 145 146 148 148 147 148 149 149 149 150 151 151 147 148 149 149 148 148 149 150 149 148 148 149 151 151 155 153 149 151 154 150 150 150 151 150 152 152 152 153 153 153 152 153 152 151 153 151 152 157 154
132 132 131 142 146 145 145 149 151 145 148 147 150 149 148 149 150 151 151 153 153 154 153 153 152 150 149 146 145 145 147 145 143 142 144 144 145 144 144 145 145 143 144 144 146 146 147 149 150 149 149 151 152 151 149 147 149 146 148 148 148 148 148 147 147 150 150 151 151 155 154 155 151 150 148 147 148 149 150 152 152 150 151 151 152 150 150 151 153 152 154 155 154 150
129 140 138 136 138 144 143 146 149 151 152 152 152 151 151 152 153 152 152 152 152 152 152 152 150 147 145 143 142 143 144 145 144 144 144 144 143 145 145 145 145 144 145 144 145 145 147 148 148 150 151 151 150 150 149 147 147 147 147 147 147 148 147 147 147 149 149 150 150 154 152 150 150 148 148 151 148 148 149 149 151 150 149 149 149 150 150 151 152 155 153 153 154 150
135 128 129 131 134 135 140 144 148 149 152 152 151 150 149 151 151 150 149 149 149 149 150 148 146 143 142 141 142 144 144 145 145 145 146 148 145 146 145 146 145 146 145 147 148 149 148 149 150 151 149 149 149 148 147 149 148 148 147 146 147 147 148 149 149 150 148 149 155 153 155 150 151 151 151 151 150 149 149 149 148 147 148 149 149 149 150 150 151 154 153 152 153 151
126 125 125 130 130 134 133 142 146 148 151 152 149 147 145 148 148 148 146 147 146 144 146 144 143 141 140 142 145 145 145 145 145 145 147 145 145 145 147 145 146 147 146 147 148 149 150 150 149 151 149 147 147 146 148 147 149 147 147 146 145 145 146 146 149 151 149 154 154 151 151 151 150 151 150 151 151 150 150 148 150 149 149 150 149 150 149 151 152 152 151 150 152 151
126 123 123 124 131 125 134 140 144 147 150 151 147 146 145 145 152 148 145 143 142 142 144 141 142 142 141 142 146 145 144 145 148 148 146 145 146 146 146 146 146 147 148 147 148 150 150 151 151 151 149 148 146 147 146 145 148 148 148 147 145 146 146 146 149 149 150 155 150 147 148 150 150 153 153 153 151 153 151 150 151 148 147 147 148 149 149 151 149 150 151 149 150 148
125 121 125 129 132 131 134 135 141 145 148 149 146 151 152 151 144 142 141 141 143 145 143 143 144 143 141 144 146 145 145 151 145 145 145 146 145 147 147 147 147 148 148 148 149 150 151 151 148 152 148 149 148 148 146 148 147 147 146 146 145 146 149 151 150 150 151 154 148 148 152 148 150 151 150 150 148 148 151 150 148 147 146 146 148 148 148 148 148 150 151 148 148 148
128 131 127 128 127 128 135 133 137 141 145 151 150 153 147 153 153 148 146 149 146 146 150 147 147 143 143 146 143 143 148 146 148 147 148 147 147 146 147 148 149 149 148 148 149 149 150 148 148 148 148 147 150 147 146 146 145 145 145 144 145 146 149 152 151 152 150 153 150 148 148 146 148 149 148 150 151 148 148 148 146 146 147 147 147 144 147 146 146 147 149 146 146 146
