DE_airtemperature/2018_04_airtemp.asc
NCOLS 654
NROWS 866
XLLCORNER 3280414.711633467
YLLCORNER 5237500.62890625
CELLSIZE 1000
NODATA_VALUE -999
[rows 410 to 450 of 866, columns 282 to 375 of 654]
124 124 122 126 124 116 123 120 124 122 121 126 125 126 124 123 114 122 124 118 117 117 114 115 114 113 122 124 123 124 124 126 126 127 123 125 127 125 123 124 123 121 119 112 111 111 113 113 114 119 117 121 118 117 119 117 117 117 117 118 115 114 115 120 124 126 117 116 125 128 128 129 126 126 122 125 127 127 129 128 127 130 132 133 134 134 133 133 134 134 134 134 134 134
127 124 119 122 124 116 122 118 122 116 120 123 126 126 116 114 117 117 118 122 119 118 114 118 118 115 113 120 121 116 120 123 123 124 125 125 124 123 124 122 121 118 110 111 111 113 115 116 117 114 114 120 120 123 123 119 118 118 118 118 118 115 115 119 126 119 118 115 124 125 127 129 130 130 129 127 125 131 131 127 125 124 126 132 133 134 134 134 134 134 134 134 134 134
125 120 122 122 123 122 119 118 121 112 111 115 122 124 124 113 113 116 120 117 121 123 120 118 115 116 113 113 118 117 118 121 122 118 119 119 118 118 119 119 112 112 112 113 114 115 115 117 116 116 115 116 116 117 119 124 121 121 121 119 118 118 117 117 118 119 117 114 117 118 119 126 126 124 129 129 130 130 126 130 130 128 125 123 131 132 134 134 134 134 134 134 132 131
120 126 117 117 120 122 119 111 119 110 112 117 122 120 118 121 112 112 114 115 114 115 116 119 114 114 114 116 116 118 119 119 115 117 114 113 113 112 113 112 113 114 115 115 115 116 117 114 116 115 115 117 117 117 120 121 123 119 119 119 120 119 119 119 119 122 116 114 116 117 121 121 122 123 120 122 128 125 130 132 127 121 124 127 125 129 133 134 134 134 134 134 134 131
121 129 122 112 115 120 121 117 111 111 113 120 112 117 117 121 121 113 113 113 111 113 114 112 113 114 115 116 119 118 117 117 116 113 113 114 114 113 113 114 114 114 114 115 116 116 113 113 115 114 116 118 120 120 123 123 122 122 122 121 122 124 122 122 122 122 121 120 116 116 117 118 119 120 124 117 120 117 120 126 126 122 120 120 125 125 126 132 133 134 134 134 134 132
130 130 125 124 114 110 117 121 119 114 113 119 115 111 111 112 113 111 112 112 110 109 112 111 113 114 115 119 121 121 120 119 119 116 112 111 112 113 113 114 113 113 114 115 114 113 113 115 115 115 117 119 121 121 123 124 124 120 123 123 123 124 125 123 122 123 123 121 118 117 116 117 118 119 124 118 118 120 126 126 132 125 126 125 123 121 127 129 130 134 134 134 134 132
128 130 130 130 122 119 117 122 123 122 122 118 112 109 109 114 114 113 112 114 113 113 110 109 112 115 116 119 119 121 122 121 119 118 116 115 115 113 112 112 111 113 113 115 114 112 114 116 118 116 117 120 121 122 122 122 124 125 125 123 124 125 125 124 125 125 125 123 122 120 118 117 119 121 122 120 120 121 122 125 127 130 130 130 127 128 128 127 134 132 133 134 133 133
121 125 128 128 129 127 124 122 119 121 121 120 119 116 111 109 111 119 118 119 118 117 112 109 109 113 115 115 118 121 122 121 121 120 119 118 117 116 115 114 114 114 113 113 111 112 114 116 118 119 118 119 121 122 124 125 127 127 127 126 125 123 124 126 126 126 126 124 124 122 120 119 120 121 122 123 123 123 124 128 129 131 131 128 127 128 131 132 134 128 128 130 133 133
118 128 125 120 129 130 129 123 123 119 112 116 116 116 115 112 116 114 121 120 121 118 116 110 111 110 112 115 116 118 120 119 123 121 121 121 121 119 118 116 116 116 118 117 116 116 117 118 119 120 120 120 122 122 122 123 126 127 127 127 127 125 125 124 125 125 128 127 126 123 122 121 121 122 123 125 126 126 127 130 130 133 131 129 131 130 132 134 134 133 131 127 130 132
124 117 115 122 128 130 123 122 116 115 118 116 110 116 117 119 118 119 120 122 120 119 111 109 114 111 112 114 115 116 115 116 118 122 122 123 122 122 120 118 118 117 117 118 119 118 121 120 121 121 122 121 121 121 123 124 126 124 125 126 126 127 126 126 126 126 128 128 125 124 123 122 123 124 126 127 128 128 123 132 132 133 132 132 133 133 133 134 134 134 133 132 128 129
126 113 118 120 130 129 127 125 122 122 121 109 111 111 119 120 115 121 121 122 111 111 110 112 112 112 111 114 116 115 116 117 119 121 122 122 124 124 122 121 119 119 119 118 119 120 120 122 123 123 122 123 123 122 123 123 123 125 125 126 126 125 127 128 128 128 127 129 127 125 125 124 125 126 127 129 128 129 130 131 131 131 133 133 133 134 134 134 134 133 133 132 131 127
121 119 117 120 127 129 128 124 118 114 112 106 112 119 122 120 120 123 122 122 112 114 112 113 115 114 111 115 116 117 119 118 121 122 123 123 123 122 125 122 121 122 117 118 119 120 119 119 122 124 124 123 123 124 123 121 123 125 125 125 125 125 126 126 125 126 128 127 129 130 128 128 128 128 128 129 130 131 130 128 128 130 130 130 130 132 134 134 134 133 133 132 131 129
119 118 119 117 122 130 130 130 128 118 112 108 118 117 120 125 119 123 124 122 112 120 114 116 119 116 113 120 116 119 120 121 123 124 124 124 124 124 124 123 123 122 115 115 117 119 121 122 123 123 125 125 124 124 121 121 122 124 123 124 124 125 125 126 126 127 126 126 127 130 130 128 128 130 130 130 129 130 130 130 129 129 129 129 130 132 134 134 134 134 133 132 133 132
119 122 120 120 116 124 124 129 124 107 103 109 113 117 116 121 123 120 124 119 113 122 122 118 116 112 114 112 114 117 120 121 121 122 124 125 125 124 124 125 124 122 118 119 120 121 122 124 125 125 124 124 126 123 122 120 119 121 121 123 122 123 123 125 124 124 126 125 126 128 129 130 131 131 131 131 131 131 130 129 130 131 131 130 132 133 134 134 134 133 133 133 132 130
121 124 121 119 117 121 128 126 121 119 114 117 104 115 116 118 122 120 126 121 117 122 112 118 111 110 110 110 112 114 117 120 121 122 122 123 124 124 125 125 124 123 121 123 124 123 123 125 125 126 127 127 127 123 125 123 119 119 120 121 121 122 123 123 123 124 124 125 125 127 127 128 130 132 132 131 131 130 129 133 132 132 132 132 133 133 134 132 130 131 132 132 131 131
121 124 124 120 117 117 127 126 121 120 118 113 112 121 120 114 122 123 128 125 117 124 112 112 111 113 110 110 109 112 115 118 119 121 121 122 124 124 126 125 123 123 123 125 125 127 127 127 127 127 126 126 124 123 122 120 121 122 122 121 120 120 121 121 122 122 123 124 126 126 127 128 131 132 132 132 132 132 133 133 133 133 133 133 133 133 133 132 132 131 131 131 129 130
120 125 122 123 120 123 128 123 125 120 118 113 111 119 118 121 123 127 119 119 126 122 120 112 118 111 111 112 111 111 113 115 117 119 121 122 123 125 125 125 125 124 123 124 126 125 126 126 126 125 123 124 123 121 121 121 121 120 121 123 122 120 120 120 122 123 124 124 126 127 127 128 130 130 130 131 132 132 133 131 132 132 132 132 133 132 133 133 133 133 132 131 131 131
117 120 121 123 120 122 126 125 125 125 121 121 119 119 121 119 128 121 119 119 120 122 122 123 114 119 115 111 110 110 111 113 116 118 120 122 123 124 125 125 125 125 125 126 125 125 124 125 124 124 123 121 121 121 120 122 121 120 121 122 123 122 121 121 122 123 124 126 127 127 127 128 130 130 129 129 129 129 130 133 133 133 133 133 133 133 133 133 133 132 132 132 132 131
118 119 121 122 121 120 122 126 127 127 127 126 127 126 127 121 128 119 122 121 113 116 119 113 122 113 113 112 111 110 112 112 115 118 121 122 124 124 124 124 123 123 123 124 127 127 126 124 124 124 124 124 123 122 122 124 124 122 120 121 124 126 122 121 122 124 125 126 129 128 128 128 129 130 129 130 131 132 133 132 133 133 132 132 133 133 133 133 132 132 132 132 132 131
118 120 119 122 122 122 121 126 125 126 126 127 128 129 128 125 129 129 128 122 118 112 116 113 114 121 119 113 111 111 110 112 115 118 120 123 124 125 124 125 125 125 125 124 127 127 127 127 126 125 125 125 124 125 124 126 126 124 122 121 121 123 127 124 123 124 125 126 127 127 127 130 130 131 132 132 132 130 130 132 131 130 130 130 131 133 133 133 133 132 132 132 132 131
114 121 119 121 122 123 125 126 123 122 127 128 127 128 129 130 130 129 129 129 124 121 112 119 117 114 114 112 112 112 113 115 115 119 121 123 124 124 124 124 125 123 125 126 127 126 125 125 128 126 126 126 127 126 126 127 125 125 125 125 124 125 125 126 126 126 125 126 127 128 129 129 129 131 131 132 131 131 132 131 132 131 130 132 133 133 133 133 133 133 132 132 132 132
115 119 122 118 120 123 126 127 124 123 124 127 127 125 129 129 129 123 124 129 127 124 122 112 115 117 119 118 114 112 112 113 118 118 122 123 124 124 125 125 125 125 125 126 128 128 129 129 129 129 128 127 127 127 128 124 124 125 126 127 128 127 128 128 129 128 127 127 127 127 128 128 130 132 132 132 132 131 131 131 131 133 133 133 133 133 133 133 133 133 133 133 132 132
114 112 122 121 118 122 125 125 123 123 123 124 125 128 127 122 119 123 128 129 122 113 112 113 118 119 116 115 115 114 113 114 115 116 121 124 126 126 127 126 126 125 126 126 128 129 129 129 129 129 129 129 129 126 124 123 124 125 126 128 127 128 129 128 128 129 130 128 128 129 131 131 130 130 130 132 132 134 131 134 134 133 133 133 133 133 133 133 132 132 132 133 133 132
121 115 117 121 122 125 122 127 122 123 121 122 125 126 122 120 123 122 129 130 122 119 118 115 116 117 119 114 117 114 115 110 113 114 120 124 125 126 126 127 126 127 126 126 128 129 129 129 130 129 129 129 129 127 124 124 124 125 125 126 127 128 128 129 129 128 129 130 130 131 131 131 132 132 132 133 134 134 134 134 134 133 133 133 132 132 133 132 131 130 130 131 132 132
123 122 122 114 113 117 126 127 123 122 121 116 118 123 124 122 123 122 125 130 130 122 124 122 121 115 114 113 115 120 121 119 112 121 122 124 125 126 127 128 128 126 126 127 127 128 129 130 130 130 131 130 129 127 125 127 124 124 125 126 126 127 128 127 127 128 130 131 131 131 131 131 132 132 132 132 133 134 132 132 133 133 133 131 131 132 131 132 129 128 128 129 130 131
117 121 124 124 124 123 126 123 124 124 120 114 111 116 122 121 122 124 123 129 130 129 123 125 123 119 123 117 117 116 123 119 113 117 119 123 125 126 127 126 127 126 127 128 129 129 130 130 130 130 130 130 129 129 127 127 127 125 124 124 126 128 128 129 129 130 131 131 131 131 131 131 132 132 131 131 133 134 133 133 132 132 131 131 131 132 131 131 129 128 128 128 128 129
115 117 126 124 126 127 123 117 121 121 119 117 116 120 119 121 123 125 124 129 130 129 130 130 131 124 125 123 117 117 118 123 115 114 117 122 124 125 126 126 126 128 128 127 128 130 130 130 130 130 130 129 131 130 129 129 128 125 124 125 126 127 129 130 131 131 131 131 131 131 131 130 131 131 132 132 133 133 133 133 133 133 133 131 133 133 132 131 130 128 127 127 128 129
119 123 123 118 123 127 121 121 114 118 118 113 116 115 119 121 124 122 121 120 125 129 126 123 130 128 126 121 120 121 121 124 117 113 117 121 122 123 125 126 126 127 127 127 128 128 129 130 130 130 130 129 130 130 129 130 129 128 127 129 128 130 129 131 129 129 130 130 129 129 130 130 131 132 132 132 133 133 133 133 133 133 133 133 133 133 132 132 131 129 127 126 127 127
122 121 119 116 118 124 126 122 122 120 121 120 109 113 107 108 111 122 124 119 120 123 124 128 122 130 130 130 130 119 121 123 117 113 114 117 120 123 123 124 125 126 127 128 127 128 128 128 128 130 129 129 130 130 130 130 130 130 129 127 127 127 128 127 126 126 128 129 130 130 130 130 131 131 132 131 132 133 133 133 133 133 133 134 133 133 133 132 131 130 129 126 126 127
115 121 118 121 120 117 120 117 112 120 118 121 119 114 112 109 111 122 120 111 112 121 126 125 117 120 123 124 125 121 124 121 118 121 114 116 120 120 121 122 123 125 125 126 126 126 126 128 128 127 127 129 129 130 131 130 130 129 130 129 127 127 126 125 124 125 125 127 128 129 129 130 131 132 132 131 133 133 133 133 133 134 134 134 134 134 133 133 132 131 130 130 129 128
116 114 119 122 125 125 119 116 113 110 110 117 121 121 118 113 114 111 113 114 116 116 125 119 116 118 129 126 127 126 130 125 127 124 116 114 115 116 119 119 121 122 123 124 124 125 125 126 126 127 127 129 127 128 129 129 130 129 129 127 128 128 127 127 126 125 125 126 128 128 129 130 131 132 132 132 133 131 132 132 134 134 133 134 134 133 134 133 133 132 132 131 130 131
115 112 119 122 116 119 123 119 108 111 111 110 114 115 119 119 118 117 117 121 115 118 125 115 120 122 121 127 125 131 130 130 124 120 118 117 117 115 117 116 117 119 121 122 123 124 124 125 126 126 127 126 125 126 129 129 128 129 128 129 128 128 127 128 128 127 127 128 127 128 128 130 131 132 132 133 133 133 131 133 133 133 133 134 134 134 134 133 132 133 131 131 131 130
117 119 119 124 117 117 120 119 118 113 111 114 112 113 113 118 122 121 123 121 119 117 125 117 118 119 122 125 130 132 132 131 129 121 123 122 116 115 114 114 116 118 119 121 121 122 123 124 126 126 126 125 128 128 127 128 128 129 128 128 126 126 127 127 128 128 127 127 127 128 128 129 131 132 133 133 134 134 134 134 133 133 133 135 135 134 133 133 132 132 132 131 130 131
119 119 119 119 115 111 119 121 115 115 111 115 113 114 112 115 117 121 124 122 122 120 120 119 120 123 132 125 125 129 129 130 129 127 121 120 124 117 116 115 115 116 118 119 121 121 122 123 122 124 125 125 125 125 127 128 127 126 125 122 119 118 124 127 127 128 128 128 127 128 129 128 132 133 134 134 134 134 135 134 134 134 133 132 133 134 134 134 134 133 132 130 129 129
118 119 120 120 117 112 117 120 114 117 113 117 117 113 112 113 114 118 123 124 128 126 123 125 121 132 132 123 126 126 126 126 130 128 128 126 125 116 115 115 116 116 116 119 121 122 122 121 121 121 124 124 124 124 125 125 124 125 124 120 117 116 116 124 126 126 127 128 127 129 129 130 132 134 134 134 135 134 134 133 134 134 133 131 132 133 134 134 134 133 131 129 128 127
119 122 115 119 116 115 117 117 120 116 119 113 114 112 113 116 117 117 117 120 123 128 130 130 132 127 123 121 123 123 123 123 127 128 128 123 118 121 121 117 115 118 119 119 122 124 124 124 122 121 122 123 124 124 125 123 125 126 124 121 119 118 116 117 123 125 127 127 127 129 129 128 131 133 133 134 134 134 134 133 134 134 133 132 132 131 133 134 133 133 131 127 124 124
116 120 122 119 115 116 116 116 120 121 117 113 113 118 116 124 116 118 118 122 122 123 129 132 131 131 129 123 122 124 122 124 124 125 126 125 123 118 117 122 122 119 119 122 125 125 126 127 126 125 121 121 122 122 123 125 125 125 125 124 122 121 119 117 116 119 123 125 125 125 128 129 130 133 134 135 135 135 134 132 134 134 132 130 132 133 134 133 133 134 133 131 126 123
121 118 118 121 119 113 114 119 119 119 118 109 120 122 126 122 120 123 121 122 125 126 129 131 130 132 125 124 124 124 124 125 127 128 127 126 120 119 120 123 125 125 124 125 126 126 126 127 127 127 125 123 122 123 125 125 123 125 124 125 124 125 123 121 119 119 119 119 119 119 124 126 128 132 134 135 136 136 135 135 134 134 134 132 132 134 134 134 134 132 132 133 131 129
118 114 119 120 116 117 116 117 121 119 117 117 122 126 125 128 126 125 124 120 119 125 128 131 132 129 131 126 128 127 126 125 126 127 128 129 127 125 121 121 124 125 126 127 127 126 125 125 125 128 128 127 125 124 125 125 125 125 125 126 125 126 125 124 121 121 120 121 121 122 123 124 125 130 130 133 135 135 136 136 134 134 134 133 134 134 133 134 134 134 133 133 130 131
116 116 118 118 114 112 118 117 118 115 113 120 121 124 125 126 129 128 129 123 122 116 121 127 127 128 129 130 127 128 126 125 125 126 127 128 129 127 124 122 123 125 126 128 128 127 125 125 125 126 127 128 128 127 126 126 126 125 125 125 125 126 126 125 124 122 120 123 123 124 124 126 126 127 128 132 134 135 135 135 135 134 134 132 133 134 133 134 134 134 133 133 133 131
113 115 119 119 115 115 113 117 116 116 117 121 120 121 127 130 131 131 131 129 129 129 132 132 132 124 127 126 125 129 128 127 126 126 127 128 129 129 127 124 124 125 125 127 128 128 127 126 127 128 128 128 128 128 127 126 126 126 126 126 125 125 126 125 124 124 123 122 123 125 125 127 127 126 127 130 134 134 135 135 135 135 135 132 134 134 133 131 133 132 131 131 130 129
