DE_airtemperature/2018_10_airtemp.asc
NCOLS 654
NROWS 866
XLLCORNER 3280414.711633467
YLLCORNER 5237500.62890625
CELLSIZE 1000
NODATA_VALUE -999
[rows 731 to 773 of 866, columns 96 to 191 of 654]
-999 -999 -999 -999 -999 -999 -999 -999 -999 -999 -999 -999 -999 -999 -999 -999 -999 -999 -999 -999 -999 -999 -999 -999 -999 -999 -999 -999 -999 -999 -999 -999 116 116 116 116 116 116 116 116 116 116 117 117 117 117 117 117 115 114 107 109 112 110 104 109 103 104 105 111 112 109 103 110 99 97 101 86 95 88 87 94 93 88 98 102 95 104 96 97 100 101 102 102 104 104 102 99 102 103 103 104 101 98 100 101
-999 -999 -999 -999 -999 -999 -999 -999 -999 -999 -999 -999 -999 -999 -999 -999 -999 -999 -999 -999 -999 -999 -999 -999 -999 -999 -999 -999 -999 -999 -999 -999 116 116 116 116 116 116 116 116 116 116 117 117 117 117 117 116 116 111 100 103 108 110 103 101 104 103 104 108 111 114 110 109 108 104 99 88 97 84 85 86 88 88 91 94 96 101 101 99 100 102 104 103 104 103 100 101 102 103 104 103 103 100 101 101
-999 -999 -999 -999 -999 -999 -999 -999 -999 -999 -999 -999 -999 -999 -999 -999 -999 -999 -999 -999 -999 -999 -999 -999 -999 -999 -999 -999 -999 -999 -999 -999 116 116 116 116 116 116 116 116 116 116 116 117 117 117 117 116 114 103 105 98 101 109 108 102 99 97 91 105 106 113 104 103 103 101 94 98 97 86 87 89 89 91 92 92 93 95 99 103 101 102 104 105 106 104 105 101 101 102 103 101 102 98 101 101
-999 -999 -999 -999 -999 -999 -999 -999 -999 -999 -999 -999 -999 -999 -999 -999 -999 -999 -999 -999 -999 -999 -999 -999 -999 -999 -999 -999 -999 -999 -999 -999 116 116 116 116 116 116 116 116 116 116 116 117 117 118 118 117 109 105 108 108 100 104 101 100 89 88 90 96 100 111 107 103 96 94 99 105 95 86 91 90 92 89 90 94 93 99 97 103 102 103 103 102 104 107 104 103 101 102 100 99 99 99 101 102
-999 -999 -999 -999 -999 -999 -999 -999 -999 -999 -999 -999 -999 -999 -999 -999 -999 -999 -999 -999 -999 -999 -999 -999 -999 -999 -999 -999 -999 -999 -999 -999 115 115 116 116 116 116 116 116 116 116 116 117 117 117 118 118 110 114 115 110 108 106 107 98 88 89 92 90 91 107 108 101 91 96 104 98 99 86 93 101 98 95 96 92 94 95 98 98 98 103 105 104 104 105 106 105 102 100 102 99 100 100 101 101
-999 -999 -999 -999 -999 -999 -999 -999 -999 -999 -999 -999 -999 -999 -999 -999 -999 -999 -999 -999 -999 -999 -999 -999 -999 -999 -999 -999 -999 -999 -999 115 115 115 115 116 116 116 116 116 116 116 116 117 117 117 118 119 118 116 112 113 110 106 106 102 92 93 94 99 91 102 108 99 95 101 98 95 91 86 94 92 97 92 99 95 93 95 96 98 100 103 104 105 105 106 108 108 101 101 102 102 103 101 99 99
-999 -999 -999 -999 -999 -999 -999 -999 -999 -999 -999 -999 -999 -999 -999 -999 -999 -999 -999 -999 -999 -999 -999 -999 -999 -999 -999 -999 -999 -999 -999 115 115 115 115 116 116 116 116 116 116 116 116 116 116 117 117 118 118 116 117 115 110 104 108 102 97 101 104 93 90 102 107 108 107 103 90 96 85 88 88 88 92 103 102 93 94 95 95 97 97 99 105 104 105 108 102 106 106 101 100 101 103 102 99 103
-999 -999 -999 -999 -999 -999 -999 -999 -999 -999 -999 -999 -999 -999 -999 -999 -999 -999 -999 -999 -999 -999 -999 -999 -999 -999 -999 -999 -999 -999 -999 115 115 115 115 115 115 115 115 115 116 116 114 114 113 115 112 111 118 118 115 110 110 106 99 99 101 106 102 93 89 93 99 103 99 102 103 94 93 85 94 94 97 97 98 94 102 95 97 98 96 98 101 103 105 105 102 102 108 103 100 99 101 101 106 100
-999 -999 -999 -999 -999 -999 -999 -999 -999 -999 -999 -999 -999 -999 -999 -999 -999 -999 -999 -999 -999 -999 -999 -999 -999 -999 -999 -999 -999 -999 115 115 115 115 115 115 114 115 115 115 115 115 114 114 113 115 108 116 117 117 116 115 108 106 103 107 104 104 102 91 97 98 94 97 90 99 96 91 88 88 98 103 98 104 100 92 102 99 96 97 98 99 103 103 104 104 105 104 103 108 99 99 98 102 99 101
-999 -999 -999 -999 -999 -999 -999 -999 -999 -999 -999 -999 -999 -999 -999 -999 -999 -999 -999 -999 -999 -999 -999 -999 -999 -999 -999 -999 -999 -999 115 115 115 115 114 114 114 114 114 115 115 115 115 114 113 109 107 113 115 116 117 116 110 102 101 109 106 99 88 92 102 105 99 91 90 82 86 90 93 88 89 99 106 98 91 93 101 97 97 99 104 99 101 101 101 104 104 105 105 106 100 98 100 99 100 100
-999 -999 -999 -999 -999 -999 -999 -999 -999 -999 -999 -999 -999 -999 -999 -999 -999 -999 -999 -999 -999 -999 -999 -999 -999 -999 -999 -999 -999 -999 115 115 115 115 114 114 114 114 114 114 115 113 114 112 106 112 107 113 111 115 116 117 113 105 109 107 103 95 92 101 107 101 94 96 92 91 89 86 91 100 90 97 106 95 91 93 103 95 102 97 95 100 99 99 100 101 103 104 109 107 101 99 99 98 101 100
-999 -999 -999 -999 -999 -999 -999 -999 -999 -999 -999 -999 -999 -999 -999 -999 -999 -999 -999 -999 -999 -999 -999 -999 -999 -999 -999 -999 -999 -999 115 115 114 114 114 114 114 114 114 114 112 113 112 106 100 107 107 107 111 106 112 116 112 107 112 105 102 100 104 106 105 104 100 97 88 92 97 84 97 101 96 104 103 92 96 92 95 99 99 94 98 105 99 101 103 102 103 103 101 103 99 99 97 99 105 108
-999 -999 -999 -999 -999 -999 -999 -999 -999 -999 -999 -999 -999 -999 -999 -999 -999 -999 -999 -999 -999 -999 -999 -999 -999 -999 -999 -999 -999 -999 115 114 114 114 114 113 113 113 113 114 114 112 111 111 103 99 102 105 105 106 111 116 110 103 113 105 103 107 108 107 99 99 96 91 96 98 94 90 91 100 106 101 96 89 97 92 95 101 92 102 102 97 97 99 100 101 102 102 99 108 106 103 102 106 103 101
-999 -999 -999 -999 -999 -999 -999 -999 -999 -999 -999 -999 -999 -999 -999 -999 -999 -999 -999 -999 -999 -999 -999 -999 -999 -999 -999 -999 -999 -999 115 114 114 114 114 113 113 113 113 114 111 112 112 101 101 98 103 103 107 113 115 116 113 102 111 107 106 110 108 106 97 97 85 92 93 102 94 90 93 96 105 101 95 95 99 95 97 97 94 105 96 96 98 99 100 98 100 99 99 101 98 100 106 101 101 102
-999 -999 -999 -999 -999 -999 -999 -999 -999 -999 -999 -999 -999 -999 -999 -999 -999 -999 -999 -999 -999 -999 -999 -999 -999 -999 -999 -999 -999 -999 114 114 114 114 114 113 113 113 110 111 111 112 104 103 108 101 109 104 104 108 115 115 105 106 113 110 113 110 107 100 96 95 90 96 102 104 96 100 102 101 101 100 95 88 95 97 100 99 98 100 102 97 97 97 100 101 97 99 101 97 98 99 100 100 101 104
-999 -999 -999 -999 -999 -999 -999 -999 -999 -999 -999 -999 -999 -999 -999 -999 -999 -999 -999 -999 -999 -999 -999 -999 -999 -999 -999 -999 -999 -999 115 114 114 114 114 114 114 113 111 111 108 111 111 114 113 109 110 106 110 111 114 115 115 113 114 113 110 107 100 93 97 86 87 100 93 99 102 98 94 90 99 87 89 94 91 101 103 95 103 101 101 103 97 99 96 97 98 99 97 98 99 100 99 106 102 101
-999 -999 -999 -999 -999 -999 -999 -999 -999 -999 -999 -999 -999 -999 -999 -999 -999 -999 -999 -999 -999 -999 -999 -999 -999 -999 -999 -999 -999 -999 115 114 114 114 114 114 114 114 113 114 113 113 113 112 109 112 111 107 103 107 113 115 114 114 112 109 101 98 95 87 82 92 91 98 104 101 106 89 93 88 88 85 92 87 97 101 103 96 103 98 95 97 103 97 95 97 97 97 96 97 98 98 100 106 100 101
-999 -999 -999 -999 -999 -999 -999 -999 -999 -999 -999 -999 -999 -999 -999 -999 -999 -999 -999 -999 -999 -999 -999 -999 -999 -999 -999 -999 -999 -999 114 114 114 114 114 114 114 113 111 112 109 111 111 114 114 109 109 106 110 107 114 115 115 114 113 110 107 97 92 94 86 96 99 94 97 107 95 95 92 93 89 88 90 93 94 101 102 93 102 103 102 95 97 95 95 96 96 96 96 97 98 98 100 101 100 99
-999 -999 -999 -999 -999 -999 -999 -999 -999 -999 -999 -999 -999 -999 -999 -999 -999 -999 -999 -999 -999 -999 -999 -999 -999 -999 -999 -999 -999 115 114 114 114 114 114 114 114 112 113 113 109 105 106 104 114 109 110 108 107 112 103 110 115 112 105 105 103 98 95 98 95 93 104 92 104 107 93 101 99 91 88 89 91 95 88 99 104 99 105 96 96 101 97 97 95 98 95 95 97 97 97 97 99 103 98 98
-999 -999 -999 -999 -999 -999 -999 -999 -999 -999 -999 -999 -999 -999 -999 -999 -999 -999 -999 -999 -999 -999 -999 -999 -999 -999 -999 115 115 114 114 114 114 114 114 114 114 114 112 112 110 105 103 104 112 112 109 105 110 109 107 114 115 115 108 100 105 95 104 106 95 102 98 92 94 107 98 102 89 99 87 90 91 99 97 99 107 106 102 93 94 99 97 95 95 95 95 95 96 94 97 103 96 97 97 98
-999 -999 -999 -999 -999 -999 -999 -999 -999 -999 -999 -999 -999 -999 -999 -999 -999 -999 -999 -999 -999 -999 -999 -999 -999 -999 115 114 114 114 114 114 113 113 113 113 113 111 110 108 110 104 107 111 113 112 106 104 101 103 109 112 114 115 107 111 99 98 106 106 102 106 103 98 102 102 99 103 99 95 89 99 90 95 97 96 104 100 95 95 94 94 94 95 96 96 95 95 94 94 96 97 96 95 98 97
-999 -999 -999 -999 -999 -999 -999 -999 -999 -999 -999 -999 -999 -999 -999 -999 -999 -999 -999 -999 -999 -999 -999 -999 -999 -999 115 114 114 114 113 114 113 113 113 113 113 111 109 110 110 102 105 107 107 112 110 108 100 99 107 109 114 111 114 109 100 110 110 106 108 108 100 107 97 106 99 102 106 101 98 101 103 100 97 106 104 99 96 93 95 93 93 95 96 97 95 93 94 93 94 95 101 97 97 97
-999 -999 -999 -999 -999 -999 -999 -999 -999 -999 -999 -999 -999 -999 -999 -999 -999 -999 -999 -999 -999 -999 -999 -999 -999 -999 113 114 114 113 113 113 113 113 113 113 112 110 110 110 105 100 109 100 108 111 108 111 106 106 109 113 108 109 113 114 112 114 113 113 112 112 111 110 106 106 91 88 100 103 106 99 98 95 103 100 98 95 94 92 93 93 93 95 95 96 94 94 94 93 96 95 102 96 101 97
-999 -999 -999 -999 -999 -999 -999 -999 -999 -999 -999 -999 -999 -999 -999 -999 -999 -999 -999 -999 -999 -999 -999 -999 -999 -999 113 113 114 113 113 113 113 113 113 113 112 111 111 108 102 100 106 98 107 111 108 106 105 105 112 107 106 105 105 115 114 108 105 105 107 105 108 106 103 104 102 96 90 93 95 88 97 93 95 105 96 95 90 92 92 94 94 94 94 95 94 93 93 94 94 96 99 101 100 97
-999 -999 -999 -999 -999 -999 -999 -999 -999 -999 -999 -999 -999 -999 -999 -999 -999 -999 -999 -999 -999 -999 -999 -999 -999 -999 113 112 112 112 112 112 112 112 112 111 110 110 111 107 100 98 105 99 105 109 111 105 104 107 107 107 102 102 110 114 115 106 102 101 108 102 101 106 111 95 105 98 93 87 88 89 90 94 94 98 103 99 96 91 92 93 92 93 93 94 92 92 93 94 94 94 94 97 97 98
-999 -999 -999 -999 -999 -999 -999 -999 -999 -999 -999 -999 -999 -999 -999 -999 -999 -999 -999 -999 -999 -999 -999 -999 -999 113 112 112 112 112 112 112 112 112 110 111 111 110 110 101 106 99 98 98 100 106 109 102 102 99 108 99 102 111 114 104 111 112 112 105 98 107 91 102 107 107 98 100 92 90 86 83 87 84 94 100 101 98 94 92 92 93 93 92 93 93 92 92 94 94 93 93 93 94 100 96
-999 -999 -999 -999 -999 -999 -999 -999 -999 -999 -999 -999 -999 -999 -999 -999 -999 -999 -999 -999 -999 -999 -999 -999 -999 113 112 112 112 112 112 112 112 111 107 111 112 111 111 110 105 102 102 106 99 107 106 103 101 98 102 95 103 109 106 104 106 114 111 106 102 101 97 102 109 107 94 91 93 86 86 87 88 90 102 93 103 99 92 91 92 92 93 93 93 93 92 92 93 94 93 93 96 96 97 95
-999 -999 -999 -999 -999 -999 -999 -999 -999 -999 -999 -999 -999 -999 -999 -999 -999 -999 -999 -999 -999 -999 -999 -999 -999 112 112 112 112 111 111 111 111 106 107 110 109 110 103 101 108 105 105 106 100 108 102 101 97 94 95 98 104 104 111 105 105 114 109 105 106 103 96 103 107 108 101 86 87 86 87 84 84 89 92 88 96 96 91 92 91 92 92 92 93 93 92 92 92 93 93 93 94 94 99 99
-999 -999 -999 -999 -999 -999 -999 -999 -999 -999 -999 -999 -999 -999 -999 -999 -999 -999 -999 -999 -999 -999 -999 -999 -999 112 112 111 111 111 111 111 110 105 109 108 107 107 100 100 100 102 105 100 100 103 100 99 97 93 95 100 108 102 104 106 107 106 107 104 99 102 93 103 109 109 97 92 90 94 89 88 90 91 95 95 92 104 100 93 92 91 91 92 93 93 93 91 91 92 93 92 92 98 99 92
-999 -999 -999 -999 -999 -999 -999 -999 -999 -999 -999 -999 -999 -999 -999 -999 -999 -999 -999 -999 -999 -999 -999 -999 112 112 112 111 111 111 111 110 110 107 109 108 109 104 102 100 97 98 100 100 104 104 102 100 95 97 100 103 101 103 104 104 110 108 100 103 102 93 99 104 97 103 100 100 101 87 89 89 89 92 92 94 99 98 96 92 91 92 92 92 93 93 93 92 91 91 93 92 93 99 93 93
-999 -999 -999 -999 -999 -999 -999 -999 -999 -999 -999 -999 -999 -999 -999 -999 -999 -999 -999 -999 -999 -999 -999 112 112 112 112 111 111 111 110 110 110 110 110 110 109 109 108 108 106 106 99 100 98 103 99 99 93 94 100 105 105 104 107 107 105 99 103 108 104 96 98 96 93 105 108 102 93 97 89 87 85 86 86 87 92 99 101 92 89 91 91 92 93 93 92 91 91 91 92 92 92 92 95 93
-999 -999 -999 -999 -999 -999 -999 -999 -999 -999 -999 -999 -999 -999 -999 -999 -999 -999 -999 -999 -999 -999 112 112 112 112 112 111 111 111 110 110 110 108 107 107 103 101 101 97 100 99 105 101 98 95 97 91 96 100 101 102 108 103 107 110 102 108 108 102 100 104 95 90 94 94 108 95 99 90 93 90 85 89 88 87 87 101 91 92 89 89 90 91 92 93 94 92 91 91 90 92 92 92 89 92
-999 -999 -999 -999 -999 -999 -999 -999 -999 -999 -999 -999 -999 -999 -999 -999 -999 -999 -999 -999 -999 -999 112 112 112 112 112 111 111 111 110 110 109 108 106 107 102 99 98 97 102 99 102 97 94 96 90 91 96 101 106 107 111 105 106 112 112 107 96 90 99 99 86 85 92 103 107 97 99 87 88 90 86 88 87 89 86 91 87 90 89 89 90 91 92 92 93 93 93 93 90 91 91 92 93 94
-999 -999 -999 -999 -999 -999 -999 -999 -999 -999 -999 -999 -999 -999 -999 -999 -999 -999 -999 -999 -999 112 112 112 112 112 112 111 111 111 110 109 106 106 106 106 104 100 98 99 97 98 99 101 96 93 95 92 93 96 101 105 109 106 108 113 109 104 94 85 98 97 85 87 94 103 105 89 89 94 88 85 86 87 91 89 94 93 89 88 88 90 90 91 92 93 92 93 94 92 90 90 91 92 92 95
-999 -999 -999 -999 -999 -999 -999 -999 -999 -999 -999 -999 -999 -999 -999 -999 -999 -999 -999 -999 -999 112 112 112 112 112 112 111 111 110 110 109 106 105 104 105 104 100 98 98 97 98 98 96 96 90 91 92 99 99 101 107 105 109 112 110 109 100 83 89 96 92 84 84 90 94 105 87 85 86 84 85 89 90 93 89 91 89 89 87 88 89 90 92 91 93 91 91 93 91 89 89 91 90 90 90
-999 -999 -999 -999 -999 -999 -999 -999 -999 -999 -999 -999 -999 -999 -999 -999 -999 -999 -999 -999 112 112 112 112 112 112 111 111 111 110 110 109 108 105 106 103 105 99 98 99 101 97 98 103 95 99 91 95 98 105 106 104 106 113 111 104 100 94 89 87 89 87 84 85 96 97 104 85 91 87 83 87 86 91 87 89 85 86 86 88 88 89 90 92 92 91 92 91 95 92 90 88 90 90 90 91
-999 -999 -999 -999 -999 -999 -999 -999 -999 -999 -999 -999 -999 -999 -999 -999 -999 -999 -999 113 113 113 112 112 112 112 111 111 110 110 109 109 108 106 104 105 104 97 99 99 99 100 99 104 102 93 95 103 99 99 105 113 107 112 106 107 103 101 96 82 88 87 82 86 88 89 97 90 92 85 86 89 89 91 84 84 87 86 89 90 88 89 91 90 91 91 92 94 91 94 90 88 90 90 91 92
-999 -999 -999 -999 -999 -999 -999 -999 -999 -999 -999 -999 -999 -999 -999 -999 -999 -999 -999 113 111 113 112 112 112 112 111 110 110 108 106 108 108 107 105 105 103 102 98 101 102 104 100 103 95 100 101 106 99 105 106 113 111 107 97 102 107 97 94 80 87 85 84 82 83 86 91 91 88 88 85 85 86 89 84 85 84 85 87 89 88 88 92 90 91 93 92 92 90 91 90 88 90 92 92 93
-999 -999 -999 -999 -999 -999 -999 -999 -999 -999 -999 -999 -999 -999 -999 -999 -999 -999 -999 113 113 113 112 111 111 108 109 107 108 108 109 108 108 107 105 105 103 103 99 100 100 101 106 101 103 96 103 106 106 107 112 109 107 107 91 97 100 93 85 83 83 86 84 86 89 84 92 88 85 87 84 83 83 83 86 84 86 85 87 88 89 90 88 90 91 91 92 91 92 92 94 89 90 92 93 94
-999 -999 -999 -999 -999 -999 -999 -999 -999 -999 -999 -999 -999 -999 -999 -999 -999 -999 113 113 111 111 109 107 106 106 108 106 107 106 109 109 108 106 105 105 104 104 101 101 103 106 102 99 98 101 100 105 109 110 108 99 92 99 96 88 80 87 75 80 83 81 81 82 81 92 96 92 92 91 87 85 84 87 85 85 87 85 85 87 88 86 88 90 90 91 91 91 94 92 90 91 95 93 96 94
-999 -999 -999 -999 -999 -999 -999 -999 -999 -999 -999 -999 -999 -999 -999 -999 -999 -999 112 112 111 110 108 107 104 101 105 102 107 108 108 107 107 106 105 105 105 105 105 103 104 104 106 102 98 102 102 99 110 110 109 105 97 89 87 89 87 82 76 76 84 81 81 82 81 85 88 87 91 91 84 84 85 86 87 84 83 86 86 87 88 88 88 88 90 90 92 91 91 90 89 92 94 97 94 97
-999 -999 -999 -999 -999 -999 -999 -999 -999 -999 -999 -999 -999 -999 -999 -999 -999 -999 112 110 112 108 105 101 100 102 100 104 106 108 108 107 107 107 106 105 105 105 106 106 105 101 107 103 102 105 101 109 109 106 102 111 99 98 99 95 81 74 74 75 81 81 80 81 82 80 82 82 86 85 83 83 85 85 82 84 83 84 87 86 88 89 89 88 89 90 91 92 89 90 89 92 94 94 97 98
-999 -999 -999 -999 -999 -999 -999 -999 -999 -999 -999 -999 -999 -999 -999 -999 -999 -999 112 112 112 109 104 108 106 103 98 105 107 107 108 108 106 107 106 106 106 106 106 106 106 103 108 106 103 100 110 109 107 105 94 104 110 107 101 85 91 87 87 78 77 81 80 78 82 80 79 80 85 80 83 82 81 83 84 83 86 87 87 86 87 88 88 89 90 91 91 88 88 90 91 92 93 96 98 95
