DE_airtemperature/2018_03_airtemp.asc
NCOLS 654
NROWS 866
XLLCORNER 3280414.711633467
YLLCORNER 5237500.62890625
CELLSIZE 1000
NODATA_VALUE -999
[rows 330 to 384 of 866, columns 288 to 383 of 654]
26 25 28 26 22 22 21 22 23 21 27 26 25 23 26 26 26 26 26 26 26 25 23 21 20 21 24 26 26 26 26 26 26 25 24 22 22 26 27 26 25 24 26 26 26 26 25 25 24 25 25 24 23 24 25 25 26 24 20 22 23 24 25 25 25 26 26 26 25 25 24 25 25 25 24 24 24 23 22 21 21 20 21 20 18 18 17 18 19 20 21 23 23 22 23 23
25 24 28 25 17 20 22 24 25 26 27 25 26 24 20 24 26 26 25 26 25 25 24 22 20 22 22 25 26 25 26 26 25 25 24 23 24 26 27 26 27 27 26 25 25 25 26 24 25 25 24 25 25 23 24 25 24 26 24 24 22 25 25 25 25 26 26 26 25 26 25 25 25 25 24 24 24 23 22 22 22 22 22 21 21 19 18 20 21 21 21 22 23 23 23 23
23 27 25 25 26 20 24 22 21 27 26 25 25 25 21 22 25 26 25 25 24 24 23 21 18 23 23 25 25 26 26 26 25 24 24 24 24 26 27 26 26 27 26 26 25 26 25 26 24 25 25 25 25 23 24 25 26 25 26 26 26 24 26 26 26 26 26 26 26 26 25 25 25 24 24 24 24 24 23 22 23 23 23 21 20 21 22 22 22 23 23 23 22 22 22 23
27 23 17 20 22 25 24 18 25 27 23 24 24 23 21 21 24 26 26 25 24 24 24 22 22 23 24 26 26 26 27 26 24 24 26 26 27 27 28 27 26 27 25 25 26 27 27 27 27 26 25 26 26 26 26 26 26 26 26 26 26 26 26 25 26 26 26 26 26 26 26 25 25 25 25 25 25 25 25 24 24 23 22 22 23 23 23 23 23 23 23 23 22 22 22 24
27 22 23 23 22 23 21 23 26 26 23 21 24 24 23 18 22 25 26 26 24 24 23 23 23 24 24 24 26 26 26 27 25 24 26 28 28 27 28 28 27 27 27 27 27 27 27 26 26 25 26 27 26 26 25 26 26 26 26 25 26 25 24 25 25 26 26 26 26 26 26 26 25 25 25 25 25 25 25 25 25 24 25 23 24 24 24 23 23 23 24 23 23 23 24 24
27 25 25 23 18 22 25 26 27 26 24 22 23 24 20 17 20 23 25 26 25 25 24 24 23 23 23 23 25 26 26 25 27 27 27 25 27 27 27 28 27 27 27 27 27 27 27 22 22 21 22 24 26 26 23 26 25 25 25 25 25 25 23 24 24 25 24 25 26 26 26 26 26 26 25 25 25 25 25 25 25 25 25 25 25 25 24 24 24 24 24 24 24 23 24 24
26 24 22 25 25 26 26 27 27 27 26 24 22 23 21 16 18 22 24 25 25 25 25 24 23 20 21 19 23 25 26 25 26 26 24 24 26 27 27 27 25 28 25 27 26 23 23 17 16 18 19 22 24 26 24 24 25 26 25 25 25 25 23 23 24 23 23 23 23 25 25 26 26 26 25 25 24 24 24 25 25 25 25 25 25 25 24 24 24 24 24 24 23 24 24 25
25 24 25 23 25 26 27 26 27 27 27 24 22 20 21 20 18 20 24 24 24 25 25 24 24 23 21 15 22 24 24 24 26 24 24 24 27 27 27 27 25 26 25 23 26 24 20 20 18 15 17 19 23 24 25 24 24 25 24 23 23 24 23 23 22 23 24 24 24 24 25 26 26 26 25 24 24 24 24 25 25 25 25 25 25 25 25 24 24 24 24 24 24 24 25 25
25 22 24 25 24 25 26 26 27 26 27 26 24 23 22 21 19 21 23 24 23 21 22 23 24 24 23 22 22 21 24 24 24 25 24 25 27 27 27 27 25 25 27 26 23 25 23 21 19 17 16 17 22 24 26 23 23 23 22 22 22 23 22 23 24 23 23 24 24 24 24 25 25 25 25 25 24 23 24 25 25 25 25 25 25 25 25 25 25 24 25 25 25 25 25 25
25 22 23 23 23 23 25 25 27 26 26 25 24 23 23 24 21 24 24 20 20 17 17 21 23 24 23 23 21 20 23 24 24 23 24 25 26 25 26 27 27 25 25 27 27 24 24 22 22 19 17 16 20 23 25 23 23 20 19 19 22 22 22 22 23 23 24 24 24 25 25 24 24 24 24 24 24 23 24 24 25 25 25 25 25 25 25 25 25 25 25 24 25 25 25 26
22 23 22 18 20 20 22 24 27 26 26 25 25 23 23 24 23 24 23 22 20 16 19 22 23 23 23 22 20 18 21 24 23 22 24 24 24 25 25 25 25 25 27 27 27 27 24 25 24 21 21 20 21 24 24 23 22 18 16 17 20 22 22 22 22 23 23 23 23 23 24 22 22 22 21 22 22 22 23 24 25 25 25 25 25 25 25 24 25 25 25 24 23 25 26 26
19 23 24 18 17 18 22 24 25 25 25 25 24 20 21 23 23 25 24 22 21 18 21 22 22 23 23 23 20 17 17 21 23 24 24 24 24 25 25 24 26 26 26 25 26 27 27 25 25 24 22 23 23 25 22 22 23 21 18 17 18 21 20 21 22 22 22 22 22 22 22 18 19 19 20 21 22 24 24 25 25 25 25 24 24 24 24 24 24 24 25 24 24 25 25 25
18 23 24 23 21 19 19 24 25 27 26 25 24 20 21 21 24 24 24 21 21 20 20 21 22 23 22 22 20 20 17 17 20 23 24 22 19 22 23 24 26 26 24 24 24 24 25 24 25 25 24 23 23 23 22 22 22 22 20 18 15 18 19 21 18 18 18 18 18 18 17 18 19 19 21 23 23 24 25 25 25 25 24 24 24 24 24 24 24 24 25 24 24 25 25 25
20 23 21 21 19 21 22 24 25 27 23 21 23 23 22 18 23 24 23 21 20 18 20 21 22 22 21 21 21 18 17 17 17 20 22 23 23 20 20 22 25 25 24 24 24 24 23 22 24 24 24 24 23 23 22 23 23 21 20 18 16 15 15 17 19 16 15 17 17 15 17 18 19 19 20 20 22 24 24 24 25 25 25 24 25 25 24 24 24 25 25 24 24 25 25 24
23 21 22 15 21 19 21 23 23 26 25 21 18 17 16 22 22 22 23 20 22 18 20 21 22 22 21 20 19 19 18 20 21 22 23 22 24 24 24 25 25 24 24 24 23 23 22 22 24 24 24 24 24 23 22 22 23 23 22 19 18 16 15 16 12 17 17 15 11 18 18 21 22 21 20 22 23 24 25 24 25 24 25 25 25 24 24 24 24 24 25 25 25 25 25 24
22 20 20 20 19 21 23 24 25 25 22 22 19 20 19 21 21 21 20 20 20 18 20 21 21 21 21 21 20 20 20 21 21 21 21 23 24 24 24 23 24 24 23 23 22 22 21 21 22 24 23 23 23 22 22 21 22 22 21 21 19 19 18 19 18 17 17 18 20 21 21 23 23 23 23 23 24 25 26 25 25 24 25 25 24 24 22 21 21 22 23 24 25 25 25 24
23 23 18 19 19 20 23 25 25 25 24 20 18 15 15 19 17 16 11 10 12 18 20 21 20 19 20 20 20 19 19 19 19 20 21 23 23 22 24 22 23 24 22 23 22 22 21 20 20 21 22 23 23 21 22 21 21 22 22 21 19 18 19 21 20 20 20 21 21 22 22 23 24 24 24 25 25 25 25 25 24 25 24 23 24 24 22 22 22 21 21 22 24 25 25 24
24 23 22 17 20 22 22 23 26 25 24 22 19 21 21 17 14 10 12 0 6 12 20 20 21 20 20 19 19 18 18 18 19 20 21 22 21 22 23 23 24 25 23 23 22 21 20 19 19 21 22 23 23 22 21 21 20 20 22 22 20 19 19 20 21 21 22 22 22 22 23 23 23 24 24 25 25 25 25 25 26 25 24 23 21 22 22 21 21 21 21 21 21 23 25 23
24 24 24 20 19 19 23 23 25 25 23 24 23 22 20 16 8 11 6 10 16 19 15 20 18 19 19 19 19 18 18 16 16 17 21 21 21 21 21 22 24 24 22 22 21 20 20 18 18 21 21 21 21 21 21 20 20 20 20 22 22 21 20 20 21 21 21 22 22 23 23 23 24 24 24 24 24 25 25 25 25 25 24 23 21 20 21 21 18 19 20 21 22 21 23 22
24 24 25 22 21 17 17 23 24 24 25 25 23 22 21 16 4 1 13 17 17 16 19 14 11 12 14 6 13 16 17 17 20 21 20 20 20 20 21 23 22 21 20 20 20 20 18 17 17 20 21 21 21 21 20 19 19 19 20 20 20 21 20 21 21 22 22 22 22 23 23 23 24 24 24 24 24 24 25 25 25 25 25 24 23 22 19 20 19 19 17 17 19 21 21 20
25 26 25 25 23 20 16 15 22 24 23 21 20 22 19 13 8 3 10 17 12 17 18 12 13 13 14 7 12 15 16 14 17 21 20 15 17 20 21 22 21 19 17 17 18 19 17 16 19 20 20 21 20 20 20 20 19 19 19 19 19 20 20 20 21 22 22 22 23 23 23 24 22 23 24 24 24 24 25 25 25 25 25 24 23 21 20 20 19 18 18 17 17 18 20 21
24 26 26 25 24 23 19 18 19 25 23 21 21 19 16 8 6 5 14 16 11 13 12 11 12 11 14 8 15 11 3 6 5 18 7 15 17 17 19 19 18 16 13 13 16 17 17 18 19 19 19 20 19 19 19 19 19 19 18 19 20 20 20 21 22 22 22 23 22 22 22 23 23 24 24 24 24 24 25 25 25 25 25 25 25 23 20 18 19 18 18 16 15 16 19 20
23 25 25 25 24 23 20 18 21 25 22 22 21 21 18 14 5 0 5 13 14 7 1 7 7 6 5 7 -2 11 3 3 9 13 2 3 11 16 17 15 15 11 -2 0 16 16 15 17 19 19 19 19 19 19 19 19 19 19 19 19 20 20 20 22 21 22 22 22 22 22 23 23 21 23 24 24 24 24 25 25 24 24 25 24 25 25 22 19 19 19 19 17 17 16 17 18
23 22 25 20 21 21 19 17 18 24 23 22 20 19 13 11 12 7 4 14 10 4 4 -1 2 4 5 9 0 6 -2 -3 6 5 -4 -2 2 7 9 7 10 -1 3 12 9 10 15 16 17 16 18 18 18 18 18 19 19 19 19 19 20 21 21 21 20 21 21 21 21 22 22 22 22 22 22 23 23 23 24 24 24 24 24 24 24 24 24 22 19 19 20 18 19 18 16 17
27 27 27 26 23 21 21 20 17 24 22 22 22 19 13 6 1 2 0 7 11 2 -2 -4 3 -5 -5 -2 -2 1 -3 -6 2 3 -2 -5 -1 -2 6 5 4 -3 10 5 -2 1 14 14 14 16 16 17 18 17 18 19 19 21 20 19 19 20 21 21 19 19 20 21 22 22 23 21 21 22 23 22 22 22 22 22 23 24 23 23 23 24 25 23 22 21 20 20 19 19 17 18
28 24 24 25 25 25 24 21 19 23 21 22 21 20 17 10 7 1 1 14 0 4 1 -1 -3 -7 3 -10 -4 0 -1 2 10 -2 -2 -7 -4 -2 8 -3 -1 2 6 -3 -2 3 8 2 6 12 13 17 18 19 19 19 19 19 19 18 19 20 20 20 19 18 19 20 21 21 22 19 22 21 22 23 23 22 19 21 23 23 23 22 23 25 24 24 23 22 22 21 20 20 20 18
26 24 20 21 25 24 24 22 22 21 21 22 22 21 16 12 2 -3 8 10 2 4 2 0 -3 -7 -13 -6 -4 -5 3 2 -1 -3 -6 -7 -5 1 3 -4 -3 -1 -2 -1 -4 3 11 -5 4 10 14 15 17 19 18 18 18 17 17 18 18 19 20 21 20 18 19 20 20 19 21 22 21 22 22 22 23 23 22 21 22 23 23 23 25 25 23 24 23 23 22 22 22 22 22 20
22 26 20 18 19 22 22 24 23 19 21 19 21 20 17 11 11 1 10 -1 7 1 0 -3 -1 -7 -7 0 2 2 6 6 4 0 -2 -7 -4 -6 -1 -7 -4 -7 -7 -2 4 8 -4 1 -3 1 1 10 12 14 17 17 16 12 14 15 17 18 20 20 19 20 21 20 19 18 18 17 22 20 22 21 23 23 23 23 22 22 23 24 24 24 22 23 23 23 23 22 22 22 22 21
28 24 18 16 19 15 19 19 21 21 18 19 18 19 17 14 5 5 0 7 10 5 4 -1 0 -1 -1 4 3 2 7 3 6 6 2 -9 -7 -6 -4 -8 -7 -7 -8 -7 -3 -4 -5 -6 -3 4 7 10 16 12 11 12 17 3 16 11 14 14 13 16 19 19 20 19 21 21 20 21 22 23 23 23 24 23 25 25 24 24 24 24 24 23 23 23 23 23 23 22 22 22 22 21
28 28 23 18 19 21 20 19 20 17 14 16 12 20 19 14 12 1 7 9 0 -1 0 -4 -3 -4 1 0 3 3 3 6 5 0 -3 -3 -10 -8 -7 -11 -10 -11 -15 -11 -4 -8 -11 -8 -6 6 8 13 12 8 4 2 8 7 5 9 8 8 14 16 17 18 19 21 21 20 19 21 21 22 23 24 24 24 25 24 24 25 24 22 22 22 22 22 22 21 23 22 22 22 22 21
27 28 26 25 18 15 18 21 22 19 16 13 20 20 18 14 7 13 0 5 -1 0 4 1 -1 -2 0 0 1 1 3 -2 -2 -2 -3 -3 -12 -15 -11 -14 -11 -17 -27 -16 -12 -10 -13 -7 -5 -3 -1 1 0 3 2 6 5 7 3 4 5 8 8 16 17 18 18 18 20 20 21 22 22 21 22 22 24 24 22 22 24 25 24 22 22 22 22 21 22 22 23 22 21 21 21 21
20 25 27 23 19 19 22 23 22 22 15 13 21 21 14 13 16 13 10 1 4 4 0 -1 -1 -2 -3 -1 0 3 2 3 -2 -4 -8 -9 -8 -18 -19 -17 -18 -23 -34 -32 -20 -22 -14 -12 -8 -7 -4 5 -1 0 1 1 2 2 2 3 3 6 12 11 13 17 18 20 21 21 21 22 21 20 19 20 22 24 24 24 24 25 23 23 23 23 22 22 22 22 23 22 21 21 20 20
21 22 20 28 26 25 24 24 25 23 21 19 17 22 21 18 14 14 6 5 2 4 -2 -3 -2 -4 -3 -3 -1 -1 0 0 -5 -7 -15 -22 -17 -18 -20 -20 -23 -25 -32 -35 -25 -23 -11 -24 -20 -10 -6 -1 -2 0 -1 -2 -1 0 2 1 5 7 4 11 9 12 18 19 21 21 22 21 21 21 21 21 22 21 24 24 23 23 23 22 22 22 22 22 22 22 22 22 22 21 20 20
20 22 23 27 27 27 26 25 23 24 21 17 18 22 21 19 18 12 4 -1 2 0 0 -1 0 -1 -4 -5 -4 1 -2 -6 -6 -16 -22 -25 -18 -16 -19 -22 -24 -26 -30 -27 -31 -24 -24 -20 -24 -14 -6 -1 -1 -2 -2 -1 -1 1 2 2 1 3 3 6 7 12 14 15 17 21 22 20 21 22 22 22 23 23 23 23 23 23 20 18 21 21 22 21 21 21 21 21 21 21 20 20
25 24 26 26 24 25 23 22 25 24 19 19 19 23 22 21 19 15 7 0 -1 2 0 1 0 -2 1 -3 4 1 -5 -8 -17 -21 -24 -23 -18 -14 -18 -20 -20 -21 -19 -24 -18 -18 -24 -16 -12 -11 -3 -2 -2 -2 -1 1 1 1 1 0 0 2 2 4 11 10 15 16 16 18 19 19 21 21 21 23 23 23 23 22 22 23 23 22 20 20 20 20 20 20 20 20 21 21 20 18
26 25 25 25 24 20 20 18 22 24 20 18 23 24 24 22 18 12 8 4 5 2 0 -1 -3 -1 4 2 3 3 0 -16 -19 -17 -16 -18 -17 -15 -17 -22 -19 -19 -17 -15 -13 -12 -14 -8 -9 -6 -1 1 0 0 0 0 0 2 1 3 6 2 1 3 6 11 14 16 18 19 19 21 22 22 23 23 23 22 22 21 21 21 20 21 21 20 20 20 20 21 20 20 20 19 20 18
26 25 24 23 22 17 16 19 26 23 22 17 25 25 19 23 19 17 13 12 11 6 7 7 2 6 6 9 6 -4 -10 -13 -18 -7 -13 -17 -18 -14 -13 -21 -20 -17 -24 -29 -18 -14 -10 -6 -4 -1 -1 -1 2 2 0 -1 1 2 2 2 3 6 5 3 4 6 13 10 13 14 17 20 18 20 22 20 20 20 21 20 20 20 20 20 21 21 20 20 19 19 19 19 19 19 20 18
22 23 23 23 23 19 22 23 24 23 17 16 25 25 21 23 21 20 17 12 13 5 5 8 9 10 11 5 -4 -2 -16 -21 -13 -8 -10 -16 -18 -17 -9 -15 -16 -16 -12 -17 -17 -14 -10 -4 -1 1 1 0 1 2 2 1 4 2 2 0 2 3 10 4 6 5 4 8 10 5 10 10 6 13 16 19 17 18 18 19 18 19 20 20 19 17 18 18 19 19 19 18 18 19 18 17
21 23 25 25 26 25 22 23 21 19 19 20 26 25 20 23 23 22 19 15 14 13 15 13 12 13 9 5 -9 -14 -18 -13 -2 -4 -4 -10 -14 -22 -12 -16 -14 -12 -9 -11 -10 -9 -6 -2 -1 -2 -1 0 0 1 2 4 4 0 1 2 5 6 0 4 11 6 4 5 5 11 16 2 3 6 14 13 13 17 18 17 16 15 16 16 15 17 17 17 17 17 18 18 18 18 18 16
25 25 26 22 23 19 16 20 20 19 18 21 26 24 20 19 18 20 19 16 18 18 11 12 4 7 2 -9 -12 -15 -8 -3 -2 2 -3 -6 -12 -10 -14 -4 -11 -11 -8 -7 -6 -7 -3 -4 -5 -3 -2 -1 0 3 -1 1 2 5 4 3 6 4 0 4 7 11 8 12 14 5 2 2 2 4 5 7 11 11 14 11 15 12 11 12 15 16 16 17 18 18 19 17 17 17 16 16
24 25 26 24 23 22 20 23 21 20 23 24 26 23 20 20 19 19 20 19 15 15 7 5 1 0 -3 -10 -12 0 -3 5 -4 -5 3 -9 -10 -12 -4 -4 -8 -7 -5 -3 -4 -5 -5 -4 -2 -1 -1 0 2 0 1 2 3 2 2 1 3 2 2 5 4 2 10 11 8 2 1 1 1 2 4 6 6 6 8 11 8 10 10 11 10 12 14 15 16 17 18 13 14 15 15 14
28 27 27 25 25 23 20 22 22 21 18 22 23 20 22 23 19 19 20 20 17 12 8 1 -5 -3 -2 -2 2 5 3 -3 7 -2 1 -1 -5 -8 -11 -1 -5 -6 -6 -6 -4 -3 -3 -3 -2 -3 -2 0 -3 0 3 2 0 3 3 -1 -1 -1 0 2 1 0 1 9 6 2 0 -3 -5 -2 1 2 5 3 6 7 7 7 7 7 10 10 10 12 15 18 15 12 13 12 12 14
29 28 28 28 27 26 24 24 25 22 22 26 23 20 22 22 20 21 20 17 19 14 9 3 6 0 0 6 0 6 11 9 -1 -1 3 2 0 -8 -8 3 -1 -6 -4 -4 -4 -3 -1 -1 -3 -2 0 -2 -2 -1 0 2 0 2 4 1 1 -1 0 -1 1 2 2 7 3 5 2 -1 -3 -6 -2 -1 2 3 4 5 6 7 7 7 8 9 9 10 10 11 11 10 10 12 12 14
28 25 24 25 27 27 27 27 27 26 24 25 25 25 24 20 16 22 20 18 19 18 14 12 9 11 3 3 1 13 4 2 10 3 1 6 -5 1 -8 -1 -5 -5 -5 -4 -3 -3 0 -2 -3 -3 -3 -3 -2 -2 2 0 1 1 2 1 1 0 -1 1 1 5 6 1 3 1 2 0 -1 0 -1 -4 -2 2 3 5 5 7 9 8 11 9 16 16 12 10 10 11 13 14 14 16
27 20 23 26 26 25 26 27 27 27 26 23 23 21 22 23 19 22 22 19 19 20 16 13 14 12 1 7 15 2 6 -4 -6 -5 -2 -2 -4 4 -7 -7 5 -6 -4 -5 -5 -6 -2 -3 -5 -4 -3 -3 -2 -1 2 0 -2 -1 0 0 -1 1 0 -1 1 0 1 4 3 1 1 -1 2 3 -2 -2 -1 3 8 7 8 6 13 15 9 16 14 9 10 7 9 10 10 12 14 14
25 18 21 25 21 22 23 26 27 26 23 20 20 19 23 23 22 19 16 21 21 22 20 20 13 13 17 17 12 12 2 1 0 3 3 6 -3 -3 -4 6 -6 -6 -5 -8 -7 -6 -4 -4 -5 -3 -1 -2 -2 1 -1 1 -2 -2 0 -2 -2 0 0 -2 0 1 1 2 1 1 1 1 3 4 1 2 2 5 7 9 8 12 6 6 6 10 7 6 7 10 11 13 12 14 15 14
24 18 21 24 24 26 26 26 27 26 24 24 23 22 24 21 20 21 19 21 23 23 23 21 18 15 11 7 5 8 -4 7 8 6 4 2 6 2 5 -7 -2 -4 -1 -4 -1 -4 -6 -6 -5 -3 -2 -2 1 0 -1 0 -5 -4 -3 -3 -2 -1 0 0 -3 0 1 1 1 1 3 2 4 4 6 2 3 4 9 3 3 8 8 6 5 5 7 10 12 13 11 11 11 15 17 15
21 20 20 23 24 24 24 26 26 26 26 26 25 25 23 21 21 22 23 24 23 23 23 22 20 20 15 12 12 2 7 1 10 10 5 11 0 9 -8 -10 -5 -3 -3 2 3 3 -2 -4 -4 -3 -4 -1 -2 -2 -3 -3 -4 0 1 -3 -3 -2 -1 -1 -2 -1 0 0 1 2 3 4 3 5 5 5 4 5 4 3 3 4 8 8 5 8 9 10 10 10 12 14 16 14 14 12
21 19 20 18 22 23 24 25 27 26 26 26 26 26 25 25 25 24 24 23 21 21 19 20 21 20 19 18 9 10 3 0 11 10 9 4 9 8 -7 -2 -2 -4 -5 -4 3 1 -1 -2 -5 -5 -4 -3 -5 -3 -2 -2 2 1 -1 -2 -3 -4 -3 -3 -2 1 1 1 3 4 3 1 2 4 6 6 4 8 3 3 3 6 4 6 8 9 10 12 13 12 10 11 12 12 16 13
21 22 21 18 21 24 24 24 25 27 27 27 26 24 25 26 25 25 24 23 22 20 24 22 22 22 21 16 18 12 11 7 14 2 10 5 3 -4 -5 -3 3 8 -5 -1 5 0 -3 2 -8 -4 -5 -5 -5 -5 -4 -2 -2 6 -2 0 -1 -1 -3 -6 -2 0 1 1 1 2 4 6 7 5 5 5 6 5 4 2 3 5 4 6 6 8 7 8 8 10 11 13 12 13 15 11
26 23 21 20 18 21 25 26 26 24 26 27 27 27 25 23 24 25 25 24 23 23 22 23 23 22 20 19 13 14 14 13 14 16 11 0 3 4 -6 4 5 4 -1 0 8 -2 2 -2 1 5 0 -6 -3 1 1 1 1 1 6 -1 -2 -3 -3 -6 -4 -1 0 -1 3 0 3 4 4 6 7 4 3 4 5 3 2 2 4 5 7 7 7 7 9 10 9 9 10 11 14 13
21 24 24 22 20 18 24 23 27 24 23 26 24 27 27 23 21 22 23 24 24 23 23 24 24 23 22 18 21 21 19 19 17 13 10 6 5 -4 -2 8 9 8 4 4 9 4 4 4 8 9 -1 -4 -1 -4 5 0 8 4 -2 -1 -2 -2 -2 -6 -3 -2 0 0 1 0 7 2 4 3 4 3 3 2 2 3 4 4 5 5 5 8 10 11 10 10 12 12 12 13 10 11
22 24 23 21 20 19 21 23 24 24 26 24 26 25 27 26 25 25 25 21 22 24 23 23 23 23 21 21 16 18 17 14 11 12 10 3 2 0 7 6 8 11 10 11 13 7 7 3 12 11 5 7 -1 1 10 2 4 -2 -1 -1 -2 -3 -3 -3 1 -1 -1 0 0 0 3 3 2 2 2 3 2 2 4 3 5 7 7 6 7 7 9 9 10 9 9 10 11 14 16 18
24 23 22 22 22 22 20 23 24 25 26 23 25 26 25 27 26 27 23 22 21 20 20 23 22 20 22 20 18 17 18 15 17 16 11 5 10 9 10 9 14 12 14 13 14 13 12 12 14 14 12 9 6 5 3 12 6 9 6 0 -1 -1 -1 -4 0 0 1 3 3 0 3 3 2 2 2 4 5 3 3 4 4 5 5 9 8 7 8 8 8 10 11 13 14 16 10 11
20 22 23 20 21 22 22 24 23 24 23 21 24 26 27 27 25 26 24 24 23 22 24 24 20 20 22 21 19 19 15 16 16 16 14 9 12 8 12 15 15 15 14 15 14 16 15 15 16 15 13 10 12 9 5 13 3 1 -2 1 -1 3 -3 1 1 8 4 4 4 2 1 3 1 3 3 4 4 7 9 5 4 7 5 7 8 12 8 11 8 10 16 12 8 9 10 10
