DE_airtemperature/2018_03_airtemp.asc
NCOLS 654
NROWS 866
XLLCORNER 3280414.711633467
YLLCORNER 5237500.62890625
CELLSIZE 1000
NODATA_VALUE -999
[rows 495 to 549 of 866, columns 192 to 287 of 654]
35 34 35 37 37 37 35 37 37 36 36 35 35 34 30 31 31 30 29 27 30 29 28 28 29 29 28 28 27 29 29 28 28 26 24 26 21 24 20 17 17 17 16 17 11 13 13 14 17 17 16 19 22 23 20 21 17 18 21 21 24 27 27 26 26 25 22 22 22 21 23 29 29 22 20 17 19 21 24 24 25 23 19 20 23 22 19 22 18 17 14 15 12 17 17 11
35 36 34 37 37 37 37 37 36 34 33 32 30 34 33 33 33 31 30 32 32 32 32 30 31 31 29 25 28 28 27 26 27 26 27 22 20 19 22 14 13 13 10 15 14 12 13 16 17 15 19 17 19 19 20 18 18 20 20 24 23 22 28 26 25 28 27 23 26 28 28 22 28 27 24 19 19 22 22 24 25 21 23 23 23 22 18 21 18 17 12 10 10 15 15 12
35 37 37 37 37 37 37 36 35 33 31 32 32 33 34 33 31 33 33 32 31 30 29 29 32 29 29 25 26 28 29 26 26 26 24 26 22 19 19 19 13 8 10 11 13 13 16 15 16 18 18 20 21 21 20 16 15 21 22 18 23 22 27 26 26 29 27 27 25 28 25 23 22 28 23 21 19 22 22 26 25 23 24 24 23 21 20 17 19 18 15 4 9 7 15 7
38 37 37 38 37 37 36 35 35 34 32 31 32 32 33 34 34 34 33 31 33 33 33 33 33 32 30 29 26 28 28 28 27 26 27 20 24 23 19 18 16 13 10 10 11 13 14 14 16 17 17 19 20 21 21 18 16 16 19 16 18 25 22 23 26 27 29 29 27 26 21 25 25 25 21 24 25 23 24 24 25 25 23 23 23 22 21 16 17 16 15 13 6 9 12 14
37 37 37 36 36 37 37 35 34 32 31 32 31 32 32 33 33 34 34 33 34 34 33 34 34 34 32 27 26 26 28 26 24 23 20 22 22 22 20 17 17 11 8 8 9 11 11 14 14 16 18 19 20 21 17 16 21 20 20 22 22 28 22 19 25 27 25 28 29 27 25 24 27 28 25 27 25 22 21 24 24 24 22 21 19 20 21 21 20 15 12 6 5 9 15 14
37 37 37 36 36 37 36 35 32 32 31 32 32 31 31 32 33 34 34 34 35 35 34 33 34 32 29 28 25 26 28 28 27 26 23 18 16 16 13 16 12 11 9 6 7 9 11 9 13 17 17 20 21 18 18 17 17 23 25 26 27 26 19 22 27 24 24 25 27 27 24 25 27 28 28 25 25 23 21 23 23 23 23 20 20 19 17 14 17 16 9 9 12 14 14 14
37 36 35 35 35 35 35 34 30 32 31 31 33 32 32 33 33 33 34 33 34 35 34 34 34 33 33 26 31 27 27 28 26 24 21 19 17 13 12 14 15 11 8 3 4 8 7 9 13 15 17 17 19 16 17 18 21 23 24 20 22 21 25 24 27 19 21 20 24 25 24 24 25 27 27 26 26 23 22 23 22 23 22 22 21 20 17 17 12 15 9 3 8 11 10 12
37 38 38 36 36 36 37 36 34 33 34 31 33 34 34 33 34 34 34 35 34 34 34 34 35 34 34 33 32 31 29 28 26 23 24 22 15 14 13 9 9 9 5 2 3 5 8 12 14 16 18 19 17 18 18 18 18 20 20 19 26 27 28 27 25 21 21 18 21 24 22 25 25 25 27 27 27 25 23 22 23 23 22 21 20 19 16 16 13 6 10 1 1 8 10 9
36 38 37 37 38 37 37 36 34 34 34 33 32 35 35 35 36 35 36 36 36 36 35 34 33 33 31 31 32 32 30 26 25 21 21 20 16 16 15 14 10 9 6 1 3 7 7 11 11 14 16 17 19 20 20 21 20 21 22 23 26 25 24 24 24 21 18 21 23 24 25 25 25 27 27 28 28 26 22 21 22 21 20 19 19 19 14 14 11 4 3 5 5 9 7 12
36 37 37 36 37 35 34 34 34 33 34 34 34 33 35 37 37 37 36 36 35 34 34 34 36 34 31 30 29 30 29 29 29 24 21 20 17 16 17 18 15 11 6 2 3 5 6 9 12 16 16 20 19 17 18 19 20 19 18 24 20 24 25 20 25 23 20 20 22 18 22 25 25 25 27 28 26 25 23 22 22 22 21 20 17 16 17 16 8 6 4 1 0 7 9 8
37 37 37 36 35 34 31 32 33 33 34 35 37 37 37 37 37 36 36 36 36 36 35 36 36 34 35 35 31 34 34 30 24 24 22 20 22 22 20 22 16 11 6 2 0 5 6 8 10 15 18 18 17 19 20 18 17 20 20 18 17 23 25 22 25 15 20 17 21 26 24 25 25 25 26 28 27 26 25 22 22 19 20 20 17 17 14 13 12 9 5 3 -2 5 5 2
36 36 36 37 34 34 31 31 33 35 35 36 36 37 34 37 37 37 36 37 38 37 37 37 35 33 33 32 32 34 31 31 26 24 23 26 26 26 20 17 15 12 10 1 4 6 7 11 11 13 13 17 17 19 19 18 21 19 18 15 16 22 20 21 24 20 18 21 24 20 21 24 25 23 24 28 26 25 23 21 19 20 20 20 17 16 11 14 8 11 8 8 5 -1 -6 -6
36 35 36 37 35 35 32 32 34 36 37 36 37 35 34 37 37 37 36 38 37 38 37 38 36 36 34 30 32 32 31 28 28 26 28 25 26 25 21 16 16 12 9 6 9 6 4 9 14 18 18 18 20 20 20 18 19 21 16 16 19 21 19 21 22 22 18 21 20 18 22 23 21 21 24 28 28 24 23 23 21 19 18 17 16 13 14 14 13 14 11 9 3 -10 -11 -9
36 34 36 36 35 32 32 33 34 34 37 37 37 37 36 35 37 38 38 38 38 38 39 38 35 33 32 31 31 34 31 27 24 29 31 30 26 24 21 18 19 12 11 11 10 12 7 3 12 17 20 20 20 20 17 17 21 18 15 18 17 20 17 17 18 22 18 16 20 17 20 23 18 22 26 28 26 27 24 23 22 18 22 19 20 18 20 17 15 15 10 8 2 -2 -4 -7
35 34 33 35 34 32 35 34 34 35 37 36 37 38 37 36 37 38 39 39 39 39 39 36 34 36 33 32 33 34 30 29 26 34 31 27 26 22 21 20 16 14 18 14 12 14 7 7 12 16 18 19 20 19 17 19 19 16 15 16 16 18 17 16 18 17 22 18 23 19 21 21 25 24 27 26 24 25 26 25 24 24 24 23 22 19 16 12 11 11 11 5 -2 -7 -10 -2
36 33 34 35 35 34 35 36 36 36 39 37 36 37 38 37 38 38 37 37 38 38 38 37 38 35 36 33 35 35 34 32 35 34 31 26 24 23 25 20 18 20 15 18 17 9 9 11 12 17 19 18 17 18 18 17 17 17 18 18 18 17 16 17 21 20 20 22 26 22 24 26 28 27 27 26 27 24 22 23 24 24 23 20 17 17 12 9 9 7 4 10 8 2 6 -1
35 34 34 35 35 35 36 37 38 38 40 39 39 38 36 35 36 38 38 38 39 39 39 38 36 35 35 36 36 36 30 31 35 31 28 27 30 25 22 21 20 20 21 18 12 11 14 14 11 15 13 18 18 19 18 13 15 16 16 17 17 19 20 23 24 23 22 26 27 27 25 27 28 27 26 26 19 23 24 18 23 22 22 17 15 13 10 14 11 16 8 12 9 8 8 3
33 32 33 34 33 36 37 39 40 39 39 38 37 37 36 36 37 38 39 39 40 40 39 39 37 38 35 36 37 33 36 36 31 34 34 31 30 26 23 23 23 21 15 14 15 15 16 15 17 17 17 16 18 18 17 14 14 17 18 18 18 17 16 14 15 18 26 27 26 27 28 28 24 24 25 25 21 16 24 23 18 19 23 21 22 20 20 19 18 13 10 14 14 13 9 6
30 26 32 35 35 36 40 38 38 38 36 36 35 36 36 37 38 39 38 39 39 40 39 38 38 36 36 36 37 37 38 33 33 30 32 28 26 26 24 25 25 20 20 18 16 16 18 17 17 19 19 19 16 18 20 15 15 15 17 16 17 15 15 15 18 19 21 22 27 28 27 28 27 23 22 21 23 20 18 25 24 20 21 18 22 15 15 10 9 7 3 12 9 8 4 5
29 25 29 35 38 38 38 40 41 37 39 36 35 35 37 39 40 39 39 39 40 40 38 36 37 37 38 37 36 38 36 33 29 29 25 30 25 25 27 26 25 24 24 22 18 18 19 18 18 17 20 19 19 20 22 18 17 19 21 23 18 15 15 19 20 24 25 24 26 27 28 27 27 26 21 24 19 18 22 22 22 19 21 20 15 16 15 17 15 10 7 6 8 12 2 1
30 31 34 36 38 39 40 39 41 40 39 37 35 36 38 39 40 40 39 39 40 39 39 38 37 37 37 37 37 37 32 29 32 31 28 27 28 29 29 26 25 26 24 21 19 20 20 20 20 18 20 22 22 23 18 17 18 16 20 20 18 17 19 23 25 25 26 27 26 28 28 25 26 26 19 18 17 19 23 22 21 24 22 16 11 13 7 11 8 10 11 7 7 4 -2 -6
27 33 35 37 38 39 40 40 41 39 36 35 36 36 36 38 40 40 40 40 40 39 39 39 37 37 37 36 38 36 36 32 32 29 30 30 28 28 28 26 25 28 26 21 22 19 22 21 22 18 20 22 22 23 19 16 19 19 19 21 24 20 20 21 21 25 26 27 25 23 25 25 26 25 18 18 17 18 18 20 19 22 17 12 4 6 4 11 2 4 9 3 -2 -4 4 -1
25 34 36 37 38 39 39 40 40 41 36 36 37 36 39 39 39 40 40 40 40 39 39 38 36 38 38 39 38 37 33 29 29 31 31 28 29 30 28 28 29 26 24 22 21 19 23 23 23 19 19 19 22 24 22 17 18 22 19 20 25 20 18 21 24 25 25 26 26 23 25 21 22 22 23 19 18 17 17 22 19 22 15 10 5 5 2 -2 1 -1 2 -7 -5 0 6 9
30 34 37 37 37 38 40 39 40 40 38 38 38 38 40 41 40 40 40 40 41 40 40 35 36 37 38 40 34 34 34 30 29 32 30 27 32 32 31 29 28 24 21 20 26 22 24 26 23 22 19 21 21 24 22 19 20 22 18 20 25 22 23 24 23 23 26 25 24 25 22 22 20 20 18 21 18 15 14 20 15 17 20 17 16 9 1 -2 -5 -4 0 8 6 8 9 -1
35 35 38 38 38 39 39 40 38 42 40 40 38 39 41 41 41 41 41 40 41 40 38 36 37 41 40 36 37 34 31 34 34 33 33 32 29 31 27 27 27 24 25 24 27 24 27 26 25 24 22 23 23 26 22 21 20 21 26 24 24 19 20 18 22 25 25 20 19 21 19 19 20 17 16 18 14 14 15 20 13 10 17 15 14 10 5 1 -3 0 4 7 11 10 10 7
33 35 37 38 37 40 40 41 40 40 40 40 39 40 41 41 41 41 41 41 41 39 38 36 38 39 39 37 34 33 31 35 32 31 33 36 32 27 28 28 27 28 26 27 27 27 27 25 26 25 26 23 24 26 24 22 23 23 22 29 23 23 19 19 23 22 22 18 18 18 16 16 16 16 16 12 11 14 17 19 13 13 19 19 18 17 14 3 4 9 7 13 16 13 11 9
36 35 34 36 40 40 40 37 39 41 42 40 39 41 41 41 41 41 42 41 40 39 36 35 39 38 38 37 34 33 35 33 31 36 34 29 28 29 28 28 25 26 28 27 28 26 28 25 28 28 28 26 22 26 25 23 21 22 20 26 25 22 23 26 27 23 22 21 28 21 19 18 20 19 16 15 11 11 18 16 11 17 23 19 18 13 16 14 10 4 14 17 11 10 6 6
37 39 37 38 39 38 37 35 38 42 41 42 40 41 41 41 41 42 42 42 40 40 37 36 40 41 38 38 39 38 33 38 40 37 31 29 29 27 28 26 27 28 27 28 24 28 26 25 28 28 28 27 25 26 25 25 23 22 21 24 31 26 27 26 31 30 27 30 21 20 26 25 21 19 13 12 15 12 18 18 14 21 21 15 8 11 5 2 9 6 17 12 7 7 9 11
31 36 33 34 36 36 37 39 41 42 43 43 42 42 41 41 41 41 42 42 42 38 37 41 42 40 40 39 36 34 38 40 34 34 30 34 30 31 28 29 28 27 29 30 26 27 26 24 27 29 28 25 26 28 30 26 24 22 23 24 29 26 25 29 33 33 30 31 30 28 25 23 19 16 12 12 15 20 23 20 25 23 16 16 12 12 6 7 15 13 19 8 10 -1 6 16
31 30 31 31 32 34 37 38 42 42 42 42 43 43 40 41 41 42 42 42 41 37 41 41 41 39 35 37 40 41 41 34 37 38 38 36 33 30 30 26 29 29 33 31 29 28 26 26 29 32 28 26 28 28 30 26 24 24 25 22 29 26 25 28 33 33 31 32 31 30 25 25 19 13 13 17 18 25 26 22 14 16 22 17 18 11 10 10 9 17 18 17 8 0 -3 9
31 30 26 26 28 34 35 40 42 42 43 42 43 43 41 41 42 42 42 42 42 40 42 41 38 35 35 40 41 40 38 38 37 33 34 28 35 30 28 26 29 31 33 28 26 27 28 25 31 29 30 28 27 28 33 27 24 27 27 26 33 25 29 33 34 24 26 30 29 29 28 22 19 14 22 27 27 28 26 16 16 14 14 15 11 10 12 18 11 17 15 11 12 7 0 3
31 27 25 20 28 35 38 40 41 41 41 43 43 43 40 41 41 42 42 42 42 42 42 41 39 34 39 41 40 39 39 38 34 37 31 35 34 27 30 29 32 34 30 27 26 26 28 31 36 29 30 28 29 28 32 30 25 31 26 26 33 33 33 33 29 26 24 28 20 28 22 23 21 17 23 19 17 19 18 18 18 18 18 16 14 16 16 14 14 22 18 16 8 -2 7 10
32 26 20 24 30 37 39 40 41 42 42 42 42 41 40 41 42 42 41 41 41 41 41 37 36 36 39 42 41 38 38 39 38 35 39 37 36 33 31 31 33 32 30 28 26 27 27 33 37 36 31 29 29 35 35 30 27 34 31 32 35 35 33 30 30 28 23 21 19 25 26 25 23 18 24 24 16 14 14 19 21 16 16 23 26 25 24 25 22 19 8 4 3 -2 11 19
28 25 22 28 30 37 39 41 41 40 42 42 43 42 41 41 42 41 40 40 40 40 39 38 37 39 41 41 34 38 38 39 38 38 37 40 35 35 28 33 38 31 30 27 26 25 26 32 37 36 28 28 32 38 34 31 34 34 36 36 34 32 25 31 30 26 20 19 19 21 24 22 23 23 26 26 24 17 21 24 21 23 24 28 23 14 13 16 14 11 9 5 0 1 13 19
26 24 29 32 35 40 41 41 42 42 41 41 42 43 43 41 42 41 40 39 39 39 37 39 40 40 42 40 39 39 41 40 38 40 40 40 35 32 36 39 33 30 29 26 26 25 26 28 36 38 33 27 32 37 32 34 37 34 31 31 31 28 26 29 21 21 21 19 17 17 19 21 21 24 30 20 22 20 22 22 28 22 23 27 23 18 15 18 17 12 12 13 10 4 11 15
26 29 32 36 37 39 41 41 41 42 43 42 43 43 42 43 43 41 39 39 38 38 41 40 41 41 43 40 42 42 42 42 42 42 39 41 42 39 36 29 29 28 29 27 27 27 25 27 33 39 30 27 33 39 39 38 31 35 26 27 26 25 23 25 22 21 23 23 22 16 23 22 17 24 27 22 21 20 26 27 26 25 21 22 23 25 13 20 18 15 16 16 11 4 15 18
32 35 36 38 39 39 42 43 43 43 44 44 45 45 43 42 40 40 40 40 39 41 42 43 44 44 43 43 42 40 37 37 41 41 42 41 38 30 37 31 33 30 30 27 29 26 25 27 31 40 33 28 33 39 37 32 27 23 29 24 23 21 19 21 24 27 22 23 23 22 23 20 21 26 28 27 21 25 29 26 19 18 15 18 20 21 22 21 21 18 19 20 14 14 17 22
29 36 39 38 39 40 41 43 43 43 44 45 45 43 41 40 39 40 41 40 39 42 44 43 44 43 42 41 38 35 38 37 33 40 41 41 41 40 34 33 32 31 27 31 25 25 29 30 29 40 34 29 34 39 36 32 31 24 24 19 20 19 20 22 25 25 20 22 25 23 27 24 23 24 27 23 24 24 29 22 17 15 14 20 22 18 23 22 21 20 17 22 17 19 16 16
32 36 40 40 39 41 43 43 43 42 44 45 44 43 41 38 41 42 40 41 41 44 44 44 43 42 41 40 37 39 40 35 37 39 37 38 38 33 32 32 39 32 27 28 26 27 28 34 32 39 38 36 39 39 35 35 34 29 21 17 18 18 24 22 28 28 29 26 24 28 30 25 22 31 28 31 31 29 26 24 20 15 19 21 22 25 25 22 22 19 17 22 22 20 16 20
39 39 41 42 41 42 43 44 44 44 46 46 43 42 40 41 42 39 42 42 44 44 43 42 42 41 40 40 40 40 37 38 39 38 40 37 38 37 36 38 36 36 36 25 28 28 29 35 40 40 40 39 36 32 35 26 29 33 24 21 17 25 31 32 31 26 29 32 27 23 33 30 33 29 28 27 22 23 21 21 19 20 23 22 23 25 23 22 23 21 19 18 25 20 20 20
40 42 42 43 44 42 44 45 45 45 46 45 44 41 40 41 42 44 43 44 44 44 43 42 41 41 40 41 42 38 38 40 40 39 39 40 40 39 41 35 34 33 32 28 26 26 32 37 40 37 37 34 31 28 32 25 27 24 26 27 22 30 27 26 24 24 22 27 32 26 30 34 28 27 21 21 19 22 22 24 23 24 24 22 23 23 23 24 21 20 19 16 19 26 20 21
41 40 43 44 43 44 44 44 45 46 46 45 42 42 42 41 43 43 45 43 41 42 42 41 41 41 42 42 39 38 40 40 36 40 41 40 42 42 39 37 38 37 34 33 31 35 36 40 40 40 40 36 31 29 26 25 24 25 22 24 23 31 27 20 20 23 24 24 28 31 34 27 26 25 19 19 21 24 25 23 22 23 28 27 28 23 24 19 19 18 19 20 18 24 23 23
44 42 44 44 44 44 44 45 45 45 47 45 43 42 44 44 44 44 45 40 41 41 41 42 42 42 41 41 37 39 40 41 38 40 40 42 40 41 36 34 34 35 34 35 37 40 35 40 36 37 35 33 38 34 35 28 25 20 17 21 22 26 26 21 19 18 26 29 29 26 27 35 30 22 21 17 18 18 22 29 21 22 24 24 26 23 22 20 20 18 17 19 21 24 28 25
44 45 46 46 46 46 46 44 43 45 47 46 43 44 44 45 45 45 45 43 43 42 42 41 41 43 43 42 40 39 40 41 39 40 41 42 41 40 35 34 30 35 35 35 41 39 41 38 36 36 28 34 36 27 24 30 28 23 21 24 23 26 29 25 20 20 23 27 24 27 33 29 27 27 25 17 18 19 22 25 23 24 25 28 22 19 22 21 19 20 19 20 20 22 24 27
44 45 46 47 45 46 47 46 45 47 47 47 46 45 44 45 45 41 43 41 42 43 42 43 42 44 43 42 39 41 42 40 42 42 43 40 42 42 37 37 36 32 33 39 41 33 33 39 34 30 32 25 31 35 33 24 24 20 21 23 25 26 30 22 16 17 18 20 23 26 28 35 29 24 22 21 18 20 23 23 25 22 23 31 22 21 20 18 19 21 21 22 23 25 25 27
44 45 45 46 47 46 47 46 46 48 47 47 47 47 46 45 42 42 41 43 43 44 43 43 43 44 42 40 40 42 41 42 43 43 42 42 43 43 43 42 42 39 40 42 39 34 35 37 37 33 31 31 23 25 27 32 21 20 23 23 21 27 27 26 23 17 17 20 23 27 27 35 34 30 24 19 23 24 25 29 27 24 25 27 22 24 21 20 21 22 24 25 27 27 28 29
46 46 46 46 48 47 47 48 47 48 47 47 47 47 46 44 42 42 41 42 43 44 44 45 44 43 43 42 42 40 43 43 41 40 42 44 44 43 43 42 42 42 42 38 31 29 34 39 31 36 31 30 24 19 20 22 26 19 17 22 27 26 22 22 26 18 20 26 18 29 33 34 31 25 27 20 20 30 26 30 31 30 31 25 27 23 23 22 23 24 26 28 29 30 32 28
47 47 48 48 49 49 49 49 47 48 46 45 45 46 45 43 42 42 43 44 43 44 45 44 43 43 44 44 42 43 43 40 40 44 44 44 44 43 42 42 41 41 40 39 34 27 38 39 35 26 29 33 24 19 19 19 20 19 21 19 22 26 20 21 24 22 20 22 26 27 25 28 35 27 30 24 20 32 30 26 26 25 24 25 23 23 22 21 24 24 25 26 31 32 32 27
48 47 49 49 50 49 48 46 49 45 45 45 44 44 42 41 43 43 44 45 45 45 45 45 45 45 45 45 44 45 43 44 44 44 44 43 43 42 39 39 40 40 38 35 34 28 37 38 33 25 23 22 23 21 18 20 19 19 17 22 24 24 20 19 20 19 22 25 30 27 27 31 31 35 26 22 22 25 35 30 27 25 27 27 25 25 25 26 27 25 26 29 30 32 29 27
49 50 50 50 49 48 47 46 46 46 42 43 44 45 43 42 44 46 46 45 45 45 45 45 45 45 45 45 45 45 44 44 44 44 43 43 43 41 39 39 39 41 39 34 32 36 31 33 37 32 31 33 27 22 18 19 21 24 18 19 20 23 21 19 17 21 27 28 29 32 27 26 26 35 32 28 23 26 29 36 27 26 28 28 27 26 28 31 28 28 29 30 33 30 25 25
50 51 51 51 51 49 47 46 43 45 44 44 46 47 46 44 46 46 46 45 45 45 45 45 45 45 45 45 45 45 45 42 40 42 43 42 42 41 40 39 39 38 35 29 25 35 30 28 36 33 34 33 33 33 28 23 17 21 21 21 21 21 21 26 18 21 20 24 28 31 33 33 30 31 34 33 22 24 26 28 30 29 28 28 26 28 31 31 29 31 31 34 31 27 27 27
51 53 53 52 51 50 48 49 48 49 49 49 48 48 48 48 46 47 46 46 46 45 45 45 45 45 45 45 45 45 43 39 38 38 41 42 42 41 40 37 37 34 31 21 28 27 25 28 31 31 25 34 28 21 28 27 17 18 17 20 18 16 18 17 18 21 23 25 31 30 27 27 28 35 36 22 24 30 36 29 28 30 28 30 28 31 31 31 29 32 35 25 31 27 29 35
53 53 53 54 52 52 50 50 51 50 49 49 48 48 48 48 48 47 46 46 46 46 45 45 45 45 45 45 45 44 43 41 41 39 40 42 40 40 39 38 35 36 30 29 28 22 21 22 23 28 23 23 24 28 21 20 18 18 17 19 18 17 20 19 22 22 27 25 25 28 25 24 25 32 35 24 23 25 31 30 28 30 30 28 28 29 34 32 32 35 30 33 30 30 31 35
53 53 53 54 54 52 50 49 50 50 49 48 48 48 48 48 48 48 47 46 47 46 45 45 45 45 45 45 45 44 41 38 41 36 39 40 40 38 39 34 35 33 32 29 31 31 27 24 28 23 25 19 19 19 22 18 23 24 16 16 20 23 21 22 20 20 25 28 21 20 25 23 30 33 36 28 23 25 27 32 31 32 29 28 30 36 36 36 36 36 33 35 27 36 35 35
53 53 54 55 53 53 52 51 51 50 49 48 48 48 48 48 47 47 47 47 46 47 46 45 45 45 45 45 45 44 43 40 38 38 40 40 39 39 34 34 31 35 31 28 32 31 31 28 31 33 28 26 19 23 18 19 17 19 23 20 22 28 20 21 16 22 22 25 21 27 28 25 30 26 35 28 23 27 27 30 37 33 32 30 33 33 28 36 36 36 36 35 35 36 36 31
