DE_airtemperature/2018_07_airtemp.asc
NCOLS 654
NROWS 866
XLLCORNER 3280414.711633467
YLLCORNER 5237500.62890625
CELLSIZE 1000
NODATA_VALUE -999
[rows 615 to 655 of 866, columns 94 to 187 of 654]
212 209 209 204 207 208 209 212 213 208 208 212 217 215 202 197 208 215 211 206 205 204 207 208 204 207 207 211 216 217 213 216 214 212 211 212 209 210 210 212 214 216 214 214 215 218 217 215 215 212 217 217 219 216 214 213 215 216 217 216 220 215 216 216 223 225 225 225 224 225 225 226 227 228 228 229 229 229 229 229 229 229 229 229 229 229 229 229 229 230 230 230 230 231
211 208 207 205 205 210 210 210 208 208 212 211 216 217 209 205 212 211 211 213 212 207 209 211 212 207 206 210 210 218 218 216 216 217 212 215 213 214 211 213 214 214 215 213 212 214 214 214 216 214 217 217 215 216 214 215 218 218 217 215 221 211 214 216 222 223 223 227 227 228 228 228 228 228 229 229 229 229 229 229 229 229 229 229 229 229 229 229 229 230 230 230 230 231
210 205 206 205 212 206 206 209 210 209 212 215 212 218 213 211 209 209 213 213 210 210 211 213 215 214 206 213 218 212 216 217 213 212 213 214 217 213 212 214 214 214 214 214 215 217 215 215 215 215 215 219 215 216 213 215 218 216 220 216 219 216 212 219 221 221 225 228 228 228 228 228 228 228 229 229 229 229 229 229 229 229 229 229 229 229 229 229 229 230 230 230 231 231
207 203 202 205 209 211 209 207 209 207 209 214 216 217 214 211 206 207 207 210 212 212 214 215 215 216 216 215 215 214 217 217 217 214 215 215 217 215 211 212 212 213 214 215 216 215 216 216 217 214 217 214 214 214 214 217 217 218 219 219 212 209 213 215 222 221 226 227 229 228 228 227 228 228 229 229 229 229 229 229 229 229 229 229 229 229 229 229 229 230 230 230 231 231
208 205 202 201 204 210 210 208 208 212 215 212 217 215 207 207 208 212 211 212 209 210 211 214 215 215 217 216 213 215 215 216 217 217 217 214 214 215 213 211 212 213 214 214 216 215 216 216 217 211 212 215 214 214 215 217 219 216 217 210 216 212 213 220 221 225 227 227 228 229 229 229 229 230 230 230 229 229 229 229 229 229 229 229 229 229 229 229 229 230 230 230 231 231
208 204 203 207 211 212 217 208 207 211 212 216 216 211 209 211 213 213 213 214 213 213 213 215 215 214 215 215 216 217 216 214 216 214 214 212 214 211 209 213 212 214 214 215 215 216 216 212 209 218 209 209 214 215 214 214 213 211 217 210 221 208 208 218 219 226 228 229 229 229 229 229 229 229 230 230 230 229 229 229 229 229 229 229 229 229 229 229 230 230 230 230 231 231
203 206 206 207 209 211 211 209 214 213 212 209 211 218 212 215 214 215 214 214 215 213 213 215 216 216 217 217 217 213 213 215 214 216 215 211 211 217 217 212 216 214 217 216 214 213 215 211 216 215 210 217 214 216 216 215 216 213 211 207 215 219 212 218 224 227 229 229 229 229 228 229 230 229 230 230 230 229 229 229 229 229 229 229 229 229 229 229 230 230 230 230 230 231
201 205 207 207 209 209 206 208 213 207 206 206 211 215 216 217 217 217 216 217 217 216 215 214 216 216 216 216 213 215 214 215 213 214 215 215 211 213 214 213 216 214 213 215 215 216 214 212 211 219 214 216 216 216 220 222 218 219 209 223 227 223 224 223 221 229 227 228 228 229 229 229 230 230 231 231 230 230 230 229 230 229 230 229 230 229 230 230 230 230 230 230 230 229
202 203 208 210 209 210 209 210 205 207 209 214 216 213 213 216 214 214 215 215 216 217 216 215 215 215 214 215 215 215 215 215 214 214 214 212 215 215 215 213 214 216 210 213 212 215 216 213 214 214 215 218 217 216 221 225 225 224 229 219 222 224 229 226 223 226 228 227 228 228 230 229 230 231 231 231 231 230 230 230 230 230 230 230 230 230 230 230 230 230 230 230 229 229
203 201 201 206 208 211 214 207 206 211 212 213 216 215 214 214 215 214 215 215 216 216 217 217 217 216 216 216 216 216 216 216 215 215 215 215 216 216 215 215 216 217 213 214 216 219 217 220 215 214 215 220 220 217 219 220 226 227 218 217 213 217 224 222 219 225 227 228 229 230 230 230 231 231 231 232 231 230 230 230 230 230 230 230 230 230 230 230 230 230 230 229 229 229
198 198 203 208 209 208 210 211 211 212 211 212 214 214 214 215 215 215 216 216 216 216 217 217 216 216 216 216 216 215 215 215 214 213 214 214 214 213 215 213 216 217 213 213 215 212 212 212 218 215 215 219 224 216 219 214 222 216 214 217 221 221 216 216 219 223 229 229 230 231 231 231 231 231 231 231 231 231 230 230 230 230 230 230 230 230 230 230 230 230 230 229 229 229
198 198 207 209 210 210 211 209 214 211 216 216 216 215 215 216 217 217 217 217 216 216 216 216 216 216 215 211 212 211 210 213 213 212 213 212 214 211 216 214 213 214 213 210 212 212 213 218 214 222 215 224 222 219 215 218 207 223 215 214 217 222 218 223 218 222 230 232 231 231 231 231 232 232 231 231 232 231 231 230 230 230 230 230 230 230 230 230 230 230 230 230 229 229
197 197 200 205 208 211 212 213 214 213 214 215 216 216 216 216 217 217 216 216 216 213 214 214 212 211 208 208 210 209 209 212 213 212 207 209 210 210 212 214 215 211 214 208 209 212 215 216 217 212 215 221 225 225 220 214 218 223 212 213 215 219 211 218 219 224 232 232 231 231 231 232 232 232 232 231 231 231 231 231 230 230 230 230 230 230 230 230 230 230 230 230 229 229
199 202 206 205 208 211 211 212 213 214 214 215 215 216 216 216 216 216 208 209 209 209 209 204 208 208 207 208 210 211 207 211 207 206 211 208 205 209 205 210 212 210 207 207 214 212 212 211 211 211 218 218 218 226 223 223 211 216 221 216 225 217 220 226 221 230 233 234 233 232 232 232 232 232 232 232 231 230 231 231 231 230 230 230 230 230 230 230 230 230 230 229 229 229
201 203 207 209 210 211 212 213 214 215 215 215 215 216 212 208 209 208 209 207 205 207 202 202 209 202 208 208 213 210 212 208 213 208 212 211 213 206 205 211 211 210 211 213 215 213 207 212 211 209 215 214 212 223 228 219 217 216 211 216 223 216 217 221 225 232 232 233 232 232 231 231 232 232 232 232 231 231 230 230 230 229 229 229 230 230 230 230 230 230 230 229 229 229
203 204 208 207 210 210 213 214 214 215 215 216 215 215 211 209 207 209 209 203 209 209 206 208 206 210 206 206 209 210 210 212 207 208 208 211 208 206 207 207 207 205 209 208 214 212 208 213 208 210 211 211 217 218 223 223 228 217 220 221 223 223 226 222 229 234 234 233 232 232 231 232 232 232 232 232 231 231 231 230 230 230 230 229 229 230 230 230 230 230 230 230 229 229
206 208 207 209 210 211 212 214 214 215 212 212 207 211 205 210 209 205 205 207 212 205 211 204 208 210 210 207 210 209 212 211 206 207 210 206 206 211 206 211 208 209 207 204 209 209 210 210 210 210 214 213 221 218 225 220 232 215 218 227 231 219 222 224 235 235 235 233 232 232 231 231 232 232 232 232 231 231 231 231 230 230 230 230 229 230 230 230 230 230 230 230 229 229
207 207 208 210 210 212 213 213 214 214 208 210 205 207 205 208 204 210 211 206 210 205 212 212 204 204 211 204 206 210 214 214 214 212 206 206 204 205 206 207 205 203 201 207 212 212 210 210 218 209 217 218 217 223 223 221 229 231 233 234 223 218 223 230 235 234 234 233 233 231 231 231 232 232 232 232 231 231 231 231 230 230 230 230 229 230 230 230 230 230 230 229 229 229
208 208 209 210 211 211 213 213 211 212 206 208 206 211 207 204 208 209 210 212 214 206 212 204 210 206 209 204 210 211 212 210 208 207 209 209 211 206 205 203 203 201 198 205 211 209 214 217 209 219 218 220 216 217 223 229 220 217 218 226 230 217 229 236 235 235 234 234 233 232 231 232 232 232 232 232 231 231 231 231 232 230 230 230 230 230 230 230 230 230 230 229 229 229
208 209 210 210 211 211 212 210 210 210 210 205 209 213 211 208 213 209 208 212 206 210 205 206 204 206 210 211 208 213 206 210 207 206 206 209 211 204 206 208 202 209 207 211 217 210 209 219 223 218 214 219 219 223 227 223 211 218 225 231 228 237 237 237 236 236 235 234 233 232 232 232 232 232 232 232 232 231 231 231 231 230 230 230 230 231 231 230 230 230 230 229 229 229
209 210 210 210 212 213 213 208 207 214 212 208 213 208 213 208 209 208 213 210 211 215 208 210 204 209 207 207 210 211 211 213 212 211 209 209 206 204 204 207 209 209 206 208 203 204 212 217 218 222 225 222 223 229 222 222 209 209 220 227 225 219 230 233 235 235 234 234 233 232 232 232 232 232 232 232 232 231 231 231 230 230 230 230 230 231 231 231 231 231 231 230 229 229
211 210 211 211 212 213 213 208 206 214 206 207 210 209 210 207 208 210 210 214 213 211 208 205 210 213 213 215 209 211 207 213 210 205 206 206 209 209 210 208 204 209 210 208 199 208 212 213 214 217 214 224 217 222 219 214 214 217 216 210 214 225 231 234 234 234 234 234 233 232 232 232 232 232 232 232 231 231 231 231 231 230 230 230 230 231 231 231 231 231 231 230 230 229
212 212 212 212 214 212 209 213 212 207 206 208 209 214 212 208 210 209 216 208 206 206 209 206 207 206 210 215 216 207 207 207 211 211 206 205 208 206 203 203 200 207 200 200 204 210 208 211 217 219 220 216 220 213 219 210 209 210 211 209 213 223 230 233 233 233 234 233 233 232 232 232 232 232 232 232 231 231 231 231 231 230 230 230 230 231 231 231 231 231 231 230 230 229
211 212 213 214 213 211 212 213 209 209 210 207 209 216 216 209 211 212 214 211 208 210 214 214 207 211 207 216 215 211 209 206 208 209 205 207 205 203 206 208 201 201 199 202 212 210 208 219 219 217 211 222 217 212 212 217 203 209 203 206 222 226 229 231 233 232 233 233 232 232 232 232 232 232 232 231 231 231 231 231 231 231 231 231 231 231 231 232 232 231 231 231 230 230
210 212 214 212 211 211 214 210 207 209 210 213 211 210 217 217 211 213 215 209 209 216 209 212 209 210 214 207 216 209 214 207 207 206 207 208 211 202 206 202 200 197 198 203 210 207 212 211 217 212 214 219 215 207 208 206 202 212 213 205 224 227 229 230 231 232 231 231 231 230 231 232 232 231 231 231 231 231 231 231 231 231 231 231 231 232 232 232 232 232 232 232 230 230
209 206 212 214 212 215 211 210 209 214 209 210 212 217 210 210 211 210 211 211 210 212 216 210 209 209 215 208 216 215 211 206 210 210 207 210 204 204 202 203 206 198 199 209 201 214 209 210 212 209 206 214 210 209 205 202 204 203 206 224 225 228 230 231 232 231 231 231 231 231 231 231 231 231 231 231 231 231 231 231 231 231 231 231 231 232 232 232 232 231 231 231 230 230
211 208 214 213 207 208 206 208 209 211 211 216 211 211 213 212 216 212 215 214 211 211 212 212 209 214 212 218 216 210 209 208 210 207 212 208 206 205 206 201 203 209 205 208 203 212 201 209 206 210 202 202 202 208 209 205 205 215 202 218 224 227 230 232 231 230 231 230 231 231 231 230 231 231 231 231 231 231 231 231 231 231 231 231 232 232 232 232 232 231 231 231 231 230
214 214 215 215 210 207 209 209 213 211 214 213 213 217 215 211 213 211 212 212 216 218 210 211 210 213 217 219 212 213 214 212 208 212 206 209 203 207 209 202 202 204 206 210 208 202 208 204 207 209 214 210 211 202 218 201 211 206 215 225 225 227 230 231 230 231 230 231 231 230 230 230 230 231 231 231 231 231 231 231 231 230 230 232 232 232 232 232 232 231 231 231 231 231
216 216 216 212 213 214 210 211 217 216 216 211 210 213 212 211 211 210 212 215 215 213 216 219 219 212 212 211 212 217 215 210 215 207 212 206 205 205 201 201 198 201 202 203 215 202 209 206 208 217 219 211 213 215 211 217 211 198 214 223 224 228 230 230 231 230 231 231 230 230 229 229 229 229 230 229 231 231 231 231 230 231 232 232 232 232 232 232 232 232 232 232 231 231
217 209 210 210 216 217 214 217 217 217 219 214 215 213 211 211 216 214 212 216 220 214 220 213 212 217 209 208 213 209 214 213 207 207 207 205 215 203 209 201 198 211 199 207 213 210 210 218 207 217 208 205 218 219 205 198 214 215 218 223 226 228 230 230 230 230 230 230 229 228 229 229 229 229 229 229 229 230 230 230 231 231 231 231 232 232 232 232 232 232 232 232 231 231
213 211 210 212 212 217 216 216 216 214 217 217 218 213 214 213 216 217 218 217 216 216 213 215 219 213 209 211 214 215 211 213 207 214 213 212 204 213 204 207 203 207 212 215 203 221 218 214 221 215 213 204 217 221 210 208 201 211 223 225 227 227 229 229 229 230 230 229 229 228 228 228 229 229 229 229 229 230 231 231 231 231 231 231 232 232 231 231 231 232 232 232 232 231
212 214 212 211 209 213 218 214 211 211 215 215 213 216 216 219 218 214 217 212 212 213 213 219 213 219 216 213 221 216 211 215 216 217 215 212 213 207 209 198 203 200 207 212 220 221 206 206 218 210 223 215 215 223 209 213 203 219 221 225 226 227 227 227 228 228 228 229 228 228 229 229 229 229 229 229 229 230 230 231 231 231 231 231 231 231 232 231 231 232 232 232 232 232
211 210 210 209 213 215 215 213 210 211 211 211 214 219 218 215 216 215 216 215 210 211 210 214 210 212 215 217 218 219 219 215 206 215 216 215 216 213 207 205 206 213 209 216 214 216 213 219 212 216 216 223 222 223 205 209 218 222 223 224 225 226 226 227 227 227 228 228 228 228 229 229 229 229 229 229 229 230 230 230 231 231 231 231 231 231 231 231 231 232 232 232 232 231
216 210 213 211 212 218 216 217 214 213 214 213 214 213 214 211 218 212 212 213 218 212 213 211 210 212 210 211 213 210 219 213 213 207 219 213 208 203 211 213 206 205 213 212 221 222 223 210 217 217 214 217 224 222 215 219 218 222 223 224 225 225 227 227 227 227 227 228 229 229 229 229 229 229 229 229 229 230 230 230 230 231 231 231 231 231 231 231 231 232 232 232 231 231
213 211 213 213 218 213 218 213 213 212 215 212 214 216 217 213 215 215 219 215 216 217 218 210 208 208 215 216 209 213 216 217 217 216 212 215 215 219 208 206 211 211 215 215 217 218 220 223 214 210 218 224 224 225 226 225 223 225 225 224 224 226 227 228 228 228 228 229 229 229 229 229 229 229 229 229 229 230 230 230 230 231 231 231 231 231 231 231 231 231 232 232 231 231
212 211 212 217 212 213 214 217 211 214 218 219 214 214 214 219 213 215 214 214 213 212 217 212 214 214 211 212 214 210 219 209 216 215 217 212 218 219 219 213 216 217 221 221 222 211 210 219 217 209 219 224 224 217 218 225 226 227 227 225 226 227 228 228 228 228 227 229 229 229 228 229 229 229 229 229 229 230 230 230 230 230 230 231 231 230 231 231 231 231 231 231 231 231
211 212 214 214 212 219 215 213 216 217 215 217 215 212 212 216 213 217 215 213 212 216 212 212 210 215 214 214 207 215 217 214 219 217 221 215 213 209 213 215 216 220 219 215 219 217 220 211 216 220 221 216 213 215 216 224 221 224 226 227 227 226 227 227 227 227 227 227 228 228 228 228 228 228 228 228 229 230 230 230 230 230 230 230 230 230 230 230 230 230 230 230 230 230
211 213 215 212 212 214 212 218 218 219 214 214 216 216 214 212 213 219 218 215 212 212 211 213 214 214 214 214 216 215 215 215 216 214 221 211 219 214 216 216 213 221 218 217 211 219 217 217 221 217 216 205 202 212 218 219 221 223 225 226 226 226 227 227 227 227 227 227 228 228 228 228 228 228 228 228 229 230 230 230 230 230 230 230 230 230 230 230 230 230 230 230 230 230
213 213 216 212 213 213 217 212 215 -999 -999 216 213 213 214 214 213 214 219 218 214 213 217 215 211 215 214 215 211 210 212 214 215 215 220 217 213 217 218 209 217 214 214 216 221 214 217 217 215 215 201 209 215 215 220 221 222 221 225 225 225 226 226 227 227 227 227 227 227 227 228 228 228 228 228 229 229 230 230 230 230 230 230 230 230 230 230 230 230 230 230 230 230 230
212 213 213 212 213 216 -999 -999 -999 -999 -999 216 219 214 213 211 214 212 212 213 217 217 210 212 208 211 216 215 214 208 211 213 218 220 219 213 216 217 202 212 213 210 216 215 220 212 217 215 217 220 217 217 211 213 221 221 222 222 224 225 225 225 225 226 226 226 226 227 227 227 227 226 228 227 228 228 229 229 229 230 230 230 229 230 230 230 229 230 230 230 229 229 229 229
215 215 212 211 211 214 -999 -999 -999 -999 -999 -999 -999 -999 -999 212 214 212 216 214 210 212 210 208 215 215 214 215 218 215 220 220 213 215 221 222 214 217 212 216 211 212 214 214 208 215 214 216 217 215 220 220 221 214 222 222 220 221 222 223 224 225 225 225 225 226 226 226 226 225 226 226 226 227 227 228 229 229 229 229 229 229 229 229 229 229 229 229 229 229 229 229 229 229
