DE_airtemperature/2018_03_airtemp.asc
NCOLS 654
NROWS 866
XLLCORNER 3280414.711633467
YLLCORNER 5237500.62890625
CELLSIZE 1000
NODATA_VALUE -999
[rows 660 to 714 of 866, columns 192 to 287 of 654]
47 46 48 47 48 50 50 50 49 47 47 44 44 44 44 45 44 44 46 46 45 44 43 39 42 43 43 46 46 45 43 44 44 41 40 45 46 46 47 48 51 51 50 49 48 45 46 42 42 44 47 49 47 47 49 47 48 45 41 39 38 40 36 35 33 42 35 32 34 40 36 32 32 31 32 35 30 32 35 37 37 40 35 34 34 34 34 35 33 33 31 31 31 33 31 28
50 49 48 47 47 48 48 50 50 48 47 44 43 45 46 46 45 43 45 45 45 44 40 40 44 43 46 45 42 40 40 39 42 46 46 46 46 46 48 51 51 49 48 48 45 42 41 39 42 41 42 44 47 46 49 46 46 43 39 39 35 35 36 31 35 36 35 32 32 32 34 37 31 30 32 36 34 30 35 35 36 40 36 34 34 34 33 33 34 33 33 32 33 30 31 29
49 50 49 45 47 47 47 48 48 47 47 44 46 46 47 44 45 45 43 45 43 43 42 40 41 45 46 44 40 40 42 41 39 43 46 46 47 50 50 50 49 48 48 47 47 42 41 41 44 42 42 43 38 40 42 44 45 38 35 32 35 34 30 31 31 36 39 36 32 31 32 33 37 31 30 35 36 35 35 36 37 39 39 35 35 34 32 33 34 34 34 34 34 29 29 29
49 51 47 48 45 45 46 47 47 49 47 46 45 47 45 44 45 46 44 43 43 39 40 45 44 46 44 39 44 43 45 45 46 46 46 47 47 47 49 49 49 46 47 48 47 46 43 44 41 41 43 45 43 38 41 42 35 38 33 30 31 32 31 31 31 33 33 35 32 32 31 31 31 32 29 34 36 36 36 36 37 40 36 35 34 29 31 33 33 34 33 36 33 29 26 28
48 51 49 45 45 46 47 46 47 48 48 49 46 46 46 44 43 43 43 39 39 39 40 43 45 43 40 44 44 46 46 47 45 46 45 47 46 46 47 49 48 48 44 46 46 43 44 45 44 45 43 43 43 41 36 39 33 31 33 35 28 32 32 31 32 30 32 33 33 32 32 31 30 31 29 34 36 37 37 37 37 38 35 35 33 29 31 30 31 33 33 32 34 30 32 28
48 50 50 47 47 47 47 45 47 45 47 47 46 47 46 45 46 45 38 38 38 39 42 43 42 42 42 43 46 47 46 45 47 46 47 47 46 46 50 51 48 46 45 43 43 44 44 46 45 45 46 43 41 39 37 35 33 34 33 33 28 32 30 31 32 32 31 33 31 32 31 31 31 31 31 34 37 37 37 36 36 39 39 34 32 30 30 31 29 29 32 31 33 32 32 28
48 48 50 50 49 46 47 45 46 46 46 48 48 46 45 44 45 41 39 42 40 44 45 45 42 43 45 46 46 46 48 47 49 49 48 48 46 49 49 49 47 46 46 44 43 43 45 45 45 46 44 40 38 37 39 35 33 31 38 31 33 28 31 31 31 33 31 32 30 31 31 31 31 30 34 33 36 37 37 37 35 36 39 35 32 30 30 31 31 31 33 33 34 34 31 29
49 50 51 49 47 45 45 45 45 45 46 45 47 47 44 41 41 40 42 41 44 44 45 44 47 47 47 47 47 46 47 47 48 48 48 47 46 50 50 48 50 45 45 44 45 44 46 46 44 42 42 42 39 40 38 31 35 31 35 33 35 29 29 26 30 31 32 30 30 31 32 30 31 35 30 29 36 36 37 38 36 36 36 31 30 28 30 29 31 33 33 33 33 35 33 33
49 49 50 49 47 46 46 46 46 45 44 44 46 45 43 43 40 40 37 42 43 43 43 44 43 45 44 45 46 45 46 47 46 47 47 47 46 45 46 48 50 46 46 45 44 46 46 46 45 43 43 43 43 39 36 38 32 35 32 36 38 31 31 32 27 30 31 30 31 31 32 30 31 35 29 29 29 33 33 36 38 39 35 33 31 28 29 29 30 32 32 31 33 33 32 29
49 47 50 50 49 48 46 46 46 47 45 42 45 39 39 39 38 33 37 36 39 40 42 42 38 38 40 42 42 43 43 41 44 47 47 47 46 49 49 50 48 46 44 45 43 45 45 45 46 43 45 44 43 38 42 37 35 33 33 36 36 32 27 36 31 29 28 29 30 29 30 31 30 35 30 31 30 30 32 31 30 39 30 35 34 29 27 30 31 31 33 31 32 34 33 33
49 47 49 49 51 49 50 47 47 46 47 45 43 40 40 39 40 37 39 37 37 37 34 37 37 37 35 31 41 41 37 42 44 47 47 46 48 50 50 46 47 45 43 43 42 43 43 44 44 44 46 46 45 44 40 36 31 29 33 30 39 35 34 33 33 31 30 27 26 30 30 31 32 34 34 35 32 28 28 29 34 37 38 35 32 29 26 28 31 31 33 33 32 31 32 29
48 49 50 48 49 50 49 48 50 49 47 46 44 43 39 40 40 38 38 37 37 40 37 37 38 38 37 35 36 37 40 42 45 46 46 46 46 46 48 46 45 44 42 42 43 41 44 43 43 45 44 46 44 41 40 39 32 35 32 32 39 32 34 37 34 32 33 30 30 31 30 28 30 32 30 37 29 30 31 27 35 36 38 35 35 27 26 28 28 30 32 33 34 32 33 33
47 47 47 47 49 50 47 46 46 47 47 44 45 39 39 40 40 40 40 40 39 36 40 42 42 43 44 44 43 37 40 43 42 45 46 46 46 45 49 46 44 43 43 42 43 44 46 46 46 45 46 42 44 41 37 32 31 31 31 36 35 39 37 34 40 34 37 32 30 34 30 32 29 30 34 34 36 35 30 30 29 35 36 36 32 28 28 27 30 30 28 31 29 32 34 28
50 48 47 48 47 50 47 48 45 45 46 38 39 40 40 40 41 42 42 40 40 41 39 37 37 36 38 43 44 40 40 43 45 44 46 46 45 45 49 50 46 44 43 42 43 43 44 46 47 47 45 45 38 37 41 36 36 35 35 36 32 39 40 42 41 39 38 32 33 37 32 34 33 35 34 30 35 36 30 34 29 31 34 36 35 31 28 28 27 27 28 29 31 30 33 29
46 47 46 46 48 47 48 45 46 45 45 45 44 42 39 39 40 41 42 42 38 41 42 40 42 42 34 40 46 47 46 46 46 45 45 45 48 50 50 49 50 49 50 45 45 45 43 45 47 46 43 38 40 41 40 40 39 40 38 38 37 36 43 42 39 41 42 35 38 36 36 37 32 30 35 30 30 36 33 34 31 36 35 35 37 34 30 31 29 29 28 29 28 29 32 29
47 47 45 45 44 43 46 45 45 45 44 42 42 40 39 39 42 40 40 38 42 43 44 44 45 43 42 43 47 47 47 47 46 44 45 44 44 48 50 44 50 50 50 46 46 47 45 45 47 43 43 42 41 42 42 42 42 43 39 37 41 43 39 36 31 36 41 40 40 33 40 37 30 35 30 37 34 33 37 36 36 35 37 34 37 34 30 28 32 28 28 30 29 29 33 30
48 47 46 43 43 43 43 43 45 45 39 42 40 39 40 41 41 42 40 40 40 40 40 37 40 44 47 48 48 47 48 47 45 45 44 45 48 48 50 44 43 44 47 47 49 49 45 45 48 46 43 42 41 41 43 40 42 43 42 41 42 43 39 35 30 32 30 30 40 40 40 35 34 36 38 38 34 30 31 34 35 31 36 36 36 37 36 30 35 33 30 28 30 29 30 34
46 48 46 43 43 43 43 42 43 45 45 45 44 43 41 39 41 42 43 43 42 42 42 43 42 44 46 48 47 47 47 48 46 45 45 45 44 44 48 44 45 46 50 49 49 49 49 48 48 43 44 44 42 40 42 42 43 42 42 42 41 43 39 35 31 31 29 30 31 32 34 31 37 38 38 34 30 30 30 32 34 31 29 29 30 35 30 35 31 33 29 29 28 28 31 30
50 51 50 46 45 43 42 42 45 46 45 45 45 43 42 43 43 41 40 43 43 42 44 43 44 46 45 47 47 48 47 49 49 49 48 49 49 51 49 48 49 51 51 50 49 49 49 49 49 44 44 43 43 41 42 43 44 42 42 42 40 44 41 39 39 33 30 29 28 26 30 30 31 36 36 37 30 28 29 29 31 28 29 30 34 30 33 30 31 36 33 31 28 26 28 30
46 51 50 44 45 43 41 43 44 43 43 43 43 43 43 43 43 41 41 42 43 44 45 44 46 46 45 47 47 45 46 47 47 47 48 49 50 50 49 48 50 51 51 50 48 48 47 46 45 48 45 44 43 42 43 42 44 44 43 42 44 42 40 39 40 35 30 28 29 28 30 33 29 29 32 30 31 28 29 28 27 28 29 30 30 29 29 29 30 32 34 30 30 30 29 31
48 46 48 47 43 43 41 42 43 44 41 40 40 40 45 43 41 40 41 42 45 40 43 45 46 44 44 43 44 45 47 46 47 49 50 50 49 48 48 48 49 52 50 51 48 49 48 47 46 46 45 46 44 43 42 42 44 44 44 43 42 42 41 40 39 37 36 28 24 28 28 30 27 29 29 27 25 22 24 24 24 27 28 28 26 27 29 30 30 29 35 30 30 29 31 29
50 44 44 43 43 44 44 43 41 40 41 42 45 46 42 44 45 42 45 44 45 46 46 48 46 41 42 44 45 47 49 49 50 51 48 48 48 48 48 48 49 50 50 49 47 50 47 46 44 44 43 45 45 46 45 47 46 43 42 40 42 42 43 40 41 38 36 30 26 27 27 24 24 26 21 24 23 26 24 26 27 27 28 28 28 24 25 29 30 35 35 36 31 30 31 30
46 43 44 42 44 44 44 43 43 43 40 40 47 40 40 43 43 44 43 45 46 44 43 46 47 47 45 48 47 49 47 46 45 48 46 47 48 47 47 48 48 48 47 51 51 48 48 47 47 45 45 44 44 47 45 45 43 43 43 42 42 42 41 41 41 40 40 37 29 28 28 26 24 23 21 24 24 25 24 25 21 22 27 28 30 29 24 30 29 31 32 32 32 34 32 33
44 43 43 44 42 42 42 43 41 44 46 46 42 37 36 39 38 40 39 40 41 41 43 43 48 48 48 47 47 46 46 45 49 48 44 46 47 48 48 50 50 48 50 52 49 46 46 46 46 44 44 45 45 46 44 43 44 41 42 42 42 43 41 40 39 38 38 29 28 29 29 25 26 24 24 22 26 22 25 27 23 24 27 29 29 27 26 26 28 31 30 34 36 37 36 34
40 42 41 41 44 43 42 42 45 44 42 42 41 39 38 39 39 39 39 40 41 41 40 41 43 43 45 45 43 43 45 45 46 45 48 47 46 46 49 49 49 48 49 50 52 51 51 47 47 48 46 45 44 45 45 42 42 43 42 39 41 42 40 39 38 36 29 30 29 32 30 23 28 23 25 21 25 25 25 27 22 25 23 28 29 28 28 30 27 27 28 28 31 34 34 34
40 42 42 41 42 43 45 45 44 41 37 39 41 40 40 37 37 37 39 39 37 44 40 42 42 43 42 42 43 43 45 45 47 45 46 47 46 46 46 47 46 46 48 47 47 49 52 49 50 48 47 47 45 45 46 44 44 43 41 39 34 41 35 33 33 33 29 38 34 37 33 25 29 24 25 23 25 25 27 26 22 26 27 26 24 30 31 27 28 28 29 29 29 29 31 30
42 41 42 45 46 46 47 42 40 40 40 38 40 36 38 35 39 38 39 38 44 41 40 40 44 43 41 41 42 43 43 43 46 44 45 46 47 47 46 47 47 47 47 48 48 48 51 52 47 47 49 47 46 45 44 46 44 44 42 41 35 33 35 37 34 40 40 41 34 32 30 28 28 24 26 23 24 23 26 27 26 27 29 25 27 30 29 27 28 31 30 30 30 30 30 30
40 42 45 42 42 46 40 38 38 37 37 39 39 39 34 34 35 34 36 37 38 37 38 40 43 44 39 39 40 42 41 44 47 45 45 45 45 46 47 47 47 48 47 49 49 48 50 51 48 47 47 48 46 46 45 46 46 43 42 41 36 37 37 36 33 39 42 39 34 29 26 29 29 25 26 25 26 24 28 29 29 28 29 27 26 29 28 29 29 29 33 31 31 31 31 31
39 44 40 40 44 38 42 35 36 35 34 36 38 36 34 35 35 35 37 42 38 40 41 42 44 41 40 40 42 42 44 45 48 45 44 45 45 45 46 47 47 48 49 49 49 50 51 52 48 48 47 47 47 47 44 45 46 45 44 37 40 39 40 35 42 43 43 36 33 32 28 25 28 26 26 25 26 24 29 31 28 29 30 27 27 28 33 29 32 29 30 32 31 32 31 32
36 39 36 43 37 35 38 44 40 34 34 34 36 34 35 35 35 40 34 35 35 34 37 39 39 39 40 41 42 42 44 46 44 46 45 45 44 44 47 48 48 49 50 52 50 51 53 47 49 49 50 46 47 45 43 43 45 42 42 43 37 39 38 37 37 40 43 40 39 34 28 27 25 28 27 26 26 25 26 29 31 31 31 30 27 28 30 31 30 30 31 33 32 31 33 31
38 39 32 42 42 36 37 37 40 36 33 33 32 33 34 35 38 34 33 34 34 35 37 39 42 37 38 40 41 43 44 44 43 44 45 45 45 45 47 49 49 50 51 51 52 53 50 47 47 47 49 48 44 44 37 41 45 37 38 39 40 39 38 36 36 36 42 41 37 34 32 32 28 26 26 27 27 28 27 29 27 27 28 29 31 30 30 31 34 32 36 36 33 34 35 33
26 28 33 33 38 34 32 32 43 33 32 31 31 33 34 36 31 33 34 33 34 36 39 37 39 38 38 40 42 42 43 45 43 44 44 45 45 46 47 49 51 52 51 52 54 52 50 48 47 46 51 47 45 45 45 37 37 41 33 37 40 40 37 39 36 37 43 43 38 33 32 35 30 33 28 27 27 26 29 28 28 28 28 30 30 32 34 34 36 32 32 32 32 33 33 35
30 27 28 31 41 43 32 31 33 42 41 35 33 34 32 34 33 33 32 33 34 34 35 38 38 36 39 41 40 42 44 44 44 43 43 44 44 44 48 49 52 53 52 55 53 50 49 47 47 48 51 48 48 47 47 38 42 35 31 32 39 36 36 40 43 40 41 43 40 38 33 38 33 29 36 30 27 30 28 32 30 30 34 32 31 32 32 33 34 33 33 33 32 32 32 33
26 26 25 26 25 33 43 29 29 33 31 34 34 35 34 35 32 32 33 33 34 32 33 35 34 35 38 39 40 41 42 44 44 45 46 46 46 46 48 49 52 51 52 55 51 50 49 48 48 48 48 50 49 48 47 46 41 43 39 37 36 37 34 36 41 44 39 41 41 42 38 40 38 33 38 34 33 34 33 34 30 33 35 36 32 33 33 36 37 35 35 34 37 37 36 35
23 23 22 22 25 33 42 30 30 30 32 32 40 34 35 35 32 35 33 33 33 32 33 34 35 35 35 36 40 41 42 43 44 45 46 46 45 44 46 50 51 49 51 53 52 49 49 48 49 48 49 49 50 50 49 49 48 47 47 40 38 37 41 38 39 44 44 44 43 43 39 40 37 35 38 38 36 38 36 34 36 35 32 32 33 36 34 35 38 35 35 39 39 36 35 36
20 21 21 24 27 29 31 37 31 31 31 34 37 37 36 34 33 36 35 32 32 32 33 35 34 36 39 40 40 42 42 43 44 44 45 45 45 46 48 49 48 51 52 52 51 49 49 48 48 49 48 48 50 49 49 48 48 47 46 46 46 46 45 44 45 45 45 43 44 44 42 41 37 31 33 39 37 39 37 33 40 36 36 37 34 36 40 41 38 41 40 37 39 37 37 36
21 22 27 26 27 26 28 42 35 32 31 31 32 35 38 37 36 34 32 31 33 33 35 36 35 36 39 40 40 35 41 42 44 43 43 45 42 43 47 45 46 51 51 52 50 50 48 46 46 47 46 48 48 50 46 46 47 41 37 44 44 45 46 45 45 44 43 40 41 40 43 42 36 37 36 38 38 41 41 41 40 32 33 38 37 39 39 38 39 37 38 37 37 38 37 35
20 23 25 23 25 26 28 42 28 33 30 32 33 34 34 38 34 32 33 33 34 33 35 36 36 39 40 39 40 37 36 40 37 38 40 42 43 44 43 45 48 50 51 52 52 53 49 48 39 39 45 47 48 46 45 40 46 47 39 35 38 41 43 40 43 42 41 36 32 40 42 42 41 37 41 40 36 35 32 35 38 41 40 41 40 36 37 41 39 40 38 38 38 36 34 30
19 21 20 20 22 23 25 29 33 28 30 30 30 29 34 36 38 35 33 36 35 34 36 37 34 35 39 39 40 39 36 35 35 34 36 38 40 45 42 42 48 49 49 51 52 52 49 45 43 39 35 44 46 40 46 37 37 46 39 40 36 37 41 39 37 33 33 36 29 30 31 37 42 41 41 35 30 32 33 36 41 37 35 39 38 39 37 39 38 39 39 39 34 32 23 33
22 17 17 21 23 25 27 39 30 28 29 30 28 30 34 35 38 36 34 37 37 36 37 36 35 34 35 33 36 38 38 37 34 36 36 37 40 42 43 43 50 47 48 41 46 52 52 45 45 40 40 39 46 37 39 41 38 45 42 42 38 35 34 37 33 35 36 32 31 35 32 33 33 31 31 33 36 35 33 36 34 39 36 38 39 37 37 39 39 36 32 40 35 32 34 30
18 21 19 19 21 23 26 38 28 28 29 28 29 26 29 31 36 38 36 37 33 36 36 37 37 36 37 35 34 37 38 39 36 36 37 37 38 38 39 40 48 45 39 41 46 46 52 51 42 41 44 37 38 39 36 40 35 37 44 41 36 35 37 33 35 32 37 34 36 33 36 31 36 32 34 35 32 34 34 36 34 34 35 35 34 33 34 40 39 35 37 37 37 34 21 21
19 18 20 20 26 25 26 27 29 28 29 28 27 29 30 30 32 36 37 35 32 33 33 36 33 32 33 33 32 33 35 35 38 39 38 39 39 45 45 46 40 37 41 46 49 49 50 51 42 44 43 43 36 39 39 35 39 43 40 38 36 40 35 34 33 38 39 39 32 32 34 35 34 34 34 33 33 36 35 34 32 31 31 30 32 29 30 32 37 35 24 31 23 31 18 22
19 19 20 21 23 23 25 35 33 29 27 27 31 31 33 34 35 36 37 32 31 31 33 34 35 35 35 34 35 36 35 36 37 38 38 36 41 45 41 37 38 37 39 40 40 43 44 51 46 42 45 46 41 39 36 36 36 41 36 35 36 39 38 38 35 33 35 39 36 36 34 36 36 36 35 38 38 35 33 29 25 34 37 35 33 29 29 23 28 34 30 26 18 17 21 21
19 19 21 22 25 29 37 39 34 28 28 28 27 26 26 27 29 31 37 32 30 32 33 33 33 34 34 34 32 32 32 35 36 35 36 36 38 38 39 39 39 40 40 39 40 40 43 49 50 50 50 49 46 42 42 39 36 37 39 36 34 39 37 38 37 36 34 38 42 35 35 35 36 37 38 37 36 35 36 35 31 35 37 35 32 31 33 30 26 26 17 24 18 19 20 19
19 19 20 21 22 25 27 33 32 30 31 30 30 28 29 31 33 32 35 36 32 33 32 31 32 33 35 35 35 33 34 32 32 33 36 36 38 38 39 39 41 41 43 40 40 40 41 40 44 44 43 49 49 46 44 46 43 39 37 40 36 39 39 38 37 37 36 37 42 40 37 38 38 38 39 38 38 38 36 36 36 37 37 35 29 34 32 33 26 28 20 26 29 20 18 21
20 18 18 21 25 25 28 32 38 29 31 30 30 27 27 27 29 30 35 34 34 33 32 32 33 34 35 35 36 32 32 34 33 32 33 37 38 38 40 40 40 40 40 43 41 41 43 42 42 42 43 43 49 49 48 48 48 48 40 38 42 41 38 39 42 41 43 44 44 41 42 38 39 40 40 37 36 36 37 36 38 38 35 34 29 34 31 34 32 21 29 21 29 18 20 19
19 19 21 22 24 27 27 31 40 36 32 26 26 27 28 30 29 30 31 35 32 33 33 33 35 35 36 36 34 34 35 35 34 32 36 35 38 38 39 40 41 41 42 43 45 45 45 43 43 43 43 43 43 46 46 45 46 45 46 42 43 45 45 45 43 42 42 42 40 43 44 42 42 42 40 39 38 39 37 38 37 39 36 32 27 32 35 29 33 27 33 29 24 19 19 19
19 20 22 24 24 25 30 30 39 34 27 30 31 27 29 30 29 30 30 33 33 36 34 35 36 35 36 36 36 37 35 35 34 35 38 38 36 36 39 41 41 42 44 44 44 44 44 43 44 46 43 43 47 45 44 42 42 45 46 47 44 44 41 41 40 40 39 39 38 42 41 41 40 40 39 40 40 40 40 40 39 38 36 32 32 33 36 31 34 31 26 19 21 23 20 19
21 21 27 24 34 26 27 38 31 32 33 28 29 29 31 29 31 30 29 30 34 32 33 36 36 36 36 36 36 34 34 35 34 34 37 37 37 37 39 40 40 40 42 43 44 45 44 43 43 44 45 47 44 44 43 44 47 47 44 43 43 44 44 42 41 40 38 38 39 42 39 38 40 41 38 36 39 40 39 39 39 39 38 35 36 37 34 34 24 19 19 22 21 24 20 19
19 22 23 31 25 29 27 39 30 24 30 26 27 27 30 31 31 33 31 33 35 32 34 36 36 36 36 36 36 34 33 32 35 37 36 36 38 36 37 40 41 42 43 43 44 44 44 45 44 43 46 44 44 45 46 47 46 44 44 44 41 42 43 41 40 39 38 38 39 40 40 38 39 40 38 37 37 37 39 38 37 37 38 39 38 36 34 34 31 20 20 19 22 21 20 21
21 21 31 24 23 33 28 39 38 30 26 26 27 27 28 32 31 30 34 30 31 32 32 36 36 35 35 35 35 34 35 34 36 37 36 35 39 39 38 38 41 42 43 44 44 45 44 44 43 42 42 44 46 46 48 46 45 49 43 44 42 42 40 42 42 40 39 39 39 38 41 37 39 39 37 36 39 38 38 38 37 35 37 37 37 35 29 28 28 20 18 18 21 22 20 20
21 21 29 23 25 23 26 38 30 28 27 28 26 27 28 27 27 29 33 31 31 36 33 34 35 32 33 33 34 32 33 35 36 37 39 39 38 38 40 38 38 42 42 43 42 42 41 40 41 42 42 43 44 47 48 45 45 46 43 42 42 40 39 41 41 39 39 39 37 39 38 37 38 39 37 37 37 37 37 36 34 34 35 35 36 35 28 21 21 20 17 15 19 26 20 21
24 26 21 23 25 28 30 39 28 28 29 28 26 26 27 26 28 30 31 32 33 34 36 36 35 34 33 31 32 34 38 37 37 37 38 40 38 38 40 41 39 38 42 43 41 40 39 41 42 42 41 43 44 46 48 43 42 46 44 44 44 42 42 40 38 38 38 38 38 37 39 37 37 37 36 37 37 35 33 34 34 27 31 31 31 36 31 21 19 20 19 17 20 22 24 23
24 23 23 26 26 26 27 33 29 30 34 33 31 26 27 28 29 29 31 33 34 35 35 35 33 34 35 33 33 34 36 38 40 38 41 41 40 40 37 45 39 38 40 43 40 42 42 42 42 42 42 43 44 47 47 45 42 43 43 43 43 43 42 42 40 40 39 40 38 38 36 36 37 37 35 35 35 33 31 32 28 30 24 27 32 32 33 18 20 22 21 20 29 24 23 20
23 23 23 25 25 26 28 30 31 35 32 26 26 26 26 27 30 31 32 33 34 35 36 35 34 34 33 33 34 35 37 37 37 36 39 42 43 42 43 42 43 41 38 45 41 43 44 43 42 43 47 47 47 48 46 42 44 42 41 41 42 42 42 42 42 39 38 38 37 33 35 36 35 32 33 33 31 24 25 25 18 17 21 27 23 20 33 33 20 30 22 31 25 20 20 20
