DE_airtemperature/2018_06_airtemp.asc
NCOLS 654
NROWS 866
XLLCORNER 3280414.711633467
YLLCORNER 5237500.62890625
CELLSIZE 1000
NODATA_VALUE -999
[rows 451 to 491 of 866, columns 470 to 563 of 654]
180 181 180 180 180 180 180 179 178 178 179 180 180 179 180 179 178 177 178 180 180 178 177 176 176 176 175 175 177 177 176 178 177 175 175 176 175 174 173 173 172 171 171 169 172 172 175 172 172 171 170 170 170 170 171 172 170 173 171 170 170 171 171 169 169 168 168 166 172 168 168 171 171 168 168 170 171 170 170 167 169 168 169 171 174 171 170 174 179 171 172 178 175 177
181 181 179 179 180 179 178 177 179 180 180 178 178 182 180 177 177 177 177 178 178 178 177 175 175 175 175 175 175 175 176 177 177 178 176 176 176 174 174 173 172 169 169 168 170 171 174 173 173 172 170 169 170 169 171 171 170 172 171 170 169 170 170 168 169 167 168 166 170 168 166 169 170 170 168 170 169 171 169 169 168 167 168 169 172 171 170 172 171 173 171 177 174 175
180 180 179 179 179 178 178 179 178 180 179 181 181 178 177 178 177 177 177 176 177 176 177 175 176 175 175 175 174 174 176 177 179 178 178 176 175 174 172 172 170 168 168 168 170 171 171 172 172 170 171 170 169 169 170 170 170 172 170 170 168 170 169 169 169 168 166 166 167 170 166 167 168 168 169 169 168 170 168 166 166 165 167 170 169 171 171 176 168 169 171 171 171 174
180 179 179 178 178 177 177 177 179 180 178 178 178 178 178 177 177 175 175 175 176 176 177 177 175 175 174 175 175 175 177 179 179 179 175 174 173 171 170 170 172 169 168 169 168 173 172 170 173 171 169 168 168 167 168 169 170 170 172 168 167 170 169 168 167 166 166 166 165 168 167 166 165 167 167 168 167 167 169 165 164 165 166 169 167 168 169 172 170 167 170 169 170 170
180 179 178 177 178 180 178 179 180 178 178 177 177 176 177 176 176 177 176 175 176 176 176 178 178 178 176 175 177 176 178 180 178 177 176 176 176 173 170 168 169 168 168 170 171 169 170 169 172 170 170 168 167 166 166 167 167 169 170 168 167 169 169 167 164 165 164 165 164 164 167 165 164 164 165 169 167 165 166 164 162 164 163 164 166 167 169 169 173 166 168 170 169 170
180 178 178 178 179 180 179 181 181 180 179 177 177 176 175 175 176 177 174 175 175 176 176 179 176 176 175 175 177 178 177 178 179 175 175 174 175 172 170 167 168 167 167 168 169 167 167 169 171 167 170 168 167 166 166 166 167 169 170 169 166 167 168 166 166 164 163 163 164 163 164 167 162 161 167 163 165 167 162 159 162 163 161 162 163 163 165 171 174 166 170 167 167 169
179 179 178 179 179 181 179 178 179 177 176 177 175 175 176 173 176 174 173 174 176 176 177 179 177 176 176 175 176 178 176 177 177 175 174 172 172 170 170 169 167 167 170 171 167 167 167 167 169 166 169 169 167 166 165 166 165 167 171 169 167 166 166 168 166 164 164 163 164 162 162 163 161 162 165 162 164 164 165 156 158 160 162 163 164 172 174 167 171 168 167 165 165 166
178 177 178 177 181 178 178 180 177 175 175 175 175 175 174 175 174 174 174 174 175 175 176 178 178 177 176 175 174 175 178 178 179 179 176 174 173 171 169 173 171 170 171 172 169 167 166 166 168 166 168 166 165 166 164 166 165 166 171 166 165 165 166 168 167 166 165 166 163 164 163 160 161 164 160 161 160 161 163 163 157 158 160 166 168 169 165 168 164 167 163 164 168 165
177 177 178 178 181 175 178 178 178 176 175 173 175 176 175 175 174 174 175 174 175 176 176 177 178 178 176 176 176 176 177 178 178 178 179 178 177 174 174 177 172 172 173 170 170 166 165 166 165 164 166 166 165 164 164 165 163 163 168 168 167 164 164 166 165 165 165 165 165 163 161 162 161 163 160 159 159 163 161 166 158 155 154 159 160 166 161 162 165 165 163 161 162 163
177 179 181 181 177 175 177 177 175 176 175 174 173 174 176 174 174 174 173 174 176 174 174 176 177 178 178 175 173 174 176 178 175 176 174 176 178 178 178 177 176 175 174 169 168 168 167 167 166 165 166 166 164 163 164 164 164 167 168 169 168 165 163 165 162 164 164 164 161 164 163 161 160 161 158 158 156 157 162 159 162 158 155 156 159 164 163 159 160 163 161 160 162 161
179 181 181 180 175 175 176 177 175 175 174 173 172 174 174 174 173 173 174 174 177 174 175 176 177 178 178 177 175 171 174 175 173 173 174 176 178 177 173 171 174 172 171 168 167 168 168 167 165 163 164 164 162 163 162 164 165 165 165 169 165 168 166 162 161 163 163 161 159 162 162 160 158 161 159 157 155 158 161 157 155 157 156 153 155 160 166 162 159 161 163 159 159 161
179 178 178 178 175 175 175 175 177 175 174 173 172 173 172 173 170 172 173 176 175 176 177 179 179 179 177 175 175 174 174 174 173 172 172 175 178 171 170 171 175 173 171 168 167 168 167 166 165 162 163 162 162 162 161 164 163 163 164 167 166 165 164 163 161 160 160 158 159 161 159 159 158 161 157 156 156 156 157 158 149 156 152 152 157 159 162 164 162 160 159 159 158 159
178 176 177 176 176 175 174 175 175 176 174 171 171 172 171 169 170 171 174 176 176 177 178 177 178 179 177 177 176 175 173 170 171 169 170 173 175 174 171 173 174 172 169 173 173 167 165 165 163 165 163 160 159 160 163 164 162 164 164 167 163 161 166 161 163 163 160 158 155 157 160 160 158 157 159 158 154 154 159 156 148 148 151 151 156 161 163 163 164 157 157 158 156 157
178 177 175 174 174 173 173 172 173 174 173 171 170 170 169 169 172 175 175 175 176 177 178 178 177 178 177 177 176 175 170 170 168 169 172 173 177 173 170 171 174 172 167 169 169 169 167 167 166 164 162 163 160 163 164 164 165 164 163 164 167 162 162 165 161 161 160 161 159 154 156 158 157 153 158 155 152 155 157 151 153 151 149 151 152 155 154 157 158 160 158 155 156 158
180 177 175 174 173 172 172 172 173 171 171 167 169 169 168 173 175 175 176 176 176 177 177 175 179 177 176 176 174 171 171 168 168 172 174 176 175 171 169 170 173 174 171 169 167 166 167 167 165 165 166 165 162 162 163 163 164 163 162 166 161 162 161 160 161 158 158 158 161 158 157 157 156 154 156 158 155 152 153 147 146 150 146 154 151 155 152 160 161 159 157 154 154 154
177 179 177 177 173 172 173 171 171 171 170 167 168 169 172 173 174 175 175 175 175 176 175 176 178 177 176 175 172 170 170 168 172 175 170 176 176 171 168 170 170 172 174 170 168 165 165 165 168 168 167 164 165 163 163 161 161 163 162 165 164 162 159 157 165 163 159 159 155 156 158 158 152 153 154 153 158 154 155 150 147 149 146 147 150 150 150 157 153 155 154 158 153 153
176 179 178 177 175 174 174 174 175 172 171 172 172 172 172 173 174 173 173 174 173 173 173 173 175 177 178 177 175 172 170 168 170 172 169 173 170 175 174 172 166 169 171 172 170 168 167 164 164 164 164 164 162 159 160 160 159 160 160 162 164 161 161 159 158 160 163 159 158 154 155 156 155 152 151 149 151 151 153 149 148 145 147 145 147 150 153 152 151 154 151 156 153 152
177 177 177 176 179 176 175 175 175 177 175 175 174 174 174 173 173 172 171 172 172 174 174 173 175 176 175 173 172 174 173 167 167 168 167 171 171 172 172 166 166 166 171 171 171 168 166 165 165 163 161 159 160 162 161 161 160 159 162 159 161 160 163 160 156 158 159 158 155 152 152 152 151 149 153 149 150 152 147 153 145 146 143 142 142 148 149 155 151 152 149 153 156 152
177 176 175 177 176 178 178 178 175 177 177 176 176 174 173 174 173 172 173 172 172 174 174 175 177 175 175 174 171 170 174 171 166 165 169 170 168 170 175 167 166 164 167 168 169 168 165 166 163 162 163 160 162 163 162 160 159 158 158 155 155 156 158 160 158 155 160 161 155 154 152 150 151 147 150 148 149 152 149 148 149 146 143 140 142 145 146 148 151 149 148 148 151 -999
175 175 175 175 176 174 178 175 176 176 175 175 173 173 173 172 171 172 173 174 173 173 175 176 176 176 170 172 171 173 174 168 165 166 167 168 168 168 176 173 168 162 163 169 169 170 166 165 164 164 163 161 163 162 161 157 153 153 155 156 158 159 159 160 157 156 157 158 157 156 152 149 151 146 146 147 145 147 146 146 147 150 145 145 143 141 143 145 147 147 147 149 152 -999
177 175 174 174 174 175 176 175 176 173 174 176 175 172 171 171 171 172 173 173 174 174 175 174 173 172 168 167 167 168 171 169 169 166 167 167 169 169 174 171 169 163 163 163 165 169 167 164 165 165 165 165 160 161 159 157 155 153 151 153 153 154 154 156 156 151 153 154 152 154 154 154 156 155 152 152 146 145 145 145 145 146 149 -999 -999 -999 -999 -999 -999 -999 146 -999 -999 -999
176 177 175 173 173 174 173 173 175 173 173 175 173 173 173 171 172 173 174 174 174 173 172 172 170 166 167 169 168 169 171 172 167 167 167 169 172 174 173 168 164 162 161 164 169 168 166 164 167 167 165 162 161 160 160 159 157 154 152 152 152 152 154 153 158 150 151 152 150 149 148 149 150 146 147 151 150 -999 -999 -999 -999 -999 -999 -999 -999 -999 -999 -999 -999 -999 -999 -999 -999 -999
173 177 175 175 173 174 175 171 173 172 174 175 174 171 172 171 172 173 173 173 172 171 170 168 165 168 172 168 173 171 173 167 167 167 170 169 172 167 166 166 161 161 163 163 167 165 169 170 164 167 166 165 163 160 161 159 157 154 152 152 152 152 150 152 154 148 150 151 153 150 151 152 148 148 145 147 148 -999 -999 -999 -999 -999 -999 -999 -999 -999 -999 -999 -999 -999 -999 -999 -999 -999
173 174 173 174 171 172 173 173 171 173 173 173 173 173 171 172 171 170 170 169 169 167 164 164 169 169 171 170 168 165 164 164 166 167 169 173 172 166 163 160 162 162 158 160 160 163 164 165 166 162 160 160 159 159 157 156 155 155 155 154 155 154 151 152 153 152 154 152 153 155 -999 -999 -999 -999 -999 -999 -999 -999 -999 -999 -999 -999 -999 -999 -999 -999 -999 -999 -999 -999 -999 -999 -999 -999
173 173 175 172 171 172 170 172 173 170 170 172 172 171 170 171 169 169 168 166 166 163 164 168 170 166 166 165 163 163 166 170 169 168 167 166 173 163 163 161 160 159 162 158 158 161 165 167 167 162 159 159 159 158 158 156 156 157 156 155 156 153 151 150 148 150 154 153 155 153 -999 -999 -999 -999 -999 -999 -999 -999 -999 -999 -999 -999 -999 -999 -999 -999 -999 -999 -999 -999 -999 -999 -999 -999
172 174 174 173 174 173 172 169 171 169 171 171 169 170 171 170 169 169 169 166 164 165 168 170 168 163 162 167 161 166 168 168 167 168 166 169 168 165 161 158 158 159 161 158 158 160 165 164 168 167 161 160 161 158 155 156 158 158 157 158 153 151 154 151 149 155 157 153 145 144 151 -999 -999 -999 -999 -999 -999 -999 -999 -999 -999 -999 -999 -999 -999 -999 -999 -999 -999 -999 -999 -999 -999 -999
173 173 172 173 174 170 169 170 168 169 168 168 169 170 170 167 170 165 167 162 165 168 167 164 164 160 161 162 165 164 166 168 166 166 168 167 172 166 163 159 158 159 161 157 156 159 159 167 163 168 167 165 160 160 159 158 161 157 158 155 153 153 152 151 152 157 152 150 146 145 145 -999 -999 -999 -999 -999 -999 -999 -999 -999 -999 -999 -999 -999 -999 -999 -999 -999 -999 -999 -999 -999 -999 -999
174 172 170 171 172 171 170 168 168 167 167 167 168 169 166 167 168 164 163 163 166 167 163 163 161 163 158 157 161 162 164 167 163 165 167 165 171 165 165 161 159 158 159 156 157 159 162 160 158 161 165 163 165 163 161 160 159 156 152 151 153 155 156 152 152 153 152 145 144 142 -999 -999 -999 -999 -999 -999 -999 -999 -999 -999 -999 -999 -999 -999 -999 -999 -999 -999 -999 -999 -999 -999 -999 -999
175 175 172 170 171 171 168 169 168 168 166 167 168 167 165 167 165 164 162 165 162 165 160 161 158 161 160 159 160 161 163 163 163 167 165 168 169 168 167 164 161 157 156 156 157 157 158 160 158 156 158 161 163 165 164 160 158 157 155 152 155 156 154 153 156 146 150 146 145 -999 -999 -999 -999 -999 -999 -999 -999 -999 -999 -999 -999 -999 -999 -999 -999 -999 -999 -999 -999 -999 -999 -999 -999 -999
174 173 173 171 172 169 168 167 168 166 168 166 168 165 167 168 164 162 160 160 162 165 163 161 160 160 158 158 163 162 167 165 162 166 162 165 168 164 161 160 158 155 157 158 156 158 158 164 159 156 153 154 158 162 165 165 161 158 155 152 157 160 158 157 151 147 145 142 144 -999 -999 -999 -999 -999 -999 -999 -999 -999 -999 -999 -999 -999 -999 -999 -999 -999 -999 -999 -999 -999 -999 -999 -999 -999
174 173 171 172 174 171 168 169 170 169 168 167 166 163 165 165 161 160 161 162 165 164 161 160 160 157 160 162 163 163 163 162 163 162 166 165 170 166 164 161 157 154 156 156 158 158 159 160 156 156 156 152 156 156 158 162 164 162 161 155 157 152 153 152 150 149 145 146 144 -999 -999 -999 -999 -999 -999 -999 -999 -999 -999 -999 -999 -999 -999 -999 -999 -999 -999 -999 -999 -999 -999 -999 -999 -999
174 173 174 173 175 171 170 171 171 170 168 167 166 164 164 164 159 160 162 163 166 163 158 156 155 156 157 158 158 162 162 160 161 160 160 164 168 163 164 159 157 156 156 157 156 156 157 158 160 153 153 152 153 155 158 161 156 158 162 158 158 151 149 147 148 142 144 146 -999 -999 -999 -999 -999 -999 -999 -999 -999 -999 -999 -999 -999 -999 -999 -999 -999 -999 -999 -999 -999 -999 -999 -999 -999 -999
176 176 174 173 172 171 170 169 170 172 166 165 165 162 161 157 160 159 161 162 165 161 157 155 156 157 157 153 157 158 161 158 157 160 159 163 166 167 160 160 157 154 154 155 152 155 155 157 152 157 150 150 152 150 153 154 152 149 157 -999 -999 152 153 147 147 141 145 -999 -999 -999 -999 -999 -999 -999 -999 -999 -999 -999 -999 -999 -999 -999 -999 -999 -999 -999 -999 -999 -999 -999 -999 -999 -999 -999
174 176 177 174 173 175 172 175 175 172 166 163 161 162 159 161 158 158 161 164 161 158 153 154 154 156 157 158 159 159 157 155 154 157 159 161 164 165 162 160 158 155 151 152 153 152 153 157 149 152 145 146 147 146 148 149 150 149 155 -999 -999 156 150 150 147 145 -999 -999 -999 -999 -999 -999 -999 -999 -999 -999 -999 -999 -999 -999 -999 -999 -999 -999 -999 -999 -999 -999 -999 -999 -999 -999 -999 -999
171 172 173 174 172 172 173 171 172 169 164 163 161 162 160 160 160 160 162 161 159 156 153 152 152 154 157 155 159 159 156 156 157 159 162 160 169 163 162 162 158 153 151 150 152 154 154 148 149 152 146 146 146 148 149 151 151 152 -999 -999 -999 -999 153 148 145 149 -999 -999 -999 -999 -999 -999 -999 -999 -999 -999 -999 -999 -999 -999 -999 -999 -999 -999 -999 -999 -999 -999 -999 -999 -999 -999 -999 -999
167 169 170 171 171 168 168 167 169 172 166 164 163 165 165 159 159 160 161 158 161 156 152 152 153 153 156 156 160 162 158 161 160 161 166 166 167 160 166 161 158 156 154 152 151 154 151 147 147 149 147 147 147 148 146 154 -999 -999 -999 -999 -999 -999 -999 -999 148 -999 -999 -999 -999 -999 -999 -999 -999 -999 -999 -999 -999 -999 -999 -999 -999 -999 -999 -999 -999 -999 -999 -999 -999 -999 -999 -999 -999 -999
168 164 168 168 165 162 164 165 169 172 166 166 165 167 165 165 161 159 159 156 158 157 154 153 152 153 155 160 161 162 162 162 166 164 162 159 164 162 159 159 162 155 156 152 150 151 149 147 147 149 149 148 147 148 151 -999 -999 -999 -999 -999 -999 -999 -999 -999 -999 -999 -999 -999 -999 -999 -999 -999 -999 -999 -999 -999 -999 -999 -999 -999 -999 -999 -999 -999 -999 -999 -999 -999 -999 -999 -999 -999 -999 -999
170 164 163 164 162 163 163 168 164 170 172 168 167 168 165 163 158 156 156 154 154 156 155 153 155 153 157 160 162 159 161 163 158 160 159 159 164 161 158 153 165 163 159 155 151 149 147 147 147 149 -999 -999 148 149 148 -999 -999 -999 -999 -999 -999 -999 -999 -999 -999 -999 -999 -999 -999 -999 -999 -999 -999 -999 -999 -999 -999 -999 -999 -999 -999 -999 -999 -999 -999 -999 -999 -999 -999 -999 -999 -999 -999 -999
169 167 163 161 161 165 164 167 168 170 171 167 170 160 161 158 154 155 156 153 153 151 154 155 156 154 153 158 160 156 158 159 160 158 161 162 158 160 157 158 156 155 161 153 152 150 146 147 148 -999 -999 -999 -999 148 149 -999 -999 -999 -999 -999 -999 -999 -999 -999 -999 -999 -999 -999 -999 -999 -999 -999 -999 -999 -999 -999 -999 -999 -999 -999 -999 -999 -999 -999 -999 -999 -999 -999 -999 -999 -999 -999 -999 -999
168 165 159 162 163 163 166 168 167 165 170 170 163 166 162 156 152 153 154 155 156 153 156 155 156 154 155 158 162 158 155 156 162 156 156 161 158 156 152 159 157 154 160 155 157 153 148 147 148 -999 -999 -999 -999 -999 -999 -999 -999 -999 -999 -999 -999 -999 -999 -999 -999 -999 -999 -999 -999 -999 -999 -999 -999 -999 -999 -999 -999 -999 -999 -999 -999 -999 -999 -999 -999 -999 -999 -999 -999 -999 -999 -999 -999 -999
168 161 161 163 165 164 167 164 164 166 165 170 170 167 162 155 157 152 154 157 160 153 154 158 156 157 156 158 158 155 153 154 160 152 145 156 160 154 151 155 155 153 154 159 153 151 150 151 147 -999 -999 -999 -999 -999 -999 -999 -999 -999 -999 -999 -999 -999 -999 -999 -999 -999 -999 -999 -999 -999 -999 -999 -999 -999 -999 -999 -999 -999 -999 -999 -999 -999 -999 -999 -999 -999 -999 -999 -999 -999 -999 -999 -999 -999
