DE_airtemperature/2018_11_airtemp.asc
NCOLS 654
NROWS 866
XLLCORNER 3280414.711633467
YLLCORNER 5237500.62890625
CELLSIZE 1000
NODATA_VALUE -999
[rows 583 to 635 of 866, columns 96 to 191 of 654]
55 54 50 53 54 53 52 55 56 58 62 56 55 57 57 59 61 66 60 62 62 64 62 62 59 64 61 60 62 64 64 61 61 64 62 61 68 66 68 67 68 58 58 58 63 63 63 66 67 67 67 67 65 65 67 67 67 65 64 61 61 63 63 64 65 65 66 67 67 67 66 64 65 64 65 66 70 70 70 70 70 70 70 70 70 70 70 70 70 70 70 69 68 68 68 68
50 53 58 55 54 57 54 52 56 57 60 59 62 57 60 65 67 61 66 67 68 64 65 62 61 65 64 62 61 62 62 68 67 64 61 63 63 61 63 65 61 60 59 62 64 64 66 64 66 67 67 66 66 65 66 67 66 66 65 64 64 64 65 64 65 67 66 66 67 65 64 64 64 64 65 67 70 70 70 70 70 70 70 70 70 70 70 70 70 70 70 69 68 68 68 68
50 54 52 58 55 54 57 50 53 53 54 57 65 66 66 59 61 59 61 63 65 68 68 66 64 66 67 64 63 64 66 68 57 63 68 67 60 60 62 68 58 57 59 60 63 63 63 62 65 66 66 65 66 66 64 66 67 67 67 67 66 65 65 66 66 66 64 66 66 66 64 64 63 65 65 66 70 70 70 70 70 70 70 70 70 70 70 70 70 70 69 69 68 68 68 68
50 51 55 57 54 55 54 51 53 55 56 56 60 60 58 61 53 58 57 63 57 63 66 68 68 68 68 69 66 68 69 69 62 63 56 57 60 60 60 67 58 58 60 62 58 64 64 64 65 66 66 63 65 65 66 66 66 66 65 65 66 65 66 65 66 67 66 65 65 65 64 64 64 65 64 67 70 70 70 70 70 70 70 70 70 70 70 70 70 70 70 68 68 68 68 68
51 53 52 58 54 57 53 54 55 55 56 66 65 60 56 57 59 53 56 62 57 61 62 66 65 64 66 63 64 66 69 61 60 62 66 65 59 60 58 66 62 61 61 62 65 66 66 64 66 65 65 63 63 63 63 63 62 64 65 62 64 64 66 64 65 66 67 66 66 66 65 64 64 65 65 68 70 70 70 70 70 70 70 70 70 70 70 70 70 70 70 69 69 68 68 68
51 52 50 57 54 54 60 54 55 58 62 62 58 63 58 54 55 55 57 56 60 64 63 61 65 61 62 61 63 68 67 60 60 61 63 61 61 60 63 67 62 59 61 63 61 63 61 64 64 63 65 65 64 63 62 60 60 60 60 62 63 64 63 65 66 66 66 66 66 67 66 65 65 65 66 69 70 70 70 70 70 70 70 70 70 70 70 70 70 70 69 69 69 69 68 68
51 52 51 56 51 56 55 59 56 59 65 60 56 59 62 61 57 53 53 57 61 60 60 63 59 58 61 64 60 66 63 64 56 60 58 57 61 60 62 64 59 59 58 60 63 60 60 60 62 63 65 62 62 61 60 60 60 59 61 59 63 62 61 66 66 65 66 66 66 66 65 66 66 67 67 69 70 70 70 70 70 70 70 70 70 70 70 70 70 70 69 69 69 69 68 68
51 53 52 49 49 56 55 59 61 63 58 63 56 55 60 60 60 60 58 58 55 58 59 60 60 60 62 63 60 69 63 61 60 57 58 59 62 62 68 62 59 58 60 63 58 58 60 60 60 61 61 61 62 60 59 59 60 59 59 62 63 64 65 65 64 62 64 65 66 66 65 64 65 66 67 70 70 69 70 70 69 69 70 70 69 69 70 70 69 69 69 69 69 69 68 68
57 53 56 47 48 51 52 61 62 58 61 58 62 59 58 60 60 57 57 57 56 58 59 57 57 58 62 61 69 70 66 60 59 59 65 66 67 66 68 67 61 59 61 65 61 59 59 62 61 64 60 60 60 60 58 59 63 63 61 63 63 64 63 62 62 59 61 64 65 65 64 65 65 66 66 69 69 69 69 69 69 69 69 69 69 69 69 69 69 69 69 69 69 69 68 68
53 59 54 50 54 51 61 62 56 58 57 59 58 59 56 58 59 56 55 58 60 56 56 58 58 60 60 67 64 62 61 61 58 60 65 68 67 67 69 63 61 61 66 61 59 59 61 60 59 62 63 59 60 61 61 62 62 63 62 61 59 62 63 59 58 59 60 61 65 64 66 66 65 66 68 69 69 69 69 69 69 69 69 69 69 69 69 69 69 69 69 69 69 69 68 68
53 51 56 49 50 61 59 56 54 54 56 60 56 55 54 57 57 55 54 56 58 61 62 62 61 62 63 69 63 61 59 58 59 66 62 67 61 64 70 64 59 63 61 60 59 59 62 58 60 64 60 58 61 65 60 62 63 60 58 58 62 62 62 60 59 60 60 62 62 64 66 67 67 68 69 69 69 69 69 69 69 69 69 69 69 69 69 69 69 69 69 69 69 69 69 68
56 59 57 56 58 58 58 52 52 51 57 55 58 55 55 57 56 52 55 59 56 59 62 64 58 60 64 69 67 64 59 58 63 62 61 67 62 69 67 66 61 66 62 62 58 60 59 62 61 59 58 58 59 59 60 61 58 59 60 61 60 62 62 61 62 61 60 62 64 67 67 67 67 68 70 69 69 69 69 69 69 69 69 69 69 69 69 69 69 69 69 69 69 69 69 68
58 56 55 57 55 54 51 55 51 50 52 53 54 56 57 56 55 54 59 62 62 61 65 66 67 65 68 69 63 66 66 62 60 62 65 67 65 71 62 64 64 67 61 63 59 59 60 59 64 59 60 58 59 59 61 58 58 59 61 59 59 59 61 64 64 63 65 66 66 68 68 69 68 69 69 69 69 69 69 69 69 69 69 69 69 69 69 69 69 69 69 69 68 69 68 68
50 54 53 53 46 48 44 50 53 52 50 48 53 56 54 57 55 56 57 56 59 62 64 60 65 64 68 63 64 65 62 60 63 65 66 67 66 69 65 63 62 67 60 63 61 60 59 61 64 60 58 58 59 59 59 58 58 59 59 59 59 61 63 64 66 66 67 67 66 67 67 67 67 68 69 69 69 69 69 69 69 69 69 69 69 69 69 69 69 69 69 69 69 68 68 68
49 50 47 46 49 42 45 45 50 49 46 50 53 54 55 54 57 56 59 60 60 64 60 62 61 63 67 61 63 61 60 61 64 61 67 63 66 65 66 61 62 63 61 60 63 59 57 61 60 61 59 57 58 59 59 58 58 58 59 59 60 60 61 64 63 63 64 65 66 67 67 68 67 68 68 69 69 69 69 69 69 69 69 69 69 69 69 69 69 69 68 68 68 68 68 68
49 50 44 48 47 47 45 46 51 51 53 53 51 53 52 55 59 57 60 62 61 62 61 63 66 66 63 59 60 61 60 60 64 63 63 60 66 67 64 62 64 65 61 59 56 58 60 59 61 60 57 59 62 62 59 59 59 59 59 60 60 60 60 62 61 63 64 65 67 68 68 68 68 68 69 69 69 69 69 69 69 69 69 69 69 69 69 69 69 69 69 68 68 68 68 68
52 51 47 48 44 43 42 50 52 55 54 52 51 53 56 56 59 59 62 60 63 61 68 69 64 64 65 61 59 61 59 61 66 62 63 60 61 67 66 64 62 64 64 61 59 56 55 57 58 59 57 59 61 63 63 64 62 61 62 60 60 60 60 62 61 63 65 66 67 68 68 69 69 69 69 69 69 69 69 69 69 69 69 69 69 69 69 69 69 68 68 68 68 68 68 68
52 49 49 49 47 48 45 52 55 54 52 53 51 53 52 54 59 60 61 64 63 65 65 62 64 64 60 58 58 57 59 60 62 60 63 60 56 62 69 66 64 65 61 61 58 57 58 56 55 55 56 59 61 63 60 61 65 64 64 60 60 60 60 61 61 64 66 67 68 68 69 68 68 67 67 68 69 69 69 69 69 69 69 69 69 69 69 69 69 68 68 68 68 68 68 68
50 47 48 48 47 48 50 51 51 53 56 52 50 51 53 57 58 57 59 65 66 68 66 63 61 63 63 60 60 56 58 62 61 62 60 60 63 62 70 62 64 66 60 57 58 57 57 60 58 61 60 61 61 63 60 60 60 64 67 64 64 61 60 61 61 66 66 67 66 66 66 67 67 67 67 68 68 69 69 69 69 69 69 69 69 69 69 69 69 68 69 68 68 68 68 68
51 48 48 50 49 52 50 52 51 50 60 53 54 55 53 59 58 59 61 62 67 61 68 62 60 60 67 60 62 60 58 60 58 61 56 57 61 64 70 65 63 64 59 59 58 56 59 61 61 61 61 62 62 63 62 65 65 65 65 64 65 66 66 66 65 66 66 66 66 66 67 67 67 67 67 68 68 68 69 69 69 69 69 69 69 69 69 69 69 68 68 68 68 68 69 68
54 51 48 50 52 51 52 49 51 55 62 56 54 55 58 61 57 58 61 68 65 63 67 61 66 60 64 68 67 65 61 58 60 57 58 61 62 67 70 63 64 61 62 62 50 49 51 60 62 61 62 64 66 66 66 64 64 62 62 62 64 61 64 66 67 67 68 68 68 68 68 67 68 68 68 67 67 67 67 68 68 68 69 69 69 69 69 69 69 68 68 69 70 69 69 69
50 51 49 50 50 50 52 49 49 52 60 63 59 59 62 61 61 67 67 67 62 60 62 66 60 59 60 64 64 61 62 59 59 60 59 64 65 67 69 62 60 60 61 59 52 46 44 57 62 62 63 62 63 66 63 60 61 60 61 64 62 59 60 62 65 66 67 67 68 67 67 66 66 67 66 67 67 67 67 68 68 68 69 69 69 69 69 69 69 68 68 69 69 69 69 69
52 50 52 51 48 53 53 52 56 62 63 55 64 59 61 61 66 66 63 63 62 61 62 66 59 61 59 61 67 62 63 61 58 58 61 65 67 64 68 64 59 58 57 52 54 53 53 60 62 64 65 64 64 65 62 60 61 62 63 62 60 59 60 62 66 66 67 68 67 68 67 67 67 66 66 67 68 68 68 68 68 68 68 69 69 69 69 69 69 69 70 69 69 69 69 70
52 48 50 56 49 51 55 58 60 53 56 59 66 66 66 64 61 66 63 63 62 59 63 67 60 59 59 62 64 61 60 60 57 59 65 63 66 69 63 59 58 62 51 50 56 56 59 61 62 63 63 64 65 65 62 60 61 63 62 60 60 59 62 62 66 66 68 68 67 67 67 68 67 67 67 67 67 67 67 68 68 68 69 69 69 69 69 69 69 69 69 69 69 69 69 69
55 52 49 50 47 48 50 55 57 55 57 65 63 58 60 61 61 63 66 61 56 56 64 60 63 58 56 59 63 58 57 58 57 57 61 66 62 66 63 62 63 58 53 61 56 61 64 62 65 64 65 65 65 65 63 61 62 60 60 59 60 58 58 61 65 66 66 66 66 66 67 66 66 66 67 66 67 66 67 68 68 68 69 69 69 69 69 69 69 69 69 69 69 69 69 69
52 52 50 46 49 56 57 58 58 52 59 64 61 59 60 60 61 60 64 60 51 51 64 67 61 61 56 59 63 64 60 58 57 62 64 63 60 61 63 67 64 64 61 61 60 60 63 64 65 66 64 64 65 63 62 61 60 60 61 59 59 58 62 63 65 66 66 66 66 66 67 66 66 66 67 66 66 66 67 68 68 68 69 69 69 68 68 69 69 69 69 69 69 69 69 69
51 52 50 52 51 57 58 56 55 60 66 66 63 60 56 59 50 53 63 61 51 52 59 64 65 60 57 59 62 62 62 57 56 57 64 63 61 61 61 64 67 63 63 63 63 64 63 64 64 64 63 62 63 61 61 61 64 62 63 64 61 59 65 65 66 66 65 65 66 66 67 66 66 67 67 67 67 67 68 68 68 68 69 69 69 68 69 69 69 69 69 69 69 69 69 69
49 47 48 58 60 56 56 59 58 57 58 65 62 58 56 55 55 53 53 62 57 54 58 64 62 61 56 57 60 60 59 58 57 60 63 61 64 61 60 62 65 65 66 65 63 58 60 62 64 64 61 58 61 62 62 63 65 65 66 66 65 65 62 64 65 66 66 66 67 68 68 68 67 67 67 67 67 68 68 68 68 69 69 69 69 70 69 69 69 69 69 69 69 69 70 70
52 56 52 62 62 64 63 63 59 62 59 65 68 62 61 56 53 48 59 62 58 57 59 65 61 56 55 60 60 60 57 55 57 61 63 60 62 60 61 63 62 63 63 64 62 58 61 63 63 61 60 59 61 61 61 63 65 66 66 63 60 59 63 65 65 65 65 65 67 68 68 68 68 68 67 68 68 68 68 68 69 69 69 70 70 69 69 69 69 69 69 70 70 70 70 70
59 60 61 61 58 60 65 65 61 65 65 65 66 62 59 61 58 57 59 53 58 59 58 60 67 63 59 62 58 61 60 59 60 60 59 61 62 60 64 63 63 61 63 62 62 60 62 60 62 61 61 61 60 61 65 64 64 64 65 61 58 59 64 64 65 65 64 66 68 68 68 68 68 68 67 67 67 68 68 69 69 69 69 70 69 69 69 69 69 69 70 70 70 70 70 70
60 59 58 57 61 59 64 64 65 61 65 61 65 58 61 64 60 62 58 55 57 58 58 59 61 64 66 61 63 61 61 60 61 60 57 59 61 62 62 62 63 59 63 60 61 59 59 61 61 61 63 61 62 64 64 63 64 64 63 60 58 62 63 64 66 65 66 67 68 67 67 68 68 68 68 67 67 67 69 69 69 69 70 70 69 69 69 69 69 69 70 70 70 70 70 70
59 55 54 57 58 62 63 60 59 63 62 66 62 52 55 60 63 58 59 57 55 56 56 60 60 58 64 64 63 63 61 60 59 58 58 59 59 57 61 60 63 61 63 59 59 61 61 63 59 60 63 63 62 63 58 61 62 61 60 64 59 59 65 64 65 65 66 66 66 67 67 68 68 68 68 68 68 69 69 69 69 70 70 70 70 69 69 69 70 70 70 71 71 71 71 71
60 56 58 59 59 62 63 59 59 62 66 64 54 51 59 64 61 57 55 55 57 58 55 57 57 60 64 65 62 64 63 60 60 60 58 58 58 59 61 63 61 61 62 64 63 62 61 57 61 60 63 60 58 57 59 60 60 59 62 57 58 59 65 65 65 65 65 66 66 67 67 68 68 68 68 68 68 68 69 70 70 70 70 70 69 69 69 70 70 70 71 71 72 72 71 71
59 58 57 60 61 61 59 59 62 62 65 66 60 57 62 62 61 63 61 58 59 60 61 58 57 60 60 66 66 64 65 64 60 62 61 61 59 60 61 61 62 61 60 61 61 61 62 58 61 61 59 60 58 59 61 61 60 59 63 55 57 58 63 63 64 67 67 68 68 68 68 68 68 68 68 68 68 68 69 70 70 70 70 70 70 69 69 70 70 70 71 72 72 72 71 71
58 57 62 57 58 60 61 59 62 64 62 67 63 61 60 60 63 63 61 60 61 62 64 63 57 62 66 61 65 65 62 60 61 62 65 60 60 61 61 61 61 61 61 63 61 61 61 59 59 62 59 60 57 59 61 60 63 59 61 58 55 61 61 62 65 67 67 68 68 68 68 68 68 68 68 68 68 69 69 70 70 70 70 70 70 70 69 70 70 71 71 72 72 72 72 71
56 57 60 62 61 58 60 58 59 64 66 67 64 61 58 59 59 61 63 62 63 64 63 64 65 63 63 62 65 66 65 62 62 62 65 63 59 60 60 60 62 62 62 62 62 62 62 59 61 58 58 58 58 60 60 60 61 61 56 53 56 58 62 62 66 66 68 67 67 67 68 68 68 68 68 68 68 68 70 70 70 70 70 70 70 70 69 70 70 71 71 72 72 72 72 71
55 54 57 62 61 60 59 63 65 63 67 64 59 59 60 62 61 62 60 61 62 64 64 64 65 65 62 63 63 64 66 67 66 63 62 63 61 60 60 61 61 62 62 62 62 62 62 57 57 59 58 57 58 60 60 58 59 54 58 54 55 61 61 65 66 66 67 68 68 68 68 68 68 68 68 68 68 68 68 70 70 70 70 69 69 69 69 71 70 71 71 72 72 72 72 71
56 59 62 63 67 60 59 62 63 67 66 61 60 61 63 63 63 64 63 63 63 64 63 63 64 64 65 65 65 63 64 63 63 62 62 59 58 61 61 61 62 62 62 61 62 59 56 62 55 55 57 58 58 58 56 54 58 53 61 51 52 59 59 66 67 68 68 68 68 68 68 68 68 68 68 68 68 68 70 70 70 69 69 69 69 69 70 70 70 70 71 72 72 72 71 71
59 60 61 62 62 61 65 64 63 61 62 67 63 64 64 64 64 64 65 63 63 64 66 65 65 65 65 62 62 64 64 65 65 62 61 65 64 61 64 62 64 63 60 59 61 57 61 59 56 61 58 58 59 58 58 55 54 51 57 59 54 59 64 66 68 67 68 68 67 68 68 68 68 68 68 68 68 68 70 70 69 70 70 69 69 69 70 71 71 70 71 71 72 72 71 71
61 61 61 61 59 61 64 59 59 59 62 64 66 66 66 66 66 66 66 66 65 64 66 66 66 65 63 63 64 65 63 64 65 65 62 63 64 62 64 62 61 62 62 62 60 58 57 63 58 59 59 59 61 62 59 60 52 62 65 63 63 63 61 67 67 66 66 67 67 67 68 68 68 68 69 68 69 69 69 70 69 69 69 69 70 70 70 70 70 70 71 71 71 71 71 71
62 63 62 62 61 62 59 61 62 66 66 63 63 65 64 64 65 64 66 66 66 65 65 65 64 65 65 65 65 65 64 65 65 64 65 65 65 63 63 63 59 61 60 61 62 59 59 58 58 60 59 59 62 65 64 63 67 59 61 63 67 64 63 65 66 65 66 67 67 67 68 69 69 69 69 69 69 69 69 69 69 69 69 70 70 70 70 70 70 70 70 70 70 70 70 70
57 60 62 63 65 60 60 64 65 66 66 64 64 64 64 64 65 64 66 66 66 66 66 66 66 65 65 66 66 66 66 66 66 66 66 66 65 65 64 64 61 62 63 64 62 64 59 58 58 62 62 59 60 61 65 64 58 57 55 58 63 61 59 63 66 66 67 67 67 67 69 69 69 69 69 69 69 69 69 69 69 69 69 70 70 70 70 70 70 70 70 70 70 70 70 70
58 62 62 62 62 63 64 65 64 65 66 64 64 64 65 65 65 66 66 66 66 66 66 66 66 66 65 65 65 65 65 64 65 65 64 63 65 63 64 64 61 61 62 59 59 58 62 59 58 61 64 58 60 56 62 57 54 57 60 61 56 57 60 63 66 67 67 68 68 68 69 69 69 69 69 69 69 69 69 69 69 69 69 70 70 70 70 71 71 70 70 70 70 70 70 70
62 63 63 63 64 62 67 64 67 68 67 66 67 66 66 66 66 66 66 66 66 66 66 65 65 62 62 62 61 64 64 64 64 63 64 62 65 62 62 62 61 58 59 60 59 63 59 64 58 64 64 60 57 58 49 62 56 55 57 61 58 62 58 61 68 69 69 69 69 69 69 69 69 69 69 69 69 69 69 69 69 69 69 69 69 69 69 70 71 70 70 70 70 70 70 70
57 60 63 64 64 65 67 65 65 66 67 67 67 67 66 66 66 66 65 63 64 64 62 61 59 59 61 61 60 63 63 63 59 61 61 60 61 62 63 59 62 57 57 59 61 61 61 57 58 63 65 65 60 56 59 62 53 55 56 59 53 57 59 63 69 69 69 69 69 70 70 70 70 70 69 69 69 69 69 69 69 69 69 69 69 69 69 70 69 69 70 70 70 70 70 69
61 61 63 64 64 65 66 66 66 67 67 67 67 67 66 65 60 60 60 60 60 56 58 58 58 58 60 61 59 62 59 58 62 60 58 59 56 59 60 59 56 57 61 59 59 57 56 56 60 60 60 65 63 63 53 56 60 56 63 57 59 64 60 67 70 71 70 70 70 70 70 70 70 70 69 69 69 69 69 69 69 69 69 69 69 69 69 69 69 69 70 70 70 70 70 69
62 64 64 64 65 65 67 67 67 67 67 67 64 61 61 60 60 59 57 59 55 55 59 54 58 59 62 61 63 60 64 60 63 62 63 57 56 60 60 59 60 61 62 60 55 58 56 55 58 57 55 63 67 59 58 56 52 55 61 56 56 60 63 69 69 70 70 70 69 69 70 70 70 70 69 69 69 69 69 69 69 69 69 69 69 69 69 69 69 69 69 70 70 70 69 69
63 63 64 64 65 67 66 66 67 67 67 66 63 61 60 61 61 56 59 60 57 58 57 60 57 57 59 60 61 63 58 60 59 61 59 57 57 57 57 55 58 57 61 59 55 58 55 55 55 54 59 59 62 62 66 57 59 59 61 60 63 60 66 70 71 70 70 69 69 70 70 70 70 70 70 69 69 69 69 69 69 69 69 69 69 69 69 69 69 69 69 69 69 69 69 69
63 64 64 65 66 67 67 67 64 64 60 63 58 62 61 57 57 59 62 56 61 56 58 60 60 58 60 60 62 61 58 58 60 57 57 59 56 59 57 58 56 54 57 56 57 56 55 55 58 56 61 59 64 60 69 55 57 63 66 56 59 62 70 70 71 70 70 69 69 69 70 70 70 70 69 69 69 69 69 69 69 69 69 69 69 69 69 69 69 69 69 69 69 69 69 69
64 65 64 66 66 67 67 65 61 63 59 60 58 60 57 61 62 58 61 56 62 61 55 56 61 55 58 60 64 63 64 62 58 58 56 55 56 56 55 53 52 56 60 59 56 56 62 55 60 60 59 63 62 60 67 67 68 69 61 56 60 66 70 70 70 71 70 69 69 69 70 70 70 70 70 69 69 69 69 69 69 69 69 69 69 69 69 69 69 69 69 69 69 69 69 69
64 65 65 66 67 67 64 64 60 61 59 62 60 57 60 60 61 62 64 57 61 55 60 57 60 56 61 61 62 60 59 58 60 60 60 56 55 54 54 52 49 54 58 57 60 61 55 62 61 62 58 58 62 67 60 57 57 63 65 56 65 70 71 70 71 71 70 69 69 70 70 70 70 70 70 69 69 69 70 69 69 69 69 69 69 69 69 69 69 69 69 69 69 69 69 69
64 65 66 66 65 63 63 63 62 59 61 64 62 60 64 61 60 62 58 61 57 57 56 57 60 61 59 63 58 60 57 57 57 59 60 55 56 57 53 58 56 59 63 57 56 64 66 61 58 60 60 63 66 62 53 58 63 67 64 71 72 71 72 71 71 70 70 70 70 70 70 70 70 70 70 70 70 69 69 69 69 69 69 69 69 69 69 69 69 69 69 69 69 69 69 69
65 65 67 67 66 63 61 65 64 61 64 61 64 61 61 61 64 62 62 65 60 61 57 60 59 59 61 61 61 63 61 60 59 59 57 55 55 57 58 57 55 57 52 53 58 62 62 64 66 64 64 68 63 62 51 51 60 64 63 58 67 69 71 71 71 71 70 70 70 70 70 70 70 70 70 70 70 70 69 69 69 69 69 69 69 69 69 69 69 69 69 69 69 69 69 69
