DE_airtemperature/2018_06_airtemp.asc
NCOLS 654
NROWS 866
XLLCORNER 3280414.711633467
YLLCORNER 5237500.62890625
CELLSIZE 1000
NODATA_VALUE -999
[rows 410 to 450 of 866, columns 282 to 375 of 654]
175 175 173 177 175 167 174 172 174 172 172 176 175 175 174 173 164 171 174 168 166 166 164 165 163 162 170 171 170 171 171 172 173 173 172 174 176 173 172 174 173 172 170 164 163 164 165 166 167 170 170 173 170 170 171 169 169 171 171 172 170 169 169 174 178 180 171 170 179 182 182 182 179 179 176 178 180 181 184 181 181 185 186 188 189 189 189 189 191 191 191 192 192 192
178 176 172 175 175 169 174 170 174 168 171 175 176 177 167 165 168 167 168 172 169 168 164 167 167 164 162 168 169 165 169 171 171 173 174 174 173 173 174 172 171 170 162 164 165 166 168 169 170 167 167 172 172 175 175 172 171 173 173 173 172 170 170 173 179 173 172 170 178 179 180 182 183 183 182 180 179 184 184 180 179 179 180 186 188 190 190 190 191 191 191 191 192 192
177 173 175 174 175 175 172 171 173 164 163 167 174 174 174 164 165 166 170 167 170 172 169 167 165 165 162 162 167 165 167 169 171 167 169 169 169 169 170 169 164 165 165 166 167 168 168 170 169 169 168 169 169 170 171 176 174 175 175 173 173 172 171 171 172 173 172 169 172 172 173 179 180 178 182 182 183 184 180 184 183 182 180 178 187 188 190 190 190 191 191 191 189 189
172 178 170 170 172 174 171 164 171 162 164 169 173 171 169 171 163 163 165 165 164 166 166 169 164 164 163 165 166 167 168 168 166 167 165 164 164 164 165 164 165 166 167 167 168 169 169 167 169 168 168 170 170 170 173 173 176 174 174 174 174 174 174 173 173 176 171 169 170 172 175 176 176 177 174 176 181 179 183 185 181 176 179 182 181 185 189 190 190 191 191 191 191 189
174 181 174 166 169 172 173 171 165 164 165 172 165 168 169 173 173 164 164 165 163 164 165 164 164 164 165 167 169 167 168 168 167 165 164 166 166 167 166 167 167 167 167 169 170 170 166 168 169 168 169 172 174 173 176 176 176 175 176 174 175 177 176 175 176 176 174 173 171 171 170 171 173 175 178 172 175 171 174 180 181 177 176 175 181 181 182 188 189 190 190 191 191 189
183 183 179 177 168 165 170 174 172 168 167 172 168 164 164 165 167 165 165 164 163 162 165 163 165 165 167 170 171 172 171 170 169 169 166 165 166 166 167 168 167 167 168 169 168 168 168 170 170 170 171 173 175 175 177 178 177 173 176 176 176 178 179 177 177 177 177 175 173 171 171 172 173 174 178 173 172 174 180 180 185 180 180 180 179 177 182 184 186 190 190 190 190 188
181 183 183 183 175 172 171 175 176 175 175 171 165 163 163 167 167 167 165 167 165 166 163 162 164 167 168 170 170 172 173 172 170 170 169 168 168 167 166 167 165 167 167 169 168 167 169 170 172 171 172 174 175 176 176 176 178 178 178 176 178 179 179 178 179 179 179 177 176 174 172 172 174 175 176 175 174 175 176 179 180 184 184 184 182 184 183 182 190 188 189 190 189 189
174 179 181 181 182 180 177 175 172 175 174 174 172 169 164 162 164 172 170 172 170 169 165 162 162 165 167 167 169 172 173 172 173 172 172 171 171 170 169 168 168 168 167 167 167 167 169 171 172 173 172 173 175 176 178 179 179 180 180 179 179 177 178 179 180 180 179 178 178 176 174 174 175 175 176 177 177 177 178 181 182 186 185 182 182 184 186 187 189 184 184 186 189 189
172 182 180 174 183 184 183 177 177 173 166 170 169 169 168 166 169 167 173 173 173 171 168 163 164 163 165 167 167 170 173 172 176 174 174 174 174 173 172 170 170 170 172 171 171 171 172 172 173 174 174 174 176 176 176 177 179 179 180 181 181 179 179 178 179 179 181 180 179 177 176 175 175 176 177 179 180 179 180 183 184 187 185 184 186 186 187 189 189 188 186 183 186 187
178 172 170 177 182 184 177 176 171 170 173 171 164 169 170 172 171 172 173 175 173 172 165 163 167 164 165 166 168 169 169 170 171 175 175 176 175 175 173 172 172 172 172 172 174 173 175 174 175 175 176 175 175 175 177 178 178 178 179 180 180 181 180 180 179 180 181 182 179 178 177 177 177 178 179 181 181 182 177 185 185 187 186 186 187 188 188 189 189 189 188 187 183 185
180 168 172 174 184 183 181 179 176 176 176 165 167 164 172 173 168 173 174 174 164 165 164 165 165 165 164 166 168 168 170 171 172 174 175 175 177 177 175 174 173 173 173 172 173 174 174 176 177 177 176 177 177 176 177 177 177 179 179 179 179 179 181 181 181 181 180 182 181 179 179 178 179 179 181 182 181 182 183 185 184 186 187 187 187 189 189 189 189 188 188 187 186 183
175 173 172 175 181 183 182 179 172 169 168 162 168 172 175 173 172 176 175 175 165 167 166 167 168 167 164 168 169 171 172 171 174 175 176 176 176 175 178 176 175 176 172 172 173 174 174 173 176 178 178 177 177 178 177 176 177 179 179 179 179 179 179 180 179 180 181 181 182 184 181 181 181 181 182 182 183 184 183 181 182 185 185 184 185 187 189 189 189 188 188 187 187 184
173 173 173 172 177 184 184 184 183 174 168 164 173 172 174 178 173 176 177 175 166 173 168 170 172 170 167 173 170 172 173 174 175 176 177 178 178 178 178 177 178 178 171 170 172 174 175 176 177 177 179 179 178 179 176 176 176 178 177 178 178 179 179 180 180 180 180 179 180 183 183 182 182 183 183 184 183 183 183 183 184 184 183 183 185 186 189 189 189 189 188 187 188 187
173 176 175 174 171 181 181 185 181 165 162 166 168 172 171 176 176 173 177 173 167 176 175 172 169 166 167 166 167 171 174 175 175 176 178 179 179 179 180 181 180 178 175 175 176 177 178 180 180 179 179 179 181 178 177 175 174 175 175 177 177 177 177 179 178 178 179 179 179 181 182 183 184 184 184 184 185 184 184 182 183 185 186 185 186 187 188 188 189 188 188 188 187 186
176 178 175 173 174 177 184 182 177 176 171 174 161 170 171 173 176 174 179 174 171 176 167 172 166 164 164 164 166 168 171 174 174 176 176 177 178 180 180 181 180 180 178 180 180 179 179 180 181 181 182 181 181 178 180 178 174 173 174 175 175 177 177 177 177 178 178 179 179 180 181 181 183 185 185 185 184 183 182 186 186 186 186 186 187 187 188 186 186 186 187 187 187 187
175 178 178 174 174 174 183 183 178 177 175 171 169 176 175 169 176 177 181 178 171 178 167 166 165 167 164 164 164 166 170 172 173 175 175 176 180 180 182 181 180 180 180 181 182 182 183 183 182 181 181 181 179 178 177 175 177 176 176 175 174 174 175 175 176 177 177 178 180 180 181 181 184 185 185 185 185 185 186 186 187 187 187 187 187 187 187 186 186 187 186 186 186 186
174 179 178 179 176 180 185 182 183 178 176 171 169 175 175 175 177 181 173 173 179 175 174 167 171 165 165 166 165 166 167 169 172 174 176 177 179 180 182 182 182 182 181 182 183 182 182 182 181 180 179 179 178 176 176 176 176 175 177 178 176 174 174 176 177 177 178 180 180 180 181 183 184 184 184 186 186 185 187 185 186 186 186 186 187 186 187 187 187 187 187 186 187 187
171 176 178 179 178 180 185 184 184 184 181 179 177 175 178 175 182 175 174 174 174 176 176 177 168 172 168 165 164 166 167 169 171 173 175 177 179 180 181 182 182 184 183 184 183 182 181 181 180 179 179 177 176 176 175 177 176 175 176 177 178 178 177 177 178 179 180 181 182 182 182 184 184 184 183 184 184 184 185 187 187 187 187 187 187 187 187 187 187 187 187 187 187 187
173 175 178 178 178 179 181 185 186 186 186 185 184 183 183 177 182 173 177 175 168 170 173 168 176 167 166 166 165 166 168 168 171 173 176 177 180 181 180 181 181 182 183 183 183 183 183 180 180 180 180 180 178 177 177 179 179 177 175 176 179 182 178 177 178 180 181 182 184 183 184 183 183 184 184 184 185 186 187 186 187 187 186 186 187 187 187 187 186 187 187 187 187 187
173 176 176 178 179 182 181 185 185 185 185 185 184 184 184 181 184 183 182 177 172 166 171 168 168 174 172 167 167 167 166 168 171 173 175 178 180 181 181 182 182 183 184 183 183 183 183 182 181 180 180 180 179 179 179 180 180 179 177 177 177 179 182 180 179 180 180 181 182 183 182 185 185 185 186 186 186 185 184 186 185 185 185 184 185 187 187 187 187 187 187 187 187 187
170 177 176 178 179 180 183 185 182 182 185 184 184 184 184 184 184 184 184 182 179 176 167 173 171 169 168 167 167 168 169 171 171 174 176 178 180 180 181 181 181 181 182 183 183 183 181 181 183 181 181 181 181 181 181 181 180 180 180 180 180 180 181 182 182 181 181 181 182 183 184 184 184 185 185 186 185 185 186 185 186 186 184 187 187 187 187 187 187 187 187 187 187 187
170 175 177 173 178 180 183 184 184 180 181 184 183 181 184 184 184 178 179 183 181 178 177 167 169 171 173 172 169 168 168 169 173 173 177 178 180 180 181 181 182 182 182 182 183 183 183 184 184 183 182 181 181 181 183 179 179 181 181 182 183 182 183 183 184 184 182 182 182 182 183 184 184 186 186 186 186 185 184 184 185 187 187 187 187 187 187 187 187 187 187 187 187 187
170 168 177 176 176 179 182 183 180 181 180 181 181 183 182 177 175 178 182 183 176 168 168 169 173 173 170 170 170 170 169 170 171 171 176 179 180 182 182 182 181 182 183 183 183 183 184 184 184 183 183 183 183 181 179 178 179 181 182 183 182 184 184 183 184 185 185 183 184 185 186 186 185 184 185 186 186 187 184 187 187 187 187 187 187 187 187 187 187 187 187 187 187 187
176 171 172 176 177 182 180 184 180 180 178 179 181 181 177 176 178 177 183 184 177 174 173 170 171 171 173 169 172 170 171 167 169 170 175 179 180 181 182 182 182 182 182 182 182 183 183 184 184 184 184 184 183 181 179 179 180 180 181 182 182 184 183 184 184 184 184 185 186 186 186 186 186 186 186 187 187 187 187 187 187 187 187 187 187 187 187 186 186 185 184 186 187 186
178 177 177 170 169 173 181 183 180 179 178 172 175 178 180 177 178 177 179 184 184 177 178 177 175 170 168 168 170 175 175 174 167 175 176 178 180 181 181 182 182 182 181 182 182 182 183 184 184 184 184 184 184 182 180 182 180 180 181 182 182 182 183 183 183 184 185 186 186 186 186 186 186 186 186 186 186 187 186 185 186 186 187 185 184 186 185 186 184 183 183 184 185 186
172 176 180 179 179 179 181 179 180 180 176 171 169 172 177 177 176 179 178 183 184 183 178 179 176 173 177 172 172 171 177 174 168 171 174 177 179 180 181 181 181 181 181 182 183 182 183 184 184 184 184 184 184 184 183 182 182 181 180 180 182 183 183 185 184 186 186 186 186 187 187 188 187 187 186 185 187 187 187 187 185 185 185 184 184 186 185 185 183 182 182 183 183 184
171 173 181 180 181 182 179 172 176 178 175 174 173 175 174 176 177 180 179 183 184 183 184 184 184 178 178 177 171 171 173 177 170 169 171 176 178 179 180 180 181 182 182 181 182 183 183 183 183 184 183 183 184 185 185 184 183 180 180 180 181 182 184 186 186 186 186 186 187 187 187 186 187 186 186 186 187 187 187 186 186 186 186 185 186 186 185 184 184 182 182 182 182 184
175 178 178 173 179 182 176 177 170 174 175 170 172 171 174 177 178 177 176 175 180 183 181 178 183 181 180 175 174 175 175 178 171 168 172 175 176 177 179 180 180 180 181 181 181 182 182 183 183 183 183 183 183 185 185 185 185 183 182 185 183 186 185 186 185 185 185 187 186 186 186 186 187 187 187 186 187 187 186 186 186 186 186 186 186 186 185 185 184 184 182 181 182 182
177 177 174 171 174 179 181 178 178 175 176 176 166 169 164 165 167 176 179 174 175 177 178 182 176 183 183 183 183 174 175 177 172 168 169 172 174 177 177 179 180 180 180 181 181 181 181 182 182 183 183 183 183 184 185 185 185 185 184 182 182 182 183 184 184 184 186 186 187 187 187 187 187 188 187 185 186 187 186 186 186 186 186 186 185 185 186 185 185 184 183 181 181 182
171 177 175 177 175 173 175 173 168 175 174 177 175 170 168 166 167 177 175 167 167 175 179 179 171 174 177 178 179 175 178 175 173 175 169 171 174 174 175 176 178 179 179 180 179 180 180 181 181 181 180 182 183 184 185 184 185 185 185 184 182 183 182 182 182 183 184 186 187 188 188 188 187 188 188 186 187 186 186 186 186 186 186 186 186 186 185 186 185 185 184 183 183 182
172 171 176 178 181 180 174 172 169 166 167 173 176 176 174 169 169 167 168 170 170 170 179 173 171 172 183 180 181 180 183 179 181 178 171 169 170 171 173 174 175 176 177 178 177 179 179 180 179 181 181 182 181 182 184 183 185 185 185 183 183 184 183 183 184 185 185 186 187 188 188 188 187 187 187 187 186 185 186 186 186 186 186 186 186 186 186 186 185 185 185 185 184 184
171 169 175 178 173 175 178 175 164 168 167 167 170 171 175 175 173 172 172 175 170 172 178 169 175 176 175 181 179 184 184 184 177 175 173 172 171 170 172 171 172 173 175 176 177 177 178 179 179 180 180 179 179 181 183 183 183 184 184 184 184 185 184 185 185 186 187 187 187 187 188 188 187 187 187 187 187 186 184 185 186 186 186 186 186 186 186 185 185 185 185 184 184 184
173 175 175 180 174 174 177 174 173 169 167 169 168 169 169 173 176 175 177 175 173 171 178 172 172 173 176 178 183 184 184 183 182 174 176 175 170 169 168 168 170 172 174 175 175 175 176 177 179 179 179 178 181 181 182 182 182 184 182 183 181 181 183 184 185 186 187 186 187 187 187 186 187 187 187 187 187 186 186 186 186 186 185 186 186 186 186 186 185 184 184 183 183 183
176 175 176 176 171 168 175 177 171 170 167 170 169 169 168 170 172 175 177 175 175 174 174 173 174 176 184 178 178 181 181 182 181 179 174 172 177 170 169 169 169 170 172 173 174 173 174 175 175 176 177 178 178 179 181 181 181 180 180 178 175 174 179 182 184 186 186 186 187 186 185 185 187 187 187 187 187 186 186 185 185 185 185 184 184 185 185 185 185 185 184 182 182 182
174 176 176 176 174 169 173 176 170 172 168 172 171 169 167 169 169 171 176 177 180 180 177 179 175 184 184 176 179 178 178 178 181 180 180 178 177 169 168 168 170 170 170 173 174 174 174 173 173 174 176 176 177 178 179 179 179 180 179 176 173 172 173 179 183 184 185 185 184 185 186 187 187 187 187 187 186 186 186 185 185 185 185 183 184 185 185 185 185 185 183 181 180 180
175 178 172 174 173 171 174 173 176 171 174 168 169 167 168 170 172 170 170 173 176 182 183 183 184 180 176 174 176 176 175 175 179 180 180 176 171 173 173 170 168 172 173 173 176 176 177 176 174 174 174 175 176 178 179 177 179 181 179 177 175 174 173 173 179 182 183 184 184 185 186 184 186 187 187 187 186 185 185 184 185 185 185 183 184 183 185 185 185 185 183 180 177 178
173 176 178 176 171 172 172 172 176 175 172 167 168 173 170 176 170 171 172 174 174 175 181 184 184 183 181 175 175 176 174 176 176 177 179 178 176 172 170 174 174 172 172 174 176 176 177 178 177 176 174 174 175 176 177 179 180 180 179 178 177 175 174 173 173 175 178 180 181 181 183 183 184 186 186 186 186 185 185 183 185 185 183 182 182 184 185 185 184 184 184 182 177 175
176 174 173 177 174 169 170 174 174 173 173 165 175 175 179 175 173 175 173 174 176 178 181 183 182 183 177 176 176 176 177 177 179 180 179 178 174 173 174 177 177 177 176 178 177 177 177 178 178 178 176 174 175 176 178 178 178 179 179 179 179 178 177 176 174 174 174 174 174 174 177 179 180 183 184 185 185 185 185 184 185 185 184 183 183 184 185 185 185 183 183 183 182 180
173 170 174 175 171 173 172 173 175 174 171 172 177 178 178 180 179 176 176 172 172 177 180 182 183 181 182 178 180 179 178 177 178 179 180 181 179 178 175 174 176 178 178 179 178 177 177 176 176 179 179 178 177 178 178 178 180 179 179 180 180 179 179 178 176 175 175 175 176 176 177 178 178 180 180 183 184 185 185 185 185 185 184 184 184 184 184 184 184 184 184 184 181 182
171 171 174 173 169 168 174 171 173 170 168 174 175 177 177 179 180 179 180 175 174 169 173 179 179 180 181 181 178 180 178 178 177 178 179 180 181 180 177 176 175 177 178 180 179 178 176 176 176 177 178 179 179 180 180 179 179 179 179 179 178 179 179 178 177 177 175 176 177 177 178 178 178 177 178 182 184 184 185 185 185 185 184 183 184 184 184 184 184 184 184 183 183 182
168 170 174 174 170 170 168 171 171 170 171 175 174 175 180 182 182 182 182 181 181 181 183 183 183 176 179 177 177 181 180 179 178 178 179 180 181 181 178 176 175 177 178 178 179 179 178 177 178 179 179 179 179 179 179 180 180 179 179 179 179 178 179 178 178 177 177 176 177 177 178 178 178 177 178 179 183 184 184 185 184 184 184 183 184 184 183 182 184 182 182 182 181 180
