DE_airtemperature/2018_04_airtemp.asc
NCOLS 654
NROWS 866
XLLCORNER 3280414.711633467
YLLCORNER 5237500.62890625
CELLSIZE 1000
NODATA_VALUE -999
[rows 779 to 819 of 866, columns 376 to 469 of 654]
131 131 131 128 126 128 128 132 130 127 126 125 126 125 126 126 126 126 126 126 128 125 126 126 126 126 125 125 125 125 130 125 125 125 127 127 127 129 128 129 130 130 129 129 129 129 130 130 130 130 130 131 131 130 129 128 130 129 133 132 133 134 132 132 133 135 136 133 132 132 133 135 135 136 135 135 135 135 136 137 137 137 135 134 134 134 133 132 131 130 130 130 128 125
131 131 131 129 127 128 131 132 127 127 126 125 126 125 125 125 125 125 125 127 129 128 126 125 125 125 124 123 125 129 126 124 124 124 125 126 126 127 128 129 129 129 129 129 129 129 130 130 130 130 131 131 130 130 129 128 130 131 133 133 130 134 135 132 131 133 136 135 133 133 135 134 135 135 134 135 136 136 136 137 136 135 134 134 134 135 133 132 131 130 131 129 126 124
131 131 131 129 128 129 131 127 125 125 125 125 124 124 124 123 124 124 124 129 129 128 125 125 124 124 123 123 124 124 124 123 124 124 124 125 126 126 128 128 129 129 129 129 129 128 128 129 129 130 130 130 129 129 128 129 130 132 132 132 131 134 135 133 132 132 132 136 133 134 134 133 135 135 135 135 136 136 137 137 134 134 132 134 134 135 132 131 131 131 129 126 126 126
131 131 131 131 130 131 131 124 124 125 123 124 122 124 125 124 124 124 127 129 128 126 125 123 122 122 123 124 124 127 124 124 124 124 125 125 125 127 127 128 128 128 128 128 128 128 129 129 129 129 130 130 129 129 129 129 129 132 132 129 131 133 135 135 132 133 132 136 135 134 134 134 135 135 135 135 135 136 137 134 134 133 133 136 134 133 131 131 131 131 128 126 125 125
131 131 131 130 130 130 128 124 124 125 122 122 124 124 124 124 125 128 129 129 128 127 123 123 123 122 124 124 129 127 123 124 124 123 124 125 126 126 126 127 127 128 128 128 128 127 128 129 129 129 129 129 128 128 128 128 130 133 132 131 131 133 134 133 132 135 133 134 134 135 134 134 135 134 135 134 135 137 137 134 134 133 134 134 133 133 131 131 131 128 128 125 126 127
131 131 130 130 130 129 127 123 122 123 124 122 123 125 125 125 126 126 129 129 127 126 124 122 122 122 124 125 129 124 123 123 123 124 123 125 125 126 127 127 127 127 127 127 127 127 128 128 128 129 130 129 128 128 130 128 130 131 133 133 131 133 135 132 131 133 134 134 135 134 135 134 133 134 133 134 136 137 136 136 135 134 135 133 133 133 131 131 131 128 132 126 125 127
131 131 130 130 130 127 120 123 122 123 123 124 124 126 125 126 126 126 129 129 125 127 124 124 121 121 123 127 129 124 123 123 123 124 124 124 125 125 126 127 127 127 127 127 127 128 128 128 128 128 130 128 127 129 130 129 132 130 132 133 131 131 134 134 132 132 134 135 135 135 135 133 134 133 133 135 135 136 136 136 134 135 135 133 133 132 131 131 131 127 130 127 128 129
130 130 130 130 127 125 121 122 121 121 123 123 125 126 124 124 127 130 130 128 127 127 124 124 122 122 126 128 129 124 125 124 123 122 123 124 124 126 126 126 126 128 128 128 128 127 128 128 129 129 129 129 128 128 129 129 132 132 134 133 129 130 132 134 133 132 132 135 135 134 133 133 133 133 134 134 135 136 136 136 134 133 134 133 133 133 132 131 132 129 128 128 130 130
130 130 130 129 125 125 122 122 120 121 121 124 126 125 123 126 130 130 130 127 127 127 126 125 125 126 130 130 126 125 126 125 124 123 124 124 124 124 125 127 127 127 127 127 128 128 128 128 128 129 129 129 127 127 128 128 132 132 133 134 133 131 132 132 134 133 133 134 133 132 133 133 132 133 133 135 134 135 135 135 133 132 132 132 132 133 133 132 132 128 128 130 131 131
129 130 130 129 126 121 121 121 120 121 121 124 125 124 123 128 130 130 130 125 126 127 127 125 124 131 130 130 125 125 127 125 124 122 121 123 123 124 125 126 126 127 128 128 128 127 128 128 128 128 129 129 127 128 128 131 130 130 130 131 134 134 133 132 134 134 133 134 134 133 133 132 133 133 134 133 133 135 135 132 133 132 132 132 131 131 133 131 130 129 130 131 131 131
128 130 129 129 126 123 119 120 120 120 120 123 124 124 124 129 130 130 126 125 126 127 126 124 126 131 131 128 126 125 128 125 125 122 122 122 123 125 125 125 125 127 127 127 127 127 127 127 128 128 128 129 127 128 129 130 130 129 128 128 131 134 134 134 134 134 134 134 133 133 132 132 133 134 133 133 135 135 135 131 132 130 132 131 132 134 132 133 130 130 130 128 131 131
129 130 129 129 128 126 123 119 119 120 120 123 124 124 127 130 130 130 128 127 127 127 128 126 126 131 131 128 125 126 128 126 126 125 124 123 123 124 125 126 126 126 128 128 128 127 128 128 129 129 129 132 128 129 129 131 129 128 128 130 129 131 134 134 133 134 134 134 133 132 132 132 133 133 133 134 135 135 133 132 131 131 133 132 131 130 130 130 131 132 131 128 130 131
129 130 129 129 127 126 121 119 122 120 120 122 122 121 128 130 130 130 128 127 128 128 126 126 131 132 131 127 127 125 129 128 127 127 125 124 124 123 124 125 126 127 127 127 128 128 128 129 129 129 129 132 128 131 130 132 130 130 129 130 133 133 134 133 133 134 134 134 133 132 132 131 133 133 133 133 134 134 132 130 132 132 132 132 131 132 131 134 134 132 131 129 131 131
129 130 129 128 128 126 124 120 119 118 122 122 123 123 130 130 130 130 129 128 127 127 125 126 131 131 131 128 127 126 130 128 128 126 125 124 121 122 123 124 125 127 127 128 128 129 127 128 128 128 128 132 127 127 133 132 132 132 131 132 133 134 135 134 134 134 133 133 132 132 132 132 133 133 134 133 133 134 131 132 131 130 131 132 132 131 134 135 135 135 134 132 129 130
129 128 129 128 127 126 124 121 121 119 120 122 124 128 130 130 130 131 128 128 127 127 127 129 131 131 131 130 126 127 130 127 128 126 124 123 126 123 125 126 124 126 127 127 128 128 128 127 128 128 128 133 127 134 133 133 133 133 124 131 133 134 135 134 135 135 133 133 132 132 132 133 133 133 133 133 133 134 131 131 130 130 133 132 132 133 136 135 134 132 125 126 127 131
128 128 128 128 126 126 125 122 122 123 123 122 126 130 130 130 130 131 129 127 128 128 128 131 132 131 130 130 129 130 130 129 128 126 125 123 124 124 125 125 122 125 126 127 129 127 128 128 128 127 128 131 128 127 133 131 132 133 133 133 132 134 135 134 135 134 134 134 132 132 132 133 133 133 133 134 133 134 131 131 131 131 133 133 133 135 133 130 133 123 123 129 129 132
129 128 127 127 125 125 125 126 123 124 125 126 129 130 130 130 130 131 129 128 127 127 125 132 132 132 129 130 130 130 129 129 125 124 123 123 124 124 124 125 125 126 126 126 127 127 128 128 128 128 127 128 127 128 131 131 131 133 134 134 134 135 135 134 135 135 134 133 133 132 133 133 133 133 134 134 134 135 132 132 132 132 133 133 135 133 131 130 130 127 130 129 129 131
128 129 127 125 124 125 125 125 124 124 125 127 129 130 130 130 130 131 128 130 126 126 125 132 132 131 129 130 130 130 130 126 124 123 123 125 124 124 123 125 125 126 125 126 126 127 128 128 128 127 127 130 129 128 126 127 130 126 128 131 134 134 135 134 135 135 134 134 133 132 134 133 133 133 133 134 134 134 134 133 133 132 133 133 134 134 131 131 132 130 132 129 129 129
128 128 128 126 125 124 123 123 124 124 125 127 129 128 130 130 130 131 129 128 126 126 125 132 132 131 129 130 130 130 130 129 124 123 125 124 125 124 123 124 125 126 125 125 126 126 126 127 127 127 125 126 128 128 126 127 126 126 128 128 125 129 132 132 134 135 134 134 134 134 132 133 133 133 133 134 134 134 134 134 133 133 134 134 134 131 130 130 130 129 129 128 129 129
128 129 128 127 127 126 125 122 124 126 125 127 127 127 128 130 130 131 128 128 126 125 125 128 132 130 129 128 129 130 130 129 129 123 124 124 124 125 124 125 123 127 125 124 126 126 126 126 125 125 124 122 122 130 125 124 126 125 126 129 126 125 125 128 131 134 134 134 135 134 134 134 134 133 133 134 134 134 134 134 134 134 134 133 132 131 132 125 126 129 127 127 129 129
128 128 128 128 128 127 126 126 124 125 126 126 126 127 127 128 130 131 131 131 128 126 126 127 131 129 128 129 129 129 129 128 129 125 125 128 128 127 125 124 123 126 123 123 123 124 124 124 124 122 120 125 126 125 129 124 125 123 124 130 125 123 124 126 130 132 133 134 135 135 134 134 134 134 133 133 134 134 134 135 135 134 133 132 132 130 127 124 124 126 126 128 128 127
127 130 129 128 127 127 126 126 124 124 126 127 126 126 128 129 130 130 131 130 127 125 127 129 131 129 129 129 130 130 129 128 129 129 125 129 126 126 123 120 123 126 122 122 123 123 124 124 122 115 115 116 122 125 129 124 123 121 124 124 125 123 119 122 129 131 132 134 135 135 134 134 134 134 134 133 133 134 136 135 135 134 133 130 132 131 127 125 127 127 125 127 128 128
129 131 130 129 128 128 128 126 125 126 126 127 126 126 128 130 130 130 131 130 127 127 125 125 129 131 130 130 130 130 129 127 129 129 126 126 126 125 122 119 124 124 123 122 122 123 123 122 120 124 122 125 124 125 128 125 123 121 121 128 124 127 126 124 125 132 133 134 135 135 135 134 134 134 134 134 133 134 136 135 135 134 133 133 132 129 125 128 128 125 126 128 125 128
131 132 131 130 130 128 129 128 126 125 125 125 127 127 128 129 130 130 131 130 128 125 125 128 131 130 130 130 130 130 127 127 128 127 129 126 124 126 123 124 125 125 123 121 122 122 122 123 123 122 123 124 124 124 125 125 124 123 124 125 124 126 126 126 126 132 134 134 135 135 135 135 135 134 134 134 134 135 135 136 135 134 133 130 128 129 126 125 128 127 128 126 128 128
134 134 132 132 132 128 129 128 127 127 126 126 127 128 128 129 130 130 131 130 129 127 128 129 131 131 130 130 130 128 127 128 127 127 129 128 124 124 125 125 124 124 124 124 122 122 122 122 121 121 122 122 123 128 124 125 123 122 123 124 125 122 125 125 126 131 132 134 135 135 135 135 135 135 135 135 135 136 135 135 135 134 133 133 129 129 128 126 125 121 121 126 128 127
136 134 132 132 131 129 127 127 128 127 126 125 125 126 129 129 130 130 130 130 128 130 129 131 131 131 130 130 130 127 127 128 127 127 128 128 124 123 125 125 124 124 124 124 122 122 121 121 121 121 122 121 121 123 121 125 123 122 117 121 124 126 122 124 125 129 133 133 134 135 135 135 134 135 135 135 135 136 135 135 133 131 126 122 120 123 124 122 118 113 102 117 127 124
134 134 133 133 131 130 129 128 128 128 126 125 125 125 128 129 129 129 129 130 130 129 129 130 130 130 131 130 127 126 128 128 128 126 128 122 124 123 124 125 124 124 123 123 121 121 121 121 120 121 121 121 123 122 121 125 122 120 122 125 124 121 119 116 117 120 123 130 134 134 134 134 135 135 135 135 135 136 136 134 129 125 116 115 123 125 121 115 107 105 109 117 126 124
135 134 134 130 130 132 129 129 129 126 125 125 125 126 127 129 130 129 129 127 128 129 129 130 130 127 130 129 125 127 127 127 128 125 127 127 124 124 124 124 123 123 123 122 121 120 120 120 121 121 122 123 120 119 120 123 121 113 118 117 123 121 118 118 116 113 115 116 133 132 134 135 135 135 136 136 135 136 136 135 130 116 120 125 123 121 116 110 104 90 104 107 126 122
135 134 134 133 129 130 129 129 129 127 126 125 124 124 125 129 129 129 129 128 128 128 129 130 129 129 129 128 127 127 127 124 122 123 127 127 123 125 123 123 123 123 123 122 121 120 119 121 121 120 122 120 120 117 122 121 113 110 117 117 117 123 121 120 117 112 113 122 126 130 132 134 131 135 136 136 136 137 136 133 129 126 123 127 123 115 103 99 79 90 93 112 122 97
134 135 134 131 132 130 129 129 128 127 126 125 125 125 127 128 129 129 129 128 128 129 128 130 130 129 129 128 127 127 127 124 121 123 127 125 125 124 123 123 123 123 122 120 119 119 119 120 121 122 122 119 115 116 119 120 112 116 111 116 118 119 118 118 117 110 109 113 111 124 125 126 119 116 129 136 136 136 136 135 131 120 129 125 120 105 91 72 91 73 103 123 116 86
131 131 133 132 130 130 129 129 128 126 125 124 125 126 126 127 128 128 128 128 128 129 128 130 130 129 129 128 127 125 123 117 117 123 124 128 124 123 123 124 124 123 121 120 117 117 118 116 122 121 119 118 114 118 119 118 119 119 112 108 106 111 123 120 117 108 107 93 102 120 112 99 108 112 124 134 135 136 136 135 134 126 114 116 111 95 -999 97 73 91 103 123 101 92
130 132 133 130 129 132 130 129 128 126 126 125 125 126 127 126 128 128 128 128 129 129 129 130 130 129 128 125 124 123 122 120 117 123 122 124 125 124 125 125 123 122 117 119 118 115 118 122 124 121 117 111 109 110 111 110 111 118 114 103 94 109 117 121 118 116 115 103 98 114 92 93 111 104 123 132 135 136 136 136 134 121 98 103 109 86 -999 88 72 99 109 121 98 94
130 131 132 130 130 128 128 129 128 126 126 125 125 126 126 126 128 128 128 127 129 128 129 129 129 129 127 125 117 105 105 104 113 123 122 123 125 122 125 113 108 108 112 105 106 112 116 122 127 120 107 94 96 99 91 99 114 118 120 113 103 107 117 121 118 114 104 103 99 113 108 98 92 103 124 133 135 135 136 137 137 127 100 104 -999 -999 -999 85 91 105 121 105 74 62
129 131 130 129 129 129 129 127 127 127 126 125 125 125 125 126 124 124 126 126 129 129 129 129 128 128 126 111 105 93 95 103 115 122 122 124 125 125 113 99 94 108 112 100 94 95 113 119 126 124 108 104 104 92 102 109 104 109 120 105 108 98 112 120 119 114 97 75 87 105 96 83 108 107 127 120 102 118 115 136 136 130 123 -999 -999 -999 -999 76 97 117 104 102 85 60
128 128 129 131 130 128 128 127 127 127 125 125 124 126 126 127 128 128 128 129 129 129 129 128 128 127 115 112 96 108 99 108 116 122 122 124 124 124 104 102 89 93 103 96 94 105 106 120 124 126 120 114 109 105 89 106 99 105 120 103 96 99 109 120 119 115 109 81 96 81 87 85 87 94 123 112 87 97 116 128 136 128 92 -999 -999 -999 -999 -999 98 120 89 75 73 67
125 127 127 128 128 128 127 126 127 126 126 125 120 118 123 121 123 127 129 128 129 129 129 128 128 127 117 117 112 105 99 106 117 122 124 124 122 122 122 120 120 100 98 88 103 104 113 117 122 125 122 112 102 96 86 93 102 96 115 117 118 119 119 120 119 115 113 93 78 55 75 75 93 98 104 123 94 97 116 129 136 129 -999 -999 -999 -999 -999 -999 -999 -999 103 97 79 85
122 124 126 127 127 128 128 126 127 127 126 125 123 123 124 121 117 123 129 129 129 129 129 128 127 125 111 106 108 108 99 100 115 121 123 124 123 123 112 107 106 108 105 90 87 109 109 117 120 123 123 122 111 111 102 96 100 99 93 114 117 99 108 99 112 119 117 109 93 85 75 87 99 99 112 114 94 102 102 105 137 137 -999 -999 -999 -999 -999 -999 -999 -999 -999 -999 -999 -999
125 127 127 127 128 128 128 127 127 127 127 126 123 123 123 119 120 126 129 129 129 129 128 128 127 119 113 102 92 105 106 110 116 119 122 124 124 121 105 108 99 105 104 97 94 97 114 102 99 117 122 121 121 121 120 99 87 96 87 102 96 75 105 75 99 117 114 118 107 106 93 99 100 105 109 109 100 105 100 105 135 137 -999 -999 -999 -999 -999 -999 -999 -999 -999 -999 -999 -999
124 125 127 128 128 128 128 127 126 127 126 126 124 123 119 122 124 129 129 129 129 129 129 128 122 112 113 111 110 95 100 107 111 109 122 123 124 122 113 93 88 87 75 97 103 112 93 87 96 111 121 120 111 105 119 99 81 90 75 93 87 73 84 82 99 111 114 114 118 117 108 96 93 111 111 120 123 117 112 123 118 137 -999 -999 -999 -999 -999 -999 -999 -999 -999 -999 -999 -999
123 124 126 127 127 128 128 128 124 125 126 125 123 123 126 129 129 129 130 130 130 129 129 126 115 101 107 104 102 100 92 106 101 92 118 123 125 122 113 99 97 92 91 94 105 104 73 99 110 120 121 105 105 69 99 93 75 87 93 99 93 75 74 82 93 105 107 78 87 111 111 84 93 99 93 99 114 123 123 129 131 136 137 -999 -999 -999 -999 -999 -999 -999 -999 -999 -999 -999
119 123 123 125 124 124 125 123 125 125 126 126 129 129 124 128 129 129 130 130 130 130 130 120 113 101 106 97 98 90 98 93 92 86 99 119 124 124 121 116 109 101 89 81 105 87 75 90 105 120 111 90 81 81 90 108 99 84 84 99 93 87 68 69 57 81 111 105 87 111 99 81 75 84 81 81 93 115 123 118 130 137 137 137 137 -999 -999 -999 -999 -999 -999 -999 -999 -999
