DE_airtemperature/2018_11_airtemp.asc
NCOLS 654
NROWS 866
XLLCORNER 3280414.711633467
YLLCORNER 5237500.62890625
CELLSIZE 1000
NODATA_VALUE -999
[rows 424 to 476 of 866, columns 288 to 383 of 654]
56 54 50 48 44 46 37 45 45 47 50 48 52 48 45 48 41 45 40 38 38 38 39 40 42 44 45 46 46 47 47 47 47 47 46 44 43 44 45 46 46 47 47 47 48 48 48 44 46 45 42 41 42 43 43 45 46 46 46 47 47 47 48 49 49 50 51 53 53 53 52 52 51 54 53 53 53 53 53 53 53 52 51 51 52 52 52 52 50 50 48 47 48 43 45 44
55 55 50 49 47 43 42 49 49 44 50 50 54 51 44 50 41 40 39 41 38 37 37 38 41 43 44 45 45 45 47 47 48 47 45 45 44 46 46 48 49 49 48 48 47 47 46 45 44 42 43 44 44 43 42 42 44 44 44 45 46 47 47 49 49 50 52 53 53 53 53 53 54 54 54 54 54 54 53 53 53 52 52 52 51 51 51 51 50 50 50 50 49 49 48 47
55 52 53 49 47 44 42 47 47 49 51 54 46 46 51 48 46 41 44 39 38 38 38 38 39 40 42 43 44 45 46 47 47 46 46 46 46 46 47 46 48 47 48 47 45 46 45 43 43 43 43 42 44 45 44 42 42 43 44 45 46 46 47 48 48 49 50 51 51 52 53 52 53 51 53 52 52 52 53 52 53 53 53 53 53 52 52 52 52 52 50 50 50 49 49 49
54 54 54 54 51 50 48 47 49 47 54 48 47 47 47 48 48 49 41 44 41 38 37 37 37 39 41 42 44 45 46 46 46 46 47 46 46 46 47 46 45 47 46 46 45 44 43 43 42 44 43 42 43 44 44 44 43 43 45 45 45 47 49 48 48 50 50 50 49 50 50 50 51 53 53 53 53 53 53 53 53 53 53 53 53 53 53 53 52 52 52 50 50 50 49 49
51 55 55 55 55 55 54 53 53 49 54 46 49 48 41 43 46 41 48 40 39 39 38 37 39 39 41 42 44 45 47 47 45 45 45 45 44 45 47 47 47 45 45 47 46 46 45 44 44 46 45 44 42 43 45 47 44 43 44 46 47 47 49 49 49 48 49 50 50 50 51 52 53 52 53 53 52 52 53 53 53 53 52 53 53 53 53 53 53 52 52 49 49 47 47 47
51 55 54 55 55 55 55 55 55 52 54 54 54 49 45 40 44 41 40 45 44 39 37 38 37 39 40 42 43 46 47 46 46 46 47 46 46 45 47 47 47 48 47 47 47 47 46 46 45 47 47 45 44 43 43 45 48 45 45 45 46 47 48 48 48 50 50 51 52 52 52 51 51 52 51 51 51 51 51 53 53 53 53 53 53 53 53 53 53 53 51 50 49 47 46 45
53 55 52 52 54 55 54 55 55 55 55 54 54 54 50 47 41 46 43 40 40 39 39 38 39 41 41 43 44 45 47 46 46 45 46 46 47 47 48 47 46 46 49 48 47 47 48 47 47 48 47 46 47 46 45 46 47 47 47 47 47 47 48 49 49 49 49 50 51 52 51 51 52 51 52 52 50 53 53 53 53 53 53 53 53 53 53 53 53 53 52 51 50 49 48 46
54 55 53 51 52 54 53 52 55 55 54 49 50 54 52 49 48 40 42 42 44 43 39 38 38 39 43 42 45 46 46 47 48 46 46 46 46 47 49 49 50 50 50 49 49 48 48 48 49 46 46 47 47 48 48 48 48 48 49 49 48 48 48 48 48 49 50 51 51 51 52 51 50 51 51 53 53 53 53 53 53 53 53 54 54 54 53 53 53 53 52 52 51 51 48 48
53 53 51 52 51 52 52 54 53 49 46 49 53 54 48 41 40 41 44 44 42 41 40 40 39 40 41 40 44 47 48 48 49 48 47 46 47 47 48 50 50 50 50 50 50 49 49 47 45 45 45 47 47 48 48 49 49 48 49 50 50 49 49 50 51 51 50 50 50 51 52 53 50 53 53 53 53 53 53 53 53 53 53 54 54 54 54 53 53 53 53 52 52 51 50 50
51 54 51 51 49 51 52 52 49 47 49 48 53 54 48 46 45 42 42 42 44 40 42 40 41 37 39 40 44 47 48 49 48 49 47 48 48 47 49 49 50 50 51 50 50 50 49 48 46 45 45 46 47 47 48 49 49 49 49 49 49 50 51 51 51 51 51 51 51 52 53 53 53 53 53 53 53 53 53 53 53 52 53 52 51 53 54 53 53 53 53 52 52 52 50 51
53 54 51 51 49 45 47 49 51 49 49 48 50 54 54 48 49 48 47 41 40 40 41 44 45 43 38 44 45 46 48 48 48 49 49 47 47 48 48 49 49 51 51 51 51 50 50 48 46 48 45 45 47 47 47 48 48 48 48 49 50 51 51 51 51 51 51 51 51 51 52 53 52 51 52 52 53 51 51 52 51 53 51 50 50 51 52 53 53 51 52 52 50 49 51 51
53 51 51 51 48 44 41 44 49 48 48 50 49 54 54 53 49 50 48 44 47 42 41 40 46 43 39 41 43 46 47 47 48 48 48 48 48 49 49 49 50 51 51 51 51 51 50 50 48 48 48 46 45 46 47 49 49 50 50 51 50 50 50 50 50 50 52 52 51 51 52 53 53 53 52 52 51 51 50 53 52 52 51 50 50 50 50 51 52 53 52 52 52 51 51 52
51 45 49 49 47 46 45 47 46 48 49 51 50 54 54 54 54 54 53 48 48 47 41 41 42 46 40 39 41 45 46 47 47 48 47 48 49 48 48 50 50 50 50 51 50 50 50 50 50 49 49 46 46 46 47 48 49 51 51 50 50 50 50 50 50 50 50 51 51 51 53 53 53 52 52 52 52 51 52 53 52 52 51 50 49 49 50 51 49 50 51 51 52 52 52 51
49 49 43 46 47 43 44 44 46 48 49 48 47 46 51 54 52 49 53 51 50 46 44 44 44 47 41 38 42 44 45 45 47 48 48 47 48 48 49 49 49 50 50 51 51 50 50 50 50 50 50 48 48 50 49 51 50 51 49 49 50 49 49 49 49 50 50 52 52 51 53 53 52 52 52 52 52 52 53 53 53 52 51 51 49 49 49 50 49 49 50 51 51 51 52 50
53 50 50 48 49 48 39 42 37 38 40 48 50 46 47 49 49 51 46 53 53 52 52 43 44 46 42 39 39 42 44 45 45 46 47 47 48 49 48 49 49 49 49 50 50 50 50 49 50 50 50 51 50 48 48 48 48 47 47 46 48 48 48 48 49 49 49 51 51 51 52 53 52 52 52 52 52 53 53 53 53 53 52 51 50 48 49 49 49 49 49 50 51 53 50 50
47 45 41 47 45 48 47 43 41 39 40 48 46 40 40 46 49 49 42 44 46 47 47 43 46 43 42 44 38 40 43 42 42 43 44 45 46 46 47 47 48 49 49 48 48 49 50 49 50 49 50 50 50 50 48 47 46 46 45 44 45 46 47 47 48 48 49 51 52 51 53 52 52 52 52 53 53 53 53 53 53 53 53 53 52 52 51 50 51 51 51 52 52 53 51 51
46 44 42 39 40 45 48 48 46 42 42 40 41 42 43 42 49 44 42 42 51 48 49 48 51 47 48 46 40 39 39 39 41 41 42 43 44 45 45 47 47 48 47 48 48 49 48 48 49 49 50 50 50 48 49 48 47 47 46 45 44 45 46 47 47 48 49 51 51 51 52 51 52 52 52 53 53 53 53 53 53 53 53 53 53 53 52 52 52 53 53 53 53 53 52 51
49 46 38 40 40 40 43 44 47 46 45 44 44 47 41 43 48 41 44 46 44 50 47 51 51 51 45 43 42 41 40 38 39 39 39 41 42 43 44 45 45 46 47 47 48 47 47 47 49 49 48 50 49 50 49 48 47 48 48 47 46 47 46 47 47 48 49 50 51 51 52 52 50 52 53 53 53 53 53 53 53 53 53 53 53 53 52 52 52 52 52 52 52 52 53 53
48 46 45 42 40 42 41 42 41 45 48 46 48 46 45 42 48 42 42 43 45 47 51 51 51 51 50 43 45 43 39 38 37 37 39 39 41 43 43 43 44 46 47 47 46 46 48 48 49 48 48 49 48 48 46 47 47 47 48 47 47 45 46 47 47 49 49 51 51 52 52 52 52 53 53 53 53 53 53 53 53 54 53 52 53 52 51 52 51 52 52 52 53 53 52 53
47 49 43 43 40 42 42 42 41 43 44 46 48 46 46 44 44 43 44 45 52 47 46 49 48 49 49 47 42 41 45 39 38 38 38 38 41 41 42 43 43 44 44 45 46 46 46 46 48 48 47 46 46 44 41 40 45 47 47 48 48 47 47 47 48 47 50 51 52 52 52 53 53 53 53 53 52 51 52 54 53 54 53 53 52 50 50 51 51 51 51 51 52 52 53 52
45 48 43 44 41 44 44 41 40 41 41 43 47 48 50 49 46 48 45 52 52 46 47 46 46 46 49 48 48 46 45 38 37 37 39 38 39 41 43 43 43 43 43 43 45 45 46 46 46 46 46 46 45 42 40 39 39 45 46 46 47 47 47 48 48 49 50 52 52 52 53 53 53 52 52 52 52 50 51 53 53 54 53 53 51 50 49 49 49 49 49 52 51 52 51 53
46 45 47 43 46 41 42 40 41 43 44 43 43 45 46 50 52 52 52 49 46 44 44 44 44 43 47 47 47 44 40 42 42 39 37 40 41 41 44 45 45 45 43 43 43 45 45 45 46 44 46 46 45 43 41 40 39 39 44 46 46 46 46 47 49 47 50 52 52 53 53 53 52 52 52 52 52 51 52 51 53 53 53 53 51 48 47 47 46 46 48 50 50 51 51 52
44 44 47 47 44 40 41 45 43 48 42 43 44 46 45 45 51 52 52 52 50 45 44 45 43 43 44 44 46 45 43 40 38 43 43 40 40 43 45 45 46 47 47 46 43 43 44 44 45 46 46 46 46 45 44 43 41 40 39 41 44 46 46 46 47 48 49 51 53 53 54 54 53 51 53 53 51 51 51 53 53 53 52 52 53 51 47 45 44 44 46 47 48 49 49 51
43 46 46 45 45 38 47 47 50 46 45 46 45 46 48 48 51 52 51 52 46 45 45 44 44 44 46 47 46 45 41 40 41 44 45 45 44 45 46 47 47 47 48 47 46 45 44 45 46 46 45 46 46 46 46 46 45 43 42 41 41 40 40 41 44 46 47 50 53 53 54 54 54 54 53 53 53 51 51 53 53 53 53 52 52 53 52 50 45 41 40 42 44 46 47 49
44 45 47 46 44 44 47 50 49 51 50 48 47 44 44 47 50 52 52 50 51 47 48 46 45 45 45 46 47 47 46 45 42 42 44 45 46 47 47 47 46 46 46 48 48 48 47 46 46 46 47 46 46 47 46 47 47 46 43 43 42 43 43 43 44 45 46 49 49 51 52 54 54 54 53 53 53 52 52 53 52 53 53 54 53 53 51 51 49 45 41 43 45 46 48 50
46 44 45 43 41 46 47 48 49 50 51 50 51 47 46 40 44 49 48 49 49 50 46 47 45 45 45 45 46 47 47 46 44 43 43 45 46 47 48 48 46 46 46 47 48 48 49 48 47 47 47 46 46 46 46 47 47 46 45 44 42 43 44 44 45 46 47 46 47 51 53 54 54 54 54 53 52 51 52 52 52 52 54 54 53 53 53 51 49 49 48 48 49 49 51 52
41 44 43 43 43 45 46 47 51 53 53 53 53 52 52 51 53 52 52 45 48 46 46 48 47 46 45 45 46 46 48 48 46 44 44 45 46 48 48 49 48 47 48 48 49 49 49 49 48 47 47 47 47 47 47 46 47 46 46 45 45 44 45 45 46 47 47 46 48 49 52 53 53 54 54 53 52 51 52 52 52 51 53 52 52 51 51 50 49 49 49 50 52 52 52 53
43 43 44 46 47 48 46 49 52 51 53 51 52 53 53 53 53 51 51 48 47 46 47 49 48 46 45 47 48 48 49 48 47 45 45 45 46 47 48 49 49 49 49 49 48 48 47 48 49 49 46 47 47 47 46 47 47 47 46 46 45 45 45 46 47 47 47 48 47 48 50 51 53 53 54 53 52 51 51 52 51 50 50 51 51 50 50 50 50 50 49 50 51 52 52 52
47 44 45 43 43 48 48 50 52 51 47 48 52 49 49 49 48 48 43 50 52 49 47 50 49 48 45 47 48 49 49 50 48 46 45 46 48 49 49 47 48 48 48 48 48 46 46 46 49 49 48 47 47 46 46 46 47 47 47 46 46 46 46 47 47 47 47 48 48 47 48 51 52 54 53 52 52 51 50 51 50 49 49 50 49 49 49 49 49 48 49 48 50 50 51 52
47 48 49 43 45 47 52 52 49 47 48 51 51 49 49 47 49 48 46 47 49 50 51 50 50 50 48 49 46 47 49 50 49 49 50 49 46 46 45 44 45 46 47 47 47 46 44 45 47 47 48 47 46 46 46 47 46 47 47 47 47 47 47 47 47 47 47 49 48 48 49 49 51 53 53 51 51 51 50 50 50 48 48 49 48 48 48 47 47 48 46 48 49 49 50 51
45 45 48 49 46 49 50 52 52 51 48 51 50 49 48 47 44 45 43 45 51 47 50 45 50 46 50 47 47 45 44 44 46 47 47 48 46 45 44 43 43 44 45 45 45 44 43 41 43 44 47 48 47 46 46 46 46 46 46 46 47 47 48 48 48 48 47 47 48 48 49 50 51 53 49 49 50 50 49 49 49 47 47 46 46 45 44 44 44 44 45 46 46 47 48 49
47 49 50 49 51 51 52 52 52 51 47 49 51 46 51 46 46 45 44 44 47 45 46 47 47 47 46 49 50 50 47 46 45 44 41 46 47 47 44 43 43 44 45 44 44 44 43 42 42 45 47 47 47 47 47 47 48 48 48 47 47 47 47 47 48 47 47 47 47 48 49 50 53 49 48 46 45 47 48 49 46 48 46 45 46 44 43 43 42 42 44 43 43 46 45 46
47 49 51 51 51 52 52 52 52 48 48 47 47 49 51 47 48 42 43 43 43 45 45 46 43 42 48 43 49 50 47 49 48 47 47 45 48 47 47 45 45 46 46 46 46 46 45 44 44 45 46 47 47 48 48 48 48 48 48 48 47 47 47 47 47 47 47 47 47 47 50 53 49 49 46 45 45 46 44 47 46 45 45 44 43 44 41 41 42 43 44 44 44 43 45 45
49 51 52 52 52 52 52 52 52 50 50 50 49 48 48 48 47 48 46 46 47 45 44 44 40 44 44 47 47 48 47 47 47 48 48 47 48 48 48 48 47 47 47 46 45 45 44 44 44 46 47 47 47 46 48 48 48 48 48 48 48 47 47 47 47 47 47 47 48 48 50 52 48 47 46 45 44 44 42 44 42 42 42 42 50 40 39 38 39 41 42 44 45 43 44 46
50 52 52 52 52 52 51 51 50 51 50 50 49 48 45 44 47 46 48 48 47 46 44 45 40 45 46 44 44 48 45 45 47 44 43 48 44 46 47 47 47 47 47 46 46 47 46 46 46 46 48 47 46 46 47 45 44 44 49 49 48 48 49 49 47 47 49 50 51 50 50 52 51 48 47 46 45 43 42 41 42 42 41 41 40 38 39 40 38 40 40 40 41 47 45 49
52 52 50 52 52 52 47 51 52 50 50 49 49 51 48 47 47 46 46 44 45 46 47 46 44 43 45 42 47 46 46 42 44 45 44 46 45 44 45 45 45 45 47 47 47 46 45 47 47 47 47 47 47 47 47 46 47 47 49 49 49 49 48 49 49 49 50 51 50 51 52 52 50 48 47 45 44 42 42 41 41 42 43 42 39 39 39 39 39 41 43 42 46 46 47 45
50 49 52 52 52 50 47 49 51 50 49 48 48 48 50 50 49 48 45 43 45 46 44 45 44 47 40 39 43 47 44 46 43 43 43 44 43 42 45 45 45 46 47 47 47 46 45 46 47 46 46 46 46 46 46 47 48 49 49 49 49 49 49 50 50 51 51 49 50 52 50 49 48 48 48 47 45 44 41 40 40 41 41 41 41 39 39 37 41 44 44 46 47 40 39 39
47 47 51 52 49 49 45 47 50 48 46 48 46 49 49 50 51 49 46 41 44 44 43 46 43 34 32 34 41 41 45 35 42 43 46 47 43 42 44 43 45 45 46 46 47 46 47 46 45 45 46 46 46 46 48 48 48 48 49 49 50 50 50 50 51 50 49 50 51 51 49 49 49 49 48 46 46 44 43 41 39 38 37 40 41 44 44 42 42 44 43 44 46 45 44 39
43 49 53 53 48 47 48 47 47 46 44 45 47 46 47 49 50 49 47 46 44 44 43 44 43 35 33 42 30 33 35 42 37 42 46 45 43 42 42 44 44 46 46 46 46 47 46 47 45 46 46 46 46 46 47 48 49 49 49 47 49 51 51 51 50 49 49 50 50 51 51 51 49 49 49 48 47 46 44 42 41 38 44 44 44 45 45 46 43 42 42 46 43 42 43 43
52 54 53 52 53 51 46 45 43 46 42 41 42 45 47 49 49 49 48 45 46 44 44 43 39 34 34 40 37 37 33 35 41 42 45 44 42 42 43 41 45 43 45 45 46 47 46 47 46 45 45 45 45 46 46 48 48 49 49 49 49 51 51 52 51 51 50 50 51 51 50 50 51 50 50 49 48 48 45 44 42 41 43 45 45 45 44 43 44 47 45 43 43 40 41 43
53 54 50 51 48 49 46 45 45 47 46 45 47 46 46 49 48 49 48 45 46 46 42 42 34 38 32 34 31 32 33 34 35 44 38 38 40 43 44 40 40 44 43 45 46 46 45 46 46 45 45 45 45 47 44 43 47 48 49 50 50 51 51 51 51 51 51 50 50 51 51 50 50 50 48 48 48 48 46 45 42 42 39 39 42 43 45 43 43 44 43 43 43 42 40 43
52 54 47 47 44 47 47 47 49 48 46 49 48 46 48 47 48 47 47 47 46 44 44 41 31 37 31 32 33 34 31 35 35 35 38 32 37 40 39 41 43 40 41 43 44 45 46 45 46 44 45 45 45 45 44 41 44 46 47 48 49 48 51 48 50 51 49 50 50 50 51 50 49 48 47 48 46 46 45 45 44 42 41 42 42 42 46 46 47 45 44 43 41 42 43 45
50 54 46 41 46 49 45 47 47 47 46 47 50 46 48 47 46 47 48 48 46 46 46 44 39 37 32 34 31 30 28 38 34 37 31 34 31 42 33 34 41 41 43 42 42 42 45 45 45 44 45 47 47 47 44 42 42 42 43 45 46 47 48 48 50 50 50 51 51 50 50 49 48 47 48 47 46 46 45 44 44 42 40 39 41 43 44 41 43 41 44 45 45 45 43 44
51 49 46 43 49 50 47 48 51 49 47 51 49 46 49 45 48 49 47 48 48 46 47 46 43 45 32 38 35 34 30 32 33 32 21 28 36 33 32 30 33 36 35 38 42 44 43 44 46 46 46 46 46 46 45 43 42 42 43 43 43 44 46 48 47 50 50 50 50 51 49 49 48 47 48 48 46 45 44 43 43 43 41 43 45 44 40 42 42 41 41 44 42 43 41 41
53 49 49 47 51 51 50 46 52 50 51 49 49 51 47 45 47 48 45 47 48 48 49 46 45 46 44 41 36 35 31 31 30 29 29 32 27 35 30 29 38 36 39 43 42 43 39 42 44 46 45 46 45 46 45 46 43 42 43 43 44 45 46 47 46 44 46 50 50 50 50 49 48 47 47 46 45 45 43 44 43 43 42 43 45 40 38 38 39 39 40 42 42 39 41 45
51 54 53 48 52 52 52 52 52 52 51 49 51 51 49 48 49 45 47 44 48 49 50 48 47 46 46 43 37 31 30 36 33 34 33 31 34 32 31 30 34 34 39 38 37 38 42 43 45 42 45 44 45 45 44 44 42 43 41 41 41 41 43 45 47 46 45 50 49 49 49 48 48 48 45 45 44 44 43 43 44 44 43 41 43 41 40 39 38 38 38 38 40 40 39 40
51 53 50 53 51 47 46 50 46 46 52 52 51 50 51 51 47 47 48 48 45 49 50 50 49 47 45 46 41 40 30 37 37 37 35 30 26 32 34 30 33 36 37 41 40 41 43 41 43 41 42 44 46 46 43 44 44 43 41 41 41 44 43 44 47 46 46 44 49 49 47 46 47 47 45 44 43 42 42 41 41 43 45 43 45 43 41 39 40 40 40 39 41 40 40 40
53 54 50 51 48 47 46 51 46 47 51 51 51 51 50 51 51 51 51 51 49 49 49 51 50 50 48 45 44 38 31 33 38 27 28 36 35 33 38 33 32 32 36 37 38 40 42 37 42 36 40 44 45 45 45 44 45 44 44 43 45 46 43 44 45 47 46 51 43 45 48 47 47 47 45 43 42 41 41 39 40 41 39 42 45 44 41 41 41 39 39 39 40 40 40 41
53 51 51 48 48 49 47 46 51 45 47 48 49 49 50 49 49 50 50 50 51 51 51 52 50 49 47 42 46 42 40 38 42 30 32 38 36 34 38 32 29 31 37 40 40 42 39 36 33 34 35 36 41 41 44 45 44 44 44 44 43 45 43 43 44 45 50 51 50 49 43 46 47 48 46 43 42 41 41 40 42 43 43 44 43 44 43 39 39 37 37 38 39 42 45 39
52 51 51 41 43 49 47 44 51 45 43 41 42 45 48 49 48 49 48 51 50 51 52 52 51 50 49 49 47 43 44 44 44 34 32 38 36 33 33 31 29 35 38 36 37 41 40 40 35 33 31 37 38 41 42 43 43 44 44 43 44 42 44 45 43 45 49 49 43 45 41 42 47 47 46 44 43 42 45 45 45 44 44 43 40 40 39 40 39 37 36 38 38 37 42 46
49 49 50 46 41 46 47 44 47 50 50 48 45 40 48 49 48 49 49 49 50 49 52 52 50 49 51 49 48 44 48 48 41 38 36 44 38 31 37 30 28 29 31 34 38 41 41 37 35 33 34 39 36 44 31 37 36 42 43 43 44 43 43 44 45 49 50 43 42 39 39 40 44 46 46 46 44 43 45 44 39 41 39 41 38 35 35 39 42 41 40 43 36 44 45 46
51 51 49 40 36 44 49 47 44 46 52 51 43 43 47 47 50 48 49 48 48 48 49 53 52 52 50 49 50 44 50 45 42 38 41 45 42 42 33 27 28 30 28 33 37 39 38 40 32 29 28 32 33 37 34 35 40 42 43 43 42 44 45 47 49 52 49 46 41 43 45 42 41 46 46 44 45 45 41 39 37 36 39 41 38 41 42 42 43 44 42 45 44 46 45 45
50 50 49 44 40 44 48 43 43 44 47 50 50 48 43 48 49 46 46 45 46 47 48 53 53 51 52 49 48 51 48 45 45 41 43 43 47 36 37 31 33 32 31 31 39 36 39 33 33 29 35 41 42 37 39 33 32 40 42 44 45 45 46 46 49 51 46 44 39 45 45 45 46 46 43 44 45 44 43 38 38 40 39 39 42 42 42 44 43 46 45 47 47 48 48 44
