DE_airtemperature/2018_10_airtemp.asc
NCOLS 654
NROWS 866
XLLCORNER 3280414.711633467
YLLCORNER 5237500.62890625
CELLSIZE 1000
NODATA_VALUE -999
[rows 516 to 558 of 866, columns 384 to 479 of 654]
96 95 98 95 96 94 93 94 92 91 92 89 92 88 88 87 88 86 85 84 85 87 88 91 91 91 94 90 93 89 90 92 90 91 94 94 96 97 94 95 94 94 94 93 95 96 95 94 97 98 97 97 99 98 96 95 96 98 97 94 96 98 98 98 99 99 98 97 95 97 95 93 87 86 88 88 85 87 91 89 90 93 88 -999 -999 -999 -999 -999 -999 -999 -999 -999 -999 -999 -999 -999
98 98 98 94 95 97 98 96 93 91 93 89 94 89 92 91 87 86 85 83 86 86 86 86 87 89 92 90 91 90 91 90 89 89 91 93 97 95 96 95 95 94 95 94 96 95 96 95 96 98 96 96 97 96 94 95 95 97 94 94 97 97 96 99 99 95 95 94 95 94 94 92 90 90 90 86 88 87 92 93 94 93 90 90 -999 -999 -999 -999 -999 -999 -999 -999 -999 -999 -999 -999
97 97 95 93 93 96 95 92 94 90 93 91 92 90 93 88 87 87 84 85 84 85 87 86 88 89 93 92 92 88 89 91 90 90 93 91 92 97 98 95 94 94 95 95 96 96 94 94 98 96 95 95 96 95 95 92 93 95 96 94 94 94 95 98 100 97 97 96 96 97 95 92 93 89 89 90 89 87 89 89 86 86 -999 -999 -999 -999 -999 -999 -999 -999 -999 -999 -999 -999 -999 -999
96 97 94 100 93 98 98 93 93 91 89 94 94 90 94 89 89 88 88 88 85 87 89 90 90 92 92 91 90 91 94 89 91 89 90 91 91 93 95 97 97 95 96 96 97 95 95 95 94 96 96 92 93 94 94 93 92 93 94 96 93 95 97 96 97 96 100 97 97 97 96 93 93 93 93 88 89 88 90 88 86 -999 -999 -999 -999 -999 -999 -999 -999 -999 -999 -999 -999 -999 -999 -999
99 95 96 92 94 94 99 95 94 93 90 89 91 91 93 92 90 93 88 86 86 86 88 89 90 90 92 94 94 91 90 90 90 88 90 91 92 93 95 97 97 98 97 97 95 95 95 95 94 94 96 94 92 93 92 94 93 92 92 93 94 92 93 95 94 94 97 99 96 94 93 92 92 93 91 88 86 86 87 91 87 -999 -999 -999 -999 -999 -999 -999 -999 -999 -999 -999 -999 -999 -999 -999
100 100 95 95 95 99 93 92 94 92 90 91 94 91 94 92 89 88 91 89 86 87 88 89 90 90 90 89 93 90 90 90 90 91 90 91 93 93 94 97 96 95 97 96 97 97 95 94 94 94 94 93 93 91 93 93 94 93 93 92 92 92 94 93 95 95 97 97 97 94 95 95 94 95 91 91 91 91 92 -999 -999 -999 -999 -999 -999 -999 -999 -999 -999 -999 -999 -999 -999 -999 -999 -999
100 98 96 93 92 95 92 95 94 90 93 90 92 96 95 91 90 90 88 89 89 87 87 90 90 89 87 89 94 93 92 89 92 91 91 93 93 94 96 95 94 96 97 97 96 96 94 93 93 93 93 92 92 92 94 94 94 92 93 91 92 -999 -999 94 96 96 95 97 98 98 95 97 96 94 94 93 95 92 -999 -999 -999 -999 -999 -999 -999 -999 -999 -999 -999 -999 -999 -999 -999 -999 -999 -999
97 96 96 96 97 90 91 93 90 90 91 91 95 94 96 93 94 94 94 90 88 89 87 88 88 91 91 92 94 94 92 93 93 91 91 93 94 95 94 95 94 95 95 96 97 97 95 94 94 94 94 93 93 94 93 93 92 93 93 91 91 -999 -999 95 95 93 95 98 95 96 98 98 97 97 97 95 95 92 -999 -999 -999 -999 -999 -999 -999 -999 -999 -999 -999 -999 -999 -999 -999 -999 -999 -999
96 97 94 98 95 91 96 91 91 94 94 93 93 97 93 91 94 88 88 90 87 85 86 90 90 90 90 93 92 91 92 95 93 93 94 92 92 94 94 94 94 94 96 97 97 95 95 95 94 95 94 93 94 94 94 93 91 92 93 93 92 -999 -999 -999 93 95 95 97 95 95 94 95 93 92 94 94 92 92 -999 -999 -999 -999 -999 -999 -999 -999 -999 -999 -999 -999 -999 -999 -999 -999 -999 -999
94 95 92 98 91 98 94 93 91 96 98 94 97 96 89 90 89 93 95 88 90 89 88 88 89 91 93 93 92 90 93 95 93 93 92 91 93 94 94 94 92 95 94 96 97 97 96 95 95 94 94 93 94 93 93 92 91 91 92 92 -999 -999 -999 -999 93 94 96 96 97 95 94 93 95 94 94 93 90 91 -999 -999 -999 -999 -999 -999 -999 -999 -999 -999 -999 -999 -999 -999 -999 -999 -999 -999
94 96 90 97 94 91 91 96 90 96 93 98 93 92 90 92 93 94 88 90 90 90 88 89 92 89 91 88 91 93 93 94 91 93 92 92 92 92 93 93 94 96 97 96 97 97 97 95 94 94 94 95 95 95 93 91 91 92 91 92 -999 -999 -999 -999 92 94 98 94 93 97 94 95 96 95 93 91 -999 -999 -999 -999 -999 -999 -999 -999 -999 -999 -999 -999 -999 -999 -999 -999 -999 -999 -999 -999
96 93 90 93 97 91 96 96 94 94 99 98 96 91 92 95 92 92 92 94 92 89 89 88 90 90 89 90 91 92 94 92 92 93 92 92 91 91 93 93 94 94 96 96 98 97 96 96 96 96 95 94 94 93 92 92 92 92 91 91 -999 -999 -999 -999 92 95 95 96 93 95 97 94 93 93 93 -999 -999 -999 -999 -999 -999 -999 -999 -999 -999 -999 -999 -999 -999 -999 -999 -999 -999 -999 -999 -999
96 93 90 94 98 92 94 92 96 99 94 97 96 91 94 95 92 97 92 90 89 90 89 87 86 86 88 90 92 92 94 92 92 92 92 90 92 92 94 97 95 95 95 94 97 94 95 94 93 93 94 93 93 93 94 92 93 92 -999 -999 -999 -999 -999 -999 -999 -999 -999 -999 92 93 96 95 95 91 92 -999 -999 -999 -999 -999 -999 -999 -999 -999 -999 -999 -999 -999 -999 -999 -999 -999 -999 -999 -999 -999
96 95 95 94 98 93 96 97 96 97 97 96 93 91 95 94 97 92 90 90 91 91 88 90 87 86 90 90 91 92 93 95 93 91 91 92 93 94 94 95 95 94 95 96 97 97 95 93 92 93 93 93 92 93 93 93 93 92 -999 -999 -999 -999 -999 -999 -999 -999 -999 -999 92 93 95 93 92 92 94 -999 -999 -999 -999 -999 -999 -999 -999 -999 -999 -999 -999 -999 -999 -999 -999 -999 -999 -999 -999 -999
96 92 95 94 97 97 96 99 95 91 91 95 98 98 98 98 91 94 95 92 92 91 91 88 88 88 89 91 92 90 95 93 92 91 91 92 93 93 94 93 94 91 93 94 95 94 95 95 94 94 94 94 93 93 93 92 91 90 -999 -999 -999 -999 -999 -999 -999 -999 -999 92 91 91 94 91 92 92 94 -999 -999 -999 -999 -999 -999 -999 -999 -999 -999 -999 -999 -999 -999 -999 -999 -999 -999 -999 -999 -999
95 92 94 97 95 95 98 93 94 97 88 86 96 91 92 92 91 91 93 95 92 88 90 92 91 88 89 91 92 91 93 93 91 91 90 91 91 93 92 93 91 93 95 96 96 96 93 93 95 95 94 94 93 93 93 92 91 90 -999 -999 -999 -999 -999 -999 -999 -999 -999 -999 89 90 92 91 91 -999 -999 -999 -999 -999 -999 -999 -999 -999 -999 -999 -999 -999 -999 -999 -999 -999 -999 -999 -999 -999 -999 -999
91 95 96 92 94 96 97 97 87 87 91 85 93 88 90 94 94 89 90 92 89 88 88 88 87 88 91 92 91 91 92 93 92 90 91 90 91 91 92 93 92 93 94 94 96 96 95 93 93 94 93 92 93 92 92 92 91 90 88 87 88 -999 -999 -999 -999 -999 -999 -999 -999 -999 90 91 91 -999 -999 -999 -999 -999 -999 -999 -999 -999 -999 -999 -999 -999 -999 -999 -999 -999 -999 -999 -999 -999 -999 -999
94 94 96 91 93 97 95 97 91 86 92 89 86 89 90 93 92 90 90 89 91 89 89 88 88 89 89 88 89 92 92 93 91 90 92 92 92 93 91 93 92 93 93 95 95 95 96 93 92 92 92 92 92 91 91 91 91 90 89 90 89 89 -999 -999 -999 -999 -999 -999 -999 -999 91 93 93 94 -999 -999 -999 -999 -999 -999 -999 -999 -999 -999 -999 -999 -999 -999 -999 -999 -999 -999 -999 -999 -999 -999
94 96 97 94 95 93 93 97 96 92 90 86 88 90 91 91 89 90 87 90 92 92 88 88 88 87 89 90 91 92 92 93 92 90 92 93 93 93 93 94 93 94 93 94 95 96 95 93 92 90 91 90 91 90 91 90 87 90 90 90 89 88 -999 -999 -999 -999 -999 -999 -999 -999 90 91 93 -999 -999 -999 -999 -999 -999 -999 -999 -999 -999 -999 -999 -999 -999 -999 -999 -999 -999 -999 -999 -999 -999 -999
96 96 96 97 97 94 93 94 97 94 93 90 90 91 93 91 89 91 91 92 92 89 90 90 87 86 87 90 91 92 92 92 92 91 93 93 94 94 95 95 95 94 94 95 95 94 95 93 93 91 91 91 89 89 89 86 87 89 90 88 88 87 88 -999 -999 -999 -999 -999 -999 -999 88 90 89 -999 -999 -999 -999 -999 -999 -999 -999 -999 -999 -999 -999 -999 -999 -999 -999 -999 -999 -999 -999 -999 -999 -999
98 92 94 95 97 94 94 93 94 95 96 96 90 92 92 91 92 92 91 95 89 89 92 88 89 88 89 90 90 91 91 91 92 91 92 92 93 95 94 93 95 95 95 94 93 94 94 92 92 92 90 90 89 89 88 88 89 88 88 87 88 88 90 -999 -999 -999 -999 -999 -999 84 85 88 91 93 -999 -999 -999 -999 -999 -999 -999 -999 -999 -999 -999 -999 -999 -999 -999 -999 -999 -999 -999 -999 -999 -999
98 93 96 93 92 96 95 94 93 94 97 96 93 93 89 92 93 97 91 96 92 88 90 90 90 89 89 91 91 90 92 92 94 94 94 94 94 93 95 93 94 94 94 95 93 94 93 93 92 90 88 89 87 88 90 89 87 88 90 89 89 88 88 87 -999 -999 -999 -999 -999 -999 87 91 94 -999 -999 -999 -999 -999 -999 -999 -999 -999 -999 -999 -999 -999 -999 -999 -999 -999 -999 -999 -999 -999 -999 -999
99 98 98 95 94 97 97 94 93 95 96 97 97 91 92 94 96 99 95 95 93 91 91 92 90 91 90 89 91 91 93 93 92 93 93 95 94 94 94 93 94 93 94 93 92 93 92 93 91 89 84 85 86 89 90 91 89 90 90 91 91 90 89 87 -999 -999 -999 -999 -999 -999 -999 93 94 -999 -999 -999 -999 -999 -999 -999 -999 -999 -999 -999 -999 -999 -999 -999 -999 -999 -999 -999 -999 -999 -999 -999
98 94 94 98 94 94 94 98 93 94 95 96 98 94 95 97 96 91 95 97 92 93 91 90 91 92 91 91 90 90 92 92 92 93 93 93 93 94 94 92 93 93 90 91 89 90 88 92 92 87 86 85 90 90 91 92 92 92 91 91 91 90 90 91 90 -999 -999 -999 -999 -999 -999 -999 -999 -999 -999 -999 -999 -999 -999 -999 -999 -999 -999 -999 -999 -999 -999 -999 -999 -999 -999 -999 -999 -999 -999 -999
98 97 94 96 95 97 92 94 95 93 95 96 97 99 94 92 92 91 94 92 92 91 92 92 91 92 90 90 90 90 90 91 93 93 94 94 94 94 93 93 92 91 90 88 89 90 90 91 92 90 88 88 91 91 92 91 92 92 91 90 90 90 90 91 90 -999 -999 -999 -999 -999 -999 -999 -999 -999 -999 -999 -999 -999 -999 -999 -999 -999 -999 -999 -999 -999 -999 -999 -999 -999 -999 -999 -999 -999 -999 -999
97 96 95 98 92 93 95 96 95 97 94 94 96 99 100 98 92 92 94 92 90 93 93 94 92 92 92 92 91 92 92 91 93 93 91 91 93 94 92 96 89 87 86 85 89 91 91 92 91 91 91 91 90 91 92 93 94 92 93 91 91 90 91 91 -999 -999 -999 -999 -999 -999 -999 -999 -999 -999 -999 -999 -999 -999 -999 -999 -999 -999 -999 -999 -999 -999 -999 -999 -999 -999 -999 -999 -999 -999 -999 -999
96 93 96 94 95 93 93 95 97 96 95 94 94 96 100 99 97 94 96 93 92 92 93 95 93 92 91 93 92 91 91 91 91 93 93 93 93 93 91 87 84 82 84 87 89 90 90 90 90 91 92 91 91 91 93 93 92 93 92 92 92 92 91 91 -999 -999 -999 -999 -999 -999 -999 -999 -999 -999 -999 -999 -999 -999 -999 -999 -999 -999 -999 -999 -999 -999 -999 -999 -999 -999 -999 -999 -999 -999 -999 -999
98 97 95 97 99 96 95 96 95 94 97 94 94 94 98 100 99 92 97 93 92 94 94 95 92 91 92 91 90 93 92 92 90 91 93 93 92 92 89 84 84 84 84 86 90 88 90 91 92 92 92 93 92 93 93 93 93 93 94 93 93 93 94 92 92 -999 -999 -999 -999 -999 -999 -999 -999 -999 -999 -999 -999 -999 -999 -999 -999 -999 -999 -999 -999 -999 -999 -999 -999 -999 -999 -999 -999 -999 -999 -999
98 98 98 97 99 96 94 95 99 98 93 93 96 94 97 101 100 99 93 95 92 93 96 94 91 93 94 91 91 93 93 91 92 92 91 91 88 91 89 84 83 85 85 86 88 90 91 93 93 93 93 93 92 94 92 93 93 93 93 94 94 95 94 93 93 -999 -999 -999 -999 -999 -999 -999 -999 -999 -999 -999 -999 -999 -999 -999 -999 -999 -999 -999 -999 -999 -999 -999 -999 -999 -999 -999 -999 -999 -999 -999
100 98 97 99 98 97 95 95 97 99 96 95 94 94 95 96 99 100 99 97 93 95 94 94 93 93 92 91 89 93 95 93 92 93 91 92 90 90 86 83 86 85 88 89 90 91 92 92 93 92 93 93 93 94 93 92 93 93 93 92 93 92 95 96 93 -999 -999 -999 -999 -999 -999 -999 -999 -999 -999 -999 -999 -999 -999 -999 -999 -999 -999 -999 -999 -999 -999 -999 -999 -999 -999 -999 -999 -999 -999 -999
101 99 101 98 98 99 97 97 99 100 101 98 97 96 97 101 97 99 100 100 98 93 95 95 92 94 94 92 91 93 94 92 92 93 92 91 88 87 84 86 88 89 89 89 90 90 89 92 92 92 93 93 93 92 90 90 92 91 92 93 92 93 93 98 93 96 -999 -999 -999 -999 -999 -999 -999 -999 -999 -999 -999 -999 -999 -999 -999 -999 -999 -999 -999 -999 -999 -999 -999 -999 -999 -999 -999 -999 -999 -999
103 103 102 102 100 101 99 99 99 100 102 102 101 101 101 101 96 98 99 100 100 98 98 93 96 92 94 91 91 93 95 93 93 93 91 90 86 84 87 88 89 90 90 89 90 90 90 91 92 92 92 92 92 92 91 91 91 90 92 91 91 92 92 89 92 93 94 -999 -999 -999 -999 -999 -999 -999 -999 -999 -999 -999 -999 -999 -999 -999 -999 -999 -999 -999 -999 -999 -999 -999 -999 -999 -999 -999 -999 -999
101 102 103 102 101 102 101 101 101 102 102 100 98 96 95 101 97 97 98 100 100 100 97 94 92 96 94 91 92 93 94 95 94 91 89 90 88 88 88 88 90 90 89 90 90 91 90 91 91 92 92 91 92 91 92 90 90 91 91 92 92 92 93 91 92 94 95 96 96 -999 -999 -999 -999 -999 -999 -999 -999 -999 -999 -999 -999 -999 -999 -999 -999 -999 -999 -999 -999 -999 -999 -999 -999 -999 -999 -999
99 101 100 101 102 102 102 102 102 101 100 101 100 95 95 99 101 96 98 99 100 99 98 94 94 92 94 92 92 94 94 96 91 88 87 87 88 87 88 89 88 88 89 89 90 89 90 92 91 91 91 91 91 89 90 90 90 91 92 92 93 94 93 93 93 94 96 95 95 94 -999 -999 -999 -999 -999 -999 -999 -999 -999 -999 -999 -999 -999 -999 -999 -999 -999 -999 -999 -999 -999 -999 -999 -999 -999 -999
97 100 101 102 100 100 100 102 102 102 101 99 98 97 94 96 99 101 99 98 99 99 98 94 92 94 93 92 92 92 94 92 91 86 83 84 84 84 85 85 87 85 86 88 88 89 90 91 92 92 92 90 91 90 90 91 90 91 91 92 92 93 95 93 94 96 95 94 93 94 -999 -999 -999 -999 -999 -999 -999 -999 -999 -999 -999 -999 -999 -999 -999 -999 -999 -999 -999 -999 -999 -999 -999 -999 -999 -999
98 99 100 102 99 101 99 101 101 102 102 101 100 98 93 93 95 98 101 98 100 99 99 93 93 94 93 94 92 93 92 92 91 87 86 84 80 81 82 83 82 82 85 88 88 87 88 91 90 92 91 92 91 91 91 93 91 91 90 91 93 94 94 96 96 95 94 91 92 92 -999 -999 -999 -999 -999 -999 -999 -999 -999 -999 -999 -999 -999 -999 -999 -999 -999 -999 -999 -999 -999 -999 -999 -999 -999 -999
96 98 100 99 99 100 100 100 100 101 101 101 99 99 93 95 93 95 100 98 100 99 99 98 93 90 93 93 94 94 92 89 87 85 86 89 86 86 83 77 76 84 85 88 88 87 88 90 91 91 89 92 93 93 93 91 93 92 92 93 94 94 94 94 94 90 91 92 92 92 90 92 94 -999 -999 -999 -999 -999 -999 -999 -999 -999 -999 -999 -999 -999 -999 -999 -999 -999 -999 -999 -999 -999 -999 -999
93 99 99 99 98 98 99 98 100 100 101 101 101 100 95 100 100 99 100 95 99 100 99 99 94 92 93 94 97 93 90 87 88 90 87 85 86 87 84 77 74 83 87 87 88 89 90 90 90 88 90 93 92 93 91 93 94 92 93 93 94 95 95 92 91 92 92 93 92 91 90 92 92 94 -999 -999 -999 -999 -999 -999 -999 -999 -999 -999 -999 -999 -999 -999 -999 -999 -999 -999 -999 -999 -999 -999
94 95 98 98 98 99 100 100 100 101 100 101 100 100 99 97 100 100 95 96 95 98 100 99 98 98 97 97 92 94 94 92 86 83 84 85 81 79 84 81 78 81 85 86 88 91 91 90 89 91 93 94 94 94 93 94 94 95 94 95 94 94 94 94 93 94 93 93 92 92 90 93 94 94 94 95 -999 -999 -999 -999 -999 -999 -999 -999 -999 -999 -999 -999 -999 -999 -999 -999 -999 -999 -999 -999
95 94 93 97 99 99 99 100 100 100 99 101 100 100 98 98 94 100 97 94 94 96 98 99 99 99 98 94 92 89 89 86 83 82 84 82 75 75 80 83 81 76 82 86 87 91 91 89 91 92 94 91 93 94 94 92 93 95 94 94 95 95 94 92 92 93 92 92 91 91 91 92 92 95 94 94 -999 -999 -999 -999 -999 -999 -999 -999 -999 -999 -999 -999 -999 -999 -999 -999 -999 -999 -999 -999
95 95 94 96 99 96 99 100 97 97 99 101 101 100 100 98 100 100 100 100 99 95 96 99 99 99 97 94 94 95 89 85 84 82 84 83 80 77 79 79 83 80 80 88 90 92 93 93 94 93 92 92 93 92 92 92 93 95 93 93 90 92 92 90 92 92 91 90 92 92 90 92 95 96 94 93 94 95 -999 -999 -999 -999 -999 -999 -999 -999 -999 -999 -999 -999 -999 -999 -999 -999 -999 -999
96 96 94 96 95 94 98 98 97 99 101 101 101 101 100 99 99 100 99 100 99 97 96 97 98 98 98 96 96 92 89 84 82 84 84 87 84 83 80 84 84 83 81 85 91 91 92 93 91 90 90 91 92 90 91 93 94 94 94 94 90 90 90 88 92 93 93 92 92 93 94 94 95 96 93 92 92 93 95 95 93 90 -999 -999 -999 -999 -999 -999 -999 -999 -999 -999 -999 -999 -999 -999
96 96 94 94 94 96 99 97 99 100 101 100 100 100 101 99 99 98 99 99 100 97 94 97 97 98 98 97 92 92 88 83 81 84 89 85 85 85 83 83 84 87 86 87 89 88 91 89 89 85 83 90 92 90 92 94 94 93 93 93 90 89 89 90 92 93 93 94 93 91 93 95 94 94 93 92 91 94 94 94 94 93 -999 -999 -999 -999 -999 -999 -999 -999 -999 -999 -999 -999 -999 -999
