DE_airtemperature/2018_08_airtemp.asc
NCOLS 654
NROWS 866
XLLCORNER 3280414.711633467
YLLCORNER 5237500.62890625
CELLSIZE 1000
NODATA_VALUE -999
[rows 492 to 532 of 866, columns 376 to 469 of 654]
182 184 185 180 179 177 179 183 185 188 193 196 201 201 197 202 199 197 204 198 203 195 203 199 202 198 199 199 201 204 201 196 196 195 196 198 198 196 197 200 201 199 199 198 199 199 196 196 197 200 200 199 201 201 199 199 196 195 196 197 200 201 201 206 202 205 204 209 204 202 204 201 201 208 204 204 209 205 202 203 203 201 202 203 202 199 198 199 199 200 201 198 196 199
187 183 180 177 178 179 180 180 183 188 193 189 193 193 190 203 193 189 188 197 191 195 191 191 197 197 202 199 194 203 204 199 197 196 197 197 199 198 199 199 200 199 199 200 199 198 199 195 197 197 198 199 200 199 200 197 197 195 195 196 199 200 202 200 203 203 205 203 207 205 204 202 203 203 202 203 205 207 207 203 204 206 205 205 201 199 196 196 195 196 197 198 196 197
182 181 181 176 175 177 176 179 183 192 186 194 193 199 203 199 194 190 186 186 191 194 190 189 187 191 191 194 194 198 194 200 196 196 197 198 199 200 201 200 200 202 202 199 198 201 200 200 198 197 197 195 196 197 199 199 195 197 195 197 197 197 201 202 200 203 202 205 205 202 203 203 202 203 202 202 203 205 204 205 204 201 204 204 202 202 199 196 195 194 195 194 194 196
182 182 177 178 174 177 177 177 188 189 193 196 203 202 193 201 192 196 189 191 187 187 188 192 189 188 190 194 193 194 197 193 200 203 201 202 201 203 203 202 202 199 199 199 196 197 200 199 198 200 196 195 194 195 197 198 198 197 196 196 197 200 198 199 201 200 203 205 205 202 203 204 205 202 200 200 203 201 202 203 201 201 202 202 202 200 200 198 196 194 192 190 190 194
176 173 172 175 172 174 180 182 185 187 189 198 192 187 185 192 196 199 191 199 197 188 187 187 188 187 191 189 194 192 191 192 193 194 203 202 199 198 200 203 199 201 200 197 196 198 197 196 197 199 197 195 196 195 197 197 198 195 194 195 200 195 197 198 200 201 200 205 205 205 206 205 203 204 202 200 201 201 200 199 199 200 199 202 198 201 198 195 194 187 188 188 190 191
176 176 172 170 172 183 190 191 185 187 196 202 196 188 184 188 195 197 196 194 188 187 191 187 187 186 188 188 192 194 191 190 191 195 197 204 198 198 198 198 197 198 197 195 196 197 196 196 198 199 198 197 197 195 195 196 195 197 196 196 195 196 197 200 201 201 202 203 205 205 206 205 204 204 202 202 202 201 201 202 199 199 196 201 202 199 198 197 196 192 192 190 188 187
174 174 174 173 177 176 178 190 195 192 200 187 187 187 185 187 194 188 194 190 187 189 186 184 186 184 185 187 188 192 188 187 191 192 195 200 203 204 202 199 195 193 194 196 196 193 194 196 195 196 197 198 196 193 195 192 194 196 195 194 194 197 198 199 200 201 203 203 206 204 207 205 204 204 201 203 203 201 203 202 199 197 197 195 200 200 197 195 195 190 189 183 182 185
173 174 174 172 174 176 182 180 183 195 199 186 193 188 185 185 184 186 191 188 190 186 184 184 184 183 184 185 188 191 188 187 190 192 194 196 197 200 197 195 195 194 195 197 195 194 193 193 193 195 197 197 197 196 195 193 196 195 197 195 195 197 200 201 199 201 201 203 206 202 202 206 203 202 202 205 205 203 200 200 200 200 197 195 197 199 195 193 190 191 185 179 183 187
170 171 178 175 178 178 179 180 191 192 190 197 198 193 184 184 182 186 189 187 190 183 185 182 182 183 186 189 191 192 190 189 190 190 194 195 196 196 199 197 195 196 198 196 197 196 195 193 193 195 197 196 196 195 195 197 197 199 200 193 194 197 199 201 200 202 203 204 206 201 203 203 203 206 203 202 201 204 200 200 195 198 197 194 198 197 195 194 189 185 181 182 183 183
173 178 175 187 182 188 188 185 189 185 191 193 194 198 189 186 182 184 187 196 186 186 184 183 182 183 182 185 186 189 183 187 190 193 196 197 201 198 194 200 196 197 198 194 195 196 193 191 194 195 196 195 196 195 197 199 197 198 199 195 194 197 199 201 201 202 202 207 206 205 201 201 204 203 200 201 200 203 202 200 196 195 197 194 197 197 192 194 188 183 182 185 184 182
182 181 178 184 184 189 189 194 190 196 195 193 189 195 194 195 190 182 184 190 188 194 188 185 186 186 185 185 185 186 186 185 190 192 193 192 197 197 192 192 193 193 196 190 193 192 192 190 191 193 195 194 192 195 197 197 200 201 201 199 197 199 199 199 200 204 203 205 204 203 201 201 203 200 199 197 200 202 202 198 194 195 197 193 197 194 192 191 184 187 183 186 186 183
175 181 175 176 188 191 190 186 182 186 182 186 192 195 185 187 193 183 186 188 188 186 190 186 185 184 184 181 180 181 184 184 186 188 192 190 196 197 197 193 194 192 191 190 190 191 193 191 191 193 194 192 191 193 194 197 198 198 197 200 199 199 199 201 203 203 203 203 200 202 201 199 201 199 198 197 201 200 200 198 195 193 196 191 197 192 189 187 183 187 185 185 187 189
177 175 180 180 184 192 189 187 180 180 183 187 189 189 187 184 184 186 184 182 188 180 183 186 186 184 182 180 179 182 185 184 186 186 189 190 195 196 197 194 192 194 192 192 190 188 191 192 191 191 193 194 191 191 193 193 196 198 197 202 200 200 203 203 205 202 203 200 198 200 201 199 198 201 198 196 199 199 197 196 194 195 194 195 194 193 187 185 185 185 187 186 184 188
174 171 174 174 179 186 185 180 183 187 185 197 193 186 189 183 183 184 182 188 188 185 183 184 186 185 175 178 180 181 182 185 187 187 189 190 192 196 194 189 190 192 190 192 189 186 190 190 189 191 193 192 190 190 192 196 195 197 200 202 202 202 204 202 200 201 200 197 199 201 198 198 198 198 195 198 199 199 197 193 193 193 191 194 190 189 185 185 185 184 183 187 185 184
178 181 179 178 180 177 177 189 190 190 195 188 189 194 187 190 180 181 186 183 181 182 180 183 186 183 182 178 182 182 182 184 186 186 189 193 195 190 190 191 190 189 190 190 187 187 190 188 187 191 193 192 192 190 192 196 198 197 200 201 201 203 201 199 199 201 200 198 198 199 198 197 195 198 194 196 197 195 192 189 191 189 188 192 186 187 185 185 186 187 186 186 183 180
180 187 183 181 182 177 180 182 182 186 185 190 184 193 184 188 185 182 183 180 181 181 182 182 186 179 177 177 179 183 185 184 185 186 189 193 194 188 189 189 188 187 189 188 189 186 187 185 189 191 191 193 191 191 191 195 197 197 200 201 201 203 200 199 199 199 198 196 196 199 197 195 193 194 194 190 194 195 189 188 187 185 185 186 183 184 186 183 182 187 185 185 184 182
182 185 180 181 178 181 177 181 181 183 184 191 191 183 183 187 183 180 176 181 181 184 184 186 176 176 177 178 179 181 184 184 186 185 193 190 188 190 189 187 187 186 190 189 188 187 187 187 188 190 190 190 191 190 190 192 195 196 198 200 202 202 201 199 198 197 199 199 194 195 194 196 194 194 191 190 188 188 189 190 189 187 184 189 185 184 184 182 182 184 180 180 179 182
183 189 179 178 182 180 180 179 179 182 183 185 187 187 182 183 184 176 178 180 182 183 186 186 182 176 177 177 180 181 182 183 186 188 191 191 187 187 184 187 188 188 192 191 187 189 187 190 187 184 188 190 190 191 194 193 194 194 194 198 202 198 199 198 200 200 199 197 197 197 197 195 197 194 194 194 191 187 188 189 185 186 184 186 185 185 183 179 178 179 180 178 176 182
185 181 185 178 186 180 183 181 179 183 183 185 187 185 185 179 180 176 179 180 184 184 182 181 182 180 176 176 178 178 183 186 187 191 188 193 188 189 187 189 188 191 193 189 189 188 191 190 186 187 188 191 192 192 194 195 195 193 195 198 201 203 202 203 203 201 199 200 199 198 198 197 194 196 195 195 191 185 188 185 181 182 180 181 182 184 182 177 176 175 178 174 173 179
182 189 177 181 185 182 182 182 181 183 184 184 188 185 185 184 181 181 176 183 180 180 180 182 180 176 179 175 176 178 183 185 189 185 192 188 187 185 189 187 191 190 192 191 191 189 192 188 189 187 188 189 190 192 193 194 195 195 196 196 200 198 198 198 198 201 201 201 200 200 199 196 196 197 197 193 192 191 192 188 181 181 178 181 183 183 179 176 173 170 172 174 174 174
181 184 179 179 188 184 186 183 183 185 184 186 188 184 185 185 182 183 182 179 181 177 176 181 178 179 176 176 175 175 182 182 188 188 191 186 185 186 191 193 192 194 194 192 192 192 188 189 191 187 190 191 191 190 193 192 193 198 199 199 197 200 198 200 198 198 198 199 200 200 197 199 198 195 194 195 192 191 187 187 181 179 178 180 182 182 180 181 180 176 172 177 174 171
193 185 181 183 190 190 189 189 189 189 186 186 186 185 188 186 184 186 180 180 182 180 177 178 177 176 175 176 176 180 179 178 184 186 192 188 185 189 196 196 192 190 195 196 191 189 190 191 189 191 191 190 191 191 190 191 192 192 198 196 198 200 196 199 199 195 195 198 196 201 200 198 196 195 193 191 189 188 187 184 181 179 181 182 180 182 184 186 185 181 179 176 172 -999
187 182 185 184 191 183 186 187 188 189 192 192 187 186 189 186 189 181 186 185 181 182 179 179 181 178 176 178 177 179 178 181 183 184 192 190 187 193 189 190 188 188 190 195 196 193 194 191 192 193 191 191 192 192 192 190 193 193 196 197 197 196 194 196 196 196 194 194 196 199 196 197 196 196 193 193 192 191 188 184 182 179 179 178 179 179 178 180 181 188 184 185 -999 -999
183 184 185 184 190 184 187 189 190 185 194 189 188 187 193 188 189 185 186 185 186 186 183 182 180 178 178 180 182 179 183 184 182 185 189 191 192 188 190 188 187 188 189 192 194 191 193 193 195 191 191 193 192 194 192 192 195 194 197 200 197 197 188 193 196 197 195 192 194 195 200 194 193 193 195 195 193 193 190 189 186 178 180 178 177 177 178 182 181 186 188 -999 -999 -999
191 183 185 192 187 185 187 190 191 190 192 190 190 188 188 188 185 185 187 182 187 181 183 182 184 181 180 179 180 183 184 188 188 188 192 187 190 186 187 189 186 188 192 192 194 196 191 193 192 192 193 191 194 195 194 192 196 199 196 196 199 197 194 193 195 197 194 191 193 197 196 196 197 198 196 194 192 195 192 188 181 179 182 181 177 180 186 183 184 189 182 -999 -999 -999
185 186 182 193 185 186 189 187 194 195 195 187 190 192 195 191 186 184 188 183 190 184 188 188 182 181 180 177 181 182 182 181 184 186 191 186 188 186 188 187 185 187 189 190 196 195 195 193 194 193 195 193 195 194 195 194 195 199 195 194 196 194 192 193 193 196 191 191 194 195 193 197 198 192 192 191 192 191 190 187 185 185 184 179 181 180 187 190 190 189 185 185 -999 -999
185 186 184 192 186 187 191 191 193 194 190 187 187 192 190 187 188 184 189 186 187 186 189 183 182 181 179 179 179 180 182 181 185 186 191 190 191 184 187 188 188 187 191 189 190 198 198 196 194 194 196 195 196 196 193 193 198 195 194 193 194 193 192 188 189 192 193 190 190 190 192 197 199 194 195 193 194 194 191 188 188 182 183 185 182 180 184 183 179 178 -999 -999 -999 -999
184 182 186 190 193 188 196 195 192 192 189 197 188 195 195 187 188 185 185 190 192 186 191 184 183 183 182 183 179 183 186 186 188 190 190 189 188 189 194 186 190 187 188 189 191 193 195 197 199 195 196 196 198 195 195 194 193 195 195 190 192 193 192 188 188 189 190 193 189 191 194 194 194 194 199 193 194 193 193 189 188 188 189 181 183 181 185 182 179 -999 -999 -999 -999 -999
196 192 185 193 196 192 191 198 196 191 191 187 189 190 197 191 190 189 184 184 187 188 190 188 185 189 184 181 180 181 184 186 187 188 191 194 193 190 187 189 188 186 188 190 192 193 194 198 198 200 197 198 195 194 195 195 193 192 194 194 190 192 189 190 189 187 187 189 190 188 189 191 190 190 193 197 192 189 189 187 187 189 186 182 178 178 180 185 180 -999 -999 -999 -999 -999
198 198 191 192 188 197 198 190 198 197 191 191 192 197 188 187 190 188 185 188 191 188 192 188 183 182 187 183 180 182 183 185 188 187 187 187 192 189 188 188 189 191 188 190 193 194 195 199 197 196 199 196 197 198 195 192 192 193 192 191 191 189 192 189 190 189 188 188 187 188 191 188 192 192 194 194 193 190 191 191 190 191 187 186 186 186 187 -999 -999 -999 -999 -999 -999 -999
199 198 196 193 190 194 197 196 200 197 194 190 188 192 188 193 190 184 190 186 189 195 193 188 186 186 183 184 184 182 181 186 187 186 184 187 193 192 191 187 191 191 190 193 192 195 197 197 195 197 198 199 196 196 194 192 192 191 191 190 190 190 193 192 191 190 189 188 188 -999 -999 190 193 192 192 194 196 195 190 194 192 190 190 190 192 187 -999 -999 -999 -999 -999 -999 -999 -999
199 197 198 197 192 191 198 198 196 195 192 194 196 186 187 190 186 186 187 187 193 192 195 190 192 192 191 185 182 184 181 182 182 187 188 189 193 193 192 192 194 191 190 193 194 196 194 197 195 197 196 197 198 197 194 194 193 192 192 191 192 193 192 190 188 191 190 186 187 -999 -999 191 191 188 190 195 191 192 195 195 194 193 194 192 192 188 -999 -999 -999 -999 -999 -999 -999 -999
198 199 198 198 196 191 200 198 193 196 190 197 193 188 194 188 187 192 192 190 190 196 190 188 191 183 182 186 181 179 179 185 186 185 187 191 191 189 191 195 193 194 193 192 192 195 194 195 195 196 197 198 198 196 193 194 193 194 193 191 193 194 193 190 188 189 190 190 188 -999 -999 -999 188 191 191 194 190 191 189 191 187 187 190 190 188 187 -999 -999 -999 -999 -999 -999 -999 -999
199 201 199 200 196 194 200 199 190 195 189 197 187 197 192 190 188 195 197 192 196 195 184 186 185 190 192 183 185 184 182 183 184 188 191 192 190 188 192 195 193 193 192 189 193 195 195 196 193 197 195 197 198 197 196 196 194 194 192 191 194 191 192 190 188 187 188 188 -999 -999 -999 -999 188 189 193 192 194 192 189 188 191 189 190 189 185 186 -999 -999 -999 -999 -999 -999 -999 -999
199 201 200 201 199 194 199 198 192 196 186 196 193 187 188 194 186 195 190 198 190 189 186 189 191 191 183 185 186 185 182 184 189 185 189 185 188 191 192 194 190 192 191 191 191 192 193 193 195 197 198 197 197 198 197 195 193 193 193 194 194 194 191 188 187 188 187 188 -999 -999 -999 -999 187 189 195 189 188 193 189 191 192 191 189 186 -999 -999 -999 -999 -999 -999 -999 -999 -999 -999
200 201 202 199 199 196 198 199 196 192 186 190 197 188 194 195 191 191 199 197 195 188 189 193 189 188 189 191 188 185 183 183 186 186 186 186 189 190 194 191 191 192 191 191 190 190 193 193 194 195 197 196 199 197 195 195 196 195 194 193 193 192 191 189 189 189 187 187 -999 -999 -999 -999 187 191 191 192 188 191 193 189 188 188 189 -999 -999 -999 -999 -999 -999 -999 -999 -999 -999 -999
201 202 201 200 197 200 198 199 197 194 186 191 198 189 193 188 194 199 192 196 195 187 192 192 189 195 188 185 184 186 184 182 180 181 185 187 190 190 194 191 191 191 191 189 191 191 194 198 195 196 195 194 198 193 195 193 192 192 193 192 191 191 191 188 190 189 -999 -999 -999 -999 -999 -999 -999 -999 -999 -999 186 188 192 191 191 185 187 -999 -999 -999 -999 -999 -999 -999 -999 -999 -999 -999
202 202 201 200 199 199 199 200 198 197 194 192 199 191 195 198 195 196 196 195 190 188 194 191 196 189 186 186 187 187 183 187 182 181 187 187 188 190 192 194 192 189 189 190 193 194 195 196 196 194 195 196 198 196 195 191 190 192 192 191 190 191 191 190 190 188 -999 -999 -999 -999 -999 -999 -999 -999 -999 -999 187 188 191 188 186 187 189 -999 -999 -999 -999 -999 -999 -999 -999 -999 -999 -999
202 201 200 198 198 192 191 193 198 192 196 194 198 198 196 199 194 189 189 195 198 197 199 198 188 191 193 188 189 188 188 183 184 184 185 189 190 187 195 193 191 190 190 192 192 193 194 193 194 191 193 195 195 193 196 194 193 193 193 193 190 192 191 190 188 187 -999 -999 -999 -999 -999 -999 -999 -999 -999 188 187 186 189 187 186 187 189 -999 -999 -999 -999 -999 -999 -999 -999 -999 -999 -999
202 202 201 199 199 191 197 196 199 194 196 199 197 195 200 192 193 196 185 181 196 189 190 189 189 188 190 194 189 183 187 191 189 185 186 188 190 188 192 192 190 190 188 189 189 193 192 193 190 194 196 196 196 196 193 192 194 194 194 193 192 192 192 189 188 186 -999 -999 -999 -999 -999 -999 -999 -999 -999 -999 183 186 188 187 186 -999 -999 -999 -999 -999 -999 -999 -999 -999 -999 -999 -999 -999
202 202 202 200 199 190 193 191 194 198 199 193 196 197 199 198 184 183 189 180 191 184 186 193 193 186 185 189 184 183 183 185 183 184 187 190 188 189 191 192 190 188 189 188 190 190 192 193 192 194 195 194 196 196 194 192 191 193 192 191 192 191 191 189 188 187 183 182 185 -999 -999 -999 -999 -999 -999 -999 -999 -999 186 186 187 -999 -999 -999 -999 -999 -999 -999 -999 -999 -999 -999 -999 -999
