DE_airtemperature/2018_11_airtemp.asc
NCOLS 654
NROWS 866
XLLCORNER 3280414.711633467
YLLCORNER 5237500.62890625
CELLSIZE 1000
NODATA_VALUE -999
[rows 318 to 370 of 866, columns 288 to 383 of 654]
59 59 60 60 59 59 59 60 59 59 59 59 59 59 59 59 59 59 58 59 60 60 59 60 60 60 59 59 60 59 60 59 60 59 60 60 59 58 58 59 58 58 58 58 57 56 56 55 55 53 50 46 46 46 46 48 50 51 53 54 55 55 55 55 56 55 55 55 54 56 56 53 54 52 51 50 50 50 52 52 53 51 53 54 54 53 53 52 52 52 53 53 54 54 54 54
59 59 59 59 59 59 59 59 59 59 59 59 58 58 58 58 57 58 58 59 59 60 60 59 59 59 59 59 60 59 59 59 59 59 60 60 60 58 57 58 59 58 58 58 58 57 56 56 56 54 53 51 49 48 48 49 50 51 52 52 53 54 55 55 55 55 55 54 54 55 55 54 54 54 52 49 49 50 50 51 53 51 50 52 54 54 53 52 52 51 52 53 53 53 54 54
59 59 59 59 59 59 59 59 59 59 59 58 58 57 56 57 58 59 59 59 59 60 60 59 59 59 59 59 59 59 59 59 59 59 60 60 60 59 58 58 58 58 59 58 58 58 57 57 56 55 55 53 53 51 51 51 51 51 51 50 51 52 53 54 55 56 55 54 54 55 55 55 55 53 52 51 50 50 49 51 51 52 51 52 52 54 54 53 52 52 52 53 53 53 53 53
59 59 59 59 59 59 59 59 59 59 59 58 58 57 58 58 59 59 59 59 60 60 59 60 59 59 59 59 59 59 59 59 59 59 60 60 60 60 58 58 59 60 60 59 58 58 58 57 56 56 55 55 55 54 53 53 53 52 51 50 49 49 50 52 54 56 55 54 54 54 55 54 56 54 52 51 52 52 51 50 51 52 52 52 52 52 54 53 52 52 53 53 54 54 53 53
60 59 60 59 59 58 59 59 59 59 59 58 58 58 60 59 60 59 60 60 61 60 60 60 60 59 60 59 60 59 60 59 60 59 60 59 61 60 60 59 60 59 58 58 59 58 58 58 57 57 58 57 56 55 54 55 52 52 51 49 48 47 48 49 52 55 55 55 55 54 55 55 55 55 54 53 52 52 52 52 52 53 54 52 52 52 52 53 52 52 53 53 53 53 53 54
60 59 59 59 59 58 58 59 59 59 58 57 58 59 59 59 60 60 61 61 60 61 60 60 60 60 60 60 60 60 60 60 60 60 59 59 61 61 61 61 61 60 58 54 56 59 58 58 58 58 58 58 58 57 56 54 53 52 52 51 48 47 47 47 50 53 54 55 55 55 56 55 55 55 53 52 52 50 51 51 51 53 54 53 52 52 51 52 52 53 53 53 53 53 54 54
57 58 58 59 59 58 56 57 57 58 56 55 57 57 58 59 60 60 60 60 60 60 61 60 60 60 59 60 60 60 60 60 58 59 59 58 60 61 61 60 60 60 58 55 55 52 58 57 58 58 58 57 58 58 56 53 53 54 53 53 52 50 50 49 50 53 55 55 56 56 56 56 55 55 55 52 52 51 50 50 50 51 52 53 53 52 51 51 53 53 54 53 53 54 54 54
57 54 56 56 57 57 57 56 56 57 57 58 59 59 59 60 60 59 57 58 59 58 59 60 60 60 60 60 60 60 60 59 59 57 57 56 60 61 61 61 59 60 60 58 56 54 55 56 55 56 57 57 57 57 56 55 53 54 53 54 54 54 52 52 53 55 55 56 56 55 56 56 56 55 53 52 53 53 52 50 49 50 52 52 53 52 53 51 51 52 53 53 54 54 55 55
59 57 57 57 57 55 57 58 57 57 55 59 60 60 60 60 59 57 57 53 55 58 59 59 61 61 61 61 61 61 61 61 59 58 56 58 58 61 61 60 59 60 59 58 56 56 56 55 53 55 55 56 57 57 56 56 54 55 55 54 55 56 55 54 54 55 55 56 56 56 56 56 55 55 54 54 54 53 52 51 51 51 50 51 51 53 53 53 53 53 54 55 54 55 55 55
59 58 59 59 58 59 59 58 58 59 58 60 59 59 55 55 56 54 57 58 56 56 55 57 60 61 61 61 61 61 61 60 60 59 55 55 58 60 61 61 61 60 60 58 57 58 56 56 56 56 55 56 56 57 57 56 55 56 55 56 56 56 55 54 56 56 56 56 56 56 56 55 55 55 55 55 55 55 52 53 52 51 50 51 51 52 51 52 53 54 54 55 54 56 55 56
60 60 60 59 59 59 60 60 60 59 59 60 60 60 59 57 59 57 54 57 59 58 56 59 59 60 60 61 61 61 61 61 60 59 58 55 57 59 61 61 61 61 60 59 60 59 58 58 57 57 57 56 56 57 57 57 56 56 56 57 57 57 55 56 56 56 56 55 54 54 54 55 55 55 55 55 55 55 53 53 52 51 49 51 51 51 51 52 53 54 54 55 55 56 55 54
60 61 60 60 60 60 60 59 59 60 60 59 58 59 59 59 56 57 58 60 60 59 56 56 56 59 60 61 60 60 60 61 60 59 58 55 58 60 61 61 60 60 60 59 58 58 59 58 58 57 55 56 56 57 57 57 55 55 56 54 56 57 56 56 56 56 56 56 56 56 56 56 56 55 56 56 56 56 55 54 52 51 53 52 51 51 51 52 53 54 55 54 55 56 55 55
58 57 60 58 56 56 55 56 57 55 60 59 59 57 59 59 59 60 60 60 60 59 58 56 55 56 58 60 60 60 60 60 60 59 58 57 57 60 61 60 59 59 60 60 60 60 59 58 58 59 58 57 56 56 57 57 57 56 53 54 55 56 57 56 56 57 56 57 57 56 56 57 56 56 56 56 56 56 55 55 55 54 55 53 51 52 51 52 52 53 55 56 56 55 55 55
58 56 60 58 51 53 56 58 58 59 60 58 59 57 54 58 60 60 59 60 60 59 58 57 55 57 57 60 60 60 60 61 61 61 59 57 58 60 61 60 60 60 60 59 59 59 60 58 58 58 57 58 58 57 56 57 56 57 56 56 55 57 56 56 56 57 56 56 56 57 57 57 57 56 56 56 56 55 55 55 55 55 55 55 54 53 52 53 54 55 55 55 56 56 55 55
56 59 57 58 58 53 56 56 55 60 59 58 58 58 55 57 60 60 59 59 58 58 58 56 53 57 58 59 60 60 61 61 60 60 59 58 58 60 62 60 60 60 60 60 59 60 59 59 58 58 58 58 58 57 57 57 57 57 58 58 57 56 56 57 57 57 57 57 57 57 57 57 56 56 56 56 56 56 56 55 56 56 56 54 54 55 55 55 55 56 56 56 55 55 55 55
59 56 51 53 55 57 57 52 58 60 56 58 58 57 56 56 58 60 60 59 58 58 58 57 57 58 59 60 60 61 62 61 60 60 61 60 61 61 62 61 60 60 59 59 60 60 61 60 59 59 58 58 58 58 58 58 58 58 58 58 58 58 57 56 57 57 56 57 57 57 57 57 57 57 57 57 57 57 57 57 57 56 55 55 56 56 56 56 56 56 56 56 55 55 55 56
59 55 56 56 55 56 54 56 59 59 57 55 57 58 57 54 57 59 60 60 59 58 59 59 59 60 60 59 61 61 61 62 60 59 61 62 61 61 62 62 62 61 60 60 60 60 60 60 59 58 59 59 58 58 58 58 59 58 57 57 57 57 55 56 56 56 56 56 56 57 57 57 57 57 57 57 57 57 57 57 57 57 56 56 56 57 56 56 56 56 57 56 56 56 56 56
59 58 58 56 51 55 57 58 59 58 58 57 57 58 55 52 55 58 59 61 60 60 60 60 59 59 59 60 61 62 61 60 62 62 62 61 62 62 61 61 61 61 60 60 60 60 60 56 57 56 56 58 59 59 57 58 58 58 57 57 57 57 55 54 54 55 54 55 55 56 57 57 57 57 57 57 57 57 57 57 57 57 57 57 57 57 57 57 56 57 57 57 57 56 56 56
59 57 55 58 57 58 59 59 60 59 59 58 57 57 56 51 54 56 59 60 61 60 60 60 59 56 58 56 60 61 61 60 61 61 60 60 61 62 61 61 60 61 60 60 60 58 58 53 52 53 54 55 57 59 57 57 58 58 58 57 57 57 55 53 54 53 53 53 54 55 56 56 57 56 56 56 56 56 56 57 57 57 57 57 57 57 57 57 57 57 57 56 56 56 56 57
58 57 57 56 57 58 59 59 59 59 60 59 57 55 56 55 53 55 58 60 60 60 60 60 59 59 58 52 59 61 61 60 61 59 59 60 62 62 62 61 60 60 59 57 60 58 55 55 53 51 52 53 56 58 59 57 57 58 57 56 55 56 54 54 53 53 54 54 54 54 56 56 56 56 56 56 56 56 56 57 57 57 57 57 57 57 57 57 57 57 57 57 57 57 57 57
57 55 57 57 57 57 58 59 59 60 60 59 57 57 56 56 54 56 59 59 58 57 58 59 59 59 59 59 59 58 60 59 60 60 59 60 62 62 62 62 60 60 61 60 59 60 58 57 54 52 51 53 56 57 59 58 56 56 55 55 55 56 55 54 55 54 54 55 55 55 55 56 56 56 57 56 56 55 57 56 57 57 58 57 57 57 58 57 57 57 57 57 57 57 57 57
57 54 55 56 56 56 57 59 60 60 60 59 57 57 57 58 55 58 59 56 56 53 53 57 58 59 60 59 58 57 60 59 60 59 59 60 61 60 61 62 62 60 59 61 61 59 59 57 57 55 52 51 55 58 58 57 57 54 53 53 55 56 54 55 56 55 55 55 56 57 56 56 56 56 56 56 56 56 57 57 58 58 58 58 58 58 58 58 58 58 57 56 57 57 57 57
54 55 55 51 53 54 55 58 60 59 59 59 58 57 57 57 56 58 58 57 56 52 55 57 58 59 59 59 57 56 57 59 58 58 59 60 60 61 61 60 60 60 61 61 61 61 60 60 59 57 55 55 56 58 58 57 56 53 52 51 54 55 54 54 55 55 56 56 56 56 56 54 54 54 54 54 54 55 56 57 58 58 58 57 58 58 57 57 57 57 57 56 55 56 57 57
51 55 56 51 50 51 56 58 59 59 58 58 57 54 55 56 57 58 57 57 57 55 57 58 57 58 58 59 57 54 53 57 59 59 60 59 59 60 60 60 61 61 61 59 60 61 61 60 60 59 58 57 57 59 58 57 57 56 53 52 52 54 54 53 54 54 55 55 54 55 54 51 52 52 53 53 55 56 57 58 58 57 57 57 57 57 57 57 57 57 58 56 56 56 57 57
50 55 56 56 54 52 53 57 59 60 59 58 58 54 55 55 57 57 58 57 57 56 56 57 57 58 58 58 56 56 53 53 56 59 59 58 55 58 59 59 61 61 60 60 59 58 60 59 60 60 59 57 57 58 57 57 57 56 54 53 51 53 53 54 52 51 52 52 52 52 51 52 53 52 53 55 55 56 57 57 58 58 57 57 57 57 57 57 57 57 58 57 56 56 57 57
52 55 54 54 53 54 56 58 59 60 57 55 56 56 56 52 57 57 57 57 56 54 56 57 58 57 57 57 57 55 53 53 53 56 58 59 58 56 56 58 60 61 60 59 59 59 57 57 59 58 60 58 58 57 57 59 59 56 56 54 52 51 50 51 53 51 50 51 51 49 51 52 53 53 53 53 54 56 57 57 57 58 57 57 57 57 57 57 57 57 57 57 57 57 57 57
55 54 54 49 54 52 55 57 57 60 58 55 52 51 51 56 56 56 56 56 58 55 56 57 58 57 57 56 55 55 55 56 57 57 58 58 59 59 60 60 60 59 59 59 59 58 57 57 58 59 59 58 58 58 57 57 58 58 57 55 54 52 50 50 47 51 51 49 46 52 52 55 55 55 54 54 55 56 57 57 57 57 57 57 57 57 57 57 57 57 57 57 57 57 56 56
54 52 53 53 53 54 57 58 58 59 56 56 54 54 53 55 55 55 54 56 56 55 56 57 57 57 57 57 56 56 56 57 57 57 57 58 59 59 59 58 59 59 59 58 58 58 57 57 57 58 58 59 58 57 57 56 58 57 56 56 55 55 53 54 52 51 51 52 53 54 54 56 56 56 56 55 56 57 57 57 57 57 57 57 57 57 56 55 54 55 56 57 57 57 56 57
55 55 51 52 52 54 57 58 59 59 58 54 52 50 50 54 51 50 48 46 49 54 56 57 56 55 56 56 56 55 55 55 55 57 58 58 59 58 59 58 58 59 58 58 58 57 57 56 57 58 59 59 58 57 58 57 56 57 57 57 55 54 55 55 55 55 54 55 55 55 56 56 57 57 57 58 58 57 58 58 57 57 57 56 57 57 56 55 55 55 54 55 57 57 58 56
56 55 54 52 55 56 56 57 59 59 58 56 53 55 55 51 49 45 47 38 43 48 56 56 57 56 56 55 55 54 54 56 56 57 58 59 58 58 58 58 58 59 58 59 59 58 57 57 57 59 59 60 60 59 58 57 57 56 57 57 56 55 55 56 57 56 56 56 57 57 56 56 57 57 57 58 58 58 58 58 58 58 57 56 55 55 56 54 54 54 55 55 54 56 56 56
56 56 56 54 53 53 57 57 58 59 57 58 57 56 54 50 44 46 42 47 51 55 51 56 55 55 55 55 55 54 54 53 53 54 58 58 58 58 57 57 58 58 58 58 58 57 57 57 57 59 59 59 59 59 58 57 56 57 56 57 57 56 56 56 57 56 55 56 56 57 57 57 57 57 57 57 57 58 58 58 58 58 58 56 55 53 54 55 52 52 53 54 55 54 56 55
56 56 57 56 55 51 51 56 57 58 58 58 57 56 55 50 41 38 48 52 52 51 54 51 48 49 51 44 50 52 54 54 57 58 57 57 57 57 56 57 57 56 57 57 57 57 57 57 56 59 60 59 59 58 57 57 56 56 57 55 56 56 56 56 56 57 57 57 57 57 57 57 57 57 57 57 57 57 58 58 58 58 58 57 56 55 53 53 53 52 51 51 53 54 55 54
57 58 58 58 56 54 51 50 56 57 57 55 54 56 53 48 44 39 45 51 47 52 53 49 50 50 51 45 50 53 53 52 54 58 57 53 54 57 56 57 56 56 54 54 55 58 57 55 58 59 59 59 58 58 58 57 57 57 56 56 56 56 55 56 56 57 57 58 57 57 57 58 57 57 58 58 57 58 59 59 58 58 58 57 57 55 53 53 53 52 52 51 50 52 54 55
56 57 59 59 58 57 54 52 54 58 56 55 55 53 50 44 42 41 49 50 46 48 48 48 49 48 51 47 52 49 43 46 45 56 46 52 54 54 55 54 56 53 51 51 55 56 56 57 58 58 58 59 58 58 57 57 57 56 56 56 56 56 55 56 57 57 57 58 57 57 57 57 58 58 58 58 58 58 59 59 59 59 58 58 58 57 54 52 53 52 52 50 49 50 52 53
55 57 57 58 57 57 54 52 55 58 56 56 55 55 52 49 41 37 41 48 49 43 40 45 45 44 43 46 38 49 43 43 48 52 42 43 49 53 54 53 52 49 39 41 55 56 54 56 58 58 58 58 58 58 57 57 57 57 57 56 56 57 57 57 57 57 57 57 57 58 57 57 56 57 58 58 58 58 59 59 58 58 58 57 58 58 55 53 52 53 52 51 51 50 51 51
55 54 58 55 55 55 54 51 52 58 57 56 54 53 48 46 47 43 40 49 45 40 40 38 40 43 44 47 40 45 38 38 46 45 37 38 41 46 48 46 48 40 44 52 49 51 55 55 56 55 57 57 57 57 57 57 57 57 57 57 57 57 57 57 56 56 57 57 57 57 57 57 56 56 56 57 58 58 58 58 58 58 58 57 57 57 58 56 53 53 53 52 52 52 50 50
58 58 59 59 57 55 55 54 51 57 56 56 56 53 48 42 38 39 37 43 46 39 36 36 42 35 36 38 38 41 37 35 44 45 40 37 41 40 47 46 46 40 51 48 42 45 55 54 55 55 56 56 56 55 56 57 57 58 57 57 57 57 57 57 56 55 56 56 57 57 58 56 56 57 57 57 56 56 56 57 58 58 58 56 56 57 58 57 56 54 53 54 53 53 51 51
59 56 57 58 59 59 58 55 54 57 55 56 55 54 51 45 43 38 38 49 37 40 38 38 36 33 41 32 36 40 39 44 50 40 40 37 40 42 49 42 44 47 50 43 44 48 52 46 49 53 53 55 56 57 57 57 57 57 56 56 57 57 57 57 56 55 55 56 57 56 56 54 56 56 57 57 57 56 54 56 57 58 58 56 57 58 58 58 57 57 55 55 55 54 53 51
57 56 52 55 58 58 57 56 56 55 55 56 56 55 50 47 38 34 44 45 39 40 39 39 36 33 28 35 37 35 42 44 41 39 37 37 39 44 47 42 43 44 45 46 43 49 55 40 47 52 54 54 55 57 57 56 56 55 55 56 56 57 56 57 56 55 55 56 56 55 55 56 56 57 57 57 58 57 56 55 56 57 58 56 58 58 57 58 57 57 56 56 56 56 55 53
54 57 53 52 53 56 56 57 57 54 55 53 55 54 51 47 46 38 46 36 43 38 37 37 39 33 33 40 41 42 45 48 45 42 42 38 40 40 45 41 43 41 42 47 50 54 43 46 42 45 42 51 51 53 56 56 54 51 53 53 56 56 56 57 56 57 56 56 55 55 53 52 56 55 56 55 57 58 57 57 56 57 58 57 57 57 57 57 57 57 57 56 56 56 55 54
59 56 52 50 52 50 54 54 55 55 52 54 52 53 52 50 42 42 38 44 46 42 42 39 39 39 39 43 43 42 47 44 47 47 45 37 39 40 43 40 43 44 43 44 46 45 43 42 42 47 49 50 56 51 50 51 56 44 54 50 53 52 52 53 56 56 56 55 56 55 55 55 56 57 57 57 58 58 59 59 58 58 58 57 57 57 57 57 57 57 57 56 56 55 55 54
59 59 56 52 53 54 54 53 54 52 50 51 48 54 53 50 48 38 44 45 37 36 37 36 37 36 40 39 42 42 43 47 47 42 40 42 37 39 42 40 42 41 38 42 47 43 38 39 40 49 50 54 52 49 45 43 48 47 45 49 48 48 52 53 54 55 55 56 55 55 54 56 56 56 57 58 58 58 59 58 58 59 58 56 56 56 56 56 56 56 57 56 56 55 55 54
58 59 58 58 52 50 53 55 56 53 51 49 54 54 52 50 44 49 38 42 37 38 41 40 38 38 39 39 40 40 43 41 40 40 41 43 35 32 38 37 41 36 28 37 41 42 37 40 41 42 44 43 42 45 44 46 45 47 44 44 45 48 47 53 54 55 54 53 55 55 56 56 57 56 56 57 58 58 57 57 58 59 58 56 56 56 56 56 56 56 57 56 55 55 55 53
53 57 60 56 53 53 55 57 56 56 50 48 55 55 50 49 51 49 46 38 41 41 38 39 38 38 37 38 39 42 43 45 41 39 38 38 38 31 32 35 35 31 22 26 34 32 36 36 37 38 39 47 41 42 42 42 43 42 42 44 43 46 50 49 51 54 54 55 55 55 56 56 55 55 54 55 57 58 58 58 58 59 57 57 57 57 56 56 56 56 56 56 55 54 53 53
54 54 54 60 59 57 57 58 58 57 55 54 52 56 55 52 49 50 43 42 39 41 37 36 37 36 37 37 40 40 41 41 38 39 32 26 30 32 31 32 29 28 23 21 28 27 36 25 27 36 38 42 41 42 40 40 40 41 42 42 44 46 43 49 48 49 54 55 57 56 56 56 55 56 56 56 57 55 58 58 57 57 57 56 56 56 56 56 56 56 55 56 55 54 53 53
53 54 56 59 59 59 59 58 57 58 55 52 52 56 55 53 52 48 41 37 39 38 37 37 39 38 36 36 37 41 40 37 38 30 26 25 30 32 31 30 28 25 23 24 19 23 24 27 23 31 38 42 42 41 40 41 41 42 42 41 41 42 42 44 44 49 50 52 53 57 56 55 56 56 56 56 57 57 57 57 57 57 55 53 55 56 56 56 55 55 55 55 54 54 53 52
56 56 58 59 57 58 56 56 58 57 54 54 53 57 56 55 54 50 44 38 37 39 38 39 39 37 40 38 44 41 37 36 29 26 24 27 30 34 31 30 30 29 30 23 28 26 23 29 32 33 39 41 41 41 41 43 43 43 41 40 40 41 42 42 48 47 52 52 53 54 54 54 55 56 56 57 57 57 57 57 56 57 57 56 55 55 55 54 54 55 54 53 54 54 53 52
57 57 56 58 57 54 53 53 56 58 54 52 57 57 57 56 53 48 44 41 42 39 39 37 36 37 43 42 43 43 42 29 27 29 31 30 32 34 31 27 30 30 30 31 31 29 28 34 35 37 41 42 42 43 42 42 42 43 41 42 45 41 40 41 44 48 51 52 54 55 54 56 56 56 57 57 57 56 57 56 56 56 55 55 55 55 55 55 55 54 54 53 53 53 53 51
57 57 56 55 54 51 50 53 58 56 55 51 57 58 52 56 52 51 48 47 46 43 44 44 40 44 45 48 45 37 34 31 27 37 33 30 29 34 34 28 27 29 23 18 26 28 32 35 37 40 42 41 44 43 42 40 41 42 43 43 43 45 43 42 43 44 50 48 50 50 52 55 54 55 56 56 55 56 56 55 55 54 54 55 55 55 55 54 53 54 54 53 53 52 53 53
54 55 55 55 55 52 55 56 57 56 51 50 58 57 54 56 54 53 51 48 49 42 42 45 45 47 48 45 37 38 29 25 31 35 34 30 28 29 36 32 30 29 32 27 28 29 31 38 41 42 44 42 43 44 43 41 44 42 43 39 41 42 48 43 45 44 43 46 47 43 47 47 44 49 52 55 53 54 54 54 53 54 54 54 53 52 53 53 53 53 53 52 53 53 52 51
53 55 57 57 57 56 55 56 54 53 52 54 58 57 54 56 56 55 52 51 49 49 50 49 48 49 46 44 33 29 26 32 40 39 40 34 31 25 34 29 31 33 34 33 33 34 36 40 41 40 41 42 43 43 42 44 44 41 42 41 44 45 40 43 49 45 43 43 42 47 52 40 41 43 51 50 50 53 54 52 51 51 51 51 51 52 52 52 52 52 52 52 53 53 52 50
57 57 58 54 55 52 50 53 54 52 52 54 58 57 54 52 52 54 52 51 53 53 47 48 41 44 41 32 30 28 33 40 40 44 39 38 33 34 31 40 34 33 35 35 36 36 37 38 37 38 39 41 43 45 41 41 42 45 43 42 45 43 40 43 45 49 45 49 50 43 40 40 40 42 42 44 47 48 50 47 50 48 47 47 50 51 51 52 53 53 52 52 52 52 50 50
55 57 58 56 55 54 53 56 54 54 56 57 58 56 54 53 53 52 55 54 51 50 44 42 38 37 36 31 29 40 38 45 38 38 45 35 34 32 39 40 35 36 38 39 38 38 37 38 39 41 41 41 43 41 41 42 43 41 41 40 42 41 42 42 42 41 47 48 46 41 39 39 39 40 42 44 43 43 44 47 44 46 46 47 47 49 51 50 51 52 52 49 49 49 49 48
