DE_airtemperature/2018_04_airtemp.asc
NCOLS 654
NROWS 866
XLLCORNER 3280414.711633467
YLLCORNER 5237500.62890625
CELLSIZE 1000
NODATA_VALUE -999
[rows 574 to 614 of 866, columns 376 to 469 of 654]
120 120 120 122 126 123 123 123 122 123 125 125 125 119 121 123 123 120 117 119 116 117 118 120 114 112 116 117 117 120 119 122 121 120 118 124 123 124 120 117 118 121 121 122 122 123 123 122 122 120 121 122 122 122 121 118 116 115 110 116 121 118 116 116 118 119 120 120 120 120 119 118 120 120 121 119 119 119 117 116 117 118 120 116 116 116 114 112 112 110 105 105 102 107
124 123 122 122 124 124 122 124 124 123 124 125 124 125 120 126 119 123 122 122 120 118 116 116 115 112 113 116 117 118 121 123 122 119 119 125 124 124 121 119 117 119 119 121 121 121 121 122 122 122 121 121 119 121 120 118 120 118 116 118 116 121 121 120 120 120 119 121 121 121 119 119 120 122 120 120 118 118 117 116 115 115 115 116 115 115 113 113 111 108 109 110 103 103
129 126 124 122 123 126 125 124 123 122 123 125 124 120 123 123 118 124 124 122 122 121 114 117 114 116 115 118 120 119 120 122 121 121 120 119 124 123 123 122 118 118 120 118 120 120 121 121 122 122 122 122 119 121 121 121 117 119 116 116 114 119 121 120 122 122 122 122 122 121 121 120 119 123 124 118 119 120 116 114 115 115 115 116 116 114 114 111 110 111 112 110 106 100
124 126 123 121 123 124 126 123 123 122 124 126 127 122 123 120 122 124 124 123 121 119 120 119 114 116 116 118 118 118 120 121 121 121 119 119 122 123 123 122 122 119 118 118 119 119 121 120 118 119 122 122 120 118 119 119 117 116 112 111 114 115 119 121 119 121 124 124 122 121 121 121 120 123 122 120 119 118 116 115 114 115 115 116 114 114 114 110 109 113 112 111 107 101
123 128 127 124 124 123 126 125 123 122 123 124 126 124 124 124 127 126 126 124 122 116 120 119 119 117 115 114 119 121 122 119 121 122 119 118 122 123 122 121 122 122 121 120 120 117 119 117 114 118 120 122 122 121 120 120 119 115 107 111 113 116 117 117 118 120 119 119 121 122 124 122 121 121 119 120 120 117 117 117 116 116 116 115 115 113 114 113 113 114 113 110 106 -999
126 130 124 124 122 123 124 130 125 123 125 127 129 126 127 119 121 124 123 121 117 122 121 118 119 120 117 119 120 122 121 121 121 122 121 120 122 122 122 121 121 122 122 120 122 122 119 119 118 120 121 122 122 121 120 119 118 115 111 107 109 114 117 116 113 114 117 120 122 124 123 123 124 121 120 120 119 118 122 118 117 116 116 116 118 117 116 115 114 112 112 109 104 -999
129 133 123 124 124 126 123 127 124 123 126 123 124 124 125 126 121 120 116 113 121 122 119 114 118 122 118 124 120 123 122 120 120 121 120 120 117 122 123 122 123 122 122 123 123 122 121 120 117 120 121 122 122 121 121 121 120 120 114 109 110 109 114 113 115 116 117 120 121 122 124 126 122 121 120 119 119 121 121 119 118 115 116 117 114 114 114 113 112 110 110 106 103 105
123 134 125 129 133 124 124 123 127 130 124 127 127 126 125 125 119 119 120 119 119 123 122 116 120 119 123 120 118 123 121 117 117 119 120 120 120 121 122 120 121 121 123 122 123 122 121 121 118 117 120 123 122 121 119 119 118 117 117 111 113 111 112 112 112 112 117 120 118 118 122 126 123 122 121 121 123 122 122 119 117 116 115 117 114 112 109 112 111 108 109 105 -999 -999
124 134 128 131 128 134 131 124 124 128 124 128 130 127 129 126 123 121 122 120 123 121 115 120 120 122 121 122 117 124 120 117 112 113 117 119 120 121 122 120 122 123 124 124 123 122 123 123 121 117 119 122 121 120 121 122 121 121 118 114 114 117 115 119 122 113 115 119 122 120 122 126 126 124 122 124 124 122 122 118 118 115 114 115 115 112 107 109 109 103 -999 -999 -999 -999
129 129 135 125 123 126 127 126 125 127 126 132 125 127 126 127 125 125 126 121 119 120 116 121 117 121 122 123 121 123 118 116 115 115 111 115 117 118 120 121 121 121 123 124 124 124 123 124 123 122 119 119 121 123 123 122 122 121 120 117 116 118 119 120 122 123 118 120 121 122 124 126 127 124 126 126 124 123 122 120 118 114 114 113 112 113 108 106 100 -999 -999 -999 -999 -999
135 136 134 123 124 124 126 132 126 125 124 129 126 127 131 128 126 125 125 124 121 126 122 116 117 122 125 125 125 123 119 118 118 116 114 113 111 114 118 121 122 123 124 124 124 122 124 124 124 124 122 121 119 119 124 124 123 120 119 119 119 120 118 122 124 124 125 121 123 121 123 123 128 126 127 123 120 122 120 120 117 114 111 110 112 110 104 100 98 -999 -999 -999 -999 -999
136 130 122 120 124 125 125 128 130 126 124 132 125 125 125 126 126 126 128 122 124 121 117 120 121 121 124 124 118 121 120 118 119 120 116 115 115 115 116 122 122 122 123 124 124 121 123 124 124 124 124 124 124 125 124 126 124 121 120 120 120 121 121 121 123 125 127 122 126 123 123 125 126 126 126 125 123 122 121 119 118 116 115 109 104 108 107 104 98 -999 -999 -999 -999 -999
136 130 123 125 125 126 123 125 126 126 131 126 127 123 125 127 125 128 122 124 125 124 123 120 120 121 122 123 119 118 118 121 122 121 122 118 118 116 119 121 121 121 122 123 123 120 122 124 125 125 125 125 125 125 123 126 126 125 120 121 121 121 123 122 125 126 127 126 127 122 125 125 128 124 125 123 124 124 123 122 119 119 116 114 116 110 108 104 99 -999 -999 -999 -999 -999
135 127 127 123 127 129 126 124 125 127 126 125 124 125 123 126 125 126 126 123 123 124 122 123 122 122 125 125 122 120 119 123 118 117 118 117 117 118 119 120 122 122 124 123 124 118 122 120 122 123 125 125 125 125 123 125 126 126 117 120 121 121 124 122 122 125 126 126 128 126 124 128 127 126 125 126 126 124 123 123 122 120 118 114 109 106 107 106 102 105 -999 -999 -999 -999
137 136 136 137 135 123 127 124 125 125 123 125 125 125 122 123 125 126 126 125 125 125 123 123 122 125 125 126 123 121 120 122 121 118 116 116 117 118 119 120 121 121 122 123 124 124 124 125 121 121 122 124 125 125 123 125 126 126 126 123 124 123 124 125 123 125 128 128 129 129 128 130 127 128 129 125 124 123 124 122 122 122 120 117 117 113 111 109 105 107 108 -999 -999 -999
133 135 136 135 127 132 130 128 126 125 123 124 122 123 121 122 123 124 126 126 125 124 125 123 123 124 126 126 122 121 123 122 118 117 117 118 121 119 120 119 120 119 118 122 123 124 122 124 125 124 121 122 125 124 124 125 125 126 126 126 125 126 124 126 127 126 126 128 128 129 130 129 128 126 126 126 127 124 122 122 122 119 117 118 114 115 112 111 109 110 110 -999 -999 -999
128 129 128 136 136 133 126 126 125 125 123 123 124 122 121 122 122 123 125 126 127 125 124 124 123 124 126 127 127 125 125 124 120 118 120 120 117 119 119 120 121 122 121 120 123 124 123 123 124 124 126 125 126 126 124 126 126 126 127 127 127 126 126 125 126 127 128 130 130 130 130 130 131 124 122 125 125 125 124 123 122 121 118 115 114 114 114 115 116 113 112 -999 -999 -999
127 127 129 128 130 139 133 126 125 123 123 124 124 122 121 122 122 124 125 126 127 127 126 125 124 126 126 126 125 125 126 124 122 120 118 121 118 119 119 121 122 123 122 122 123 125 125 125 125 124 125 126 126 126 126 126 126 126 127 127 127 126 125 125 127 129 130 130 131 131 131 131 133 132 128 120 125 125 121 121 122 122 120 116 117 112 117 117 115 110 111 112 111 111
130 128 126 130 130 136 130 125 126 123 123 125 127 125 122 121 123 123 124 126 126 125 125 123 123 124 125 126 126 127 127 126 125 125 122 122 119 118 119 120 122 123 123 121 121 124 125 125 125 126 125 126 125 125 125 125 126 126 127 128 127 127 127 126 127 129 129 130 131 131 132 133 133 133 125 124 123 124 119 121 122 123 122 118 117 116 116 118 114 113 111 110 108 110
135 130 129 130 129 130 131 130 124 123 127 125 128 127 124 123 122 122 125 123 125 126 126 125 127 124 125 127 127 127 126 125 127 126 122 117 117 118 118 121 123 124 123 121 120 123 125 125 125 125 125 125 125 126 126 126 126 127 127 128 128 128 128 128 128 129 130 131 131 132 133 132 133 133 132 128 126 118 122 119 121 124 125 121 121 117 112 112 117 114 114 110 109 114
130 130 127 131 132 136 137 135 129 126 125 127 129 124 123 121 122 122 123 125 125 126 126 126 127 127 128 128 127 126 125 125 125 125 119 121 119 119 121 123 123 124 126 125 123 122 122 126 125 126 126 126 124 125 126 127 127 127 128 128 128 128 129 129 129 130 130 127 130 132 132 133 134 134 132 129 120 122 119 121 122 125 121 121 120 118 111 111 114 120 117 115 116 115
137 128 130 130 133 134 136 135 129 132 134 130 126 125 123 120 122 122 123 124 124 125 124 126 126 125 127 126 127 127 126 126 125 126 125 125 118 118 122 123 125 127 127 126 125 123 123 123 122 123 125 126 126 126 126 126 126 124 127 129 129 129 128 129 129 129 129 129 128 129 131 134 134 133 130 128 123 120 118 121 125 126 125 122 121 118 112 111 116 120 120 117 118 117
140 135 138 131 129 133 131 130 134 130 127 127 125 127 125 122 121 125 125 124 125 126 126 126 128 124 125 126 128 129 126 127 127 124 124 124 123 122 123 124 127 127 126 127 126 127 126 123 121 123 125 126 126 126 126 126 126 126 127 127 129 129 129 130 129 126 128 127 128 127 130 134 134 133 131 127 123 119 120 124 126 125 124 122 121 118 115 113 120 121 120 119 120 119
139 137 131 132 130 131 130 131 130 132 129 126 126 126 125 119 124 122 124 121 125 123 127 125 125 125 126 128 128 129 128 127 124 124 125 123 125 126 126 127 127 127 127 127 127 127 127 126 124 124 125 126 126 125 125 126 126 126 128 127 128 129 129 130 129 128 127 126 130 131 133 134 134 130 126 129 128 122 122 122 126 125 125 121 119 119 117 116 120 122 124 118 121 122
130 138 139 133 132 132 133 130 129 130 128 126 123 124 123 124 123 121 121 120 126 126 126 125 123 124 125 127 127 130 129 128 126 125 123 122 122 125 126 126 127 127 127 127 127 127 127 127 126 126 126 124 125 125 124 125 127 127 128 126 126 128 129 130 130 131 128 130 131 133 133 133 133 131 127 131 130 125 123 126 125 125 124 123 120 121 117 116 118 117 124 121 124 123
133 135 138 139 130 131 132 130 128 128 128 127 121 126 125 123 124 123 125 124 125 123 127 125 127 125 125 127 128 130 129 127 125 123 123 123 125 126 126 126 126 127 127 127 128 127 128 127 127 127 127 127 127 126 125 124 125 126 128 127 128 128 127 130 130 130 131 132 131 132 133 134 132 129 128 130 132 126 125 129 125 122 124 122 122 121 119 118 115 120 124 124 124 120
128 135 138 140 134 131 136 129 128 127 127 126 120 124 124 123 125 121 121 122 124 124 125 125 124 127 128 129 129 129 128 127 123 123 121 122 123 125 125 127 127 127 127 128 127 128 128 127 128 128 128 127 127 127 127 125 126 127 128 126 127 128 128 130 130 129 131 132 133 131 132 134 131 131 130 132 131 128 128 125 122 123 124 123 122 120 119 120 119 120 124 124 124 123
129 135 136 139 136 131 136 130 128 126 126 127 121 125 127 127 122 122 121 122 122 125 124 127 126 125 127 127 129 127 125 122 120 122 121 125 125 123 127 126 126 127 126 127 127 127 128 127 126 126 127 127 127 127 128 128 126 125 126 127 127 127 127 128 129 129 130 131 132 133 133 134 133 130 130 132 132 130 131 125 126 125 124 124 121 120 119 120 121 122 123 123 123 123
131 133 134 137 135 133 135 131 129 127 126 125 123 124 129 126 122 123 121 120 124 126 124 130 126 130 129 130 129 128 125 120 118 119 126 125 125 122 127 127 127 125 125 125 126 127 127 127 126 123 123 124 126 127 127 127 126 126 127 127 126 128 126 127 129 128 130 130 130 132 133 132 130 130 131 133 132 130 130 125 126 125 124 123 121 122 120 121 122 124 123 122 121 119
134 135 136 137 137 136 135 133 128 127 126 126 125 125 128 124 124 125 123 126 127 128 127 127 132 128 129 127 128 126 127 125 124 122 124 123 124 125 125 126 124 124 123 124 126 125 125 126 127 125 122 124 125 124 124 126 124 125 125 125 127 126 125 129 127 126 128 129 130 131 132 133 133 133 132 130 128 132 132 129 125 123 119 121 123 122 123 124 126 125 123 122 122 121
136 135 138 138 139 139 137 131 125 125 125 130 130 130 128 126 124 125 128 124 124 124 128 131 128 128 125 123 125 126 125 124 120 119 120 121 124 125 124 125 123 123 123 126 128 123 123 124 125 124 123 124 125 123 122 123 121 120 122 125 122 125 125 125 124 122 125 125 127 130 133 131 129 127 126 131 128 128 126 127 123 124 124 129 128 123 123 126 123 126 122 119 119 118
137 138 137 139 139 139 135 134 131 130 129 130 134 132 125 123 123 126 122 121 125 128 132 127 124 124 121 122 125 127 126 124 121 121 121 122 124 125 125 122 120 120 123 124 128 122 121 123 122 122 122 124 124 123 121 122 123 120 122 121 123 120 123 123 124 125 126 129 129 130 128 132 127 123 125 130 125 122 122 124 124 125 124 120 122 126 125 122 119 122 122 122 121 119
139 139 138 138 137 138 137 133 131 133 132 133 134 127 130 131 122 127 124 124 125 125 129 129 126 126 129 129 127 125 128 126 124 123 121 121 122 123 123 121 127 127 127 126 129 124 122 124 121 121 120 122 122 122 124 125 127 126 126 123 126 124 124 122 126 129 129 130 131 131 132 129 124 121 126 125 124 121 121 125 127 129 121 121 121 122 120 120 117 118 121 121 121 120
136 137 136 137 135 136 136 135 132 132 133 129 133 131 127 123 124 124 129 119 121 125 128 129 134 127 127 124 128 126 130 127 127 122 121 123 123 122 124 124 124 129 128 129 133 129 127 124 122 118 118 120 120 123 123 125 125 127 124 123 126 122 126 127 129 129 130 130 131 131 132 126 125 123 129 125 122 122 124 127 127 127 125 121 118 122 123 121 119 118 115 119 123 121
135 134 135 136 134 134 135 134 133 133 134 132 133 133 131 122 123 126 131 123 124 126 127 129 128 127 129 126 129 131 126 127 128 127 124 123 124 121 120 124 124 129 128 128 129 129 127 125 118 120 121 123 124 125 125 123 125 126 128 127 128 128 128 129 129 129 130 131 131 131 132 132 129 128 130 127 126 125 124 131 124 125 124 121 120 120 117 115 120 115 114 115 121 120
131 132 133 135 134 130 132 132 132 134 133 134 132 133 128 129 129 125 130 127 124 125 129 134 130 128 131 128 127 124 130 125 128 126 128 126 124 122 121 124 127 129 128 128 129 129 129 127 122 123 126 123 126 123 125 126 127 127 127 129 129 128 128 130 130 130 129 130 131 131 131 132 133 130 129 128 124 123 125 131 125 125 125 124 119 117 116 114 116 113 115 114 117 121
131 129 132 133 132 133 132 132 132 132 133 132 133 131 123 121 127 132 126 133 126 127 134 128 128 130 128 122 127 131 130 129 127 127 127 127 128 122 125 127 125 126 128 128 128 129 128 128 126 124 126 125 126 125 126 127 127 127 126 127 127 125 128 128 128 130 130 130 130 130 130 129 132 128 129 127 127 125 123 127 131 131 124 123 122 119 116 115 113 119 115 115 116 119
130 130 130 129 130 132 133 131 130 132 132 133 132 133 133 125 122 129 129 133 130 135 132 126 132 130 129 128 128 129 129 128 130 127 129 128 129 127 124 126 126 123 127 127 128 128 129 127 124 126 127 124 124 125 126 126 126 125 125 124 122 119 125 127 128 128 128 128 128 128 127 127 131 127 130 129 126 122 125 130 131 127 125 125 127 122 117 116 122 122 122 120 123 121
131 130 131 131 131 130 131 132 132 130 133 133 133 132 130 130 121 121 131 133 125 130 134 137 128 128 128 126 130 132 131 131 131 131 129 127 128 130 128 128 129 128 126 126 129 130 130 127 125 127 127 123 121 123 125 124 124 123 122 118 117 114 120 126 128 126 124 125 124 124 124 128 131 130 127 126 132 128 131 132 131 127 126 128 127 122 119 121 125 126 124 123 125 123
133 132 132 131 133 132 133 132 131 130 132 133 133 132 129 133 131 131 134 133 130 126 129 134 133 125 128 125 129 130 131 127 128 130 127 128 127 128 129 129 129 130 124 128 128 129 129 128 126 128 125 122 124 124 122 123 121 121 119 115 115 111 113 123 125 123 122 122 122 127 127 126 129 132 129 130 129 127 124 125 126 129 128 126 128 126 125 123 127 125 126 128 127 124
132 131 131 131 129 131 131 131 131 133 134 134 134 134 132 134 135 135 133 135 136 136 137 137 131 135 127 128 131 131 127 129 128 128 126 129 129 128 129 130 128 130 129 126 129 130 130 129 126 128 125 123 126 122 121 119 120 122 120 116 115 115 116 119 119 123 119 118 121 122 125 127 127 132 131 128 125 124 123 124 123 124 126 127 120 121 125 125 130 125 127 125 122 124
