DE_airtemperature/2018_08_airtemp.asc
NCOLS 654
NROWS 866
XLLCORNER 3280414.711633467
YLLCORNER 5237500.62890625
CELLSIZE 1000
NODATA_VALUE -999
[rows 574 to 614 of 866, columns 188 to 281 of 654]
217 216 215 215 215 214 213 213 213 212 211 210 212 212 211 212 213 214 215 216 215 215 216 216 215 215 215 214 212 211 211 210 211 211 213 215 215 211 212 212 216 217 217 213 209 209 209 207 208 210 202 201 203 207 201 196 196 197 194 195 192 188 194 189 190 193 199 197 195 196 203 211 203 206 208 207 207 207 205 207 207 207 207 205 206 206 206 207 211 210 212 211 202 199
216 216 215 214 214 214 213 213 210 210 211 210 210 211 210 213 214 214 215 215 215 215 215 215 215 215 214 212 211 208 209 211 212 213 214 214 212 212 211 212 212 217 217 216 212 208 209 206 207 205 203 201 204 201 200 198 198 203 200 196 189 194 195 192 191 192 193 196 200 199 200 202 211 205 212 211 207 208 206 206 207 205 208 206 208 209 206 209 211 211 211 212 210 204
216 216 215 214 214 214 213 212 210 209 210 211 210 208 211 213 214 214 214 215 215 215 215 215 214 215 215 212 210 207 206 213 212 212 210 209 210 212 212 210 211 212 217 217 209 210 210 207 204 204 201 201 207 204 200 198 199 199 199 197 189 197 198 194 192 195 196 196 198 203 202 204 204 212 209 210 210 209 206 206 207 207 207 209 209 208 207 205 210 211 211 212 212 209
216 216 215 214 214 214 213 212 210 208 208 210 209 210 210 213 213 213 215 215 215 214 214 215 214 214 215 212 212 210 204 206 209 209 207 210 209 213 211 207 210 209 212 217 216 210 211 211 204 203 200 207 207 204 203 198 206 197 197 193 189 196 200 197 194 195 196 198 201 201 204 207 204 210 213 211 210 209 208 206 208 209 208 207 207 207 205 206 204 210 205 210 214 209
216 216 215 215 214 214 213 212 211 210 208 208 208 209 211 212 213 211 214 214 215 213 214 214 214 214 215 212 212 207 206 205 208 208 213 209 211 213 216 211 208 211 216 217 216 215 214 205 201 202 202 205 209 210 210 209 201 200 195 193 189 193 193 204 196 199 198 200 200 204 205 203 207 209 213 210 210 209 209 211 211 210 211 209 208 205 204 209 206 210 209 209 215 210
216 216 215 215 215 214 213 211 208 210 208 209 208 209 210 209 211 212 214 214 215 214 214 215 215 214 215 211 211 208 206 207 208 208 211 215 214 210 217 210 211 211 211 218 216 210 209 209 203 202 202 212 201 199 201 205 203 198 198 199 196 194 194 197 199 198 204 200 200 203 202 205 206 208 213 213 210 207 209 209 207 207 209 208 207 206 204 205 208 211 211 207 214 216
216 216 215 215 215 214 212 207 206 208 209 208 206 206 209 210 212 212 213 214 215 214 213 215 214 212 214 215 214 211 205 208 207 206 208 211 217 218 211 216 212 212 211 217 217 213 207 204 205 210 201 212 203 201 192 200 195 200 199 199 198 194 199 197 198 205 206 200 200 202 202 203 204 207 213 213 208 210 209 209 206 205 206 208 207 206 207 205 208 209 207 211 210 216
216 216 216 215 215 214 212 211 208 210 208 206 209 208 208 209 212 212 213 214 215 214 215 215 213 211 212 213 211 211 212 208 207 205 209 216 216 208 212 210 217 217 214 217 214 217 213 211 209 211 212 209 208 202 195 195 193 195 200 200 203 203 196 202 199 199 209 203 200 200 202 204 208 213 209 213 209 207 208 207 206 206 208 208 208 208 207 206 207 206 207 207 209 215
217 216 217 216 215 215 214 212 207 211 210 208 209 210 209 210 209 213 214 214 214 214 214 215 211 209 209 212 212 205 211 206 210 214 212 213 215 209 209 212 214 216 219 216 212 213 212 212 211 211 213 205 204 196 194 200 195 200 200 205 207 205 201 199 199 201 202 211 204 203 205 206 207 211 209 209 211 209 209 206 208 208 208 208 207 209 206 209 207 209 207 210 213 214
217 217 217 217 216 216 216 213 211 212 210 208 206 209 207 211 213 211 213 215 213 213 212 214 209 207 206 210 207 208 212 210 212 216 217 217 216 212 207 210 214 213 219 216 215 213 207 211 214 213 211 205 203 202 202 202 202 198 202 198 202 197 208 206 205 206 211 204 202 203 204 206 207 213 213 209 210 212 209 209 207 209 209 208 206 210 211 208 209 211 211 210 212 215
217 217 217 217 216 216 215 212 211 209 211 205 209 209 209 211 211 210 213 216 212 211 211 214 212 209 207 211 207 208 214 213 213 215 210 210 215 212 208 209 212 214 219 216 213 213 206 207 209 209 209 208 199 201 205 199 204 200 203 202 204 199 196 211 207 200 202 211 203 204 205 207 205 209 211 216 211 207 206 209 208 209 207 209 209 211 208 208 211 209 211 211 211 213
217 217 217 217 216 216 214 212 209 205 204 205 208 208 209 211 211 211 214 215 212 211 212 211 208 210 207 204 211 213 213 216 212 208 207 212 210 208 210 209 212 215 219 217 214 211 208 205 205 208 211 211 206 195 201 197 206 201 204 205 207 204 210 212 212 201 205 210 204 205 206 207 208 211 211 215 209 208 209 208 211 208 210 211 211 209 212 212 211 210 212 213 211 214
217 217 217 217 216 215 213 211 207 204 204 204 204 207 207 208 209 212 214 213 215 213 214 209 206 204 205 206 213 215 214 216 210 206 208 212 212 208 207 209 216 214 218 217 215 212 209 205 205 206 209 208 203 196 206 200 202 204 209 207 207 209 213 212 211 205 214 214 207 205 207 208 210 214 214 216 209 208 211 208 211 208 211 209 211 210 210 208 211 213 212 213 211 211
218 217 217 217 216 215 213 210 207 204 203 203 207 208 208 212 212 212 212 209 211 214 214 212 208 206 203 208 212 213 213 215 208 209 210 213 212 209 210 215 212 210 215 216 217 218 209 206 206 209 210 208 199 195 202 210 205 205 213 210 212 211 209 213 206 213 211 212 214 211 212 211 214 211 209 209 209 207 211 210 210 209 206 208 208 208 208 212 213 213 213 212 212 212
218 218 217 216 216 216 213 210 207 203 203 204 207 206 207 210 210 208 213 207 209 212 214 213 211 203 206 208 211 212 216 213 209 210 210 212 210 209 211 213 205 212 216 216 217 218 209 208 209 211 211 208 198 197 205 214 214 214 204 212 212 202 199 206 213 212 203 204 214 212 213 210 214 214 214 212 212 212 211 208 206 205 203 208 208 208 208 213 211 210 213 211 211 212
218 218 217 217 216 216 211 209 205 200 201 204 206 204 208 210 202 213 211 206 209 213 214 213 209 205 204 211 211 207 213 213 211 212 208 207 208 208 213 213 208 211 211 216 217 219 216 215 209 208 209 207 197 208 205 214 198 197 199 202 211 203 199 203 200 206 202 203 213 214 210 212 212 207 209 211 209 207 210 209 208 208 209 208 209 208 208 212 211 211 209 211 210 211
219 218 218 218 216 215 211 209 205 200 201 207 204 207 208 204 205 202 204 207 209 212 214 212 208 205 205 209 212 214 215 216 216 214 209 206 206 207 210 208 206 206 212 212 217 219 209 210 208 208 211 202 205 211 202 215 207 196 197 198 207 198 200 201 201 204 202 204 210 209 206 215 215 212 209 207 205 210 206 204 204 203 207 208 207 208 208 210 213 211 212 211 208 210
219 219 218 218 217 208 210 207 204 202 205 203 205 201 201 209 205 205 207 210 211 213 214 212 207 202 204 206 212 207 212 216 215 213 214 210 208 205 204 206 207 213 215 217 218 219 208 205 208 213 210 199 207 215 215 215 197 197 199 203 209 201 202 202 203 203 203 209 214 214 207 208 211 207 211 212 210 207 208 204 207 206 204 207 208 208 208 209 208 208 211 209 209 210
219 219 218 218 213 209 207 205 202 199 205 205 205 203 199 195 199 197 203 207 211 212 214 212 207 202 203 207 207 207 209 217 210 211 215 213 210 204 205 206 206 211 212 211 215 217 218 205 212 215 210 200 216 215 207 199 196 197 200 201 203 203 203 204 203 203 205 206 208 209 209 205 204 205 205 207 206 207 208 208 208 204 207 209 210 208 209 208 209 210 209 209 209 208
219 219 219 218 207 195 206 203 199 204 206 206 202 199 194 190 194 203 206 209 212 212 212 208 207 202 206 207 210 211 213 214 209 207 207 211 208 204 205 207 206 215 206 203 209 208 214 218 217 209 205 211 215 213 199 205 204 201 202 201 202 204 204 203 202 204 204 205 206 210 211 206 204 205 205 205 206 206 207 208 206 208 207 209 211 210 209 209 207 207 208 208 211 208
219 219 219 218 212 203 212 208 208 212 207 203 204 200 196 196 197 202 206 211 209 213 211 207 207 204 206 207 208 207 212 211 214 212 210 208 205 204 205 205 210 209 210 210 209 205 204 217 218 217 215 218 214 202 208 208 201 200 201 202 203 202 204 204 202 202 204 205 208 213 213 211 209 206 206 206 204 205 206 207 206 207 208 209 212 207 209 208 206 205 208 209 210 210
218 219 218 219 215 211 212 211 213 211 210 200 200 200 198 197 200 207 209 213 213 214 207 203 196 200 205 209 207 207 208 208 206 207 206 209 203 202 205 210 214 206 203 212 212 214 214 215 217 218 217 218 217 213 215 214 201 201 203 203 204 204 203 203 203 203 204 205 211 207 208 215 207 207 210 210 213 204 209 207 208 208 212 212 208 207 208 208 208 206 208 209 209 209
219 218 218 219 218 212 212 210 205 206 202 195 199 205 202 194 202 207 212 209 208 212 207 203 198 201 203 205 209 210 209 215 206 201 209 208 207 201 207 211 215 210 203 203 205 203 202 204 217 213 218 215 214 206 202 209 206 202 202 204 204 205 204 202 202 204 204 209 206 206 209 215 210 215 215 212 215 210 210 208 208 212 211 208 209 208 206 209 207 208 209 210 211 208
218 218 218 219 217 214 211 211 212 212 201 196 200 202 207 203 204 210 210 209 206 212 207 204 201 201 203 201 205 206 211 214 212 204 204 205 205 200 201 202 204 214 210 205 200 202 204 217 206 205 203 201 202 198 206 201 212 204 203 204 205 205 202 201 202 202 205 204 203 202 210 207 204 209 215 207 209 207 212 207 211 211 209 208 208 208 207 210 208 207 208 211 208 210
218 218 219 219 218 215 213 214 212 203 196 193 193 205 211 203 208 209 209 207 209 211 209 208 198 204 204 203 209 209 211 213 211 207 204 199 198 198 200 201 201 209 213 213 203 208 202 218 201 201 198 197 199 199 205 203 201 212 206 205 207 206 203 201 201 203 204 204 205 208 206 204 205 206 208 207 211 215 209 208 214 209 209 206 205 206 207 211 208 210 208 211 208 210
218 218 218 219 219 214 215 211 203 200 198 201 200 208 210 210 212 212 206 201 209 207 206 202 200 201 203 201 206 208 209 213 210 206 202 198 196 197 197 205 205 204 206 210 215 217 209 215 200 200 199 202 197 198 204 202 202 203 212 213 206 201 202 201 202 202 203 204 206 206 204 205 207 207 210 209 211 216 215 215 209 209 207 206 206 207 207 210 208 210 208 211 209 209
218 218 219 219 219 218 212 206 206 201 205 201 209 210 213 212 213 212 204 203 207 206 201 200 200 201 205 203 206 204 209 212 208 202 203 205 198 196 199 198 199 208 208 212 205 202 217 211 211 211 202 200 198 198 202 202 204 205 208 203 205 212 208 201 201 202 203 203 204 205 204 203 206 204 205 206 207 215 215 214 210 208 206 208 207 207 209 210 210 209 207 208 212 211
218 218 219 219 219 217 214 208 206 203 206 209 211 211 213 213 213 210 201 201 200 197 202 204 201 203 207 203 204 206 211 211 208 209 203 201 196 196 199 199 198 199 202 200 201 209 217 210 201 200 200 201 199 199 202 202 205 210 206 201 201 201 210 204 204 203 203 203 201 203 201 201 205 205 204 205 209 215 216 212 207 207 206 208 207 209 209 211 211 209 207 209 211 211
219 219 219 219 219 219 215 215 213 211 207 212 213 215 214 214 213 207 202 201 198 201 200 206 200 206 207 206 203 205 210 209 208 203 203 202 195 198 206 209 197 199 202 210 201 211 211 216 213 204 204 202 198 201 202 204 208 203 202 203 201 200 207 204 202 203 203 202 202 201 203 202 204 204 207 206 207 209 216 212 210 208 206 207 207 210 212 209 207 207 207 209 211 211
220 219 219 220 220 220 216 212 209 212 204 212 208 214 215 214 211 198 197 200 198 200 200 202 207 205 207 205 204 206 207 212 206 202 202 197 196 196 202 202 210 202 200 208 212 209 209 213 210 213 210 206 198 200 203 203 205 200 200 203 200 199 200 211 202 203 204 201 204 203 202 207 206 207 204 209 207 208 214 215 211 208 209 209 208 212 209 206 208 209 208 211 210 213
219 219 220 220 220 220 213 211 204 204 205 208 212 215 215 212 209 196 197 200 200 203 200 204 207 207 204 208 202 207 208 210 207 205 198 196 196 196 196 198 205 211 210 199 207 202 216 200 200 213 200 207 208 201 203 202 199 200 199 202 201 199 200 206 203 204 203 204 204 203 203 205 205 205 211 209 211 208 211 215 212 209 207 209 209 209 209 208 210 207 209 211 211 213
219 219 220 221 220 220 217 210 210 204 210 210 211 215 213 213 205 198 197 202 200 202 195 201 204 209 208 208 207 204 208 210 202 198 196 198 201 196 196 197 206 208 204 209 215 215 213 198 202 209 198 198 211 205 205 199 199 199 200 199 199 200 200 203 206 206 208 206 207 205 204 206 209 207 212 209 214 208 212 215 213 211 209 209 209 210 208 207 209 208 211 211 213 211
220 220 220 220 220 221 221 214 210 208 211 213 213 216 216 213 207 198 198 205 202 204 194 201 203 207 206 200 205 211 207 205 206 194 195 196 204 197 196 203 204 208 214 211 209 209 209 198 199 213 199 198 209 201 203 206 199 198 199 198 199 200 203 204 205 209 208 203 202 203 204 207 205 208 207 207 211 213 215 211 216 212 210 209 213 215 213 209 211 211 213 213 213 214
220 220 220 221 221 221 221 210 207 208 214 216 217 216 214 213 207 194 200 203 204 204 201 201 200 201 200 200 203 205 206 211 207 199 198 196 205 197 198 198 205 202 210 209 199 210 208 198 199 213 201 197 202 206 201 199 205 200 198 200 200 202 202 205 203 206 205 205 205 204 202 203 207 207 206 207 208 209 212 208 210 216 212 210 215 208 213 216 215 215 212 209 209 211
220 220 220 221 221 221 221 217 213 213 213 216 214 216 214 208 208 196 199 204 204 204 198 201 201 201 201 203 201 203 208 206 207 203 200 204 201 198 204 200 199 207 209 207 198 202 209 198 198 210 197 199 201 207 199 199 200 200 199 200 200 199 199 201 202 203 208 208 205 202 205 207 209 206 208 208 208 213 210 209 210 216 215 208 210 209 207 211 211 210 211 210 209 209
220 220 221 221 221 221 221 214 210 214 215 217 216 213 210 207 204 199 204 205 206 197 198 201 202 201 205 206 202 206 207 206 199 200 198 204 203 198 198 199 209 211 206 198 198 201 209 198 198 207 209 203 199 199 205 200 198 199 201 201 200 200 200 200 204 206 208 204 205 205 205 204 208 206 206 208 210 209 208 208 209 213 216 216 215 206 209 209 210 209 210 210 209 208
220 221 221 221 221 221 222 214 210 214 217 213 215 210 208 208 209 202 205 207 205 201 202 202 204 203 206 208 204 204 206 204 199 200 202 201 199 199 196 201 200 208 204 202 196 197 198 200 197 199 202 205 200 199 200 201 199 199 200 200 200 199 201 200 204 205 208 204 203 202 203 206 205 204 205 208 209 206 208 211 208 208 217 212 207 209 207 207 207 209 209 208 208 209
221 221 221 222 222 222 222 221 210 214 220 216 214 209 208 203 203 204 202 206 208 198 204 203 207 203 206 209 201 203 204 196 199 202 203 201 207 199 202 203 205 205 197 196 196 196 197 199 196 198 199 209 202 200 197 198 199 199 200 200 200 200 200 204 201 204 205 205 204 204 206 205 204 203 205 206 207 207 209 210 209 211 216 217 211 207 207 207 208 209 207 208 209 209
221 221 222 222 222 222 222 220 217 215 218 209 206 206 203 201 199 198 201 201 209 201 205 205 205 204 210 204 201 203 203 197 203 201 197 203 198 211 201 198 201 195 198 194 196 197 200 197 197 196 197 204 203 197 197 199 199 199 199 200 200 200 201 203 202 204 206 208 203 203 203 203 202 203 205 207 206 209 206 207 207 207 208 216 215 211 207 211 207 207 207 211 208 207
221 222 222 222 222 222 222 219 215 212 210 210 206 205 204 196 198 196 199 196 205 205 206 203 211 205 209 203 204 208 201 195 204 206 202 204 198 204 205 204 203 194 196 194 196 196 197 196 198 205 197 201 208 199 199 201 200 198 199 198 199 198 200 202 201 202 205 206 204 202 202 204 203 203 205 206 206 205 206 207 206 207 212 213 217 213 207 213 210 209 212 208 207 207
222 222 222 222 222 222 222 217 216 215 214 215 212 208 202 198 199 192 204 194 202 213 204 199 208 208 207 202 203 207 201 197 206 202 208 207 204 210 205 203 194 195 195 193 195 198 199 197 199 197 196 201 199 206 201 202 200 199 198 199 198 199 201 204 203 203 202 204 205 204 203 204 204 204 205 205 208 208 209 209 209 207 213 216 216 215 208 214 210 210 209 208 208 208
