DE_airtemperature/2018_06_airtemp.asc
NCOLS 654
NROWS 866
XLLCORNER 3280414.711633467
YLLCORNER 5237500.62890625
CELLSIZE 1000
NODATA_VALUE -999
[rows 533 to 573 of 866, columns 188 to 281 of 654]
176 179 178 180 184 189 191 192 192 193 194 195 196 195 197 197 197 196 193 191 193 195 192 193 193 195 195 195 195 194 192 192 189 190 191 185 187 190 188 188 187 182 181 181 187 181 176 177 175 177 179 184 183 190 189 186 190 190 186 187 186 180 172 168 168 169 175 173 179 179 181 178 176 180 183 178 175 184 181 184 184 181 180 177 174 169 171 174 176 179 178 177 177 174
182 186 187 188 190 190 193 193 194 193 196 196 195 196 197 197 196 194 192 194 194 192 194 195 196 196 194 193 193 193 192 191 191 192 188 189 189 189 189 188 188 185 184 187 184 185 184 175 178 178 179 186 191 191 191 191 188 182 186 178 180 185 176 173 169 176 182 183 181 178 180 183 180 175 184 183 186 182 180 179 175 176 174 174 172 173 177 175 176 178 176 176 177 176
186 189 191 193 192 193 194 195 195 193 196 197 197 198 198 197 195 192 192 193 195 197 195 197 196 196 195 194 193 192 191 192 192 189 188 190 191 190 189 190 190 188 190 184 182 182 181 178 175 176 182 189 192 188 188 186 182 179 183 176 179 175 177 179 174 181 179 178 176 175 174 179 184 178 182 186 179 179 173 174 171 174 175 176 175 177 177 176 177 177 177 177 175 174
188 190 191 193 193 192 194 195 195 195 195 195 196 198 199 197 193 194 194 193 196 196 196 196 194 195 194 192 193 193 194 193 190 188 191 190 186 191 190 189 191 192 189 186 187 186 184 182 181 185 187 192 192 192 191 187 182 180 178 176 175 176 174 175 175 182 179 171 172 174 175 176 180 182 186 179 178 177 172 171 173 176 177 175 175 176 180 181 182 177 178 172 173 172
188 190 191 194 195 194 195 196 195 195 196 196 196 196 199 197 194 194 195 196 196 197 196 193 194 194 194 193 193 193 193 192 188 189 191 192 188 190 191 191 189 191 186 183 182 184 184 184 187 190 187 192 187 188 187 184 190 186 186 179 176 172 169 173 174 178 178 173 170 170 177 180 180 178 179 186 181 174 174 170 170 171 175 182 174 174 176 177 180 177 175 174 174 172
188 190 193 194 195 195 197 196 196 197 196 195 195 197 199 198 194 195 196 197 196 196 196 194 194 194 194 193 193 194 195 194 191 189 191 192 189 190 192 193 191 189 184 184 180 184 186 186 192 190 192 190 188 187 180 185 188 179 175 181 179 176 173 177 176 178 181 178 172 172 175 180 176 180 185 182 179 180 178 170 170 171 174 177 175 177 177 180 176 173 176 174 174 175
189 190 191 194 195 196 196 197 196 196 198 197 196 199 198 199 198 197 196 197 197 192 194 193 194 194 194 195 194 196 195 194 191 193 192 191 193 193 193 191 193 193 186 188 187 183 184 190 192 184 185 190 186 181 183 176 182 187 185 175 175 171 173 175 178 179 182 174 168 169 170 172 176 179 181 188 182 177 174 174 171 173 176 176 178 174 176 184 174 173 174 173 174 175
190 191 193 194 194 195 196 197 198 197 198 198 197 199 199 199 199 199 197 197 194 194 192 194 195 196 194 195 195 196 193 191 192 194 191 193 194 194 192 193 194 194 193 193 193 190 191 192 190 184 186 189 188 185 183 182 175 176 178 183 172 171 176 176 174 180 180 179 176 169 170 172 175 179 180 188 187 183 177 172 175 177 178 182 179 177 177 180 174 177 174 175 176 177
191 193 194 195 196 196 196 197 198 198 198 199 199 200 199 199 198 198 197 197 194 194 193 194 194 196 196 196 196 195 194 194 194 192 194 194 192 191 193 194 194 194 194 193 193 192 192 188 182 179 185 190 182 187 183 181 175 170 170 173 177 170 169 175 179 179 175 174 178 170 172 178 171 181 186 187 184 178 179 173 173 182 179 183 184 183 184 178 180 176 176 176 178 179
192 194 196 197 197 198 199 199 199 200 200 200 199 200 197 198 197 198 197 194 193 195 195 196 195 196 197 196 195 195 196 196 194 195 195 192 190 194 194 194 194 194 192 192 192 192 191 190 185 177 188 190 187 177 181 184 175 170 170 170 171 170 173 171 175 179 172 174 176 175 172 174 178 179 178 181 188 180 182 177 173 185 183 179 179 178 177 177 175 175 176 176 179 178
194 195 196 198 198 199 201 201 201 201 199 198 200 197 196 197 197 196 194 193 196 195 197 198 198 198 198 198 198 198 196 196 196 196 195 195 195 195 194 194 194 193 189 190 191 191 189 186 185 178 188 190 184 176 174 173 174 172 168 171 170 171 170 174 177 177 172 171 173 172 175 177 182 179 179 184 184 188 178 174 175 178 188 182 180 177 179 179 177 178 180 180 181 180
195 196 197 199 200 200 202 201 201 199 199 197 197 197 194 195 196 197 195 194 196 199 198 198 198 198 198 198 198 198 197 197 196 197 196 196 195 195 195 194 193 191 190 190 190 191 189 185 183 187 183 185 188 183 182 184 178 173 169 170 172 176 171 171 172 176 173 171 169 173 179 181 181 185 180 179 179 188 185 180 176 179 182 188 179 179 181 180 179 179 181 185 183 183
196 196 199 199 200 201 203 203 202 201 198 197 195 196 196 196 199 199 199 197 198 199 199 198 198 198 198 198 198 198 198 197 197 197 196 193 192 194 195 192 193 192 191 190 189 188 187 179 175 185 181 180 187 184 185 184 184 185 180 174 168 172 174 173 174 173 173 179 170 173 172 176 180 184 186 186 183 184 187 185 175 177 179 181 182 182 181 181 179 180 185 186 184 185
198 199 199 201 202 203 203 204 202 200 199 199 200 201 201 201 200 200 200 201 199 200 199 199 199 198 199 198 198 198 198 198 197 196 195 191 190 190 193 194 193 192 191 188 188 184 182 171 178 178 176 180 182 182 176 186 181 172 180 178 168 171 169 172 170 168 170 169 170 173 175 177 183 183 180 180 181 187 188 175 176 182 189 183 182 182 182 183 181 185 185 185 182 186
199 200 201 202 203 203 204 204 203 203 200 200 202 202 201 201 201 201 200 201 201 200 199 199 199 199 199 199 199 199 198 198 198 197 194 193 192 191 192 193 192 191 191 190 187 186 181 179 180 173 172 173 174 179 174 174 175 180 173 172 170 170 170 171 170 170 172 171 174 174 180 178 177 180 177 177 177 185 188 178 177 178 185 183 182 184 183 182 181 183 188 185 185 188
200 200 202 203 203 203 204 204 205 203 201 201 202 202 201 202 201 201 200 200 201 201 200 199 200 199 199 199 199 199 198 198 198 197 193 190 192 187 192 192 191 190 190 186 186 184 183 181 183 183 178 175 180 175 176 170 170 170 173 170 175 176 169 168 172 175 173 174 172 172 177 181 173 172 177 175 183 186 189 182 177 179 180 186 185 186 183 182 184 190 189 190 190 190
201 202 202 203 203 203 204 205 204 204 203 202 202 202 201 201 201 201 201 201 200 200 201 200 199 200 199 199 199 199 199 198 198 197 196 192 189 189 191 192 190 191 186 186 182 186 182 179 183 183 182 180 183 184 179 177 170 174 170 171 169 171 175 172 174 180 172 173 168 174 174 177 173 179 180 177 183 179 189 181 177 180 180 183 191 186 185 183 187 187 181 189 190 190
202 203 203 203 204 204 205 205 203 203 203 202 202 201 201 201 201 201 201 200 200 200 199 198 199 200 199 199 199 199 199 199 198 197 197 193 192 190 192 192 191 191 186 183 187 184 184 185 183 183 183 183 185 177 179 174 172 174 172 168 169 172 175 176 180 172 167 168 167 171 177 171 172 173 178 181 186 184 189 187 178 184 185 190 183 180 185 187 185 180 177 183 189 188
203 203 203 203 203 204 204 204 203 203 203 203 201 201 201 201 201 200 199 200 200 200 199 198 198 199 200 199 199 199 199 199 199 198 197 195 191 193 195 195 188 187 184 189 184 185 184 184 184 186 184 185 183 175 174 174 170 172 175 168 171 172 171 176 183 175 176 167 166 168 166 169 174 177 180 179 188 186 191 185 180 179 180 191 187 180 181 184 184 173 180 185 187 184
203 203 203 203 203 203 203 203 202 201 201 200 200 201 201 201 200 200 200 200 200 200 199 199 199 199 200 200 199 199 199 199 199 199 199 198 198 196 195 195 190 192 194 186 184 182 185 185 187 186 185 184 176 181 174 170 171 171 173 173 174 172 174 175 182 176 170 172 168 173 173 170 172 177 177 185 186 187 189 189 179 178 181 188 191 180 180 178 180 180 182 182 183 184
203 203 203 203 203 203 202 202 202 199 198 199 199 201 201 201 200 200 199 200 200 200 199 199 199 199 199 200 199 199 199 199 199 199 199 198 198 197 196 193 188 181 191 185 183 183 187 182 185 187 182 176 178 172 174 168 170 173 174 177 172 176 174 180 185 182 177 171 168 172 178 172 173 177 174 180 180 181 185 191 180 177 191 188 185 181 181 180 183 182 177 182 181 180
203 203 203 202 202 202 201 201 200 199 199 199 200 200 200 200 200 200 199 199 199 199 199 199 199 198 199 199 200 200 200 200 200 199 199 198 197 195 193 186 179 188 186 187 186 183 187 188 187 187 183 175 170 171 170 170 170 173 170 171 179 173 180 176 184 177 180 174 170 175 175 177 172 180 184 178 181 180 187 190 191 183 185 188 184 183 182 183 185 180 175 183 183 183
203 203 202 202 202 202 201 200 200 200 200 200 200 199 200 200 200 200 199 199 198 198 199 199 198 198 199 200 200 200 200 200 200 199 199 198 198 195 190 184 185 181 182 193 190 189 184 189 188 186 186 184 175 178 169 171 171 170 170 173 172 173 175 182 178 182 179 177 175 172 173 183 175 178 185 179 184 183 189 188 192 187 189 183 181 183 184 184 186 181 178 183 185 185
203 203 202 202 202 202 201 201 200 200 200 200 199 199 199 200 200 200 199 198 198 198 198 198 198 198 199 200 200 200 200 200 200 200 199 198 198 195 193 186 180 186 185 192 193 191 191 190 184 182 179 175 178 175 172 169 175 171 172 172 177 177 173 176 180 180 185 181 182 176 172 179 181 184 189 186 190 188 191 192 192 182 180 181 183 183 184 185 185 180 180 182 183 186
203 203 202 202 202 202 201 200 200 200 200 199 199 199 199 199 199 198 199 198 198 198 198 198 198 198 198 200 200 200 200 200 200 199 199 198 198 195 188 183 186 189 187 184 190 191 184 184 183 181 181 171 172 170 174 172 179 173 172 170 173 178 177 173 175 178 181 186 185 181 177 173 176 179 176 178 175 185 190 177 184 192 188 181 181 183 185 185 184 180 182 183 182 184
203 203 203 202 202 201 200 200 200 199 199 199 199 199 199 199 198 198 198 198 198 198 198 198 198 197 198 199 199 200 200 200 199 199 199 198 198 196 190 188 181 185 188 183 185 188 188 186 184 185 184 181 182 171 170 178 175 179 173 172 174 175 178 177 181 185 182 185 187 184 171 175 171 168 169 172 175 187 192 178 178 181 192 184 184 184 186 187 186 181 185 185 183 182
203 203 203 202 202 201 200 200 200 199 199 199 199 198 198 197 198 198 198 197 197 198 198 198 198 197 198 198 198 199 199 199 199 199 199 198 198 197 192 188 182 185 182 185 189 190 185 183 183 186 184 186 175 180 173 174 179 175 180 174 173 175 182 175 180 178 179 180 184 189 177 182 173 171 175 178 185 192 190 181 180 181 181 191 188 186 186 187 188 186 182 182 183 182
203 203 202 202 202 201 200 200 200 199 199 198 198 197 196 197 198 198 197 197 197 198 198 198 198 197 198 197 198 199 199 199 199 199 198 198 198 197 189 186 186 186 185 190 190 191 188 188 187 189 188 182 182 184 179 177 171 176 180 179 172 172 179 178 178 174 181 180 173 176 189 181 176 181 177 187 193 182 182 183 183 182 189 187 189 190 191 190 185 183 182 184 183 183
203 203 202 202 202 201 200 200 200 199 198 197 197 196 197 197 198 198 197 197 197 198 198 198 197 197 197 198 198 198 198 199 199 198 198 198 198 197 189 188 185 186 187 189 191 193 191 190 187 190 187 187 190 188 186 185 182 179 173 178 180 180 179 180 180 173 175 173 170 171 181 190 182 187 187 192 189 184 185 186 184 187 192 184 184 185 183 188 187 186 183 184 186 183
203 202 202 202 200 200 200 200 199 197 197 196 195 196 195 196 196 197 197 197 197 197 198 197 196 196 196 196 196 196 196 197 197 198 198 198 197 196 191 193 191 190 189 189 192 194 193 193 193 191 190 189 186 182 181 179 174 174 170 176 172 179 176 173 172 172 170 166 168 176 179 191 187 191 192 190 184 182 184 188 186 185 192 188 186 187 188 182 189 186 188 184 183 181
202 202 202 200 200 200 200 199 198 196 196 195 194 194 194 195 196 196 196 196 196 196 197 197 196 196 196 196 195 196 197 196 196 196 196 196 197 197 196 192 193 193 192 193 194 194 191 191 191 192 185 183 179 180 173 177 180 177 172 175 174 177 177 176 166 166 167 170 171 172 179 186 191 191 183 189 183 182 185 186 187 184 186 188 191 191 187 182 184 189 183 180 178 178
202 202 201 201 201 200 200 199 197 196 195 193 194 193 193 195 195 195 195 196 196 197 197 196 196 196 196 195 196 196 196 196 196 196 196 196 196 197 197 196 195 195 195 194 194 186 185 190 188 192 190 185 175 179 174 171 176 172 170 169 169 177 170 173 172 168 169 176 174 173 183 183 191 192 188 185 188 184 184 184 186 186 183 188 190 191 191 183 183 189 186 182 179 179
202 201 201 201 201 201 199 199 198 195 194 193 194 194 194 194 195 196 196 196 196 196 197 196 196 196 196 196 196 196 196 196 196 196 197 197 197 197 196 196 196 196 195 194 189 191 184 188 186 186 188 187 188 185 180 176 176 170 171 174 170 170 170 167 169 167 172 171 177 176 182 183 191 191 189 183 185 185 185 184 185 187 184 183 188 190 191 185 186 188 184 181 179 180
201 201 201 201 200 200 199 199 198 195 194 194 195 194 195 195 194 194 195 196 196 195 195 195 195 196 196 196 196 195 196 196 195 195 195 195 195 196 195 195 196 196 196 192 189 187 187 184 186 191 188 186 181 185 181 178 175 170 174 174 176 171 177 171 175 172 172 174 173 181 177 180 182 191 190 182 182 186 184 184 184 186 185 184 182 183 191 188 184 186 188 182 179 182
200 200 200 200 200 199 199 198 197 195 195 195 195 195 195 192 193 195 195 194 195 195 195 196 196 196 196 195 195 195 195 195 195 195 195 194 194 194 196 196 196 196 195 192 191 191 187 187 189 189 184 185 177 187 187 181 173 172 172 177 172 172 180 176 177 178 172 172 172 174 172 174 177 186 192 182 181 182 186 186 184 186 185 185 184 188 191 189 185 185 186 179 181 181
200 200 200 200 199 199 198 198 197 196 196 196 195 194 194 193 194 195 195 194 195 196 195 195 196 196 196 195 195 195 195 195 195 194 194 194 195 195 195 195 196 196 193 192 190 189 186 182 184 188 183 181 177 179 182 177 172 176 177 177 175 176 176 179 183 183 180 179 168 170 174 177 177 186 192 181 182 182 184 186 184 186 184 184 184 188 189 190 187 182 188 187 185 185
200 200 200 200 199 199 198 198 197 197 195 195 195 194 193 194 195 194 194 195 195 196 196 196 196 196 195 195 194 194 194 194 194 194 194 195 195 195 195 195 196 196 191 190 192 186 186 186 179 186 184 181 176 176 174 175 173 173 173 175 177 176 183 182 180 180 187 181 170 171 174 182 188 192 180 183 182 181 183 185 182 185 184 184 182 189 185 188 190 184 186 182 186 185
200 200 200 199 198 198 198 198 197 197 195 195 194 193 193 194 194 195 194 195 195 195 196 196 196 196 195 194 194 193 193 193 194 194 194 194 195 195 195 195 196 196 195 192 190 189 183 183 178 180 183 179 179 180 179 171 173 176 175 175 180 181 177 179 168 180 181 182 174 172 181 187 190 183 180 180 181 181 184 185 185 184 185 183 182 184 188 188 189 190 182 183 181 180
199 199 199 199 198 198 198 198 197 197 196 195 194 194 194 194 194 195 194 195 195 195 195 195 195 195 194 193 193 192 192 192 193 193 194 193 194 195 195 195 195 195 196 194 192 187 189 186 186 176 176 177 180 176 176 172 172 174 175 177 177 174 175 170 169 178 179 186 183 173 174 179 190 187 182 183 181 182 183 184 182 184 185 183 184 183 184 188 189 190 187 185 185 179
199 199 199 199 198 198 198 197 197 196 196 195 195 194 193 193 194 195 195 195 195 195 195 195 195 195 194 193 192 192 190 191 191 190 193 193 193 194 194 195 195 195 196 193 194 187 186 186 178 179 176 177 187 176 177 173 173 172 174 176 176 172 169 174 177 170 172 183 187 184 176 180 184 192 183 185 181 182 182 183 183 183 182 184 181 183 184 184 186 191 189 184 180 185
199 199 199 199 198 198 197 197 197 196 194 194 194 194 193 190 193 195 194 195 195 195 195 195 195 194 193 192 190 188 188 187 189 188 192 193 193 191 193 195 195 195 196 190 190 190 189 185 181 180 178 179 184 184 177 173 174 175 172 173 175 172 165 173 177 178 171 172 184 180 187 179 182 189 183 185 186 181 182 184 186 184 185 184 185 185 185 185 187 191 190 188 189 180
