DE_airtemperature/2018_10_airtemp.asc
NCOLS 654
NROWS 866
XLLCORNER 3280414.711633467
YLLCORNER 5237500.62890625
CELLSIZE 1000
NODATA_VALUE -999
[rows 602 to 644 of 866, columns 96 to 191 of 654]
100 98 98 100 98 101 100 101 100 100 108 102 104 105 103 108 108 110 110 111 117 111 118 113 111 112 118 113 115 113 111 115 113 116 113 113 117 121 126 122 121 122 117 118 116 115 117 118 117 116 116 117 117 118 116 118 119 119 119 118 119 119 118 118 117 117 117 117 117 117 117 117 117 118 117 118 118 118 118 118 118 118 119 119 119 119 119 119 119 119 119 119 119 120 120 120
104 100 98 100 101 100 101 98 100 104 110 106 104 105 107 111 107 108 110 117 115 113 116 112 116 111 116 118 118 117 114 112 114 113 114 116 118 123 126 120 121 118 121 120 109 109 110 117 118 116 118 118 120 119 120 118 117 116 116 116 118 115 116 118 118 117 118 118 118 119 118 118 117 117 118 117 117 117 117 117 117 118 118 119 119 119 119 119 119 119 119 120 120 120 120 120
100 101 99 100 99 100 101 98 98 102 109 112 109 108 111 110 110 115 116 116 112 111 113 116 112 110 112 116 116 113 115 112 114 114 115 119 121 123 124 120 117 118 119 117 111 105 104 114 117 118 118 117 118 120 118 114 115 114 115 117 115 113 113 113 116 117 117 118 118 118 117 116 116 116 116 115 115 116 117 117 117 117 118 119 119 119 119 119 119 119 120 120 120 120 120 120
102 99 102 101 98 102 103 101 104 111 112 105 113 109 110 110 115 115 113 113 112 111 113 117 110 113 111 113 118 115 116 115 113 113 116 120 122 121 123 120 117 116 114 111 112 112 111 117 118 120 120 118 119 120 117 114 115 116 117 116 114 113 113 113 117 117 118 119 118 118 118 117 117 116 116 115 116 116 116 116 117 117 118 119 119 119 119 119 119 119 120 120 120 120 120 120
102 98 99 105 98 101 104 107 109 103 105 109 114 114 115 113 111 115 112 113 112 109 114 117 111 111 111 113 116 115 114 115 111 114 120 119 121 124 118 115 115 119 110 109 113 113 115 118 118 119 119 119 119 118 116 115 115 116 116 114 114 112 114 114 117 118 119 118 119 118 118 118 117 116 116 116 116 115 116 116 117 117 118 118 119 119 119 119 120 120 120 120 120 121 121 120
104 101 100 100 98 99 99 105 106 105 107 114 112 108 109 111 111 113 115 112 107 107 114 111 114 109 109 112 115 111 111 113 112 113 115 120 117 121 119 117 119 115 111 118 113 118 121 118 120 120 120 120 120 119 118 115 116 114 114 113 114 113 112 113 117 117 117 118 118 118 117 117 117 116 115 116 115 115 115 116 117 117 118 119 119 119 119 120 120 120 120 121 121 121 121 121
101 101 100 97 100 106 107 107 107 102 108 113 110 109 110 111 111 110 113 110 103 103 114 117 112 113 109 112 115 116 114 113 112 117 117 118 114 116 117 121 119 119 118 117 116 117 118 120 120 121 119 118 119 118 117 115 114 114 114 113 113 113 115 115 117 118 118 117 118 118 117 117 117 117 116 116 115 115 116 117 117 117 118 119 119 119 120 120 120 120 120 121 121 121 121 121
100 101 100 101 101 106 107 106 105 109 114 114 112 110 107 110 102 105 113 112 103 104 110 115 116 112 109 110 115 114 115 111 111 112 118 116 115 115 115 118 120 118 118 118 118 119 119 120 119 119 118 117 118 115 116 115 117 116 117 117 115 113 118 118 117 117 117 117 117 118 118 118 117 117 117 116 116 116 116 117 117 118 119 119 119 120 120 120 120 120 121 121 121 121 121 121
99 98 99 108 110 106 106 108 107 107 108 114 111 108 106 106 106 104 105 112 108 106 109 114 113 113 108 110 111 111 111 110 110 113 116 115 117 115 114 116 119 119 119 119 117 114 115 117 119 119 115 113 115 117 117 116 118 118 119 119 119 118 115 118 118 118 118 117 118 119 119 118 118 118 117 117 117 117 117 117 118 118 119 119 120 120 120 120 120 121 121 121 121 121 121 121
102 106 101 111 111 113 112 112 109 111 109 114 116 112 111 107 104 101 109 112 109 107 109 114 112 107 107 111 111 112 109 107 109 114 115 113 115 113 114 116 116 117 117 118 116 114 116 117 117 115 115 113 116 116 116 117 119 120 119 116 114 113 115 118 118 118 118 118 120 120 120 120 120 119 118 118 118 117 118 118 119 119 120 120 121 121 121 121 121 121 121 121 121 121 121 122
109 109 111 111 108 109 114 114 110 114 114 114 115 111 110 112 109 108 110 105 109 110 109 110 116 113 110 113 110 112 113 110 111 111 111 114 115 112 116 116 116 115 117 116 116 114 116 114 116 115 116 116 115 116 118 118 118 118 118 115 112 113 118 117 118 118 117 119 120 120 120 120 120 120 119 118 118 118 118 119 119 119 120 121 121 121 121 121 121 121 121 121 121 121 122 122
109 108 108 107 110 109 113 113 114 110 114 110 114 108 111 114 111 112 109 106 108 108 108 110 112 114 116 112 114 113 113 111 113 111 109 111 114 114 115 115 116 112 116 114 115 113 114 115 115 116 117 116 117 119 117 116 118 117 116 114 112 116 117 117 118 118 118 119 120 120 120 119 120 120 119 119 118 119 119 119 119 120 120 121 121 121 121 121 121 121 121 121 121 121 122 122
108 105 104 107 108 111 112 109 108 112 111 115 111 103 106 110 113 109 110 108 106 107 107 110 111 109 114 114 113 114 112 112 110 110 110 111 112 110 114 113 115 114 116 112 112 115 115 117 114 115 117 117 116 116 112 115 116 115 114 118 113 113 118 118 119 118 118 118 119 119 120 120 119 120 120 119 119 119 120 120 120 120 121 121 121 121 121 121 122 122 122 122 122 122 122 122
109 105 108 108 109 111 112 108 108 111 115 113 104 101 109 113 111 107 106 106 108 108 106 108 108 111 114 115 112 114 113 111 110 112 110 111 111 112 114 115 114 113 115 116 115 115 115 112 116 115 117 114 112 112 113 114 114 113 116 112 113 114 118 119 119 119 118 118 119 119 120 120 121 121 120 120 120 120 120 120 121 121 121 121 121 121 121 122 122 122 122 123 123 123 122 122
107 106 106 109 110 110 108 108 111 111 114 114 109 107 111 111 111 112 111 108 109 111 112 108 107 110 110 116 116 114 114 114 111 112 113 114 111 113 113 114 114 113 112 114 114 114 115 113 116 116 113 114 112 113 115 115 114 113 116 110 112 113 117 117 118 120 120 120 120 120 121 121 121 121 120 120 120 120 120 121 121 121 121 121 121 121 121 122 122 122 122 123 123 123 122 122
107 106 111 107 107 109 110 109 111 113 111 115 112 110 109 110 112 112 110 110 111 112 114 113 107 112 116 111 114 115 112 111 112 112 114 112 112 113 114 113 113 113 113 115 114 114 114 114 114 117 113 115 112 113 115 114 116 113 115 113 110 115 115 116 119 121 120 120 121 121 121 121 121 121 121 120 120 120 121 121 121 121 121 121 121 121 121 122 122 122 123 123 123 123 123 122
104 106 109 110 109 108 109 108 109 113 114 115 113 110 107 108 108 110 112 111 113 114 113 114 114 113 113 112 115 114 114 111 111 111 114 113 111 111 111 111 114 114 114 114 115 115 115 113 116 113 112 113 113 115 115 115 116 116 110 109 111 111 116 116 119 119 120 120 120 120 121 121 121 121 121 121 121 121 121 121 121 121 121 121 121 121 121 122 122 122 123 123 123 123 123 122
103 103 105 110 109 108 108 111 113 111 115 113 108 108 109 111 111 112 109 110 111 113 114 114 115 114 112 112 112 113 114 114 113 111 111 112 111 110 111 112 112 113 114 114 114 115 115 111 111 113 113 112 114 114 115 113 115 110 113 109 110 116 115 118 119 119 120 120 121 121 121 121 121 121 121 121 121 121 121 121 121 121 121 121 121 121 121 122 122 122 123 123 123 123 123 122
104 107 110 111 114 108 108 110 111 114 114 110 109 110 112 112 112 113 112 112 112 113 113 113 114 114 113 114 113 112 113 110 110 110 111 109 107 111 111 112 113 113 114 113 114 111 109 116 109 109 112 113 113 113 111 111 114 110 116 107 107 114 114 118 120 120 120 120 121 121 121 121 121 121 121 121 121 121 121 121 121 121 121 121 121 121 122 122 122 122 123 123 123 123 123 122
106 107 109 110 110 109 112 112 111 109 111 115 111 113 113 113 113 113 114 112 112 113 114 114 115 115 114 111 111 112 111 112 112 109 109 112 113 110 113 112 114 113 111 111 113 109 114 113 110 115 112 113 114 113 115 111 111 108 113 115 109 114 118 118 120 119 120 120 120 120 121 121 121 121 121 121 121 121 121 121 121 121 121 121 121 121 122 122 122 122 122 123 123 123 122 122
107 107 108 108 107 109 112 107 107 107 111 113 114 114 115 115 114 114 114 114 114 112 114 113 113 113 111 112 111 111 110 110 110 110 109 110 111 111 113 112 111 113 113 114 112 111 110 116 112 114 114 114 117 117 115 116 109 118 120 118 118 117 115 120 119 119 119 120 120 120 122 122 122 122 122 122 122 121 122 121 122 121 122 121 122 122 122 122 122 122 122 122 122 122 122 122
107 109 108 109 108 109 107 108 109 112 115 112 112 114 112 113 114 113 114 113 113 113 113 113 112 113 113 112 111 111 110 111 110 109 110 112 111 111 111 113 109 112 111 113 114 112 112 112 113 115 114 114 118 120 119 119 123 115 117 118 122 119 116 118 119 118 119 119 121 121 121 122 123 122 122 122 122 122 122 122 122 122 122 122 122 122 122 122 122 122 122 122 122 122 122 122
103 106 108 110 112 107 108 111 112 113 114 113 112 113 113 113 113 113 114 113 113 114 114 113 113 113 113 112 112 112 111 110 110 110 111 112 112 111 112 113 111 112 113 115 114 115 112 113 113 117 117 115 116 117 121 121 115 114 112 115 118 117 113 117 119 119 121 121 121 121 121 122 122 123 122 122 122 122 122 122 122 122 122 122 122 122 122 122 122 122 122 122 122 121 122 122
104 107 108 108 109 110 111 112 111 112 114 112 112 113 113 114 114 114 114 113 113 113 113 113 113 113 113 112 111 111 110 109 110 110 110 110 111 111 113 113 111 111 113 111 111 111 116 114 113 116 119 114 116 112 119 114 112 114 117 117 113 113 115 117 120 120 121 121 121 121 122 123 123 123 123 122 122 122 122 122 122 122 122 122 122 122 122 122 122 122 122 121 121 121 121 121
106 108 108 109 110 109 113 111 114 115 115 114 114 114 114 114 114 114 114 114 114 114 114 114 113 110 111 110 108 110 109 109 109 109 110 109 111 111 111 112 111 109 110 111 111 115 113 118 113 120 118 116 114 115 107 120 113 112 114 118 115 118 114 116 122 122 122 122 122 122 122 122 123 123 123 122 122 122 122 122 122 122 122 122 122 122 122 122 122 122 122 122 121 121 121 121
100 104 107 110 110 111 113 112 113 114 114 114 115 115 114 114 114 114 114 112 113 113 112 110 108 108 109 109 108 110 109 109 105 107 107 108 110 111 112 109 112 107 108 111 113 114 115 111 113 118 120 120 117 113 116 120 112 113 115 117 112 115 116 119 124 124 123 123 123 123 123 123 123 123 123 122 122 122 122 122 122 122 122 122 122 122 122 122 122 122 122 122 121 121 121 121
104 105 107 109 110 111 112 113 114 114 114 114 115 114 114 114 109 109 109 109 109 106 108 108 107 108 109 110 107 110 106 104 108 106 105 108 105 108 110 109 107 107 112 111 111 110 111 111 115 115 116 122 120 120 111 114 118 115 122 117 118 121 117 123 125 124 124 123 123 123 123 123 123 123 122 122 122 122 122 122 122 122 122 122 122 122 122 122 122 122 122 121 121 121 121 121
105 107 107 108 110 112 113 114 114 114 114 115 112 109 109 109 109 108 107 108 104 105 109 104 108 108 112 109 111 108 110 107 109 109 110 106 105 109 110 109 110 111 113 112 108 111 110 109 113 114 112 120 123 117 116 115 111 115 121 116 116 119 121 125 124 125 124 124 123 123 123 123 123 123 122 122 122 122 122 122 122 122 122 122 122 122 122 122 122 122 122 121 121 121 121 121
106 105 108 109 111 112 113 113 114 114 114 114 111 109 108 109 109 105 108 109 106 108 107 110 107 107 109 109 109 111 106 107 106 108 107 106 106 107 107 105 108 107 112 111 109 112 109 110 111 111 116 116 120 120 123 115 118 119 120 120 122 120 123 127 126 125 124 124 123 123 123 123 123 123 122 122 122 121 122 122 122 122 122 122 122 122 122 122 122 122 122 122 122 122 121 121
105 107 108 109 111 112 113 114 112 112 108 111 106 110 109 107 107 108 111 105 110 105 108 110 110 107 110 109 111 110 106 106 108 106 106 109 106 109 107 108 107 105 108 109 110 110 110 111 114 112 118 116 121 118 126 115 116 123 126 118 119 121 128 127 127 125 125 124 124 123 123 123 123 123 122 122 122 122 122 122 122 122 122 122 122 122 122 122 122 122 122 122 122 122 121 121
106 107 108 111 111 112 113 113 109 111 107 108 106 108 106 110 111 108 110 106 111 110 105 106 110 105 107 109 112 112 111 110 106 106 105 106 106 107 105 104 103 107 111 112 110 110 116 110 116 116 116 121 120 118 124 126 126 127 120 117 120 125 128 126 126 125 125 124 124 124 123 123 123 123 122 122 122 123 122 122 122 122 122 122 122 122 122 122 122 122 122 122 122 122 122 121
106 108 108 110 111 112 111 111 108 109 107 110 108 106 109 109 110 111 113 107 110 105 109 107 109 106 110 110 111 109 108 107 108 109 109 106 105 104 104 103 101 106 110 110 113 115 110 117 117 118 115 115 120 124 118 116 116 122 125 117 124 129 129 127 126 126 125 125 124 124 124 123 123 123 123 122 122 122 123 122 122 122 122 122 122 122 122 122 122 122 122 122 122 122 122 122
107 108 110 110 110 109 109 110 109 107 109 112 110 109 112 109 109 111 107 110 107 107 106 107 109 110 108 112 107 109 107 107 106 108 109 105 106 108 104 109 107 111 114 110 109 116 119 116 113 116 117 120 122 120 112 116 122 125 123 130 129 129 128 128 127 126 126 125 125 124 124 124 123 123 123 122 123 123 123 123 123 122 122 122 122 122 122 122 122 122 122 122 122 122 121 121
109 108 110 110 111 108 107 112 111 108 112 109 112 109 109 110 113 111 111 114 109 110 106 109 108 108 110 110 110 112 111 110 109 109 107 106 106 108 109 108 107 109 106 106 111 115 116 119 120 119 119 124 120 119 111 111 118 123 122 117 125 127 128 128 127 127 126 125 125 125 124 124 124 123 123 122 122 123 123 122 123 123 123 123 123 123 122 122 122 122 122 122 122 122 122 122
109 109 110 111 111 108 106 112 107 107 110 109 110 108 110 111 111 114 113 111 109 106 110 112 112 113 109 110 108 112 110 107 107 107 109 109 110 108 105 109 110 109 103 109 111 112 113 116 113 120 116 120 118 114 113 116 115 112 114 121 125 128 127 127 127 127 126 125 125 125 124 124 124 124 123 122 122 122 122 122 122 123 123 123 123 123 122 122 122 122 122 122 122 122 121 121
109 110 111 111 108 111 112 107 107 108 110 113 112 110 111 110 115 110 108 109 109 108 109 108 110 114 115 109 108 109 111 110 107 106 109 107 105 106 104 108 104 104 106 111 109 111 115 117 117 114 118 113 118 111 111 111 112 111 113 121 126 126 127 126 127 126 126 125 125 125 124 124 124 124 123 123 122 122 122 122 122 122 123 123 123 123 123 122 122 122 122 122 121 122 121 121
110 112 111 110 110 113 109 109 110 109 109 114 115 110 112 114 114 112 110 111 114 114 110 112 109 116 115 112 110 108 109 110 107 109 107 106 107 109 104 104 103 105 111 111 109 117 117 115 111 119 116 112 112 116 107 111 107 109 119 122 125 126 126 126 127 126 126 125 125 125 125 124 124 124 123 123 123 122 122 122 122 122 123 123 123 123 123 123 123 122 123 122 121 121 121 121
113 112 111 110 112 109 108 109 111 113 111 111 116 116 112 114 116 112 111 116 111 112 110 111 115 109 115 110 115 109 109 109 109 110 111 106 108 106 105 102 103 106 110 109 112 111 116 113 114 117 114 109 109 109 106 113 113 107 121 122 124 125 126 125 125 125 125 124 125 125 124 124 124 124 123 123 123 123 122 122 122 122 123 123 123 123 123 123 123 123 123 123 122 122 121 121
112 113 111 113 110 109 110 114 110 111 112 116 112 112 112 112 113 113 112 113 116 112 111 111 116 111 116 116 113 110 111 111 109 111 107 107 106 106 109 103 103 110 105 113 110 111 112 111 109 114 111 110 108 106 108 107 109 121 121 123 125 125 126 125 125 125 125 125 125 125 124 124 124 124 123 123 123 123 122 122 122 123 123 123 123 123 123 123 122 123 123 123 123 122 121 121
113 112 108 108 107 108 110 112 111 115 112 112 113 113 117 114 116 115 112 113 113 113 112 116 113 119 117 112 111 111 112 110 113 110 108 108 108 105 106 110 107 109 107 112 105 110 108 112 106 106 106 110 110 108 108 114 107 117 120 123 125 126 125 125 125 125 125 125 125 125 124 124 124 124 123 123 123 123 123 122 122 123 123 123 123 123 123 123 123 123 123 123 123 122 121 121
114 113 110 108 110 110 113 112 114 113 114 117 115 112 114 113 113 114 117 118 113 113 112 115 117 119 114 115 115 114 111 114 109 111 107 110 111 106 106 107 109 111 110 106 111 108 109 110 114 111 111 105 117 106 112 109 115 121 121 123 124 125 125 125 124 125 125 125 124 124 124 124 124 124 124 123 123 123 123 122 122 123 123 123 123 123 123 123 123 123 123 123 123 122 122 121
115 112 113 113 111 112 116 115 116 112 111 113 113 112 113 112 114 116 116 114 117 120 120 115 115 114 115 118 117 112 116 111 114 109 108 108 106 106 104 106 106 107 115 107 111 109 110 116 117 112 113 115 112 116 112 103 114 119 121 123 125 125 125 124 125 125 125 124 124 124 124 124 124 124 123 123 123 123 123 122 123 123 123 123 123 123 123 123 123 123 122 122 122 122 121 121
111 111 115 115 114 115 116 117 117 114 115 113 112 112 116 116 114 117 119 116 120 115 114 118 113 112 115 113 116 115 111 111 111 109 115 107 111 106 104 112 104 109 114 112 112 117 110 116 110 108 117 117 108 103 114 115 117 120 122 123 124 125 125 124 124 124 124 123 124 124 124 124 124 124 124 123 123 123 123 122 122 123 123 123 123 123 123 123 123 122 122 122 122 122 121 121
