DE_airtemperature/2018_07_airtemp.asc
NCOLS 654
NROWS 866
XLLCORNER 3280414.711633467
YLLCORNER 5237500.62890625
CELLSIZE 1000
NODATA_VALUE -999
[rows 451 to 491 of 866, columns 94 to 187 of 654]
212 212 216 212 211 212 214 212 212 211 208 205 215 210 215 212 211 213 210 210 215 204 207 209 212 209 207 205 204 208 207 211 207 209 205 201 198 199 202 204 202 200 202 204 203 200 197 196 195 194 195 197 202 200 197 196 190 196 196 190 194 194 199 199 197 192 183 187 186 187 188 189 192 194 193 194 193 192 197 196 192 194 190 193 196 196 201 197 200 203 197 202 200 193
213 210 217 213 215 211 210 209 208 209 208 215 216 215 216 217 218 207 217 206 211 217 213 213 207 207 206 206 207 210 211 213 207 211 207 204 200 202 202 202 200 198 197 204 204 204 203 200 197 194 194 201 204 200 195 184 189 193 199 194 194 193 197 195 196 195 185 183 184 189 191 187 190 194 190 190 191 194 195 192 194 194 190 192 192 198 201 199 194 200 200 204 204 202
216 213 215 214 211 208 213 215 213 218 215 212 212 209 210 213 210 208 210 210 212 213 211 209 211 206 208 207 208 209 208 211 211 213 211 207 200 198 197 199 197 198 200 203 203 200 203 200 200 198 197 195 202 203 199 194 193 196 199 199 197 199 201 190 195 195 187 186 187 187 186 191 190 194 189 186 190 193 192 190 191 190 193 190 192 190 191 198 191 193 198 202 198 197
214 217 218 211 211 214 215 218 217 212 212 208 207 211 205 206 205 207 212 210 211 209 211 209 209 209 210 207 210 207 208 207 210 209 209 203 203 201 202 201 199 199 202 202 202 200 204 202 199 199 199 198 204 203 201 199 197 197 201 201 201 199 196 198 197 188 185 184 185 191 190 189 188 193 189 190 196 185 191 191 192 193 194 193 188 190 193 192 190 193 193 200 194 196
219 212 211 212 211 212 217 214 212 210 206 203 207 208 209 207 203 202 204 204 212 213 213 209 209 209 207 212 209 209 207 209 208 208 204 208 203 203 204 205 200 201 203 201 200 197 200 200 200 199 201 203 200 203 206 199 203 204 202 195 197 202 201 197 195 193 193 189 190 189 187 185 188 191 188 191 196 191 192 197 192 190 200 192 192 193 190 194 197 193 191 195 191 190
217 214 211 211 212 218 218 211 214 214 208 205 202 202 202 203 204 206 209 212 207 208 211 214 211 212 211 211 209 208 207 206 210 206 207 207 205 204 206 202 201 199 204 200 202 200 200 200 198 199 203 205 204 205 206 202 202 202 198 200 200 202 196 198 198 197 197 192 189 187 185 186 189 190 189 194 199 201 195 194 199 197 195 199 193 194 196 196 199 191 200 193 188 183
212 216 210 211 216 218 211 208 210 208 207 206 205 204 204 206 204 205 205 204 208 208 209 209 208 209 214 209 209 208 210 209 206 209 211 209 209 204 204 201 199 202 201 203 202 200 202 200 197 198 203 206 202 200 204 205 200 200 199 203 198 202 196 192 199 199 194 193 188 187 183 185 191 186 189 197 197 199 195 201 204 205 202 199 189 199 203 191 199 195 202 199 185 190
213 209 210 212 217 211 211 211 209 207 208 205 206 206 207 207 206 207 206 207 205 207 206 205 211 211 206 213 209 208 211 212 207 206 205 203 202 206 204 200 203 201 201 200 199 200 200 200 198 197 199 201 199 204 205 208 206 204 202 202 205 196 201 202 203 194 187 185 186 187 186 186 190 187 194 198 198 200 200 199 196 201 196 202 199 200 198 197 204 201 201 192 190 196
216 210 213 217 215 208 210 211 208 207 206 204 208 209 205 208 205 208 207 206 209 212 209 212 211 212 208 207 206 212 211 205 204 202 205 200 203 200 201 203 203 204 200 198 199 198 198 200 199 198 202 202 203 203 205 203 206 205 199 198 206 201 205 203 201 198 199 190 185 185 188 189 188 194 195 197 198 192 194 193 195 202 205 203 207 206 203 197 202 200 203 198 202 198
211 209 212 218 214 211 211 209 210 211 208 206 209 208 209 207 203 206 210 208 213 211 210 211 208 208 209 209 209 209 208 208 208 204 202 202 200 199 200 207 207 204 202 202 199 203 204 203 199 200 201 205 203 202 203 207 207 203 203 206 206 202 205 202 202 201 199 189 198 194 190 190 188 189 194 186 190 192 196 198 203 199 204 206 199 199 206 205 206 205 205 202 203 195
212 211 217 218 214 210 213 211 209 207 208 205 207 208 208 206 207 207 211 211 207 209 209 206 206 208 209 210 208 207 208 207 205 205 203 204 205 205 203 202 209 206 203 200 203 202 206 206 200 201 203 201 202 206 204 201 206 208 203 207 207 206 205 203 199 198 201 199 195 195 199 193 186 188 191 188 186 195 198 200 198 189 199 198 201 202 204 206 206 201 205 207 206 200
215 212 218 214 210 211 216 210 207 209 208 209 207 210 208 208 209 211 211 206 207 207 207 208 206 207 209 209 208 206 207 208 203 203 203 205 208 208 202 203 209 205 207 202 204 204 206 200 202 203 203 205 206 204 203 200 207 209 205 203 204 196 198 206 206 197 196 198 202 200 194 191 187 190 189 186 193 191 195 203 199 186 188 198 197 202 202 204 197 197 197 197 205 204
213 215 218 213 214 216 213 210 209 209 208 209 210 207 208 210 210 212 212 209 207 205 208 205 207 204 206 208 206 208 206 203 203 205 207 207 211 204 203 205 209 206 206 204 204 206 207 204 203 206 203 205 204 207 208 206 206 209 204 206 198 199 200 203 205 204 199 197 203 193 193 189 188 187 186 185 189 194 198 195 192 190 191 194 202 201 204 199 201 197 192 199 202 206
215 213 219 213 217 209 212 208 208 210 209 208 208 208 210 210 211 212 211 207 208 207 210 209 207 212 206 208 208 206 204 207 203 209 204 207 207 209 206 208 209 204 204 206 203 207 204 204 204 206 203 204 207 206 207 210 208 207 208 204 200 206 205 201 205 206 204 202 198 193 191 189 187 188 183 182 188 186 194 198 198 195 195 195 197 203 203 203 196 194 194 199 199 207
215 219 215 217 215 212 209 210 209 211 209 209 207 208 209 209 213 210 209 208 211 212 207 208 209 208 209 209 206 206 206 207 205 212 208 212 210 206 209 211 204 206 204 206 208 203 207 204 204 207 203 204 200 203 202 208 211 209 207 207 206 204 206 198 197 202 204 199 200 194 199 198 195 187 189 190 187 191 191 191 193 193 195 194 197 198 202 204 204 201 195 192 199 208
219 214 212 212 213 209 209 214 214 210 210 209 209 208 209 213 209 208 209 209 210 211 213 212 213 211 207 204 204 207 206 206 209 208 212 208 210 212 207 205 207 202 202 206 211 207 209 208 209 206 202 202 200 202 207 209 209 208 207 206 207 202 205 203 202 198 202 200 203 203 197 198 193 187 187 194 191 193 191 194 195 198 201 198 196 201 201 196 203 199 195 201 199 203
218 217 213 214 210 209 211 213 211 209 208 209 209 210 210 213 208 210 210 211 212 209 208 208 206 205 206 208 211 207 207 211 210 210 215 208 208 210 206 207 206 203 207 209 211 212 209 205 204 202 202 199 208 200 208 211 209 203 206 205 205 208 207 206 204 203 199 198 195 201 199 190 193 191 197 195 191 195 198 202 198 195 200 204 199 194 195 196 203 198 201 204 205 205
215 217 215 212 210 209 211 210 209 210 209 210 210 210 212 212 211 212 212 211 206 208 206 204 204 207 210 208 206 212 206 209 209 210 215 209 210 207 210 210 204 204 204 207 209 210 203 207 200 197 202 207 209 209 209 206 206 200 203 199 199 207 201 202 205 204 201 203 198 195 191 190 193 194 200 195 193 199 200 202 195 200 198 201 199 194 196 200 199 201 205 204 206 207
218 216 213 212 210 210 214 210 209 208 212 210 214 211 209 211 211 211 209 206 204 204 201 211 212 209 210 211 213 208 208 214 212 208 214 212 210 207 207 209 210 206 205 208 213 212 207 207 205 194 198 204 212 208 209 203 201 198 200 202 202 204 202 199 206 205 202 199 199 191 191 195 194 190 194 202 199 198 202 200 198 197 202 197 198 200 201 199 200 200 204 205 207 203
218 218 216 212 214 214 215 209 210 214 216 215 208 209 209 210 210 209 209 206 206 208 212 212 213 209 210 210 211 208 207 212 215 212 214 214 210 208 211 208 207 208 208 207 212 207 210 212 207 207 204 212 207 203 209 208 205 209 207 202 205 200 201 201 204 201 201 198 193 195 194 198 199 192 197 195 200 205 204 199 195 197 198 194 197 194 197 200 197 197 202 205 202 204
218 217 217 214 212 215 211 210 211 217 212 209 209 207 206 207 205 208 207 210 209 212 215 213 211 218 216 212 215 212 210 207 209 215 214 213 211 207 210 212 210 209 209 206 209 210 212 214 214 213 214 211 204 199 207 200 201 203 201 205 202 203 203 198 203 199 199 194 199 198 200 195 198 199 192 194 201 201 204 204 197 201 197 191 191 195 200 193 195 193 194 200 205 205
219 219 219 215 213 211 211 212 212 211 211 210 210 208 207 209 210 207 210 209 213 219 219 218 218 212 218 218 217 210 212 209 207 214 210 215 209 213 212 208 208 210 208 207 207 213 213 210 210 203 205 207 199 198 197 202 205 202 199 204 205 203 201 200 199 199 195 199 203 204 195 194 196 200 202 199 192 195 205 204 204 203 191 193 195 198 199 191 196 196 196 200 205 203
219 219 219 219 214 211 217 216 213 210 209 207 207 209 207 210 207 212 214 212 215 217 218 210 216 218 214 218 218 210 208 208 214 212 212 217 213 214 210 213 215 217 214 210 215 207 214 205 205 203 195 199 205 203 201 203 207 203 208 205 202 205 198 196 192 194 193 199 201 204 199 203 200 200 196 196 198 204 203 204 204 195 194 196 198 197 195 191 194 191 192 199 199 200
220 220 219 219 220 220 219 218 214 211 211 211 211 207 212 215 212 210 215 214 213 212 211 211 211 218 213 214 218 213 218 213 214 212 217 215 213 213 214 215 218 211 210 215 213 212 214 208 205 204 200 204 208 207 207 209 208 207 203 201 198 201 203 193 195 193 198 201 199 206 203 205 204 198 196 198 198 207 209 200 192 197 191 194 195 193 190 193 194 193 193 191 190 202
219 219 219 220 219 218 218 214 213 212 219 212 211 216 219 218 217 218 215 216 219 214 214 209 208 210 213 215 218 213 215 217 218 215 217 214 214 216 215 215 214 209 208 215 211 211 215 215 209 202 208 210 211 211 211 208 211 209 204 204 201 195 199 200 197 194 192 197 206 209 208 205 200 193 201 202 205 209 203 192 194 190 191 194 192 189 192 191 192 193 191 196 199 201
217 215 216 216 216 219 218 220 219 217 216 215 218 213 216 216 219 219 219 216 214 220 216 206 209 212 213 217 213 217 216 215 214 212 215 214 213 215 209 211 214 213 207 210 206 209 211 211 215 213 214 211 206 204 204 206 206 204 209 198 201 199 199 193 193 198 196 202 207 208 205 203 196 200 205 208 208 204 200 199 195 199 200 194 191 193 194 193 194 194 198 199 201 203
219 216 214 212 214 216 215 214 212 214 212 216 213 217 212 217 213 215 218 218 220 220 208 207 209 212 215 210 214 212 214 214 213 210 209 217 210 205 214 215 213 213 205 211 203 209 208 208 204 209 203 205 205 199 202 203 199 206 206 202 205 199 195 199 198 200 200 206 209 208 202 204 207 207 209 211 202 204 199 198 198 203 193 198 195 194 196 201 199 199 199 202 206 205
217 218 212 212 216 214 214 213 214 212 212 213 214 217 213 215 211 213 216 216 214 211 206 205 208 212 213 207 211 211 213 214 214 213 210 215 213 210 213 208 206 207 206 208 198 202 201 202 213 212 208 202 202 200 198 201 198 201 205 208 201 198 204 203 201 200 201 203 204 210 205 209 210 209 209 209 204 200 203 198 203 199 199 195 197 197 200 202 203 201 204 206 206 207
215 217 216 215 211 214 218 212 210 211 211 213 214 215 212 215 212 211 206 212 214 208 206 206 207 211 214 209 210 209 210 212 210 208 210 214 214 210 213 210 204 202 205 205 207 205 199 203 205 209 210 210 203 203 199 197 200 200 198 204 204 202 199 196 195 204 208 210 209 210 206 208 209 209 211 208 208 204 205 207 200 204 200 199 199 200 199 200 200 204 205 202 206 207
214 214 215 216 212 212 212 214 213 212 210 214 212 213 210 212 212 207 209 209 206 206 206 207 210 214 210 206 205 205 209 207 208 208 210 209 216 209 208 208 202 200 205 204 206 203 201 197 200 205 209 204 210 209 201 205 194 194 196 192 200 198 190 198 203 207 205 208 207 209 209 211 204 208 211 211 209 205 201 209 206 201 195 203 204 199 196 198 202 201 199 203 204 205
214 214 212 216 215 211 209 216 213 215 210 211 209 209 210 211 214 210 207 207 207 208 208 206 208 212 209 207 207 207 210 207 208 207 208 214 210 209 208 205 203 203 204 202 203 203 200 200 199 199 204 199 209 200 207 201 196 190 194 194 198 192 193 198 206 207 203 206 207 199 201 204 203 208 208 214 204 210 211 208 198 198 201 200 204 200 198 204 200 196 199 200 201 199
214 213 213 215 213 213 211 213 213 213 212 210 207 208 210 211 207 208 202 205 207 210 208 207 208 210 210 208 209 209 209 211 210 209 209 213 213 211 208 208 206 205 200 200 200 200 200 200 200 200 200 199 204 201 206 197 201 193 194 198 192 196 201 202 205 200 195 200 205 200 201 205 201 202 204 211 212 204 203 202 201 199 203 202 206 207 206 202 202 203 202 202 200 204
213 212 214 213 214 212 210 212 216 211 210 209 209 211 208 206 206 205 204 207 211 210 208 210 209 209 208 211 211 210 212 209 209 208 207 207 213 214 211 210 206 210 206 207 209 201 201 201 200 200 199 199 203 202 202 199 196 194 192 194 191 194 193 198 204 195 196 204 201 197 203 207 209 208 205 207 213 208 206 205 205 205 204 198 202 202 207 203 204 206 204 201 200 202
211 207 210 212 212 213 208 210 212 212 213 213 211 209 209 208 208 206 207 208 211 211 208 207 212 211 209 211 211 211 212 212 210 210 207 205 207 213 213 211 210 209 207 207 201 201 202 201 202 201 201 198 200 196 198 194 190 190 192 191 192 192 195 200 197 192 195 201 197 200 204 204 203 205 212 210 214 208 207 210 204 207 201 204 203 207 208 208 207 204 205 205 206 205
206 201 206 209 212 211 213 209 210 210 210 211 209 208 207 208 207 207 209 209 212 211 209 210 210 209 212 209 211 213 210 208 208 210 209 205 208 209 208 210 212 209 209 207 209 203 204 204 205 204 203 200 198 197 196 195 191 191 191 192 192 194 194 197 193 193 196 194 194 199 203 204 208 211 201 208 214 213 212 210 208 209 208 210 210 207 204 207 209 207 205 207 207 205
208 203 203 210 210 210 212 211 210 207 207 209 209 207 207 210 211 210 210 212 209 209 210 209 213 210 212 212 213 211 212 213 212 210 209 205 206 207 207 208 212 211 207 205 205 204 204 203 204 203 202 204 203 199 197 196 196 195 193 192 193 194 193 192 190 193 194 192 199 201 202 204 206 207 201 209 214 203 210 205 209 207 206 200 205 203 207 204 207 208 204 203 204 204
210 205 207 208 209 209 211 211 210 207 209 208 209 211 209 210 211 211 214 209 209 209 211 211 213 212 212 214 212 212 209 208 206 207 212 207 206 206 209 208 207 211 213 212 213 209 209 202 202 203 201 202 203 202 201 196 197 193 191 192 191 191 190 191 191 193 192 192 194 198 200 203 202 202 206 209 213 210 205 205 207 202 202 205 201 205 205 206 204 206 206 207 207 206
214 211 213 211 208 207 207 208 207 207 210 213 209 209 209 212 212 211 211 208 210 212 210 212 213 211 210 210 208 207 206 208 207 207 208 209 208 209 209 208 208 207 208 205 204 212 208 203 205 202 201 198 200 198 199 198 197 192 190 194 194 190 187 189 191 191 188 193 195 200 204 200 203 206 209 208 213 212 203 204 204 201 200 204 203 204 205 204 207 207 207 206 205 203
220 217 213 206 206 205 205 206 205 210 212 211 210 210 212 210 211 212 212 214 213 212 211 212 214 210 210 208 211 209 207 207 205 207 207 208 210 210 208 208 207 207 206 203 203 207 208 211 206 202 198 202 201 201 202 199 198 195 193 194 194 189 188 190 190 189 191 193 195 197 197 198 204 208 206 210 212 211 209 204 202 206 208 206 206 207 206 202 205 207 205 204 206 203
220 216 210 210 205 205 208 207 206 207 209 213 210 208 212 211 211 212 213 212 210 212 213 213 214 212 209 211 210 207 204 205 206 208 208 208 209 208 207 205 205 205 203 202 201 203 205 211 206 201 201 205 203 200 201 200 197 197 197 193 195 192 187 187 188 190 190 193 191 190 194 198 203 201 204 208 206 210 211 205 204 205 210 208 208 211 208 205 204 206 204 199 204 200
221 219 209 207 203 201 206 207 208 209 208 216 210 210 213 213 211 214 211 209 210 210 212 213 210 211 212 209 208 209 206 208 205 207 204 206 208 209 208 204 200 203 203 200 199 202 206 211 205 204 207 205 200 199 202 200 197 197 196 195 196 193 190 191 191 188 189 193 192 192 195 200 195 191 196 204 209 212 210 205 209 205 208 211 208 207 203 204 204 203 203 201 201 209
