DE_airtemperature/2018_07_airtemp.asc
NCOLS 654
NROWS 866
XLLCORNER 3280414.711633467
YLLCORNER 5237500.62890625
CELLSIZE 1000
NODATA_VALUE -999
[rows 492 to 532 of 866, columns 94 to 187 of 654]
221 215 213 206 209 204 204 210 210 211 214 214 212 215 217 216 215 213 212 212 212 212 214 215 212 214 210 211 210 208 207 208 205 204 203 206 205 207 207 201 197 199 198 200 198 201 207 210 204 209 205 204 204 203 198 200 199 197 197 197 194 192 193 194 190 191 189 193 194 192 193 193 191 193 199 201 210 212 208 206 205 208 211 210 210 208 206 205 200 202 201 202 202 203
220 213 213 207 211 202 206 207 209 210 208 210 213 214 214 210 212 215 214 214 212 214 215 212 213 213 209 207 207 208 209 207 207 205 204 203 204 202 200 201 199 198 199 198 198 202 206 204 208 205 201 200 200 199 198 197 195 196 197 197 194 191 193 193 192 192 192 190 193 195 195 192 194 194 192 196 202 210 213 210 208 208 211 206 203 201 207 209 205 207 203 206 203 208
217 215 212 211 208 204 208 206 207 207 215 218 215 211 209 206 211 212 210 210 212 210 215 209 212 214 211 208 208 210 208 207 207 207 207 207 206 200 199 204 204 201 200 198 198 203 204 199 202 200 200 201 201 200 199 198 199 197 196 198 194 192 191 191 192 190 192 193 193 194 196 196 197 200 197 198 204 205 211 213 213 210 209 207 209 206 205 211 209 211 206 208 209 209
221 213 217 211 210 207 209 206 204 207 210 216 210 208 208 207 209 211 207 213 207 208 209 214 208 209 210 213 210 212 209 207 208 207 208 208 203 199 200 201 203 201 200 198 200 200 200 201 202 199 199 201 201 200 199 199 200 199 197 201 197 193 190 192 192 189 191 189 190 190 193 198 198 201 199 202 205 207 204 209 213 213 207 210 211 212 213 210 212 207 212 209 210 209
221 219 214 212 210 211 209 207 208 207 208 212 208 213 208 207 207 212 209 212 206 207 210 207 212 207 209 213 210 209 207 208 208 208 208 207 204 204 202 202 201 202 201 201 199 199 201 200 200 199 200 200 202 201 203 201 201 200 199 201 199 196 193 192 195 188 186 189 191 192 194 194 198 203 207 204 202 202 200 207 211 213 213 213 215 214 213 213 209 211 209 210 212 211
221 221 221 219 217 212 209 205 206 204 214 218 213 218 207 205 204 206 206 209 206 208 207 207 207 206 208 209 210 207 207 208 210 209 210 208 208 208 202 200 200 200 201 200 199 200 201 198 199 200 201 201 203 201 202 201 201 201 201 202 200 200 198 198 192 188 194 196 196 197 195 191 194 197 201 207 206 206 200 202 208 206 210 212 211 209 212 216 214 213 212 213 214 214
221 221 221 219 215 212 210 205 204 204 206 213 214 220 213 213 206 210 205 204 204 205 205 204 207 207 210 210 213 208 208 209 210 210 206 209 208 207 207 206 202 201 201 201 200 200 198 199 201 201 201 203 202 201 200 201 201 203 202 199 200 201 202 201 197 193 194 198 203 203 203 198 195 196 202 209 207 204 202 204 206 206 208 208 213 209 209 212 216 215 213 216 216 216
221 221 221 221 214 212 207 207 204 212 210 217 217 219 215 207 210 209 205 210 207 202 202 203 207 209 209 208 213 209 209 209 210 208 208 209 208 208 207 207 205 202 201 203 201 199 200 201 202 196 199 202 205 202 201 204 204 204 202 201 201 203 202 200 194 196 195 197 197 201 203 205 199 197 204 209 204 203 205 208 209 206 209 209 214 211 210 212 215 216 216 216 216 215
221 221 221 221 218 214 209 208 206 207 213 211 211 214 213 208 213 206 209 209 206 204 203 204 205 207 205 208 210 212 212 210 210 208 209 208 210 208 208 207 203 203 202 201 199 200 200 201 203 200 199 200 206 209 209 205 208 201 202 203 200 203 202 198 198 196 197 199 200 201 199 205 204 199 206 209 206 207 211 208 212 208 212 212 212 215 213 215 215 216 216 212 213 212
217 221 221 221 215 212 211 206 212 205 207 214 218 214 208 218 204 209 207 209 205 205 207 207 205 204 208 207 209 210 211 210 211 210 210 210 210 210 209 208 208 205 202 202 197 200 200 201 203 204 203 203 205 204 210 210 209 208 208 201 200 205 203 199 198 197 200 203 203 203 201 204 209 202 207 211 209 210 215 215 212 210 215 216 216 217 217 217 217 217 215 211 208 208
214 217 214 221 220 214 212 217 213 211 209 207 220 218 217 205 202 202 204 202 207 208 208 208 200 203 205 208 209 210 212 211 210 209 210 210 211 209 209 205 207 203 203 201 199 200 199 200 202 203 203 202 205 208 207 208 212 210 206 202 202 203 202 197 198 200 199 200 205 208 208 207 208 205 209 210 211 214 213 212 216 216 215 216 217 216 214 211 212 211 214 211 210 210
217 214 213 215 221 222 216 216 209 207 208 209 207 220 214 208 207 206 204 205 205 209 207 204 205 207 206 207 209 210 210 209 210 209 209 211 209 209 205 204 202 200 202 202 202 198 198 199 202 204 203 205 204 198 197 203 207 212 207 202 200 205 202 199 198 202 201 199 198 204 203 211 208 209 211 212 214 214 213 207 215 208 212 216 213 212 211 210 210 215 213 209 208 209
213 212 212 212 222 222 222 218 214 213 208 206 207 221 211 206 205 208 206 207 207 209 206 203 207 207 211 206 208 209 210 209 211 209 210 211 210 209 207 206 206 206 202 198 198 198 199 201 202 203 205 199 201 196 199 202 201 210 210 206 205 205 201 201 202 201 204 203 205 210 210 212 211 209 214 214 212 211 212 206 208 214 210 216 214 211 207 209 213 212 211 207 207 211
213 213 216 219 216 222 222 215 215 209 205 211 212 210 220 208 209 211 208 209 207 210 207 207 207 211 211 210 207 208 211 203 212 213 211 208 207 209 208 206 204 205 203 203 198 200 200 202 201 204 202 204 204 201 204 206 209 210 212 210 206 206 205 206 205 203 206 206 207 203 200 205 212 213 214 208 206 206 209 213 208 214 214 216 210 209 209 212 211 212 212 210 209 209
211 211 213 212 212 221 223 220 216 209 207 203 205 213 216 218 217 214 211 212 207 217 208 205 211 213 212 210 207 208 210 212 214 210 208 206 209 207 207 204 203 204 205 201 203 203 203 204 206 205 202 207 209 204 208 210 213 213 212 210 207 206 205 205 207 206 207 205 204 202 202 205 212 212 211 210 210 205 205 210 210 210 210 212 214 212 213 212 209 212 209 208 209 210
215 215 217 212 219 213 216 221 208 213 203 206 208 209 207 207 218 218 218 212 212 209 205 208 209 210 209 209 209 210 213 214 211 210 205 205 207 207 205 205 204 205 204 205 204 204 202 204 206 207 204 209 211 212 214 214 214 213 213 210 204 207 208 208 208 207 206 207 207 205 205 210 210 212 214 212 208 206 206 207 209 213 207 210 215 214 211 211 210 213 210 209 211 212
211 211 210 212 210 214 218 221 220 209 213 210 203 207 208 208 214 217 217 217 208 204 208 209 212 210 219 210 211 211 208 207 206 203 204 202 205 205 206 205 205 206 206 206 206 206 204 203 206 207 206 206 207 209 213 215 213 213 214 207 202 205 206 207 205 208 209 208 208 205 205 208 211 214 211 210 207 209 206 206 208 212 207 212 210 216 210 209 209 211 210 209 209 210
209 208 208 208 208 220 209 211 222 212 218 208 205 206 209 216 217 220 221 220 214 209 205 206 210 213 208 206 208 207 206 206 207 206 204 205 203 204 206 207 208 207 207 207 207 206 203 204 204 207 206 205 201 207 211 212 216 216 214 209 204 205 205 206 207 209 211 207 208 207 207 214 213 216 210 209 209 207 205 205 207 207 207 209 215 216 211 213 211 209 209 208 209 207
210 211 213 216 218 209 210 206 222 222 212 207 209 213 213 218 222 222 219 218 218 216 215 208 215 208 207 209 207 208 208 211 208 206 206 206 206 205 205 206 207 207 208 207 208 206 205 204 205 206 207 205 207 207 210 212 214 217 215 211 210 207 208 207 208 207 207 211 209 208 204 214 212 211 213 212 209 208 211 205 207 210 206 211 210 213 212 212 210 211 210 207 204 206
209 208 213 209 211 208 212 207 218 222 222 213 213 220 219 219 222 221 221 221 221 220 219 214 221 211 209 210 207 209 212 205 205 202 203 202 204 205 203 208 209 209 207 208 209 209 207 206 206 206 206 207 208 209 210 214 215 216 214 212 211 208 208 209 209 209 209 212 210 207 208 213 213 208 212 214 212 211 211 211 211 208 210 210 209 209 215 211 211 211 206 205 207 209
208 209 207 209 206 208 211 206 207 211 212 222 222 222 222 220 221 222 222 222 222 221 221 218 222 215 215 213 216 210 206 210 206 203 200 199 199 203 202 206 207 207 209 208 209 207 206 207 208 209 207 208 208 209 210 212 213 213 213 211 210 209 209 210 204 208 210 211 211 210 211 212 215 211 209 211 208 210 211 215 212 212 211 208 206 210 214 213 210 211 210 206 211 212
205 204 199 205 204 208 207 205 210 213 216 220 221 222 222 222 221 222 223 222 222 222 222 222 221 215 210 209 208 208 213 208 205 205 200 198 196 199 201 206 206 208 211 207 209 210 209 208 209 207 206 208 211 209 209 212 213 216 213 211 208 210 211 209 209 207 210 211 207 206 211 211 215 210 210 211 209 207 210 210 215 211 210 210 204 204 211 214 212 209 207 207 206 207
206 201 208 208 205 206 205 207 213 214 216 219 220 221 221 222 221 222 223 223 223 222 222 222 221 215 215 213 212 213 209 208 209 202 199 194 191 195 198 205 207 208 209 211 208 212 210 207 206 206 211 210 212 209 207 211 215 217 212 212 212 211 211 210 209 207 212 208 207 206 208 210 215 214 211 211 210 207 206 208 212 214 210 208 204 203 210 211 211 212 212 210 210 204
203 204 208 208 199 208 210 212 213 213 213 216 220 222 220 221 222 222 222 222 223 223 223 223 222 215 214 214 215 209 210 212 209 203 196 192 192 198 201 205 206 206 207 210 210 211 205 203 205 206 207 211 212 214 215 213 214 216 212 211 209 212 210 209 207 209 207 209 206 206 208 209 214 209 212 208 210 208 207 209 214 215 213 209 208 206 205 206 207 211 211 212 210 206
202 207 208 205 196 203 208 214 216 216 214 216 220 221 219 220 222 221 221 222 222 223 223 222 223 221 215 214 217 214 212 209 206 201 201 200 199 197 199 204 206 207 207 205 206 209 206 206 205 206 207 207 207 208 212 215 216 217 214 211 210 215 214 213 209 210 208 210 210 211 210 209 214 207 211 206 206 205 208 209 214 211 216 209 208 207 204 203 207 207 205 207 208 212
202 204 206 205 208 212 214 216 217 218 218 218 220 220 217 217 221 221 221 221 222 222 223 223 223 223 222 219 219 214 212 216 211 204 209 200 202 199 201 206 206 207 202 204 206 208 208 208 206 206 207 209 210 211 211 213 216 217 214 212 212 214 212 214 209 213 208 211 213 214 212 213 216 209 206 207 208 207 210 208 209 209 215 212 207 205 203 203 204 209 209 209 204 205
204 206 208 210 211 214 214 216 216 216 219 220 220 218 214 217 216 222 222 222 222 222 222 222 222 223 223 218 217 213 213 207 205 212 205 203 203 205 206 201 203 205 204 204 205 208 211 206 207 202 206 207 212 212 211 213 215 217 217 215 213 215 214 211 209 208 213 210 211 212 214 217 213 215 208 209 207 207 212 207 211 214 212 208 210 206 205 206 204 207 205 205 207 203
205 208 209 211 213 214 216 217 210 214 219 217 218 218 214 218 214 216 221 216 217 219 221 222 222 222 223 222 216 215 212 209 206 205 208 210 210 208 201 197 201 204 202 207 208 212 215 209 208 203 204 210 210 213 220 216 218 217 217 217 214 212 213 213 209 209 210 210 212 210 210 210 210 209 209 208 206 206 206 208 210 211 214 213 209 213 211 210 209 208 203 200 201 206
206 210 212 213 215 215 216 217 215 213 218 213 215 217 213 214 214 219 217 215 217 220 221 221 222 222 223 219 215 218 212 209 206 204 204 208 210 210 198 196 201 203 205 206 209 215 210 201 203 207 207 208 213 216 219 215 219 217 217 215 214 210 210 212 210 209 209 210 211 207 208 209 208 208 207 208 206 209 207 207 213 213 217 213 212 214 210 211 211 206 202 201 206 211
210 209 215 216 216 217 216 217 212 216 214 211 212 214 212 212 216 214 215 216 218 217 221 223 223 222 223 217 215 214 208 207 208 203 207 214 205 201 197 198 202 200 202 204 206 215 206 202 205 207 210 209 214 216 219 219 218 216 214 214 213 211 211 212 212 208 208 208 210 210 212 208 212 211 208 210 209 207 207 207 208 212 213 213 210 209 211 209 205 207 206 205 209 206
212 215 215 215 214 215 216 216 212 217 217 214 213 213 212 215 213 214 214 215 215 215 217 223 223 223 224 219 215 213 208 207 211 206 211 209 203 204 206 200 198 201 200 205 208 216 205 205 207 211 210 213 213 216 215 214 216 216 213 213 213 212 211 211 211 214 214 212 212 213 212 212 208 209 208 205 207 203 204 207 213 213 213 211 213 210 209 208 208 205 204 208 209 209
211 213 212 211 212 214 215 214 214 214 213 212 209 206 208 211 209 212 213 214 215 218 224 220 218 224 222 216 213 209 206 206 211 210 215 211 201 215 203 201 202 200 206 209 211 207 207 206 211 219 218 211 212 212 213 213 215 219 215 214 211 210 209 207 211 215 212 215 215 213 211 213 209 208 211 205 202 203 204 204 208 214 211 214 212 210 211 210 206 206 206 208 213 213
210 211 213 211 210 214 214 213 216 210 210 210 206 206 208 207 211 210 212 211 215 219 223 219 222 224 222 215 209 208 210 222 218 217 212 202 204 217 206 205 206 201 201 204 217 204 208 210 216 213 212 218 216 209 209 215 215 217 219 215 208 208 210 210 212 213 215 210 212 215 214 213 213 211 209 203 204 203 202 203 206 216 210 210 212 212 208 207 208 208 210 210 215 216
210 209 214 211 213 214 214 214 212 210 208 208 207 207 210 208 212 218 207 212 216 220 223 221 219 224 220 211 209 207 221 213 215 221 222 221 215 214 202 205 209 203 202 213 208 205 211 217 212 212 214 210 210 209 208 209 214 214 218 213 213 211 212 211 210 212 215 214 211 214 217 214 216 212 212 211 206 200 204 206 211 215 215 208 210 212 211 209 208 211 212 214 215 215
212 210 207 208 212 213 213 213 214 208 208 209 209 211 213 211 221 222 212 214 221 222 214 214 217 224 220 211 211 209 218 215 208 207 216 218 221 219 205 211 211 209 209 217 208 214 207 214 211 218 211 210 207 207 204 209 213 213 216 218 213 212 212 210 213 212 216 217 214 212 214 217 213 210 208 211 204 200 203 207 208 206 205 207 207 210 208 208 208 210 210 213 216 217
207 208 207 207 212 214 214 214 213 210 210 210 211 209 212 221 217 215 223 223 216 209 209 204 218 224 220 221 223 219 214 209 206 208 212 212 207 204 217 219 216 212 215 216 213 207 210 216 209 214 212 214 209 209 205 203 211 214 215 218 215 214 212 209 211 213 216 214 217 213 211 214 215 212 213 211 210 207 201 206 204 205 206 211 208 203 207 206 209 212 214 216 216 214
205 206 209 211 214 215 214 213 211 211 214 210 213 214 219 216 214 214 214 215 212 211 207 206 206 224 223 217 212 218 217 214 207 203 208 203 206 210 213 217 208 213 220 211 216 206 205 207 207 210 214 207 208 208 203 203 210 214 214 216 212 211 209 209 211 214 213 210 210 216 212 210 217 215 211 215 214 212 209 204 203 206 209 205 207 211 207 205 209 214 215 215 213 213
205 205 207 210 214 215 215 214 217 217 215 214 217 217 216 217 220 219 213 209 216 211 210 207 211 217 224 222 215 215 208 206 209 208 200 205 203 206 209 210 214 207 211 208 209 207 204 202 205 206 209 207 208 204 202 200 209 212 216 213 210 211 209 208 210 212 209 210 209 212 213 211 216 216 214 210 212 216 211 206 207 202 204 202 210 208 209 208 207 210 212 213 214 214
208 207 207 212 215 216 216 218 218 219 219 217 218 217 218 223 212 210 209 208 213 212 207 204 209 215 220 224 218 211 209 211 210 203 204 201 201 203 205 207 214 204 207 207 210 206 214 205 205 203 207 207 205 202 201 205 209 212 213 215 210 208 208 206 207 207 207 209 209 215 213 211 216 217 216 214 213 211 211 211 209 201 203 205 202 195 200 209 205 209 213 211 215 216
210 208 209 211 215 216 217 217 218 218 216 212 212 212 212 223 208 205 206 204 206 205 207 214 214 215 218 223 223 219 213 208 212 208 207 199 203 202 202 209 211 206 205 207 209 209 203 209 203 203 204 204 206 206 203 204 209 211 217 211 215 208 206 205 203 207 206 208 211 214 217 211 215 218 218 214 211 210 209 205 206 200 200 198 202 200 206 209 204 208 211 214 214 216
212 215 208 210 214 214 215 217 217 214 211 211 212 213 214 218 208 210 205 204 202 201 205 210 213 218 219 218 221 221 209 204 205 202 200 202 203 204 204 206 207 208 206 207 211 211 206 203 207 205 208 205 207 205 203 205 206 209 216 207 210 214 211 208 205 207 206 211 214 212 213 214 215 216 219 217 211 214 214 208 206 207 198 202 206 205 203 200 206 204 212 212 211 211
