DE_airtemperature/2018_04_airtemp.asc
NCOLS 654
NROWS 866
XLLCORNER 3280414.711633467
YLLCORNER 5237500.62890625
CELLSIZE 1000
NODATA_VALUE -999
[rows 779 to 819 of 866, columns 188 to 281 of 654]
116 113 113 115 116 117 118 118 116 119 115 116 107 116 122 123 116 110 111 109 109 114 109 109 110 111 121 115 112 122 119 111 107 106 107 107 107 110 110 110 110 112 110 110 111 109 109 108 110 111 113 112 114 115 117 117 117 117 117 118 118 118 120 119 119 117 121 119 118 120 119 117 117 117 117 118 118 120 120 121 121 121 121 121 121 121 121 122 122 121 121 125 124 119
112 115 113 116 116 117 118 117 119 120 115 116 108 111 120 124 113 111 111 111 109 119 110 112 113 111 122 112 117 112 108 105 107 105 106 107 108 110 110 111 111 112 110 109 111 108 109 111 111 112 114 114 114 115 117 117 114 117 117 118 118 119 117 119 118 118 120 120 120 120 118 117 117 118 118 117 117 120 120 121 121 121 120 118 122 122 120 120 121 121 124 123 121 118
109 111 115 114 115 116 118 118 120 119 117 119 110 111 119 123 110 111 111 110 115 112 119 122 117 124 113 120 119 115 110 105 106 106 109 107 110 111 111 113 112 111 111 110 109 108 109 111 111 113 115 116 117 117 117 116 114 115 117 118 118 116 115 118 119 118 118 120 120 119 118 117 117 117 118 118 117 119 121 121 121 121 120 120 122 122 121 121 123 124 124 120 118 118
111 113 114 114 114 115 110 110 115 119 119 119 110 111 122 120 112 112 117 115 114 120 122 122 119 115 123 112 117 110 108 107 106 108 110 110 112 112 113 113 113 112 111 110 109 110 109 111 112 114 115 113 113 116 116 114 115 115 116 116 117 117 116 117 118 118 117 119 119 119 118 117 118 117 117 117 118 121 120 121 121 121 121 121 121 122 122 123 123 124 123 118 118 119
113 112 113 109 111 115 115 113 117 120 122 122 111 117 123 119 112 112 113 115 115 124 122 121 115 122 122 112 121 114 111 109 110 110 110 111 112 113 112 114 114 113 113 112 111 110 109 115 115 115 115 113 113 113 113 112 116 116 117 115 115 117 115 116 117 117 117 117 117 119 119 119 116 115 115 118 117 118 120 120 121 121 122 120 121 121 122 123 123 123 121 119 117 121
114 113 113 109 110 112 116 118 115 110 109 124 113 121 123 119 113 116 124 124 123 124 116 117 121 123 123 114 113 112 111 108 109 112 112 114 114 116 115 115 114 113 112 114 112 113 115 110 112 115 113 112 112 112 112 113 116 115 116 114 116 115 117 115 116 115 116 117 118 118 118 119 118 117 115 116 117 118 119 121 122 122 121 122 121 121 123 123 122 120 117 119 118 121
113 114 115 112 109 109 106 107 119 118 111 123 115 114 123 121 113 123 124 119 122 120 121 116 117 119 117 115 112 111 111 113 112 114 113 114 116 116 115 115 115 116 113 114 115 114 113 111 111 115 112 112 111 111 111 115 115 113 114 115 114 114 116 115 115 115 116 117 116 117 118 118 118 118 116 116 116 118 118 122 122 123 122 122 122 122 122 121 122 122 117 119 119 120
113 115 116 115 111 109 112 107 108 113 120 120 121 123 122 123 120 120 124 115 115 117 116 112 112 113 117 114 115 114 113 114 115 115 114 114 116 116 116 116 114 112 113 113 113 113 112 112 115 113 114 112 112 111 111 112 114 114 113 116 113 115 115 113 115 114 115 116 116 117 118 116 119 119 119 117 115 116 117 122 123 123 122 122 122 123 123 121 120 123 123 120 121 120
114 114 116 112 109 106 110 114 107 109 112 114 116 118 112 115 123 123 122 118 118 114 117 111 112 113 114 115 115 114 115 114 115 115 116 115 117 116 115 116 113 113 113 113 113 113 112 111 113 111 113 111 111 111 112 112 113 115 115 115 113 114 113 116 114 114 116 116 116 116 117 118 119 119 119 118 116 116 117 121 123 123 122 123 123 123 122 121 120 122 122 120 120 117
114 115 116 114 110 111 107 106 116 108 110 110 113 122 114 123 120 117 121 121 116 111 113 112 113 113 114 115 115 115 116 114 116 117 117 117 117 117 117 115 115 113 113 114 112 112 111 111 113 112 111 112 111 111 112 112 113 114 114 114 114 114 113 113 114 114 115 116 114 117 118 117 118 119 120 119 117 115 117 121 124 122 122 123 123 123 121 122 121 120 122 119 120 117
113 115 116 114 103 113 113 105 108 110 113 112 114 115 116 123 115 112 113 117 121 115 113 115 114 113 114 114 115 116 117 116 115 116 117 117 117 117 117 115 113 113 114 113 111 111 111 111 112 110 111 112 111 111 111 112 112 113 114 115 114 113 114 114 113 114 114 116 116 117 118 119 118 120 121 120 118 116 117 121 123 122 123 123 123 123 122 122 121 120 121 120 120 119
114 114 113 115 103 110 111 106 112 113 119 112 115 122 122 121 120 115 112 111 117 113 113 114 113 115 115 115 116 114 118 117 117 116 117 118 117 117 117 117 113 112 113 113 111 110 110 111 112 110 110 112 110 111 110 110 111 112 111 113 113 113 114 114 114 114 114 117 117 117 117 121 121 121 122 121 120 120 120 124 123 123 123 123 123 121 122 121 120 120 122 120 120 119
115 114 115 116 107 103 109 116 117 115 112 118 115 121 115 112 113 116 111 112 114 116 113 113 113 115 116 116 117 117 117 117 117 117 117 116 118 117 118 116 115 114 112 111 111 111 111 112 112 110 110 110 110 108 110 110 110 111 111 114 114 114 114 115 114 115 116 116 118 118 119 118 120 121 122 122 120 121 121 125 123 123 123 123 123 123 121 120 120 119 119 119 120 118
115 115 113 117 114 113 106 104 106 115 116 121 120 119 114 112 112 112 109 110 113 115 115 114 115 116 116 117 117 118 117 116 117 117 117 118 119 119 118 115 116 115 113 111 111 111 110 111 111 112 110 109 110 108 111 110 109 110 111 114 113 112 115 116 117 116 117 118 118 118 120 120 121 121 122 122 122 122 122 125 123 123 123 123 123 121 121 121 121 119 118 119 119 113
115 115 112 112 118 116 114 115 118 119 117 119 116 116 118 113 113 111 112 114 114 114 115 116 117 117 116 116 117 118 117 117 117 117 116 118 119 119 117 116 115 116 113 112 111 112 111 111 111 112 109 109 109 111 111 110 110 111 113 114 115 113 113 114 114 116 117 118 118 119 119 120 121 121 122 122 122 122 122 124 123 126 124 123 123 122 122 121 121 120 119 118 115 111
115 116 115 114 118 118 118 119 112 120 112 113 113 114 117 114 114 113 117 114 115 117 116 117 117 117 118 119 117 117 117 117 118 117 119 119 119 119 118 116 116 116 113 113 112 111 111 112 112 109 109 109 111 109 108 109 112 112 114 114 116 115 114 115 112 113 112 116 118 119 120 120 122 122 122 122 122 121 123 123 123 126 123 123 123 122 122 121 122 119 117 119 113 112
115 113 113 114 104 111 116 118 114 111 112 109 116 115 116 115 117 117 117 117 116 117 119 117 117 117 121 121 117 119 117 116 120 120 121 118 118 118 117 116 115 114 114 113 113 113 113 113 112 110 107 108 110 108 107 110 107 112 114 114 115 116 116 116 117 114 114 116 119 119 120 121 122 122 121 121 122 122 125 124 123 123 125 122 122 122 121 118 118 118 117 116 112 115
113 101 108 102 113 109 117 112 112 115 110 110 114 118 120 117 122 118 118 119 120 123 117 116 117 120 119 121 121 119 117 121 122 121 120 118 119 118 118 116 115 115 114 113 114 115 113 112 111 108 107 107 108 110 109 110 109 107 112 115 115 115 116 118 118 118 117 115 118 120 119 121 122 122 122 121 121 122 125 125 124 123 123 123 122 122 120 119 119 118 116 115 113 116
99 101 104 108 106 109 117 109 108 110 113 110 116 118 118 120 123 119 122 118 119 124 118 120 120 122 121 121 120 120 119 120 123 120 120 116 115 116 117 115 115 116 113 115 115 115 115 115 110 110 107 109 108 109 110 108 107 107 109 113 115 116 117 118 118 118 118 116 115 119 120 121 122 122 122 121 121 124 126 127 128 127 123 122 121 121 119 119 119 118 116 115 114 116
99 101 104 106 109 115 115 110 110 108 108 114 114 119 120 119 121 125 118 118 123 119 119 122 122 122 121 123 122 121 120 124 124 121 119 118 116 117 118 117 116 115 113 115 115 112 115 115 114 111 111 110 109 107 111 109 110 108 108 109 115 117 117 117 114 118 118 118 116 117 121 121 122 122 121 120 121 128 128 128 125 124 123 122 120 121 120 120 118 117 115 116 116 116
102 102 106 108 108 115 109 109 108 110 113 119 117 120 123 127 121 120 118 123 121 122 125 123 123 125 126 125 125 124 122 124 122 124 122 122 122 119 117 116 113 115 113 115 116 116 118 118 116 113 111 111 110 107 109 107 110 110 110 110 114 116 117 118 117 114 117 118 116 117 120 122 121 121 121 121 124 129 128 128 125 124 123 121 121 121 119 120 118 118 116 115 116 116
103 108 107 110 114 113 113 108 110 108 111 120 123 124 124 123 123 122 122 125 120 123 126 128 128 127 128 126 127 126 123 126 126 125 123 123 126 122 124 122 119 119 114 114 116 116 117 117 118 114 114 110 111 109 107 109 109 110 111 113 108 110 117 118 118 113 116 116 117 117 121 121 121 121 120 121 126 129 129 129 127 125 122 122 121 120 121 119 118 118 118 115 115 116
106 114 113 111 112 110 107 112 109 112 113 115 115 123 126 128 126 124 122 123 121 127 126 128 129 130 129 129 124 123 124 125 128 129 129 128 127 127 123 122 120 118 113 113 114 116 118 119 121 118 113 110 112 109 110 110 113 109 110 112 109 109 113 119 120 115 115 114 115 116 120 121 120 121 122 123 126 129 129 129 128 125 123 122 121 121 121 119 118 118 117 115 115 115
113 109 112 107 110 112 108 109 116 116 117 111 122 125 127 126 126 127 129 128 126 127 127 127 130 132 131 130 131 130 126 129 130 126 124 125 128 124 120 124 123 121 119 112 114 114 118 117 121 123 117 113 112 109 110 110 114 116 108 110 113 109 110 117 121 120 118 116 113 114 120 122 120 120 122 123 129 130 130 129 128 126 124 122 121 122 121 119 119 120 117 114 115 114
106 106 112 108 108 111 115 115 118 118 117 118 111 126 128 125 128 129 127 130 128 130 130 130 128 130 132 130 132 131 131 129 128 130 125 126 125 123 122 121 126 125 121 119 114 112 116 117 123 121 121 118 111 111 111 112 111 110 118 108 111 111 113 115 122 122 119 117 116 117 120 121 121 120 124 125 128 129 129 129 128 126 128 127 125 121 124 124 120 122 120 115 115 115
110 104 111 108 111 114 115 119 120 117 119 117 118 128 129 130 130 130 130 130 128 130 131 130 125 127 130 132 131 131 132 131 127 129 130 127 126 126 125 120 117 123 124 120 117 114 116 118 125 125 124 123 117 118 111 109 109 110 115 117 107 108 111 114 117 122 120 118 117 117 119 122 120 120 125 125 128 129 129 129 128 125 122 121 120 119 119 117 118 114 119 115 115 115
106 108 110 109 117 115 118 120 119 120 118 127 121 129 130 130 130 130 130 130 131 131 131 130 128 129 124 128 133 132 134 135 135 130 130 133 130 127 126 124 121 119 125 121 121 125 118 121 125 129 129 129 127 122 117 110 110 110 108 120 115 108 111 113 116 122 121 119 118 119 120 122 121 123 125 128 127 129 129 129 126 123 121 119 119 118 118 116 114 115 118 115 115 115
103 108 110 115 113 121 119 120 126 121 123 126 120 125 121 124 128 130 130 129 130 129 131 130 131 130 123 124 127 134 134 135 135 136 136 136 135 129 121 120 124 118 120 120 126 125 124 125 124 130 130 131 130 129 123 119 118 111 109 119 120 116 112 115 118 120 122 121 121 122 122 126 126 126 126 123 127 129 129 128 125 121 120 120 119 118 117 114 113 116 119 116 117 117
107 108 109 113 115 118 123 122 127 117 127 127 123 122 125 121 120 122 130 130 130 131 131 130 130 130 130 126 122 130 134 133 135 135 136 136 136 136 130 123 125 125 121 123 128 127 126 127 127 129 131 132 132 132 128 127 125 120 120 119 120 119 115 118 121 124 122 122 122 122 123 123 124 125 124 124 125 129 129 126 124 121 120 119 118 116 117 114 114 113 119 117 117 116
-999 -999 -999 115 116 120 125 128 128 126 128 124 112 116 123 126 126 120 131 130 131 131 131 130 127 130 131 126 121 131 129 121 130 130 136 136 136 136 136 136 131 134 128 127 127 132 132 129 130 131 132 133 134 133 130 130 127 127 124 123 128 124 120 121 122 125 122 122 123 123 128 123 125 126 125 126 126 129 127 125 123 119 121 118 118 116 113 114 114 114 116 118 118 117
-999 -999 -999 116 118 -999 -999 -999 127 127 127 124 118 118 121 124 124 123 130 131 131 131 131 128 129 132 131 125 125 132 125 123 125 124 124 129 136 136 136 136 136 129 130 131 129 130 132 132 130 129 127 130 134 133 132 130 129 124 127 126 128 128 125 123 128 124 125 125 124 124 124 126 126 126 126 127 129 121 125 121 121 122 120 118 118 115 112 115 115 115 116 118 119 118
-999 -999 -999 116 109 -999 -999 -999 125 128 129 126 121 118 126 126 126 126 132 131 131 131 130 131 131 131 132 132 133 133 128 128 128 128 125 127 125 136 136 136 136 137 133 133 133 133 132 134 131 130 128 129 134 134 134 132 130 130 129 131 130 129 129 127 126 125 127 125 125 127 127 127 127 127 129 129 131 126 124 121 121 121 120 116 116 113 113 116 117 117 117 117 118 117
-999 -999 -999 115 114 -999 -999 -999 128 128 128 128 128 127 129 129 128 121 131 131 131 132 132 131 131 128 134 132 133 132 132 135 132 130 129 126 125 129 133 137 137 137 137 137 134 131 132 133 133 133 133 132 133 134 134 130 129 126 127 129 127 127 127 130 129 128 128 128 128 127 128 128 129 130 130 132 132 125 124 121 120 121 120 116 115 112 115 117 117 117 116 118 119 118
-999 -999 -999 -999 -999 -999 -999 -999 130 127 125 127 130 130 130 129 127 129 131 132 132 132 132 132 132 132 133 134 134 134 133 135 136 134 134 132 132 130 128 133 136 137 138 138 138 138 135 133 134 134 133 132 133 134 134 135 131 129 127 130 127 124 122 126 128 131 131 127 128 128 128 128 130 132 133 132 131 125 123 121 120 120 119 116 114 114 117 117 117 118 117 117 120 119
-999 -999 -999 -999 -999 -999 -999 -999 -999 -999 127 129 129 126 124 126 129 131 132 132 132 132 132 133 133 134 135 135 135 135 135 135 135 132 134 134 130 129 128 129 130 132 138 138 138 138 138 137 134 136 135 135 133 134 135 135 134 130 131 130 125 122 119 124 125 128 130 130 128 129 129 131 131 132 133 133 125 126 125 122 120 119 117 114 114 117 117 117 117 119 116 119 119 120
-999 -999 -999 -999 -999 -999 -999 -999 -999 -999 130 132 132 131 130 131 131 131 131 132 132 132 132 132 134 135 135 135 135 135 136 136 134 133 132 133 134 133 132 132 134 134 138 132 139 139 139 138 138 137 136 136 135 135 134 135 136 133 132 130 127 119 121 118 126 130 133 132 131 130 131 133 132 134 134 132 131 127 123 121 120 120 119 117 116 119 121 120 119 119 118 120 123 117
-999 -999 -999 -999 -999 -999 -999 -999 -999 -999 129 131 132 132 133 131 131 132 132 132 132 131 131 130 133 133 135 135 135 135 136 136 136 136 135 134 135 136 134 135 136 135 134 137 140 139 139 139 139 138 136 136 137 137 137 136 137 136 135 132 132 129 125 128 132 134 134 134 132 131 131 133 134 134 133 133 131 127 123 123 121 124 122 118 117 121 123 121 119 119 118 122 124 120
-999 -999 -999 -999 -999 -999 -999 -999 -999 -999 -999 128 130 133 133 132 131 133 132 132 131 134 134 135 134 135 135 135 135 135 136 136 136 136 137 136 135 135 136 135 135 134 135 135 138 140 140 139 139 136 132 129 133 137 137 137 137 137 136 137 136 135 134 134 136 136 135 133 131 132 133 133 134 135 134 132 132 129 124 123 124 124 122 120 120 119 125 122 122 118 118 122 123 121
-999 -999 -999 -999 -999 -999 -999 -999 -999 -999 -999 128 128 125 127 126 -999 -999 -999 -999 131 131 132 133 133 134 134 135 134 135 136 136 136 136 137 137 137 138 137 137 136 135 136 136 137 140 140 140 139 139 135 132 130 133 136 136 137 136 136 137 138 137 137 137 137 137 136 134 132 133 133 135 134 135 135 132 131 128 129 125 128 126 124 121 129 121 125 123 122 120 121 124 124 126
-999 -999 -999 -999 -999 -999 -999 -999 -999 -999 -999 131 127 125 122 122 -999 -999 -999 -999 129 126 119 120 125 128 131 133 132 130 134 136 136 137 137 137 138 138 139 139 137 136 137 139 137 141 141 141 140 140 139 134 133 132 134 134 135 137 137 137 137 138 137 138 137 136 137 136 134 135 135 136 136 136 135 134 132 127 129 128 128 124 124 127 125 125 127 127 125 123 125 125 125 124
-999 -999 -999 -999 -999 -999 -999 -999 -999 -999 -999 134 132 132 131 131 131 -999 -999 -999 125 124 122 118 118 118 120 126 128 131 133 135 137 137 137 137 137 138 139 139 140 139 138 139 138 139 141 141 141 140 140 139 136 134 135 135 135 136 137 139 139 139 138 137 139 137 136 135 135 136 136 137 138 136 136 133 131 127 127 130 129 128 125 125 126 125 126 126 125 125 124 122 123 125
