DE_airtemperature/2018_09_airtemp.asc
NCOLS 654
NROWS 866
XLLCORNER 3280414.711633467
YLLCORNER 5237500.62890625
CELLSIZE 1000
NODATA_VALUE -999
[rows 779 to 819 of 866, columns 188 to 281 of 654]
144 141 141 144 144 145 146 146 144 147 144 145 139 145 151 152 145 141 141 140 140 144 139 140 140 140 149 143 140 149 146 140 137 136 136 137 137 139 140 139 140 141 139 139 141 139 139 138 140 141 143 142 142 144 145 145 145 145 145 146 146 147 148 147 148 146 149 147 147 148 147 146 146 146 146 146 146 148 149 149 149 148 148 148 148 149 148 148 149 148 148 151 150 146
141 143 141 144 144 145 146 145 147 148 144 145 139 141 148 151 143 141 142 141 139 148 140 142 143 141 149 140 144 141 137 135 137 135 135 137 138 139 140 140 141 141 140 139 141 139 139 141 141 142 143 143 143 143 146 146 143 145 145 146 146 147 145 147 147 146 148 148 148 148 147 146 146 147 146 145 145 147 148 149 149 149 148 146 149 149 148 147 147 148 150 149 148 145
139 140 142 143 143 144 146 147 148 147 146 147 140 142 147 152 141 140 141 141 144 142 147 150 146 151 142 148 145 143 139 135 136 136 139 137 140 140 141 141 141 141 141 140 139 139 139 140 141 141 144 145 145 145 145 144 143 143 145 146 146 145 144 146 147 146 147 148 148 147 147 146 145 146 146 146 145 147 148 148 148 148 148 148 149 149 148 148 149 150 150 147 145 145
140 142 143 142 142 144 139 139 144 147 147 148 140 141 150 149 143 142 147 144 143 148 150 150 147 143 150 141 145 139 137 137 136 138 139 139 141 141 141 142 142 142 141 140 139 139 139 140 141 144 143 141 142 144 144 141 144 144 144 145 145 145 145 146 147 146 146 148 148 148 147 145 146 145 145 145 146 148 148 148 148 148 148 148 149 149 149 150 150 150 150 145 145 146
141 141 140 138 140 143 143 142 146 148 150 150 141 146 151 149 143 143 143 144 144 151 150 148 144 150 149 141 150 142 140 139 139 140 139 140 141 141 141 144 143 142 142 141 140 139 140 143 144 144 143 141 142 142 142 141 144 144 145 143 143 146 144 145 145 146 146 145 146 147 147 147 144 144 143 146 145 146 148 148 149 149 149 148 148 149 150 150 150 150 148 146 144 148
143 142 142 138 139 141 144 146 144 140 139 151 142 149 151 149 144 146 152 151 151 151 144 145 148 150 150 143 143 141 140 138 139 141 142 142 143 144 143 143 143 142 141 143 141 142 143 139 141 143 141 141 141 141 141 142 144 143 143 143 144 143 145 144 144 144 144 146 147 147 147 146 146 145 143 145 145 146 147 148 149 149 149 149 148 149 150 150 149 148 144 146 145 148
142 143 143 142 138 139 136 137 147 147 142 151 144 144 152 150 144 150 152 147 149 148 149 145 145 147 146 143 141 141 141 142 141 142 142 142 144 145 144 143 144 145 142 141 143 143 142 140 140 143 141 141 140 140 140 143 144 142 142 144 143 142 145 143 144 144 144 146 145 146 146 146 146 146 144 144 144 146 146 149 150 150 150 149 149 149 149 148 149 149 144 146 146 147
142 143 144 143 140 139 141 137 138 142 148 148 149 151 150 151 149 149 152 144 145 146 145 141 141 141 146 143 144 143 142 142 144 144 143 144 144 145 144 145 143 141 142 142 141 141 141 141 143 142 143 141 141 140 140 141 143 143 141 143 142 143 144 142 143 143 143 145 145 145 145 144 147 147 147 145 143 144 145 149 150 150 150 149 149 149 150 148 147 149 149 147 148 147
143 144 145 142 139 135 139 143 137 140 142 144 145 147 142 145 151 150 150 147 147 144 145 141 141 141 143 144 144 144 144 142 144 144 144 144 146 145 144 144 142 142 142 141 141 141 141 140 142 140 141 140 140 140 140 140 141 142 143 143 141 143 141 143 142 143 144 145 144 144 145 146 146 147 147 146 144 144 145 149 150 150 149 149 149 150 149 148 147 148 149 147 148 145
143 144 145 143 140 141 137 136 144 138 140 141 143 150 143 151 148 146 150 149 145 141 143 141 141 142 144 144 144 144 145 144 145 146 145 146 146 146 146 144 144 142 141 141 140 140 140 140 142 140 140 141 140 140 141 140 141 142 143 142 142 141 141 142 142 142 143 144 142 145 146 145 146 147 147 146 145 144 145 149 151 150 149 149 150 149 148 148 148 147 148 147 148 145
143 144 145 143 134 142 142 136 138 140 143 142 144 144 145 151 143 142 143 146 149 144 142 143 142 143 143 143 144 145 145 144 144 145 146 146 146 146 146 144 142 142 142 142 140 139 140 140 141 139 140 141 140 140 140 140 140 141 141 143 142 141 142 142 142 143 143 144 144 145 146 147 146 147 148 148 146 145 145 149 150 150 150 149 149 149 149 148 148 146 148 148 148 147
142 143 142 144 133 139 140 136 142 143 147 142 145 151 150 150 149 144 141 141 146 143 143 143 143 144 145 144 145 143 146 146 145 146 146 147 146 146 146 145 143 142 142 141 140 139 139 139 141 138 138 140 138 139 138 138 139 140 139 141 141 141 142 142 142 142 142 145 145 145 145 148 148 148 149 148 148 148 148 151 150 149 149 149 149 148 148 147 147 147 148 148 148 147
143 143 144 144 137 134 139 145 146 144 141 146 145 150 143 142 142 145 141 142 144 145 142 143 143 145 145 145 146 146 145 145 145 145 146 146 147 146 147 145 144 143 142 141 140 139 140 141 140 138 138 139 138 138 138 138 138 139 139 142 142 142 142 143 142 143 144 144 146 145 147 146 148 148 149 149 148 149 149 151 149 149 149 149 149 149 148 147 147 146 146 146 146 145
144 143 142 146 143 142 136 135 137 144 145 149 148 148 144 142 142 142 140 140 142 144 144 144 144 145 145 145 145 146 146 145 145 146 146 147 148 148 146 144 145 144 142 140 141 141 139 140 139 140 138 137 138 137 139 138 137 138 139 142 141 140 143 144 144 144 145 146 145 146 147 147 148 148 148 149 150 149 149 151 149 149 149 149 149 148 148 148 147 146 146 146 146 141
144 144 141 142 146 145 143 144 147 148 146 147 145 145 147 143 143 141 142 143 143 144 144 145 146 146 145 145 146 146 145 147 145 146 146 147 148 148 146 145 144 145 143 141 140 141 140 139 139 139 138 137 137 139 139 138 138 139 141 142 142 141 142 142 143 144 145 145 146 146 147 148 148 148 149 149 150 149 149 150 149 152 150 149 149 149 149 148 147 147 146 145 142 139
144 145 144 144 146 146 147 147 141 148 142 142 143 144 146 145 143 143 146 144 144 146 145 146 146 146 147 148 146 147 146 146 147 145 147 148 148 147 147 145 145 145 142 141 141 140 139 140 140 138 137 137 139 137 136 138 140 140 142 142 143 143 142 143 141 142 141 144 146 146 147 148 148 148 149 149 149 149 150 150 150 152 149 149 149 149 148 148 148 147 145 146 141 140
144 143 143 143 135 141 145 146 144 141 141 141 146 145 146 144 145 146 146 146 145 146 148 146 146 146 149 149 146 147 146 146 149 149 149 147 147 147 146 145 144 143 142 142 141 141 141 140 140 138 136 137 138 136 136 138 136 140 142 142 143 143 144 144 145 143 142 144 147 147 147 148 148 148 149 149 149 149 151 150 149 150 151 149 149 148 148 146 146 146 144 143 140 142
142 133 139 134 143 139 146 142 142 145 141 141 145 148 149 146 150 146 146 147 149 151 146 145 146 148 148 149 149 148 147 149 151 150 147 147 147 147 147 145 144 144 143 141 142 143 142 141 139 136 136 136 136 138 138 138 137 136 140 143 143 143 144 146 145 146 145 144 146 147 147 148 148 148 149 148 149 149 152 151 150 149 149 150 149 148 147 147 147 146 143 142 141 143
131 133 134 139 137 140 146 140 139 141 144 142 146 148 147 148 150 147 149 147 148 152 147 148 149 150 150 149 148 148 148 149 151 149 149 145 145 145 146 145 144 145 142 143 143 143 143 143 140 138 136 138 137 137 139 137 136 136 137 141 143 144 145 146 146 146 146 144 143 147 147 148 148 148 149 149 149 151 153 153 153 153 149 149 148 148 146 147 146 146 144 142 142 143
130 133 134 137 140 145 144 140 140 140 140 144 144 149 149 147 149 152 147 147 151 148 148 150 150 151 150 152 150 149 149 153 151 150 148 147 145 146 147 146 145 145 142 144 144 141 143 143 143 139 139 140 138 136 139 138 138 137 137 138 143 145 145 145 142 145 146 145 144 144 147 147 149 149 148 148 149 154 154 154 152 150 150 148 148 148 147 147 146 145 143 143 143 143
134 134 137 140 140 145 140 140 140 141 144 149 147 149 151 153 149 148 146 151 149 150 152 151 152 153 154 153 153 152 150 153 151 152 150 150 151 148 146 145 143 144 143 144 145 145 145 146 145 142 139 140 139 136 138 136 139 139 138 139 142 144 145 146 145 143 145 146 145 145 148 149 149 149 149 149 151 155 154 154 152 151 150 148 148 148 147 148 146 146 144 142 143 143
136 140 138 141 145 144 144 140 141 139 142 150 151 152 152 151 150 150 149 152 149 151 154 156 156 155 156 154 155 154 152 154 154 153 151 151 154 151 152 150 148 148 144 143 145 145 146 146 147 143 143 139 140 138 136 138 138 139 140 141 137 139 145 146 146 142 145 144 145 145 148 148 148 148 148 149 152 155 155 155 153 152 150 149 149 148 148 147 146 146 145 142 143 143
138 144 144 142 143 141 139 143 140 142 144 145 145 151 153 154 153 151 150 151 149 155 154 156 157 157 156 157 152 152 152 154 155 156 156 156 155 155 151 151 149 147 143 143 144 145 147 148 149 146 143 139 140 138 139 139 142 138 139 141 138 139 142 147 148 144 143 143 144 144 148 149 148 148 149 150 153 155 155 155 154 152 150 150 148 148 149 147 146 146 145 143 142 143
143 140 142 139 141 143 139 140 146 146 147 141 149 153 153 154 154 155 156 156 154 156 155 155 157 159 158 157 158 157 154 156 157 154 153 153 156 152 149 152 151 150 148 142 143 143 146 146 149 150 146 141 141 138 139 139 142 144 139 139 141 139 139 145 149 148 146 144 142 143 148 150 148 148 149 150 155 155 155 155 154 153 151 149 149 150 149 147 147 148 145 142 143 142
138 138 142 139 139 142 144 144 147 147 145 147 141 153 156 153 156 157 154 157 156 157 157 159 157 158 159 157 159 158 158 157 156 157 153 154 154 151 150 150 154 153 149 148 144 142 145 146 151 149 148 147 141 141 140 141 141 139 146 138 140 140 141 143 149 149 147 145 144 145 148 149 148 148 151 152 154 154 155 155 154 153 154 153 152 149 151 151 147 149 147 142 142 142
141 136 141 139 142 144 143 147 148 145 148 146 147 156 156 157 157 157 157 158 156 157 159 159 154 155 158 159 158 158 159 158 155 157 157 155 154 154 153 149 147 152 152 149 146 144 145 146 152 152 152 151 146 147 140 139 139 140 143 145 137 138 140 143 145 149 148 146 145 145 147 150 148 148 152 152 154 154 155 155 154 152 149 148 148 147 146 145 146 143 146 142 142 142
137 139 140 140 147 145 146 148 147 148 147 154 150 156 157 157 158 157 157 158 159 159 159 159 157 157 154 156 160 159 161 161 161 157 157 159 157 155 154 152 151 149 154 150 150 153 147 149 152 155 156 156 153 150 147 141 140 141 139 149 144 138 140 142 146 149 149 147 146 147 148 149 149 150 152 154 153 155 154 155 153 150 148 147 147 146 146 145 143 143 146 142 142 142
136 140 140 146 144 149 148 149 154 149 151 154 149 153 150 152 156 158 158 157 158 158 159 159 159 158 152 154 155 160 161 161 161 162 163 163 163 158 151 149 152 149 150 149 154 153 153 153 153 157 157 158 157 156 152 148 147 142 140 148 149 146 141 144 147 148 150 149 149 150 149 153 153 153 153 150 153 155 154 154 152 148 148 147 146 146 145 143 142 144 147 143 144 144
140 140 140 144 145 147 152 151 155 147 155 154 151 151 153 150 150 151 158 159 159 159 159 158 158 158 158 155 152 158 161 160 162 162 163 164 164 164 158 152 153 154 150 152 155 155 154 155 155 157 158 159 159 159 156 154 153 149 149 148 148 148 145 147 149 151 150 149 150 150 150 150 151 152 151 150 152 155 155 153 151 148 148 147 146 145 145 143 142 142 145 144 144 143
-999 -999 -999 145 145 148 153 155 155 153 155 152 143 145 152 154 154 149 159 158 159 159 159 158 156 158 159 155 151 159 157 150 158 158 162 164 164 164 164 163 159 161 156 155 155 159 159 157 158 158 159 160 160 160 157 157 155 155 152 151 156 153 148 149 150 152 150 150 151 151 155 150 152 153 152 152 152 155 153 152 150 147 148 146 146 144 142 142 143 143 145 145 145 144
-999 -999 -999 145 147 -999 -999 -999 155 155 154 152 147 147 151 153 153 152 158 159 159 159 159 156 157 160 159 154 154 159 154 153 154 153 154 158 164 164 164 164 164 158 159 159 158 158 160 160 158 157 155 158 160 160 159 158 157 152 155 153 156 156 153 151 155 151 152 152 151 152 151 153 152 153 153 153 155 149 152 148 148 149 148 146 146 143 141 144 143 143 144 145 146 145
-999 -999 -999 145 140 -999 -999 -999 153 155 156 154 149 148 154 154 154 155 160 159 159 159 158 159 159 159 160 160 161 161 157 156 156 157 154 156 155 164 164 164 164 164 161 161 161 161 160 161 159 159 156 157 160 160 160 159 158 158 157 158 157 157 156 154 154 153 154 152 152 154 153 154 154 154 155 155 156 153 151 148 148 148 147 145 144 141 142 144 145 145 145 144 145 144
-999 -999 -999 145 143 -999 -999 -999 155 155 156 157 156 156 157 157 157 151 159 159 159 160 160 159 159 157 161 160 161 160 160 163 160 159 158 156 154 157 161 165 165 165 165 166 162 160 160 161 161 160 161 159 160 160 160 158 157 155 154 157 155 154 155 157 156 155 155 155 155 154 154 154 154 155 156 157 157 152 151 149 148 148 148 145 143 141 143 144 145 144 144 145 146 145
-999 -999 -999 -999 -999 -999 -999 -999 157 155 153 156 158 158 158 158 156 157 159 160 160 160 160 160 160 160 161 161 162 162 161 162 163 162 161 160 160 159 158 161 163 165 166 167 167 166 163 161 162 162 160 159 160 160 161 161 159 157 156 157 154 152 150 154 155 157 157 154 155 155 155 154 155 157 157 157 157 152 149 149 148 148 147 144 143 143 145 145 144 145 145 145 147 146
-999 -999 -999 -999 -999 -999 -999 -999 -999 -999 155 157 158 155 153 155 158 159 160 160 160 160 160 161 161 161 162 162 162 162 163 163 163 160 162 162 159 159 157 158 159 161 167 167 167 167 167 164 162 163 163 162 161 162 162 162 161 158 158 157 153 150 147 152 152 155 157 157 155 156 156 157 156 157 158 157 152 153 152 148 148 147 145 143 143 144 145 144 145 146 143 146 146 147
-999 -999 -999 -999 -999 -999 -999 -999 -999 -999 158 159 159 159 158 159 159 159 159 160 160 160 160 160 161 162 162 162 162 162 164 163 162 162 161 162 162 161 161 161 162 163 167 162 168 168 168 167 167 164 164 164 163 162 161 161 162 159 160 157 154 148 149 146 153 157 158 158 157 157 156 158 158 160 158 158 157 153 151 149 148 147 146 144 143 146 148 148 146 147 146 148 149 145
-999 -999 -999 -999 -999 -999 -999 -999 -999 -999 156 158 159 159 161 159 159 160 160 160 160 159 159 158 161 161 162 163 163 163 164 163 165 164 163 162 163 164 162 164 165 164 163 166 168 169 169 168 168 167 165 163 164 163 163 163 163 163 162 159 159 156 152 155 157 159 160 160 158 157 157 159 160 159 159 157 156 154 149 149 147 150 150 145 145 147 150 148 146 146 145 149 150 147
-999 -999 -999 -999 -999 -999 -999 -999 -999 -999 -999 155 157 160 160 160 159 160 160 160 159 161 161 162 161 162 162 162 163 163 164 165 165 165 165 165 164 163 165 164 164 163 164 165 168 170 170 169 169 166 161 158 161 164 163 163 163 163 163 163 162 161 160 159 161 161 160 159 158 158 158 159 160 160 159 157 157 155 152 149 150 151 149 147 147 146 151 148 148 145 145 149 150 148
-999 -999 -999 -999 -999 -999 -999 -999 -999 -999 -999 156 155 153 155 155 -999 -999 -999 -999 159 159 160 161 161 162 162 162 162 164 164 165 165 165 166 166 166 166 165 165 165 164 166 166 167 171 171 170 169 168 164 162 159 161 163 162 163 163 162 163 163 163 162 162 162 161 161 159 158 159 159 160 160 161 159 158 156 154 155 152 153 152 149 148 154 147 151 150 148 147 148 150 150 152
-999 -999 -999 -999 -999 -999 -999 -999 -999 -999 -999 159 155 154 152 152 -999 -999 -999 -999 157 155 149 150 154 157 159 160 161 159 163 165 165 166 166 166 167 167 168 167 166 166 167 168 167 172 170 171 170 169 167 162 162 161 161 162 162 164 163 164 163 163 162 162 162 162 161 161 160 160 160 161 161 161 160 158 157 153 155 154 154 151 150 153 152 150 153 153 150 149 151 152 151 150
-999 -999 -999 -999 -999 -999 -999 -999 -999 -999 -999 162 160 160 159 159 159 -999 -999 -999 154 153 152 149 149 148 150 156 158 160 162 164 166 166 166 166 166 167 168 168 168 168 168 169 168 170 172 171 171 170 169 168 164 162 162 162 162 163 164 164 164 164 164 163 163 162 162 160 160 161 161 162 162 161 160 158 156 153 153 155 155 153 151 150 151 151 152 152 152 151 150 149 150 151
