DE_airtemperature/2018_07_airtemp.asc
NCOLS 654
NROWS 866
XLLCORNER 3280414.711633467
YLLCORNER 5237500.62890625
CELLSIZE 1000
NODATA_VALUE -999
[rows 451 to 491 of 866, columns 0 to 93 of 654]
-999 -999 -999 -999 -999 -999 -999 -999 -999 223 221 221 221 221 220 220 220 222 220 220 220 221 221 220 220 220 221 220 222 222 220 219 221 220 220 220 220 220 220 220 220 220 220 221 221 221 221 221 222 222 222 222 220 220 222 222 222 221 220 220 221 222 222 224 224 224 225 226 227 227 228 229 229 230 230 230 231 231 231 230 229 229 227 226 225 223 222 222 217 215 214 214 210 212
-999 -999 -999 -999 -999 -999 -999 -999 222 222 222 221 220 220 220 219 221 219 220 219 220 220 220 220 220 220 221 221 222 222 221 220 219 220 220 220 220 220 220 220 220 220 220 220 221 221 222 222 221 222 222 222 221 220 220 221 221 220 220 219 219 222 222 224 224 224 225 226 226 227 228 229 229 229 230 230 231 231 230 229 229 229 227 225 225 225 223 221 220 218 215 212 212 211
-999 -999 -999 -999 -999 -999 -999 -999 -999 221 221 220 220 220 219 219 221 219 219 219 219 220 219 220 220 220 220 221 220 222 222 221 219 219 220 220 220 220 220 220 220 221 221 221 221 221 221 221 221 222 222 222 222 220 218 219 219 218 219 219 220 221 222 224 224 224 225 225 226 226 228 228 229 229 230 230 230 230 230 229 229 228 227 225 225 224 222 221 220 218 217 213 213 216
-999 -999 -999 -999 -999 -999 -999 -999 -999 221 221 220 220 220 219 221 219 218 218 219 219 220 220 221 220 220 220 220 220 222 222 222 220 219 219 220 220 220 220 220 220 220 221 220 221 221 221 221 221 221 221 221 222 221 220 219 220 219 214 219 215 221 222 223 224 224 225 225 226 226 228 228 228 229 229 229 229 229 229 229 228 228 227 226 225 224 223 222 220 218 216 213 212 213
-999 -999 -999 -999 -999 -999 -999 -999 -999 -999 -999 219 220 220 220 222 219 219 219 219 220 220 220 220 220 221 220 220 220 220 221 221 221 220 219 219 219 219 220 220 220 220 220 220 220 220 221 221 221 221 221 221 222 222 221 221 220 218 217 215 218 221 222 223 224 224 225 225 225 226 227 228 228 228 229 229 228 229 228 228 227 227 226 226 224 224 222 221 221 219 217 215 216 216
-999 -999 -999 -999 -999 -999 -999 -999 -999 -999 -999 -999 219 219 220 220 219 219 219 219 220 219 220 220 220 221 220 220 220 220 221 221 221 221 219 219 219 219 219 220 220 220 220 220 220 220 221 221 221 221 221 221 222 222 222 222 222 220 216 218 218 219 222 223 224 224 224 225 225 225 226 228 228 228 228 228 228 228 227 227 227 227 226 225 225 224 223 222 221 220 217 213 213 219
-999 -999 -999 -999 -999 -999 -999 -999 -999 -999 -999 -999 -999 -999 220 219 219 219 219 219 219 219 219 219 220 220 220 219 220 220 220 221 221 221 221 221 221 220 219 219 220 219 220 220 220 220 220 220 221 221 221 221 221 222 222 222 222 221 216 217 219 219 219 222 223 224 224 225 225 225 225 227 227 227 227 227 228 227 227 227 227 226 225 225 225 223 222 221 220 217 216 216 219 210
-999 -999 -999 -999 -999 -999 -999 -999 -999 -999 -999 -999 -999 -999 222 218 219 217 217 218 218 219 218 219 219 219 220 220 221 220 220 221 221 221 221 221 220 220 220 219 219 219 219 220 220 220 220 220 220 221 221 221 221 221 221 222 222 221 218 218 219 219 219 219 221 224 224 224 224 225 225 225 226 226 227 226 226 226 226 226 226 225 225 225 224 222 222 221 219 218 215 215 219 214
-999 -999 -999 -999 -999 -999 -999 -999 -999 -999 -999 -999 -999 -999 219 219 219 219 217 217 218 218 218 219 219 219 219 219 220 220 220 220 220 222 221 220 220 220 220 220 219 219 219 219 219 220 220 220 220 221 220 220 221 221 221 220 220 220 221 220 219 218 220 219 219 223 224 224 224 224 225 224 225 226 226 226 225 226 226 225 225 225 225 224 223 223 222 221 219 217 216 216 218 215
-999 -999 -999 -999 -999 -999 -999 -999 -999 -999 -999 -999 -999 -999 220 219 219 219 217 217 217 217 218 218 218 219 219 219 220 219 219 220 220 221 221 220 220 220 220 220 220 219 219 219 219 219 220 220 220 220 220 221 220 221 221 220 220 220 221 221 218 218 219 220 220 221 223 224 224 224 224 224 224 225 225 225 225 225 225 225 225 225 224 223 223 223 221 220 219 218 217 217 218 213
-999 -999 -999 -999 -999 -999 -999 -999 -999 -999 -999 -999 -999 -999 -999 219 218 218 217 216 217 217 217 218 218 218 219 219 219 219 219 220 220 220 221 220 220 220 220 220 220 218 218 219 219 219 219 220 220 220 220 220 220 220 220 220 220 220 220 220 219 219 218 219 220 221 221 224 224 224 224 224 224 224 223 225 225 224 224 225 225 224 224 223 223 222 221 220 220 219 218 218 218 214
-999 -999 -999 -999 -999 -999 -999 -999 -999 -999 -999 -999 -999 -999 -999 220 219 219 218 217 218 216 217 218 217 218 218 218 219 219 219 219 219 219 221 221 220 220 220 220 219 219 219 219 219 219 219 219 220 220 220 220 220 219 219 220 220 220 220 220 219 218 218 218 218 221 221 222 222 223 224 223 223 223 223 224 224 224 224 224 224 224 222 222 222 222 220 220 220 218 217 217 216 212
-999 -999 -999 -999 -999 -999 -999 -999 -999 -999 -999 -999 -999 -999 220 220 219 219 218 219 218 217 216 216 217 217 218 218 218 219 219 219 219 220 221 220 221 221 220 220 219 219 219 218 218 218 219 219 219 220 220 219 219 219 219 220 220 220 220 220 219 219 220 218 218 220 219 221 221 221 222 223 223 223 223 223 223 223 223 223 223 223 223 222 221 222 220 219 218 218 217 217 218 215
-999 -999 -999 -999 -999 -999 -999 -999 -999 -999 -999 218 219 219 219 217 218 218 218 217 217 217 215 216 217 217 217 217 218 218 218 218 219 220 221 220 220 221 220 219 219 219 219 218 218 218 218 218 219 219 219 218 218 219 219 219 220 219 220 220 220 219 219 219 218 218 218 220 221 222 219 222 223 223 222 223 223 223 223 223 223 223 223 222 222 222 220 219 219 218 217 216 218 218
-999 -999 -999 -999 -999 -999 -999 -999 -999 -999 217 218 218 218 217 220 216 217 217 216 217 216 216 215 216 217 216 217 217 217 217 219 220 220 220 220 220 220 219 219 219 219 219 219 218 218 218 218 219 219 219 218 219 219 219 219 219 219 219 220 220 220 218 219 219 219 220 219 220 219 219 222 223 222 222 223 222 223 223 223 223 223 222 221 221 221 220 219 218 218 217 215 217 218
-999 -999 -999 -999 -999 -999 -999 -999 -999 -999 217 217 218 218 217 219 216 216 216 216 216 216 216 216 216 216 216 216 217 217 218 219 220 220 220 219 219 220 220 219 219 218 218 218 218 217 218 218 218 219 219 218 219 218 219 219 219 219 219 219 219 220 219 218 219 220 220 220 219 219 218 220 222 222 223 223 222 223 223 223 221 221 221 221 220 221 220 219 218 218 217 217 216 215
-999 -999 -999 -999 -999 -999 -999 -999 -999 -999 217 217 218 218 216 219 220 216 216 216 216 216 216 215 215 216 217 217 217 218 220 220 220 220 220 219 219 219 219 219 219 219 218 218 218 217 217 218 218 218 219 218 218 218 218 219 219 219 219 219 219 220 219 219 219 219 219 218 218 219 219 221 222 222 222 223 223 223 223 222 221 221 221 220 220 220 220 219 218 218 218 217 217 219
-999 -999 -999 -999 -999 -999 -999 -999 -999 -999 217 217 218 217 216 216 216 216 215 216 216 216 215 215 215 217 217 218 218 218 219 218 219 219 219 218 219 219 219 218 219 218 218 218 218 218 217 217 218 218 218 217 218 218 218 218 218 219 219 219 219 219 219 219 219 218 218 219 218 219 220 222 222 222 222 222 222 223 222 222 222 222 221 220 220 220 220 219 217 217 216 215 216 219
-999 -999 -999 -999 -999 -999 -999 217 217 217 215 216 217 217 216 218 217 215 215 216 216 216 215 214 215 217 216 217 219 219 219 218 216 218 219 218 219 219 219 218 218 218 218 217 218 218 218 217 217 218 218 217 217 218 218 218 218 218 218 219 219 219 219 219 219 219 218 219 218 217 217 222 222 222 222 222 222 223 222 222 222 222 220 220 220 220 220 219 219 218 217 218 219 219
-999 -999 -999 -999 -999 -999 219 216 216 214 215 217 219 219 219 218 218 215 215 216 217 216 215 218 216 214 216 218 218 217 217 217 214 215 216 218 218 219 219 219 219 219 219 218 217 217 218 217 217 218 218 217 217 218 217 217 218 218 218 218 219 219 219 219 219 219 218 218 217 218 217 219 221 221 222 221 221 222 222 222 222 221 220 220 220 220 220 220 219 219 219 219 219 219
-999 -999 -999 -999 -999 -999 -999 219 214 214 216 216 217 216 218 218 218 217 216 215 216 216 216 215 213 213 213 218 216 215 216 216 216 213 217 219 219 219 219 219 219 219 218 218 218 218 217 217 217 218 218 217 217 217 217 217 217 217 218 218 218 219 219 219 219 218 217 217 217 217 219 220 221 221 221 221 221 221 222 221 221 220 220 220 220 220 220 220 220 221 219 219 219 218
-999 -999 -999 -999 -999 -999 -999 -999 -999 214 216 215 216 216 217 218 217 216 216 215 214 216 216 216 210 212 212 215 216 215 215 215 215 212 216 217 218 219 218 218 219 219 218 217 218 218 217 217 217 217 218 217 217 217 217 217 217 217 218 218 218 218 218 218 219 218 217 216 216 215 217 217 220 221 221 221 221 221 222 220 221 220 220 220 220 220 220 221 221 221 220 219 219 219
-999 -999 -999 -999 -999 -999 -999 -999 -999 216 215 215 216 217 216 216 216 215 214 215 213 216 214 213 213 210 209 212 215 215 216 211 213 212 215 216 218 218 219 218 218 218 218 217 217 218 217 217 217 217 217 216 217 217 217 217 217 217 217 218 218 218 218 218 218 218 216 216 215 215 215 216 219 221 221 221 221 221 222 221 221 221 220 220 220 221 221 220 220 220 220 219 219 219
-999 -999 -999 -999 -999 -999 -999 -999 -999 212 212 214 216 216 215 215 215 214 213 213 212 214 212 213 213 210 212 213 213 213 217 213 210 210 215 215 217 218 218 218 219 218 218 216 217 217 217 216 217 217 217 218 218 216 216 216 216 217 217 218 218 218 218 218 218 218 218 216 216 215 215 215 218 220 221 221 221 221 221 221 221 221 221 220 220 220 221 220 220 220 220 220 220 219
-999 -999 -999 -999 -999 -999 -999 -999 -999 208 210 213 214 215 213 214 214 213 212 212 213 214 213 213 215 215 213 212 211 211 215 212 210 208 206 211 215 215 216 216 218 219 218 215 216 217 216 216 216 217 217 217 218 217 216 216 216 216 217 217 217 218 218 218 218 218 218 218 215 215 215 215 216 219 220 221 221 221 221 221 221 222 221 221 220 221 221 220 220 220 220 220 220 220
-999 -999 -999 -999 -999 -999 -999 -999 -999 -999 209 208 210 213 209 213 212 212 212 212 213 213 212 212 213 211 210 211 210 211 211 212 213 211 206 205 210 214 215 216 217 218 218 215 215 216 217 216 216 216 217 217 218 217 216 216 216 216 216 216 217 217 217 217 217 217 218 218 217 215 215 215 215 215 217 217 221 221 221 221 221 221 220 220 221 221 221 220 220 220 220 220 218 219
-999 -999 -999 -999 -999 -999 -999 -999 -999 -999 213 210 206 209 209 211 211 211 212 211 213 211 211 211 212 210 214 213 208 209 211 212 211 208 207 207 208 212 214 214 215 216 217 215 215 215 216 215 216 216 217 217 217 217 217 216 216 216 216 216 216 217 217 217 217 217 217 217 218 216 215 215 215 215 215 215 218 218 222 221 221 221 221 220 220 221 221 221 220 220 219 217 216 219
-999 -999 -999 -999 -999 -999 -999 -999 -999 -999 213 211 210 209 209 209 211 211 211 211 211 211 212 211 210 212 211 211 208 207 211 210 210 209 206 204 204 205 211 214 212 216 215 216 214 214 215 216 216 216 216 216 217 217 217 216 216 216 216 216 216 217 217 217 217 217 217 217 217 217 215 215 215 215 215 215 215 214 219 221 221 221 221 220 220 220 221 220 220 220 219 215 215 218
-999 -999 -999 -999 -999 -999 -999 -999 -999 -999 -999 -999 -999 -999 -999 -999 209 210 210 211 214 213 211 210 209 211 208 211 207 208 207 208 210 206 204 204 208 213 215 218 216 216 214 213 214 213 214 214 216 216 215 216 216 217 217 215 215 215 215 216 216 216 216 216 216 217 216 217 217 216 216 215 215 215 215 215 215 216 219 220 221 221 221 220 220 220 221 220 220 216 215 216 214 217
-999 -999 -999 -999 -999 -999 -999 -999 -999 -999 -999 -999 -999 -999 -999 -999 -999 211 212 209 210 210 209 208 212 207 209 207 206 206 203 209 206 206 205 203 205 211 217 213 212 211 212 213 213 213 213 214 215 216 215 215 216 217 217 215 215 215 215 215 216 216 216 216 217 217 216 216 216 216 216 216 216 215 215 215 215 215 216 220 220 221 219 220 220 220 221 221 220 218 215 213 214 215
-999 -999 -999 -999 -999 -999 -999 -999 -999 -999 -999 -999 -999 -999 -999 -999 -999 211 212 209 210 209 208 207 209 206 208 208 205 202 203 209 202 205 205 206 204 211 218 207 206 210 210 209 212 212 212 213 215 215 215 216 216 217 217 215 215 215 215 216 215 215 215 216 217 216 216 216 216 216 216 216 216 215 215 215 215 215 215 216 220 220 220 219 220 220 220 220 220 220 212 212 213 214
-999 -999 -999 -999 -999 -999 -999 -999 -999 -999 -999 -999 -999 -999 -999 -999 -999 -999 210 209 208 206 210 206 205 207 208 206 202 199 200 206 202 202 207 206 209 207 206 216 215 207 209 210 209 211 212 215 216 216 217 216 217 216 216 215 215 215 216 216 215 215 215 215 216 215 216 216 216 216 216 216 216 216 215 215 214 215 215 218 218 219 219 217 217 219 220 220 220 220 220 218 212 212
-999 -999 -999 -999 -999 -999 -999 -999 -999 -999 -999 -999 -999 -999 -999 -999 -999 -999 208 207 207 207 205 205 205 205 204 203 203 198 199 204 201 203 204 208 216 209 208 211 214 212 208 208 210 210 213 215 215 216 215 214 216 215 215 215 215 215 215 215 215 215 215 215 216 215 215 215 216 216 216 216 216 216 216 216 214 215 216 218 215 215 215 216 215 214 220 220 220 220 220 219 216 214
-999 -999 -999 -999 -999 -999 -999 -999 -999 -999 -999 -999 -999 -999 -999 -999 -999 -999 -999 207 205 206 200 202 204 201 199 200 198 197 201 201 202 207 203 208 209 214 212 210 217 211 208 206 209 210 212 214 214 212 213 214 215 215 215 215 215 214 214 215 214 215 215 215 216 215 215 215 215 215 216 216 216 216 216 216 214 214 215 216 215 215 214 217 213 213 213 219 219 220 221 220 210 212
-999 -999 -999 -999 -999 -999 -999 -999 -999 -999 -999 -999 -999 -999 -999 -999 -999 -999 -999 203 202 202 203 204 201 198 196 196 194 196 198 199 204 211 207 203 203 207 207 207 210 216 213 207 209 212 210 211 212 213 213 214 214 215 215 215 214 214 214 214 214 214 215 215 215 215 215 215 215 215 216 216 216 216 216 216 214 214 214 215 214 215 214 214 213 213 213 214 218 220 220 220 217 210
-999 -999 -999 -999 -999 -999 -999 -999 -999 -999 -999 -999 -999 -999 -999 -999 -999 -999 -999 -999 201 203 204 200 199 198 194 192 193 196 201 201 206 197 201 200 201 203 204 204 213 217 215 208 210 208 211 210 212 213 214 214 214 215 215 215 214 213 214 214 213 214 214 215 215 215 215 214 215 215 215 215 215 216 216 216 215 214 215 215 214 214 214 212 212 212 212 214 218 220 220 221 216 211
-999 -999 -999 -999 -999 -999 -999 -999 -999 -999 -999 -999 -999 -999 -999 -999 -999 -999 -999 -999 202 200 201 198 196 196 194 193 196 198 203 198 197 199 200 201 205 203 202 204 208 216 214 209 206 209 209 209 209 212 213 214 214 215 214 214 214 214 214 214 214 215 214 214 214 214 214 214 214 214 215 215 215 216 216 216 215 214 214 214 213 213 213 213 213 212 212 216 214 214 219 220 221 216
-999 -999 -999 -999 -999 -999 -999 -999 -999 -999 -999 -999 -999 -999 -999 -999 -999 -999 -999 -999 200 199 197 196 194 206 193 196 198 202 197 196 196 201 203 207 210 211 210 208 212 212 206 206 205 207 207 206 208 209 210 213 214 214 213 213 214 214 213 214 214 215 215 214 214 214 214 214 214 214 214 215 215 215 215 215 215 215 214 213 213 213 213 213 213 212 217 215 212 216 215 219 220 220
-999 -999 -999 -999 -999 -999 -999 -999 -999 -999 -999 -999 -999 -999 -999 -999 -999 -999 -999 -999 197 -999 -999 -999 -999 -999 193 195 199 199 198 196 197 199 203 209 210 209 207 213 210 212 208 207 206 206 207 205 208 210 209 210 214 214 212 212 213 212 213 213 214 214 215 213 213 214 213 213 213 213 213 214 215 215 215 215 215 215 215 215 213 212 212 213 212 214 213 212 212 212 216 215 218 221
-999 -999 -999 -999 -999 -999 -999 -999 -999 -999 -999 -999 -999 -999 -999 -999 -999 -999 -999 -999 -999 -999 -999 -999 -999 -999 194 196 195 195 196 194 195 202 209 209 209 200 200 199 207 203 206 207 203 203 206 204 206 208 210 211 214 211 211 211 213 212 214 209 211 212 213 214 214 213 213 213 213 213 213 213 214 214 214 214 214 215 215 214 213 212 212 212 214 214 212 212 212 215 217 212 219 221
-999 -999 -999 -999 -999 -999 -999 -999 -999 -999 -999 -999 -999 -999 -999 -999 -999 -999 -999 -999 -999 -999 -999 -999 -999 -999 195 195 196 194 192 196 204 204 206 209 201 195 197 198 197 200 207 200 201 204 203 204 207 208 209 207 209 210 209 210 212 211 211 206 207 208 210 213 214 212 211 213 212 212 211 212 212 213 213 213 213 214 214 213 212 212 212 212 212 211 209 211 213 215 214 213 216 221
