DE_airtemperature/airtemp_2018_05.asc
NCOLS 654
NROWS 866
XLLCORNER 3280414.711633467
YLLCORNER 5237500.62890625
CELLSIZE 1000
NODATA_VALUE -999
[rows 656 to 696 of 866, columns 470 to 563 of 654]
157 154 155 159 158 158 154 153 154 151 154 154 153 158 155 152 158 156 158 148 154 156 159 160 157 159 158 157 160 159 158 162 165 165 158 161 157 150 143 146 153 156 158 154 155 152 148 137 139 139 135 119 117 122 134 138 151 144 152 149 146 132 119 137 131 123 128 -999 -999 -999 -999 -999 -999 -999 -999 -999 -999 -999 -999 -999 -999 -999 -999 -999 -999 -999 -999 -999 -999 -999 -999 -999 -999 -999
153 154 152 154 153 154 152 151 154 151 152 152 154 161 154 153 163 160 152 151 154 158 161 155 157 152 146 152 158 158 158 160 162 165 163 162 156 152 154 153 160 160 157 147 153 154 152 145 144 146 142 123 121 125 132 145 148 152 152 147 150 138 135 143 141 125 128 125 -999 -999 -999 -999 -999 -999 -999 -999 -999 -999 -999 -999 -999 -999 -999 -999 -999 -999 -999 -999 -999 -999 -999 -999 -999 -999
156 154 155 152 152 152 152 151 152 151 148 149 157 160 163 160 164 161 155 153 155 158 156 161 156 149 139 149 157 149 153 161 161 164 166 163 160 162 164 161 162 164 157 150 145 150 151 152 151 149 145 137 135 127 131 132 141 147 153 149 152 148 141 147 137 126 125 124 -999 -999 -999 -999 -999 -999 -999 -999 -999 -999 -999 -999 -999 -999 -999 -999 -999 -999 -999 -999 -999 -999 -999 -999 -999 -999
157 155 154 154 154 153 151 152 153 152 150 150 155 158 165 163 165 163 160 153 157 160 152 157 158 150 147 149 154 150 149 158 159 161 163 166 162 165 160 159 158 160 163 156 146 147 149 152 148 146 140 140 144 139 132 136 140 147 153 152 152 152 150 147 143 134 119 120 120 114 116 -999 -999 -999 -999 -999 -999 -999 -999 -999 -999 -999 -999 -999 -999 -999 -999 -999 -999 -999 -999 -999 -999 -999
155 156 155 155 153 152 153 151 152 151 150 152 155 161 164 165 166 163 161 152 156 162 153 151 159 156 144 146 150 149 155 155 155 163 163 166 161 160 156 157 153 156 163 160 157 155 155 150 140 142 152 150 150 145 138 135 145 145 153 146 148 146 143 145 144 134 130 129 118 120 123 -999 -999 -999 -999 -999 -999 -999 -999 -999 -999 -999 -999 -999 -999 -999 -999 -999 -999 -999 -999 -999 -999 -999
153 155 154 155 153 154 153 152 152 150 149 150 153 160 161 167 166 163 153 155 162 161 151 143 152 153 145 144 146 144 156 153 158 163 163 164 163 159 154 160 158 164 161 159 160 158 150 140 144 134 149 154 152 152 146 145 150 153 155 151 149 145 141 140 140 143 141 136 125 125 123 -999 -999 -999 -999 -999 -999 -999 -999 -999 -999 -999 -999 -999 -999 -999 -999 -999 -999 -999 -999 -999 -999 -999
154 151 152 152 153 153 152 153 153 151 150 149 149 158 161 164 168 157 150 153 159 160 156 143 141 150 150 137 137 144 156 152 161 162 156 159 160 160 156 154 162 163 160 157 159 153 154 152 153 142 146 153 154 153 148 150 147 153 155 151 153 153 151 149 149 147 142 133 136 125 123 -999 -999 -999 -999 -999 -999 -999 -999 -999 -999 -999 -999 -999 -999 -999 -999 -999 -999 -999 -999 -999 -999 -999
160 153 156 153 154 152 153 153 152 150 150 151 153 158 162 165 168 161 161 161 163 162 156 148 139 144 150 140 135 149 154 149 160 160 158 157 156 156 153 160 162 163 156 159 159 159 159 155 156 150 148 147 151 153 154 150 152 151 155 152 152 154 151 151 150 144 138 139 141 126 124 -999 -999 -999 -999 -999 -999 -999 -999 -999 -999 -999 -999 -999 -999 -999 -999 -999 -999 -999 -999 -999 -999 -999
164 160 161 151 152 152 153 153 150 149 150 150 157 156 164 166 169 165 162 164 165 161 159 153 148 136 147 144 128 139 150 147 157 160 152 159 148 147 154 160 160 163 161 158 153 157 160 158 158 157 151 144 151 152 155 155 153 155 155 155 153 150 154 151 151 147 143 143 141 139 127 123 -999 -999 -999 -999 -999 -999 -999 -999 -999 -999 -999 -999 -999 -999 -999 -999 -999 -999 -999 -999 -999 -999
167 160 160 156 156 152 151 152 151 148 151 153 158 160 162 168 168 165 162 164 163 159 151 155 151 141 145 141 136 138 142 150 155 159 154 158 151 147 154 159 161 162 162 159 153 152 154 157 158 156 154 152 153 150 155 155 156 152 149 152 151 150 151 154 153 150 146 138 135 135 133 135 124 -999 -999 -999 -999 -999 -999 -999 -999 -999 -999 -999 -999 -999 -999 -999 -999 -999 -999 -999 -999 -999
162 162 159 162 160 159 150 152 155 160 158 161 156 163 165 169 170 165 163 165 165 158 150 159 155 147 146 147 140 138 132 137 146 154 153 155 153 144 151 160 160 161 159 157 157 155 153 155 156 154 156 153 150 152 158 154 154 153 154 153 144 146 148 149 153 150 144 134 127 124 118 121 121 -999 -999 -999 -999 -999 -999 -999 -999 -999 -999 -999 -999 -999 -999 -999 -999 -999 -999 -999 -999 -999
160 159 162 164 160 160 154 156 159 161 163 163 161 168 170 171 166 169 165 166 165 160 154 159 165 161 149 148 148 143 145 138 129 135 144 142 145 149 144 155 159 160 154 155 151 152 150 152 155 157 159 154 153 154 158 156 156 152 148 149 146 142 145 144 147 151 143 130 124 124 112 111 115 -999 -999 -999 -999 -999 -999 -999 -999 121 120 -999 -999 122 -999 -999 -999 -999 -999 -999 -999 -999
166 167 166 165 167 166 164 163 165 158 162 167 166 162 166 170 171 166 167 166 167 166 162 159 166 165 152 156 155 145 145 149 140 129 136 141 146 151 146 154 160 159 160 158 151 147 147 147 151 156 157 156 157 159 158 157 155 152 145 143 147 143 142 141 152 150 143 137 135 132 117 121 129 119 116 115 113 -999 -999 -999 117 121 123 124 123 126 -999 -999 -999 -999 -999 -999 -999 -999
173 172 170 167 167 167 169 169 168 165 169 169 162 166 168 170 171 166 165 166 167 163 163 163 169 168 161 163 157 150 149 147 143 133 130 140 153 152 154 157 156 157 157 157 154 155 155 151 153 156 158 157 156 155 153 156 155 155 150 152 149 144 144 147 149 148 143 143 140 133 129 121 136 127 131 128 120 116 -999 -999 118 116 132 129 131 131 -999 -999 -999 -999 -999 -999 -999 -999
173 173 173 172 172 171 166 171 171 166 170 168 167 169 170 170 170 167 166 165 166 166 168 169 167 167 166 167 163 157 157 146 145 132 132 144 152 155 153 154 159 159 154 152 148 147 154 153 155 157 158 154 153 149 155 152 153 156 156 151 148 148 142 143 150 149 146 145 144 141 134 135 142 141 139 137 134 129 120 120 117 129 138 137 129 132 134 137 132 -999 -999 -999 -999 -999
173 173 173 173 173 172 172 172 172 172 172 167 169 170 172 170 171 171 165 169 163 167 169 169 162 162 167 165 161 161 148 141 141 133 132 139 149 153 149 152 155 158 155 146 148 140 151 156 157 156 159 156 152 147 151 150 155 157 157 154 151 147 145 138 144 149 146 146 145 145 143 140 145 144 143 139 138 132 123 120 124 119 133 142 138 136 136 140 134 -999 -999 -999 -999 -999
173 173 173 173 173 173 173 173 173 173 172 170 170 172 172 173 169 167 168 169 163 169 171 171 163 159 160 165 163 162 154 143 137 143 147 130 145 149 139 148 152 157 154 141 136 144 148 149 155 152 157 153 147 145 149 151 155 156 156 154 147 139 138 133 137 140 143 145 148 145 143 142 143 145 140 146 140 129 126 129 128 120 134 142 142 137 141 137 140 135 -999 -999 -999 -999
174 173 173 173 173 173 173 173 173 173 173 172 171 172 173 173 171 167 169 168 163 169 171 171 166 162 163 166 167 166 160 153 144 148 156 142 142 147 137 145 151 156 152 149 134 141 142 141 153 153 154 154 153 147 152 152 154 155 155 154 153 142 139 139 144 137 143 145 148 143 141 143 144 147 146 148 146 142 133 135 135 125 131 142 144 136 144 141 142 138 -999 -999 -999 -999
174 174 173 173 173 173 173 173 173 173 173 173 173 173 173 173 172 170 170 171 166 169 171 171 166 166 165 167 169 168 159 160 151 161 163 152 153 154 135 138 148 160 151 146 134 135 142 142 151 151 157 155 149 146 151 154 152 157 155 153 151 149 146 152 147 141 145 144 147 148 146 147 147 147 147 150 150 148 142 140 141 132 133 137 147 141 148 139 138 138 140 144 -999 -999
174 174 174 174 173 173 173 173 173 173 173 173 173 173 173 173 173 172 173 171 168 169 171 171 171 170 165 166 169 167 165 165 155 162 165 157 163 160 150 151 160 160 141 146 135 128 135 145 149 153 151 156 154 152 148 149 154 156 151 149 150 154 151 155 151 144 148 148 148 147 148 148 148 148 146 151 151 151 147 143 144 142 138 145 146 145 143 143 134 134 132 143 -999 -999
174 174 174 174 173 173 173 173 173 173 173 173 173 173 173 173 173 173 173 172 169 169 171 172 171 171 168 168 169 168 168 169 164 168 168 158 164 163 156 158 164 160 140 133 134 130 143 146 148 150 151 154 153 150 149 153 150 154 154 152 149 151 155 154 153 151 149 149 149 151 150 144 144 146 148 147 152 150 146 150 148 141 136 142 146 147 144 145 137 133 136 141 -999 -999
174 174 174 174 174 173 173 173 173 173 173 173 173 173 173 173 173 173 173 171 172 171 172 172 171 169 170 171 171 168 170 168 168 168 168 166 167 167 156 154 167 158 147 129 130 128 135 147 149 150 149 150 148 148 149 152 151 153 152 151 153 153 154 157 154 153 152 149 149 156 152 147 147 147 145 150 154 149 146 150 149 144 147 145 141 143 148 147 146 141 135 132 138 138
173 174 174 174 174 174 174 173 173 173 173 173 173 173 173 173 173 173 173 173 172 172 171 171 168 170 169 170 171 171 171 171 169 170 169 165 166 168 162 160 170 162 149 144 132 133 134 142 147 148 145 147 148 148 149 148 150 150 148 152 154 155 156 156 157 156 155 153 153 158 152 155 150 151 150 154 155 153 149 151 149 148 152 150 148 146 148 150 147 145 143 131 137 141
173 173 173 173 173 173 174 174 174 174 174 174 174 174 174 174 173 173 173 173 173 173 173 172 171 171 170 172 172 172 172 171 171 169 169 167 166 167 160 159 170 165 147 150 144 140 136 140 146 145 144 143 153 148 148 148 148 149 146 148 154 157 158 159 156 153 149 151 155 158 151 154 156 154 152 153 154 154 153 149 150 151 151 152 149 146 149 150 148 145 138 133 137 138
173 173 173 173 173 173 173 174 174 174 174 174 174 174 174 174 174 173 173 173 173 173 173 173 172 171 171 172 172 172 172 172 172 170 168 167 167 166 162 168 169 158 144 149 144 145 144 140 143 159 148 152 159 151 147 146 146 145 145 149 152 155 154 158 159 155 157 157 159 158 153 158 152 155 154 150 146 151 150 150 151 152 155 152 151 151 153 153 143 142 144 140 141 135
172 172 173 173 173 173 173 173 173 173 173 174 174 174 174 174 174 173 173 173 173 173 173 173 172 172 172 172 172 172 172 172 171 169 169 169 168 166 165 168 169 159 157 159 149 150 145 142 148 165 156 163 165 160 151 148 156 146 147 150 151 154 157 158 155 163 156 151 164 157 161 157 159 152 150 150 148 144 149 147 151 154 154 152 154 151 152 151 149 145 146 143 133 129
173 173 173 172 173 174 173 174 174 174 174 174 174 175 173 174 174 174 174 173 173 173 173 173 173 172 172 172 172 172 172 172 171 171 171 171 171 169 165 170 168 162 164 165 158 150 156 158 163 164 163 163 168 165 163 159 160 158 148 149 152 152 155 154 159 163 154 157 160 162 164 153 159 152 151 148 158 155 151 150 150 156 152 147 151 153 154 153 150 145 144 141 139 128
173 174 173 173 173 173 174 174 174 174 174 174 174 174 174 175 173 173 174 174 173 173 173 173 172 172 172 172 172 172 172 172 171 171 171 171 171 168 165 171 170 170 168 165 153 157 158 163 165 168 167 168 168 168 165 164 161 158 149 149 148 150 150 149 155 161 161 164 163 164 166 154 154 152 150 153 156 166 159 156 156 154 156 152 154 156 154 153 152 147 140 143 138 127
174 173 172 173 173 174 174 174 174 174 174 174 174 174 174 174 173 173 173 174 173 173 173 173 173 172 172 172 172 172 172 172 172 171 171 171 171 170 168 171 171 168 161 159 155 159 157 163 166 170 170 170 170 167 163 160 149 153 141 144 148 145 150 150 157 161 164 165 165 166 166 157 158 154 154 161 161 169 159 158 162 159 158 156 158 156 155 155 152 149 143 152 143 132
173 172 172 172 173 173 173 174 173 174 174 174 174 174 174 174 173 173 173 174 173 173 173 173 173 172 172 172 172 172 172 172 172 171 171 171 171 171 171 171 172 169 164 162 159 161 162 162 167 171 168 168 168 167 158 149 145 143 136 138 145 140 145 147 146 153 162 163 167 165 167 162 154 160 157 162 164 170 168 160 163 155 156 159 155 152 155 156 152 151 148 152 153 137
172 171 171 171 173 173 173 173 174 173 173 173 173 174 174 174 174 173 173 173 174 173 173 173 173 173 173 172 172 172 172 172 172 172 172 171 171 171 172 172 172 166 163 165 163 165 165 162 166 171 171 166 166 166 163 146 146 151 147 140 153 150 143 155 154 154 159 162 166 162 167 164 162 158 159 158 163 170 161 157 161 158 151 156 159 150 150 155 156 158 158 158 151 144
171 171 170 171 172 171 172 172 173 173 173 173 173 174 174 174 173 173 173 173 173 173 172 172 173 173 173 173 172 172 172 172 172 172 172 172 172 172 172 172 172 172 166 169 165 169 169 165 169 172 172 164 167 165 163 159 157 153 154 149 158 160 156 163 157 156 161 162 160 161 165 164 163 160 165 159 163 170 160 163 165 161 158 154 159 157 152 150 148 160 161 160 153 153
172 171 170 171 171 172 172 172 173 172 173 173 173 173 174 174 173 173 173 173 172 172 172 172 172 172 172 172 173 172 172 172 172 172 172 172 172 172 172 172 172 172 168 170 165 169 172 166 168 172 167 174 168 165 163 168 169 161 163 155 156 165 165 165 167 161 164 164 164 165 165 167 167 164 161 161 169 170 164 161 167 163 166 162 157 165 158 153 154 166 160 156 152 150
172 171 170 172 172 171 172 172 172 172 173 173 172 172 172 173 172 172 173 173 173 172 172 172 172 172 172 172 172 171 171 172 172 172 172 172 172 172 172 172 172 172 172 172 172 169 171 168 172 173 172 173 172 172 169 169 168 168 165 159 152 162 162 168 166 168 166 165 165 165 161 166 168 162 163 165 165 172 166 168 166 163 165 165 159 165 155 156 162 165 167 160 156 154
171 169 171 172 169 169 171 171 171 172 173 172 172 172 172 172 173 172 172 172 173 172 172 172 172 172 172 172 172 172 172 172 172 172 172 172 172 172 172 172 172 172 172 172 172 172 172 171 172 172 172 172 173 172 171 169 168 166 165 164 158 166 166 168 168 167 164 165 164 164 160 164 166 162 162 163 165 166 172 170 166 161 168 164 166 161 163 162 162 166 165 159 156 156
171 170 171 170 170 171 170 172 172 173 172 171 170 172 172 172 171 171 171 172 172 171 172 172 172 172 172 172 172 172 173 173 172 172 172 172 172 172 172 172 172 172 172 172 172 173 173 172 173 172 172 172 173 170 170 171 170 169 167 167 167 165 166 168 167 167 165 164 161 162 165 159 164 168 164 162 165 167 170 169 167 168 165 170 161 164 163 162 162 163 159 155 159 157
170 169 169 169 170 169 172 172 173 171 171 169 171 169 169 170 171 170 172 170 171 172 172 172 172 172 172 172 172 172 172 172 172 172 172 172 172 172 172 172 172 172 172 172 172 173 173 173 173 172 173 171 173 173 173 170 169 170 170 168 169 168 168 169 169 164 160 160 166 166 165 165 163 169 170 170 166 167 169 170 169 171 170 169 165 165 166 167 164 165 160 158 159 159
169 169 168 170 171 171 170 171 172 171 170 170 170 172 171 171 170 169 170 170 171 171 172 172 172 172 172 172 172 172 172 172 173 172 172 172 172 172 172 172 172 172 172 172 173 173 173 173 173 173 172 173 172 173 171 172 171 171 170 169 168 169 169 170 168 168 163 162 166 166 160 163 163 166 165 165 167 168 171 169 167 170 172 166 165 164 164 164 164 162 160 159 158 159
169 169 167 167 167 169 171 172 171 171 170 170 169 170 171 169 171 171 171 170 171 171 172 172 172 172 172 172 172 173 173 173 173 173 172 172 172 172 172 172 172 172 172 173 173 173 173 173 173 172 172 171 174 172 170 170 170 170 170 170 170 168 170 169 168 170 164 165 165 165 166 165 164 166 166 169 171 170 170 170 173 172 171 168 170 166 165 164 162 164 160 157 156 157
169 166 168 167 168 169 171 170 168 168 168 169 171 171 171 171 172 172 171 171 172 172 172 172 172 172 172 172 172 173 173 173 173 173 173 173 172 172 172 172 172 173 173 173 173 173 173 173 173 173 170 172 173 171 170 169 170 170 170 170 170 170 169 170 169 168 165 167 164 167 165 165 162 167 166 167 166 174 175 173 171 168 171 169 165 168 164 164 158 160 160 156 159 157
167 168 168 169 168 171 170 169 170 169 169 170 169 168 170 171 170 169 171 172 172 172 172 172 172 172 172 172 173 173 173 173 173 173 173 173 172 171 172 171 171 172 173 173 173 173 173 173 173 173 171 167 167 167 167 170 169 171 171 171 170 170 171 170 170 167 168 163 160 165 168 166 165 165 167 168 167 175 166 169 167 167 168 170 169 167 164 161 156 160 164 152 157 155
