DE_airtemperature/airtemp_2018_05.asc
NCOLS 654
NROWS 866
XLLCORNER 3280414.711633467
YLLCORNER 5237500.62890625
CELLSIZE 1000
NODATA_VALUE -999
[rows 697 to 737 of 866, columns 94 to 187 of 654]
-999 -999 -999 -999 -999 -999 -999 -999 -999 -999 -999 -999 -999 -999 -999 -999 -999 -999 -999 -999 -999 -999 -999 -999 -999 -999 -999 -999 -999 -999 -999 -999 -999 -999 -999 -999 -999 -999 -999 -999 -999 -999 -999 -999 -999 -999 -999 -999 -999 -999 -999 -999 -999 -999 173 173 172 172 172 172 171 171 171 171 171 171 169 166 164 161 162 159 159 162 163 166 168 167 158 160 141 145 150 153 152 142 131 134 136 137 141 138 152 138
-999 -999 -999 -999 -999 -999 -999 -999 -999 -999 -999 -999 -999 -999 -999 -999 -999 -999 -999 -999 -999 -999 -999 -999 -999 -999 -999 -999 -999 -999 -999 -999 -999 -999 -999 -999 -999 -999 -999 -999 -999 -999 -999 -999 -999 -999 -999 -999 -999 -999 -999 -999 -999 -999 173 173 173 171 172 172 172 171 171 171 171 170 168 168 162 158 146 146 146 160 164 164 167 167 166 163 155 151 134 151 140 145 133 131 134 141 148 146 140 138
-999 -999 -999 -999 -999 -999 -999 -999 -999 -999 -999 -999 -999 -999 -999 -999 -999 -999 -999 -999 -999 -999 -999 -999 -999 -999 -999 -999 -999 -999 -999 -999 -999 -999 -999 -999 -999 -999 -999 -999 -999 -999 -999 -999 -999 -999 -999 -999 -999 -999 -999 -999 -999 -999 173 173 171 171 172 171 171 171 171 171 171 166 161 160 167 164 154 159 147 156 159 160 166 167 159 160 156 152 142 139 139 138 138 129 146 132 134 135 137 154
-999 -999 -999 -999 -999 -999 -999 -999 -999 -999 -999 -999 -999 -999 -999 -999 -999 -999 -999 -999 -999 -999 -999 -999 -999 -999 -999 -999 -999 -999 -999 -999 -999 -999 -999 -999 -999 -999 -999 -999 -999 -999 -999 -999 -999 -999 -999 -999 -999 -999 173 -999 -999 173 173 173 172 171 172 171 172 171 171 171 170 162 155 153 165 165 159 156 139 153 156 159 166 164 156 155 147 140 122 138 134 125 123 134 139 130 130 134 149 143
-999 -999 -999 -999 -999 -999 -999 -999 -999 -999 -999 -999 -999 -999 -999 -999 -999 -999 -999 -999 -999 -999 -999 -999 -999 -999 -999 -999 -999 -999 -999 -999 -999 -999 -999 -999 -999 -999 -999 -999 -999 -999 -999 -999 -999 -999 -999 -999 -999 -999 172 172 173 173 172 173 172 172 172 172 172 171 171 171 170 162 148 153 161 162 161 158 148 146 153 159 151 165 159 152 138 129 129 133 122 134 137 141 129 131 140 145 153 134
-999 -999 -999 -999 -999 -999 -999 -999 -999 -999 -999 -999 -999 -999 -999 -999 -999 -999 -999 -999 -999 -999 -999 -999 -999 -999 -999 -999 -999 -999 -999 -999 -999 -999 -999 -999 -999 -999 -999 -999 -999 -999 -999 -999 -999 -999 -999 -999 -999 -999 173 173 172 172 172 173 172 172 171 172 172 170 170 169 166 166 158 156 153 160 155 161 157 152 150 145 158 165 155 138 136 124 124 118 123 120 124 140 133 127 131 135 150 135
-999 -999 -999 -999 -999 -999 -999 -999 -999 -999 -999 -999 -999 -999 -999 -999 -999 -999 -999 -999 -999 -999 -999 -999 -999 -999 -999 -999 -999 -999 -999 -999 -999 -999 -999 -999 -999 -999 -999 -999 -999 -999 -999 -999 -999 -999 -999 -999 -999 -999 172 173 172 172 172 172 172 172 172 173 172 170 170 170 167 163 155 154 150 147 158 155 158 149 154 140 158 165 160 155 148 144 139 119 119 126 133 132 126 128 138 145 140 137
-999 -999 -999 -999 -999 -999 -999 -999 -999 -999 -999 -999 -999 -999 -999 -999 -999 -999 -999 -999 -999 -999 -999 -999 -999 -999 -999 -999 -999 -999 -999 -999 -999 -999 -999 -999 -999 -999 -999 -999 -999 -999 -999 -999 -999 -999 -999 -999 -999 172 172 172 172 172 172 172 172 172 172 172 172 170 170 169 167 158 157 154 137 155 158 158 152 151 141 139 145 160 163 150 148 149 134 121 124 127 122 125 126 127 130 143 135 142
-999 -999 -999 -999 -999 -999 -999 -999 -999 -999 -999 -999 -999 -999 -999 -999 -999 -999 -999 -999 -999 -999 -999 -999 -999 -999 -999 -999 -999 -999 -999 -999 -999 -999 -999 -999 -999 -999 -999 -999 -999 -999 -999 -999 -999 -999 -999 -999 -999 172 172 172 172 172 172 172 172 172 172 172 172 170 170 168 165 162 161 154 155 152 151 145 142 143 133 136 138 140 162 154 145 137 135 118 121 121 122 127 132 140 144 144 136 144
-999 -999 -999 -999 -999 -999 -999 -999 -999 -999 -999 -999 -999 -999 -999 -999 -999 -999 -999 -999 -999 -999 -999 -999 -999 -999 -999 -999 -999 -999 -999 -999 -999 -999 -999 -999 -999 -999 -999 -999 -999 -999 -999 -999 -999 -999 -999 -999 172 172 172 172 172 172 172 172 172 172 172 172 171 171 170 167 160 149 151 153 139 146 150 143 132 129 130 131 139 143 164 147 133 130 115 121 122 122 122 124 125 126 131 140 139 142
-999 -999 -999 -999 -999 -999 -999 -999 -999 -999 -999 -999 -999 -999 -999 -999 -999 -999 -999 -999 -999 -999 -999 -999 -999 -999 -999 -999 -999 -999 -999 -999 -999 -999 -999 -999 -999 -999 -999 -999 -999 -999 -999 -999 -999 -999 -999 172 172 172 172 172 172 172 172 172 172 172 172 172 171 170 168 168 166 159 154 138 137 138 146 142 131 127 118 127 149 155 154 153 140 117 115 116 125 126 130 128 138 142 148 147 132 144
-999 -999 -999 -999 -999 -999 -999 -999 -999 -999 -999 -999 -999 -999 -999 -999 -999 -999 -999 -999 -999 -999 -999 -999 -999 -999 -999 -999 -999 -999 -999 -999 -999 -999 -999 -999 -999 -999 -999 -999 -999 -999 -999 -999 -999 -999 172 172 172 172 172 172 172 172 172 172 172 172 172 172 171 170 168 166 159 162 147 145 130 142 130 141 132 121 127 136 145 158 162 144 132 125 116 116 118 126 133 134 142 143 141 132 133 146
-999 -999 -999 -999 -999 -999 -999 -999 -999 -999 -999 -999 -999 -999 -999 -999 -999 -999 -999 -999 -999 -999 -999 -999 -999 -999 -999 -999 -999 -999 -999 -999 -999 -999 -999 -999 -999 -999 -999 -999 -999 -999 -999 -999 -999 172 172 172 172 172 172 172 172 172 172 172 172 172 172 172 171 169 166 162 144 154 158 152 128 125 136 132 130 114 111 118 130 147 157 150 132 127 117 122 122 122 132 142 135 132 141 131 133 143
-999 -999 -999 -999 -999 -999 -999 -999 -999 -999 -999 -999 -999 -999 -999 -999 -999 -999 -999 -999 -999 -999 -999 -999 -999 -999 -999 -999 -999 -999 -999 -999 -999 -999 -999 -999 -999 -999 -999 -999 -999 -999 -999 -999 172 172 172 172 172 172 172 172 172 172 172 172 172 172 171 171 170 168 162 154 143 149 155 136 133 125 120 122 116 125 127 118 135 151 155 143 133 137 119 128 122 135 138 138 131 137 129 131 133 139
-999 -999 -999 -999 -999 -999 -999 -999 -999 -999 -999 -999 -999 -999 -999 -999 -999 -999 -999 -999 -999 -999 -999 -999 -999 -999 -999 -999 -999 -999 -999 -999 -999 -999 -999 -999 -999 -999 -999 -999 -999 -999 -999 172 172 172 172 172 172 172 172 172 172 172 172 172 172 171 171 170 168 168 166 155 152 140 149 142 135 122 125 124 118 115 131 133 126 150 157 143 142 137 123 127 125 130 142 139 129 129 131 134 140 136
-999 -999 -999 -999 -999 -999 -999 -999 -999 -999 -999 -999 -999 -999 -999 -999 -999 -999 -999 -999 -999 -999 -999 -999 -999 -999 -999 -999 -999 -999 -999 -999 -999 -999 -999 -999 -999 -999 -999 -999 -999 -999 172 172 172 172 172 172 172 172 172 172 172 172 172 172 172 171 171 169 169 166 164 156 147 135 141 126 126 120 115 126 127 131 122 131 135 134 155 140 131 121 121 123 132 139 129 130 129 131 136 135 136 134
-999 -999 -999 -999 -999 -999 -999 -999 -999 -999 -999 -999 -999 -999 -999 -999 -999 -999 -999 -999 -999 -999 -999 -999 -999 -999 -999 -999 -999 -999 -999 -999 -999 -999 -999 -999 -999 -999 -999 -999 173 172 172 172 172 172 172 172 172 172 172 172 172 172 172 172 172 170 170 169 168 165 158 149 131 123 125 118 118 116 120 111 119 124 112 124 138 147 140 143 124 121 123 125 126 133 127 125 129 132 132 133 133 136
-999 -999 -999 -999 -999 -999 -999 -999 -999 -999 -999 -999 -999 -999 -999 -999 -999 -999 -999 -999 -999 -999 -999 -999 -999 -999 -999 -999 -999 -999 -999 -999 -999 -999 -999 -999 -999 -999 -999 -999 173 173 172 172 172 172 172 172 172 172 172 172 172 172 172 172 171 171 170 170 168 160 155 150 136 131 121 116 121 123 128 114 117 119 134 138 143 150 148 130 121 123 125 128 130 134 124 127 132 131 132 134 138 137
-999 -999 -999 -999 -999 -999 -999 -999 -999 -999 -999 -999 -999 -999 -999 -999 -999 -999 -999 -999 -999 -999 -999 -999 -999 -999 -999 -999 -999 -999 -999 -999 -999 -999 -999 -999 -999 -999 -999 173 173 173 173 173 172 172 172 172 172 172 172 172 172 172 172 171 170 171 170 170 167 155 138 140 132 138 121 120 123 122 131 126 119 132 142 138 137 139 144 140 122 127 128 128 130 126 127 131 136 131 134 140 139 138
-999 -999 -999 -999 -999 -999 -999 -999 -999 -999 -999 -999 -999 -999 -999 -999 -999 -999 -999 -999 -999 -999 -999 -999 -999 -999 -999 -999 -999 -999 -999 -999 -999 -999 -999 -999 -999 -999 -999 173 173 173 173 173 173 172 172 172 172 172 172 172 172 171 171 170 169 170 168 164 165 161 147 135 122 124 113 111 116 121 127 131 135 139 127 118 130 141 150 135 123 123 125 128 128 128 127 133 133 134 135 136 139 142
-999 -999 -999 -999 -999 -999 -999 -999 -999 -999 -999 -999 -999 -999 -999 -999 -999 -999 -999 -999 -999 -999 -999 -999 -999 -999 -999 -999 -999 -999 -999 -999 -999 -999 -999 -999 -999 -999 173 173 173 173 173 173 173 172 172 172 172 172 172 171 171 171 171 171 169 169 169 165 156 149 144 130 127 126 108 115 124 127 130 125 135 123 115 124 137 135 147 143 142 130 123 126 127 128 129 133 133 136 139 138 139 141
-999 -999 -999 -999 -999 -999 -999 -999 -999 -999 -999 -999 -999 -999 -999 -999 -999 -999 -999 -999 -999 -999 -999 -999 -999 -999 -999 -999 -999 -999 -999 -999 -999 -999 -999 -999 -999 -999 173 173 173 173 173 173 173 173 172 172 172 171 171 171 171 171 169 171 170 169 168 168 166 156 140 138 139 127 105 113 113 128 120 126 121 124 135 134 138 146 146 149 148 131 127 128 129 130 135 133 136 136 139 141 141 142
-999 -999 -999 -999 -999 -999 -999 -999 -999 -999 -999 -999 -999 -999 -999 -999 -999 -999 -999 -999 -999 -999 -999 -999 -999 -999 -999 -999 -999 -999 -999 -999 -999 -999 -999 -999 -999 172 173 173 173 173 173 173 173 173 173 173 172 171 171 171 171 170 170 170 169 166 164 167 165 154 135 149 144 131 121 123 119 130 134 134 133 133 139 145 144 141 144 142 148 130 129 132 133 130 133 135 137 143 145 141 143 145
-999 -999 -999 -999 -999 -999 -999 -999 -999 -999 -999 -999 -999 -999 -999 -999 -999 -999 -999 -999 -999 -999 -999 -999 -999 -999 -999 -999 -999 -999 -999 -999 -999 -999 -999 -999 -999 173 173 173 173 173 173 173 173 173 173 172 171 171 171 171 171 170 169 169 168 166 158 166 152 164 153 146 147 142 135 122 110 118 118 126 131 134 133 141 128 128 139 142 148 142 129 130 137 132 131 135 140 139 145 142 144 146
-999 -999 -999 -999 -999 -999 -999 -999 -999 -999 -999 -999 -999 -999 -999 -999 -999 -999 -999 -999 -999 -999 -999 -999 -999 -999 -999 -999 -999 -999 -999 -999 -999 -999 -999 -999 -999 173 173 173 173 172 172 172 172 172 172 172 171 171 171 171 171 169 169 169 168 163 157 161 143 154 156 152 145 141 139 129 124 119 126 122 116 128 133 136 121 131 123 142 146 142 129 132 137 131 133 137 145 148 145 140 142 145
-999 -999 -999 -999 -999 -999 -999 -999 -999 -999 -999 -999 -999 -999 -999 -999 -999 -999 -999 -999 -999 -999 -999 -999 -999 -999 -999 -999 -999 -999 -999 -999 -999 -999 -999 -999 -999 172 172 173 172 172 172 172 172 172 171 171 171 171 171 171 170 170 169 169 168 161 160 149 137 157 157 153 143 135 116 117 114 113 116 125 131 135 128 126 125 122 131 125 144 147 132 129 139 139 131 137 138 141 140 142 142 144
-999 -999 -999 -999 -999 -999 -999 -999 -999 -999 -999 -999 -999 -999 -999 -999 -999 -999 -999 -999 -999 -999 -999 -999 -999 -999 -999 -999 -999 -999 -999 -999 -999 -999 -999 -999 -999 172 173 172 172 172 172 172 172 171 171 171 171 171 171 171 170 170 170 169 168 164 163 144 135 145 148 154 141 138 114 111 120 121 119 117 122 118 124 133 139 127 126 136 148 146 130 131 132 146 139 136 146 137 138 140 141 146
-999 -999 -999 -999 -999 -999 -999 -999 -999 -999 -999 -999 -999 -999 -999 -999 -999 -999 -999 -999 -999 -999 -999 -999 -999 -999 -999 -999 -999 -999 -999 -999 -999 -999 -999 -999 -999 172 172 172 172 172 172 172 172 171 171 171 171 171 171 170 170 170 169 169 168 168 162 143 139 145 144 143 148 145 127 117 127 133 129 137 122 121 122 124 132 141 131 145 148 147 135 132 138 144 146 143 138 137 139 140 141 142
-999 -999 -999 -999 -999 -999 -999 -999 -999 -999 -999 -999 -999 -999 -999 -999 -999 -999 -999 -999 -999 -999 -999 -999 -999 -999 -999 -999 -999 -999 -999 -999 -999 -999 -999 -999 -999 172 172 172 172 172 172 172 171 171 171 171 171 171 170 169 170 169 168 169 169 167 158 149 148 144 135 129 135 133 134 116 114 116 126 122 142 139 128 122 126 137 137 129 143 147 144 132 136 134 144 135 136 138 140 140 142 141
-999 -999 -999 -999 -999 -999 -999 -999 -999 -999 -999 -999 -999 -999 -999 -999 -999 -999 -999 -999 -999 -999 -999 -999 -999 -999 -999 -999 -999 -999 -999 -999 -999 -999 -999 -999 -999 171 171 172 172 171 171 171 171 171 171 171 171 170 170 170 169 168 165 167 168 168 167 165 162 147 145 134 128 144 138 115 121 120 137 140 140 133 139 134 134 129 145 131 139 148 132 133 136 137 135 136 139 141 140 143 141 142
-999 -999 -999 -999 -999 -999 -999 -999 -999 -999 -999 -999 -999 -999 -999 -999 -999 -999 -999 -999 -999 -999 -999 -999 -999 -999 -999 -999 -999 -999 -999 -999 -999 -999 -999 -999 -999 171 171 171 171 171 171 171 171 171 171 171 170 170 169 169 169 163 164 167 162 164 167 166 166 156 145 146 133 145 131 122 126 134 131 139 126 139 134 145 143 137 144 147 149 139 140 134 136 137 137 135 137 140 141 141 143 144
-999 -999 -999 -999 -999 -999 -999 -999 -999 -999 -999 -999 -999 -999 -999 -999 -999 -999 -999 -999 -999 -999 -999 -999 -999 -999 -999 -999 -999 -999 -999 -999 -999 -999 -999 -999 -999 171 171 171 171 171 171 171 171 171 171 171 170 170 169 168 165 162 162 160 158 161 164 162 151 166 162 146 146 146 147 129 121 127 135 119 135 127 142 138 137 141 147 149 133 133 146 134 136 139 139 139 137 137 139 141 145 146
-999 -999 -999 -999 -999 -999 -999 -999 -999 -999 -999 -999 -999 -999 -999 -999 -999 -999 -999 -999 -999 -999 -999 -999 -999 -999 -999 -999 -999 -999 -999 -999 -999 -999 -999 -999 171 171 171 171 171 171 171 171 171 171 171 170 171 169 168 164 162 160 158 160 163 162 161 155 147 162 154 161 150 154 148 135 121 125 128 124 124 136 128 139 128 141 145 144 131 133 139 135 137 137 139 139 137 139 141 144 145 144
-999 -999 -999 -999 -999 -999 -999 -999 -999 -999 -999 -999 -999 -999 -999 -999 -999 -999 -999 -999 -999 -999 -999 -999 -999 -999 -999 -999 -999 -999 -999 -999 -999 -999 171 171 171 171 171 171 171 171 171 171 171 171 171 170 170 169 167 167 165 164 162 155 156 161 158 159 148 152 159 154 141 155 149 143 132 117 120 119 124 125 139 134 127 131 139 147 137 131 133 137 139 142 140 139 141 138 140 144 143 147
-999 -999 -999 -999 -999 -999 -999 -999 -999 -999 -999 -999 -999 -999 -999 -999 -999 -999 -999 -999 -999 -999 -999 -999 -999 -999 -999 -999 -999 -999 -999 -999 -999 -999 171 171 171 171 171 171 171 171 171 171 171 171 171 170 170 169 167 164 154 157 161 159 149 157 148 149 151 159 161 156 148 159 141 138 143 120 134 124 123 132 131 124 138 142 130 145 131 133 137 138 140 141 143 145 142 137 142 145 143 147
-999 -999 -999 -999 -999 -999 -999 -999 -999 -999 -999 -999 -999 -999 -999 -999 -999 -999 -999 -999 -999 -999 -999 -999 -999 -999 -999 -999 -999 -999 -999 -999 -999 -999 171 171 171 171 171 171 171 171 171 171 171 171 170 170 169 168 167 160 144 148 156 158 148 145 150 148 149 154 160 163 158 156 154 148 142 123 137 118 119 120 124 123 126 129 132 139 140 135 136 139 143 142 144 142 140 140 142 143 145 145
-999 -999 -999 -999 -999 -999 -999 -999 -999 -999 -999 -999 -999 -999 -999 -999 -999 -999 -999 -999 -999 -999 -999 -999 -999 -999 -999 -999 -999 -999 -999 -999 -999 -999 171 171 171 171 171 171 171 171 171 171 171 171 170 170 170 168 164 149 150 141 145 157 155 147 142 139 131 150 153 163 149 148 147 143 133 138 137 121 122 125 125 126 126 127 127 129 136 140 138 140 142 145 147 143 146 141 140 142 143 142
-999 -999 -999 -999 -999 -999 -999 -999 -999 -999 -999 -999 -999 -999 -999 -999 -999 -999 -999 -999 -999 -999 -999 -999 -999 -999 -999 -999 -999 -999 -999 -999 -999 -999 171 171 171 171 171 171 171 171 171 171 170 170 170 170 170 169 158 149 155 155 144 149 145 143 127 126 129 137 144 161 154 149 137 132 142 149 134 120 128 125 129 124 123 130 127 136 132 141 139 142 140 140 143 148 144 144 141 144 140 138
-999 -999 -999 -999 -999 -999 -999 -999 -999 -999 -999 -999 -999 -999 -999 -999 -999 -999 -999 -999 -999 -999 -999 -999 -999 -999 -999 -999 -999 -999 -999 -999 -999 -999 171 171 171 171 171 171 171 171 171 171 171 170 170 170 170 169 157 162 164 158 155 152 153 140 126 128 131 128 130 153 156 146 131 136 150 138 140 121 131 141 137 134 133 128 129 130 133 132 133 141 143 143 143 145 147 147 142 140 144 139
-999 -999 -999 -999 -999 -999 -999 -999 -999 -999 -999 -999 -999 -999 -999 -999 -999 -999 -999 -999 -999 -999 -999 -999 -999 -999 -999 -999 -999 -999 -999 -999 -999 171 171 171 171 171 171 171 171 171 171 171 171 170 170 170 170 170 169 166 161 163 159 153 153 147 132 133 135 142 129 146 155 143 137 146 141 136 128 120 132 128 135 128 138 133 128 130 130 133 136 141 142 146 145 147 150 151 140 140 144 145
-999 -999 -999 -999 -999 -999 -999 -999 -999 -999 -999 -999 -999 -999 -999 -999 -999 -999 -999 -999 -999 -999 -999 -999 -999 -999 -999 -999 -999 -999 -999 -999 -999 171 171 171 171 171 171 171 171 171 171 171 170 168 169 170 168 169 169 166 167 165 159 149 156 146 139 144 149 133 128 146 153 156 154 149 128 138 120 123 124 123 128 145 143 128 129 131 130 132 132 136 143 144 145 149 142 148 148 142 140 143
