DE_airtemperature/airtemp_2018_05.asc
NCOLS 654
NROWS 866
XLLCORNER 3280414.711633467
YLLCORNER 5237500.62890625
CELLSIZE 1000
NODATA_VALUE -999
[rows 574 to 614 of 866, columns 94 to 187 of 654]
147 147 148 154 150 152 150 151 154 150 152 148 152 155 154 159 154 150 139 144 145 145 142 141 141 141 148 151 150 152 154 158 155 160 156 162 164 164 163 163 166 166 171 172 173 173 173 175 175 174 173 173 168 164 165 165 165 165 169 170 174 174 175 173 174 175 175 177 174 169 170 175 176 176 176 175 174 174 178 178 178 178 178 178 178 178 177 177 177 177 177 176 176 176
141 138 142 148 151 151 151 152 154 153 152 149 151 154 156 156 149 144 147 146 143 141 144 144 147 148 150 152 153 154 155 155 156 155 154 159 162 164 167 166 167 168 170 170 167 171 174 174 175 174 174 173 172 167 165 164 165 166 167 170 172 174 172 170 173 175 173 176 171 168 171 173 174 175 176 173 173 172 178 178 178 178 178 178 178 177 177 177 177 176 176 176 176 175
138 131 142 149 151 156 156 151 152 155 149 150 148 150 151 160 150 150 153 148 143 147 149 149 149 150 152 153 154 153 153 154 164 153 159 163 164 166 164 167 168 167 168 168 171 173 174 175 173 173 174 174 172 172 169 169 167 166 167 169 170 168 170 173 174 172 174 176 171 171 171 174 173 175 176 175 173 175 178 178 178 178 178 178 177 177 177 177 177 176 176 176 176 175
132 138 147 150 149 155 154 153 153 154 153 152 148 146 142 147 161 158 149 146 147 150 152 152 151 153 154 154 158 153 156 152 151 156 160 163 166 164 168 169 171 171 166 170 172 174 174 174 169 171 172 173 175 174 171 170 170 168 169 166 167 169 172 173 172 171 174 176 176 175 175 176 175 174 174 176 173 177 178 178 178 178 178 178 177 177 177 177 176 176 176 176 176 175
136 139 148 147 151 151 150 149 149 151 155 149 145 138 146 151 156 159 151 150 150 151 155 152 152 152 152 154 157 160 154 151 158 162 161 164 165 167 169 169 172 167 169 171 174 174 174 174 168 172 172 172 175 173 171 165 169 170 171 168 170 170 172 169 169 171 173 173 175 174 174 175 175 173 173 173 176 176 171 177 178 177 177 177 177 177 177 176 176 176 176 176 176 175
136 145 146 145 146 148 147 150 152 156 153 147 141 146 149 153 161 162 158 151 151 153 161 151 155 155 156 157 157 162 155 158 162 165 165 163 165 169 167 170 171 172 174 174 174 174 171 172 174 174 173 173 174 174 168 168 171 172 172 171 172 170 170 167 169 170 171 172 173 173 174 174 173 172 172 172 173 170 172 177 177 177 177 177 177 176 176 176 176 176 176 176 175 175
142 144 147 146 146 147 149 148 156 154 153 145 147 148 153 155 163 153 150 152 150 151 155 161 157 160 156 154 153 158 163 160 159 164 163 166 169 170 169 169 170 168 169 174 173 172 168 171 172 172 172 173 173 174 174 174 173 173 172 173 171 169 168 166 169 170 170 171 173 174 174 174 172 174 173 172 172 169 175 177 177 177 177 177 177 176 176 176 176 176 176 176 175 175
145 147 146 149 146 147 148 153 153 152 155 150 151 150 151 157 164 155 153 157 151 154 158 163 158 156 155 153 152 159 157 162 163 159 165 165 165 167 169 168 167 160 170 170 170 169 168 170 170 171 170 173 173 173 172 173 173 174 172 172 169 167 166 167 169 170 171 172 172 173 174 175 173 173 174 172 170 170 174 177 177 177 177 177 176 176 176 176 176 176 176 176 176 175
145 146 148 151 144 147 146 151 154 148 157 154 153 152 149 151 158 160 161 152 155 158 161 166 154 160 155 156 157 156 160 158 164 167 167 168 167 166 166 168 169 163 166 168 165 166 168 170 171 169 170 174 172 172 169 169 173 174 173 169 168 166 165 168 170 170 170 170 172 172 173 172 170 171 171 170 171 171 175 176 177 177 176 176 176 176 176 176 176 176 176 176 176 175
148 148 150 149 146 149 150 149 147 152 152 154 160 152 152 154 154 156 158 165 158 161 161 164 162 162 158 163 161 159 162 164 165 163 162 167 165 164 174 170 173 172 173 162 162 162 168 168 168 172 173 173 173 173 170 171 173 173 173 171 169 165 165 167 168 169 170 171 172 173 173 173 172 169 170 169 171 171 176 176 176 176 176 176 176 176 176 176 176 176 176 176 175 175
143 141 144 148 154 151 150 154 150 147 153 154 158 156 160 153 158 163 165 159 166 168 168 164 165 162 161 165 164 162 160 161 164 171 170 167 164 168 167 165 167 169 164 164 162 167 169 170 170 169 172 173 173 172 172 170 172 173 172 172 171 169 169 169 170 169 170 173 172 172 173 171 169 169 168 169 170 172 176 176 176 176 176 176 176 176 176 176 176 176 176 176 175 175
137 139 144 149 148 154 152 149 153 145 149 148 150 153 164 164 165 156 158 155 159 163 165 168 169 166 164 167 167 164 163 164 167 171 157 165 172 172 163 164 166 173 161 160 162 164 168 166 167 167 170 171 172 171 171 171 169 171 173 173 173 172 172 170 171 172 172 172 169 172 171 171 169 169 167 170 170 171 176 176 176 176 176 176 176 176 176 176 176 176 176 176 176 175
140 142 144 146 151 152 149 151 150 147 148 151 152 152 156 157 154 158 149 155 155 161 156 162 167 169 169 169 169 170 168 170 171 171 164 166 158 158 162 163 164 172 160 160 163 166 161 169 169 169 171 172 172 167 170 171 172 172 172 171 171 170 171 171 172 170 172 173 172 171 170 170 169 168 168 169 169 172 176 176 176 176 176 176 176 176 176 176 176 176 176 176 176 175
145 145 145 147 147 155 150 154 148 149 150 151 151 164 164 156 152 154 156 148 152 161 155 160 161 167 166 164 166 163 165 168 171 162 161 164 169 168 160 162 161 171 165 164 164 167 169 170 171 168 170 169 171 167 168 168 168 167 166 169 170 167 169 169 171 169 171 172 172 172 172 171 170 168 169 170 170 174 176 176 176 176 176 176 176 176 176 176 176 176 176 176 175 175
154 147 145 147 145 154 150 150 158 149 151 154 160 160 154 160 154 149 150 150 154 154 159 164 163 161 166 160 161 161 164 170 169 161 160 162 164 163 164 162 165 172 166 162 164 166 165 167 165 167 167 167 169 170 169 167 167 165 164 163 162 167 168 169 168 170 171 171 171 172 172 172 171 169 169 170 171 175 176 176 176 176 176 176 176 176 176 176 176 176 176 176 175 175
152 153 145 147 145 151 147 153 152 156 151 155 162 157 152 156 160 158 154 148 149 155 160 159 158 162 157 156 161 165 159 167 164 166 156 160 158 158 163 162 164 166 162 162 161 163 167 163 163 163 165 166 169 167 167 165 165 165 164 162 166 163 168 166 166 172 171 171 171 171 171 171 170 171 171 173 173 175 176 176 176 176 176 176 176 176 176 176 176 176 176 176 175 175
144 153 145 148 147 144 144 153 150 155 158 161 154 160 153 152 157 159 157 157 156 155 153 156 157 159 158 159 163 163 159 172 163 161 161 157 159 160 165 164 171 164 161 160 162 166 161 161 161 163 163 165 164 164 165 164 163 163 163 162 163 167 168 170 170 170 169 167 169 169 170 171 169 168 169 171 173 175 175 176 176 175 175 176 176 175 175 176 176 175 175 175 175 175
141 146 153 149 151 142 144 145 147 159 160 154 158 154 159 156 156 158 159 154 155 156 154 157 157 155 155 156 163 160 171 172 166 160 159 159 167 168 169 168 172 171 162 161 164 168 164 161 161 165 163 166 163 163 163 162 162 162 166 167 166 168 168 169 168 167 167 163 163 167 169 169 168 169 169 170 170 175 175 175 175 175 175 175 175 175 175 175 175 175 175 175 175 175
144 148 148 155 151 144 149 146 157 160 153 155 153 155 154 156 153 155 157 154 152 156 158 154 154 156 156 159 160 168 165 162 161 162 157 160 166 171 169 169 172 166 163 163 169 164 161 161 164 162 161 165 166 161 163 164 165 166 166 167 166 165 163 167 168 163 162 162 162 163 169 168 170 170 169 170 172 175 175 175 175 175 175 175 175 175 175 175 175 175 175 175 175 175
151 152 149 146 152 143 144 158 157 152 150 150 153 157 152 151 151 154 154 152 151 154 156 161 161 161 160 162 163 171 164 161 159 158 159 167 163 169 162 165 172 166 160 165 163 162 162 161 164 159 162 166 161 161 164 169 165 165 166 164 162 162 167 167 166 164 163 163 163 164 165 168 170 171 172 172 175 175 175 175 175 175 175 175 175 175 175 175 175 175 175 175 175 175
148 147 150 156 154 152 154 154 154 148 148 147 153 151 155 151 152 154 153 150 152 156 153 157 162 164 157 159 164 171 168 164 159 158 164 162 161 167 162 172 168 168 162 167 164 162 159 161 160 164 164 161 159 160 162 161 163 165 161 162 163 165 164 166 166 165 164 164 163 164 167 171 172 171 171 173 175 175 175 175 175 175 175 175 175 175 175 175 175 175 175 175 175 175
145 149 154 152 151 154 151 150 146 151 147 144 146 148 150 152 154 154 152 151 157 161 162 160 166 166 168 165 169 171 164 166 168 162 159 161 165 168 165 172 163 164 165 169 162 165 159 159 162 160 166 162 161 160 161 161 165 161 162 163 164 162 161 162 164 168 168 166 168 170 170 173 173 174 173 174 174 175 175 175 175 175 175 175 175 175 175 175 175 175 175 175 175 175
146 151 145 149 148 149 140 144 138 146 149 148 144 142 149 152 150 154 152 154 154 154 158 161 164 159 165 163 169 163 164 165 162 159 163 165 166 167 166 170 165 163 163 169 159 163 161 159 158 163 166 161 159 161 162 161 162 162 162 163 161 161 162 164 166 168 170 170 171 171 170 172 171 172 172 172 174 175 175 175 175 175 175 175 175 175 175 175 175 175 175 175 175 175
148 154 144 145 141 140 145 134 138 138 144 143 140 145 148 150 152 151 155 154 157 158 158 164 158 161 160 163 168 161 164 160 161 161 164 161 168 162 166 165 167 161 162 164 161 160 164 158 157 163 161 162 160 159 160 162 162 162 162 162 162 161 162 163 164 168 166 166 168 169 170 171 172 172 172 172 174 175 175 175 175 175 175 175 175 175 175 175 175 175 175 175 175 175
152 151 143 145 137 142 142 141 137 139 144 146 148 148 145 148 148 152 155 154 158 160 160 160 160 163 166 167 164 158 159 160 159 159 164 163 162 159 166 167 164 161 164 165 159 157 154 157 161 158 162 163 157 162 165 165 162 161 162 163 163 163 162 162 162 164 163 166 167 169 171 172 172 173 173 173 174 175 175 175 175 175 175 175 175 175 175 175 175 175 175 175 175 175
151 148 147 145 141 141 137 135 135 143 147 151 149 147 145 149 153 152 155 156 160 157 161 159 168 169 164 164 165 161 158 161 159 161 166 162 163 159 160 167 167 163 161 164 164 160 157 155 153 156 158 160 157 162 165 166 166 167 165 164 166 163 163 163 162 164 163 166 169 170 171 172 173 174 174 174 174 175 175 175 175 175 175 175 175 175 175 175 175 175 175 175 175 174
148 145 147 143 144 144 140 142 138 147 151 149 148 148 145 149 148 149 156 157 159 163 161 163 164 161 163 164 160 157 156 156 156 159 161 159 162 159 153 161 170 167 163 165 160 160 156 155 157 156 155 155 156 162 165 167 163 164 169 168 169 164 163 163 162 163 163 168 170 172 172 173 174 172 172 172 173 175 175 175 175 175 175 175 175 175 175 175 175 175 175 175 175 175
146 148 144 141 142 143 141 142 144 145 145 149 153 147 144 145 149 153 154 154 156 164 165 167 166 162 160 162 163 159 159 154 157 162 160 160 158 157 162 161 171 161 164 166 158 154 156 154 156 160 159 163 162 163 165 166 163 163 163 167 171 169 169 165 164 164 164 170 170 171 170 170 170 171 171 171 172 175 175 175 175 175 175 175 175 175 175 175 175 175 175 175 175 175
146 145 145 142 143 144 143 148 145 147 145 145 157 148 150 152 148 155 156 157 157 160 167 158 169 161 158 159 168 160 161 158 156 159 155 159 154 153 158 164 171 165 163 163 157 157 156 153 159 162 162 162 163 164 165 167 165 169 169 169 169 169 171 171 171 170 168 170 170 170 170 170 171 172 172 173 173 173 174 174 175 174 175 175 175 175 175 175 175 175 175 175 175 174
152 149 149 145 143 145 147 146 147 143 145 151 160 153 150 152 155 160 154 156 157 168 164 161 166 159 165 158 163 168 166 164 160 155 157 154 156 158 160 166 171 162 163 159 161 161 145 144 148 160 163 162 163 166 169 169 170 168 167 165 165 167 169 165 168 170 172 171 172 172 172 173 173 172 173 173 173 173 173 173 173 174 174 174 175 175 175 175 175 175 175 175 175 174
148 147 144 145 143 145 144 145 147 143 143 147 158 162 157 156 159 159 159 166 167 166 160 158 160 165 159 157 159 163 164 159 160 156 157 157 157 162 164 166 169 161 158 159 160 157 148 140 139 156 162 163 164 164 165 169 167 162 163 163 164 169 166 163 163 165 169 170 171 171 172 172 172 171 171 171 172 173 173 173 173 174 174 174 175 175 175 175 175 175 175 175 175 175
152 145 147 143 147 145 142 148 149 148 152 160 162 152 163 157 159 159 166 165 161 161 160 159 160 166 156 160 157 159 166 160 163 159 155 155 159 164 166 163 167 163 157 156 154 148 151 151 150 160 163 166 167 166 167 168 165 163 164 165 168 167 163 162 163 165 170 170 172 173 172 172 172 172 172 172 172 173 174 174 174 174 174 174 175 175 175 175 175 175 175 175 175 175
148 148 147 142 144 151 141 147 151 154 158 150 152 157 164 165 166 163 159 165 161 161 160 156 162 167 158 156 157 160 163 160 159 159 154 157 164 162 166 169 161 156 156 161 148 145 153 153 157 162 163 166 166 165 167 167 164 163 163 166 165 163 163 163 166 165 171 172 173 172 173 173 173 173 173 173 173 173 173 173 173 174 174 174 175 175 175 175 175 175 175 175 175 175
149 148 149 146 143 144 140 142 144 150 153 150 153 165 162 155 157 159 159 162 165 159 153 152 162 158 162 155 153 157 162 156 155 157 155 155 159 165 161 165 163 161 163 156 150 160 154 162 166 163 166 166 168 168 168 167 167 164 165 163 163 163 163 162 161 165 170 171 171 171 171 172 171 172 172 172 173 173 173 173 173 174 174 174 174 175 175 175 175 175 175 175 175 175
143 146 146 146 143 139 143 152 153 154 154 146 156 163 159 157 157 158 159 157 162 157 146 146 162 167 159 160 153 157 162 164 158 157 155 162 163 162 157 159 161 167 164 164 162 161 160 160 164 166 166 168 165 166 167 165 165 163 163 162 163 163 163 162 166 168 170 172 172 171 171 172 172 172 172 172 173 173 173 173 173 174 174 174 175 175 175 175 175 175 175 175 174 174
141 145 144 145 143 145 145 153 154 152 151 158 164 165 161 157 153 157 145 149 161 159 146 148 156 163 165 159 154 156 161 160 161 155 154 155 164 161 159 159 159 163 167 164 164 164 164 165 164 166 165 166 163 163 165 162 163 163 167 165 168 169 165 163 172 170 171 171 170 170 171 172 173 172 172 173 173 173 173 173 173 174 174 174 175 175 175 175 175 175 175 175 175 175
140 141 142 140 142 155 157 152 152 155 154 153 155 163 159 154 153 152 152 148 149 160 154 151 156 163 161 160 153 155 158 158 156 155 154 159 163 160 165 160 159 162 165 165 166 165 163 157 160 164 165 165 161 158 163 165 165 166 169 169 170 171 171 170 167 170 171 171 171 171 172 174 174 174 173 173 174 174 174 174 174 174 174 174 175 175 175 175 175 175 175 175 175 175
140 148 146 151 145 158 158 162 160 160 156 158 156 162 166 160 158 153 148 143 156 160 156 153 157 164 160 153 152 158 158 158 154 152 154 160 162 158 161 158 159 162 162 164 165 165 163 157 161 164 163 161 161 159 163 163 163 167 169 171 170 167 164 162 166 170 170 171 170 170 173 174 174 174 175 175 174 174 174 174 174 174 174 174 175 175 175 175 175 175 175 175 175 175
152 154 155 156 158 158 154 156 163 162 158 163 162 162 164 159 156 159 156 154 156 149 156 156 156 158 167 163 157 161 156 159 160 156 158 158 156 160 161 158 163 163 164 161 165 163 163 159 162 159 163 161 162 163 162 163 168 168 168 168 169 165 161 162 169 169 170 170 169 172 174 174 174 174 174 175 174 174 174 174 174 174 174 174 175 175 175 175 175 175 175 175 174 175
154 154 156 155 154 153 158 156 162 161 162 158 162 157 163 154 158 162 158 160 156 151 154 154 155 157 160 163 166 159 162 160 160 158 160 158 154 157 160 160 162 162 163 158 163 161 161 159 159 161 161 163 165 164 165 168 167 166 168 167 166 163 161 167 169 169 171 170 171 172 174 173 173 174 174 174 175 174 174 174 174 174 174 174 175 175 175 175 175 175 175 175 175 175
158 152 154 150 149 153 154 158 160 156 155 160 159 164 158 146 151 156 162 156 156 154 152 153 153 158 159 156 163 163 163 162 159 159 158 157 156 158 158 156 161 160 163 160 164 159 159 161 161 163 159 161 165 166 165 166 159 164 165 164 163 169 162 162 169 170 171 170 171 171 172 172 173 174 174 175 175 175 175 174 175 174 175 175 175 175 175 175 175 175 175 175 174 174
