DE_airtemperature/airtemp_2018_05.asc
NCOLS 654
NROWS 866
XLLCORNER 3280414.711633467
YLLCORNER 5237500.62890625
CELLSIZE 1000
NODATA_VALUE -999
[rows 328 to 368 of 866, columns 188 to 281 of 654]
160 159 162 164 165 165 167 165 167 167 167 167 166 162 167 168 167 165 163 163 159 158 157 154 159 161 159 161 165 159 156 158 162 156 163 163 162 164 161 160 160 155 149 152 157 161 156 159 162 164 165 165 164 163 168 168 168 167 166 166 166 166 166 165 166 164 162 155 153 163 163 164 163 162 161 163 164 165 165 165 166 166 166 166 165 165 165 163 162 159 157 159 154 159
160 160 161 162 164 165 166 167 167 167 168 169 167 165 168 168 165 165 163 162 161 157 156 156 157 156 158 161 162 161 160 161 160 155 158 162 161 162 160 159 157 155 152 155 156 160 157 157 158 160 162 162 163 160 165 168 168 167 167 167 166 163 160 164 164 165 161 146 153 153 160 164 164 164 165 165 166 166 165 165 166 165 166 165 166 166 164 163 162 159 158 157 161 159
159 161 161 162 165 166 166 166 167 166 167 169 169 169 169 168 163 160 159 159 159 161 162 160 158 157 157 158 160 158 156 160 157 157 160 156 157 158 164 158 158 154 154 154 158 159 159 158 161 162 159 158 160 163 166 167 168 168 167 167 165 159 159 162 164 164 161 146 153 160 163 163 162 163 164 165 165 164 165 165 166 165 165 165 166 166 165 164 164 162 156 159 157 160
159 161 162 162 163 166 166 166 166 165 166 168 169 169 168 167 164 163 158 159 161 164 164 163 159 155 157 159 156 156 158 158 159 155 157 156 155 158 160 160 155 154 157 158 159 162 162 160 160 164 162 158 157 158 167 167 167 168 168 167 166 161 157 160 162 163 162 154 154 156 163 163 164 164 164 164 163 163 164 163 165 165 165 165 166 165 165 163 162 162 162 158 156 154
160 161 161 163 165 166 166 165 165 165 166 167 169 169 169 168 166 166 165 159 160 163 164 164 161 159 161 154 156 155 157 155 155 150 151 154 158 160 160 161 158 157 157 158 162 163 165 165 165 165 164 164 166 167 167 164 168 167 167 167 166 165 160 160 160 162 163 159 147 156 161 162 163 163 162 161 161 162 162 163 165 165 165 165 166 166 163 162 161 161 160 161 160 158
161 162 162 164 166 165 165 165 165 165 166 166 167 168 169 169 168 168 166 164 160 162 164 165 164 163 161 158 154 153 150 157 157 156 151 152 154 159 160 159 158 157 158 161 162 162 162 162 164 166 166 166 167 166 167 167 168 167 167 167 166 164 161 160 156 160 162 160 159 153 161 163 159 156 153 156 159 161 162 163 163 163 164 165 166 165 163 162 160 158 158 160 159 159
161 162 164 164 165 165 165 165 164 165 167 166 166 168 168 169 168 168 167 166 165 164 163 165 164 163 159 159 156 156 153 160 158 158 151 151 152 156 158 153 152 149 156 156 157 154 162 163 164 166 166 166 165 166 166 166 167 167 167 164 165 165 162 159 160 155 160 162 161 154 156 162 161 156 146 143 152 159 161 162 162 157 162 164 165 163 160 151 152 156 156 157 158 157
161 162 163 165 165 165 165 165 164 164 165 167 167 168 168 168 169 168 168 168 167 166 166 165 165 163 158 151 155 159 155 162 161 159 158 155 155 156 157 155 155 153 158 160 160 161 164 165 165 166 163 158 162 158 162 164 167 167 167 167 163 160 162 162 161 162 159 160 162 160 152 158 161 158 151 143 145 150 158 160 161 159 157 162 162 162 157 148 148 152 146 153 154 157
160 162 163 164 165 165 165 165 164 165 166 167 167 167 167 168 168 169 168 167 167 167 167 167 167 166 163 162 160 162 163 163 162 161 162 159 158 156 157 157 155 155 157 160 163 163 163 163 165 164 160 150 157 159 161 166 167 167 167 167 167 167 166 166 166 164 164 163 163 162 157 151 160 160 158 152 153 151 156 159 160 160 157 160 162 161 155 146 147 147 148 147 151 153
160 162 163 163 164 164 165 166 164 165 166 167 167 167 167 168 167 168 168 167 168 168 168 167 168 167 165 165 163 162 164 164 164 164 163 161 160 155 154 155 154 154 159 160 158 158 162 163 163 163 162 156 151 152 156 166 163 164 166 167 167 166 167 164 166 166 164 164 162 163 158 147 160 161 159 159 158 155 153 150 157 158 158 152 162 162 159 153 147 151 150 152 148 149
161 161 163 163 164 165 165 165 166 164 165 165 166 167 167 167 166 167 167 167 167 167 167 166 166 166 165 166 166 166 163 163 163 164 163 164 162 156 157 152 156 150 154 155 155 156 164 158 158 156 156 158 160 159 164 164 158 163 165 166 167 167 167 166 166 165 165 164 161 162 161 156 159 160 159 158 155 155 155 151 149 156 158 158 157 161 161 159 150 150 155 152 149 149
160 160 162 163 163 163 164 165 165 164 165 165 165 167 167 167 165 165 166 167 166 167 166 165 164 164 165 164 165 164 163 162 161 160 158 161 161 160 157 156 158 153 156 157 162 162 161 153 151 151 149 154 158 163 166 166 156 162 165 166 166 167 167 159 157 163 165 164 161 162 163 158 151 158 157 159 157 154 155 153 149 146 155 157 158 161 161 161 155 149 153 155 152 149
157 158 161 162 162 162 164 164 164 165 163 164 165 165 167 167 167 164 166 167 166 166 164 164 161 160 162 162 164 162 162 160 157 155 155 159 162 160 159 160 158 153 158 160 159 156 158 156 154 156 159 158 153 159 164 163 161 162 162 164 166 167 167 165 165 159 161 156 162 162 163 162 154 151 156 156 157 156 155 153 152 149 151 155 158 157 160 161 155 154 156 157 155 151
154 153 157 159 160 163 163 164 163 163 164 164 165 165 166 165 166 166 166 166 165 165 164 163 160 160 158 160 164 164 162 162 161 159 156 159 159 159 161 160 159 157 160 154 153 160 162 165 164 162 160 160 160 166 166 162 160 159 162 163 162 167 166 165 166 166 166 162 156 163 165 163 159 152 148 152 155 155 154 154 155 155 149 153 158 154 160 160 160 157 148 152 154 155
155 153 154 155 159 159 160 163 163 163 163 164 164 166 165 165 164 166 165 166 165 164 161 161 160 160 160 161 163 163 164 162 161 159 159 159 158 159 159 160 159 157 157 154 153 161 162 166 166 166 166 166 164 163 156 162 159 158 160 158 160 162 159 165 164 164 165 166 165 159 162 162 160 157 152 150 154 153 153 154 155 154 156 153 154 156 158 158 160 157 157 154 152 152
158 158 156 153 155 157 157 159 161 162 162 163 163 163 165 165 164 165 166 164 165 164 159 159 162 160 157 162 164 161 163 161 161 160 160 160 157 155 154 156 157 157 156 155 154 154 156 165 166 166 164 159 155 158 155 154 151 153 156 153 153 161 157 165 161 160 161 162 155 163 163 162 162 161 156 143 150 153 150 150 150 150 153 156 150 152 156 155 159 156 155 158 154 149
160 160 160 160 159 157 158 157 157 159 159 160 159 162 164 164 165 165 166 164 164 164 162 161 161 160 162 160 164 158 161 161 160 162 158 155 154 157 158 153 154 154 150 156 158 158 155 163 166 164 154 149 151 151 148 150 151 153 154 157 156 156 157 161 159 159 166 161 153 157 161 161 162 161 159 151 147 151 146 141 145 150 150 152 152 150 155 155 156 160 157 155 155 153
161 161 161 161 161 160 160 156 157 156 159 161 159 159 161 164 165 165 165 165 164 164 164 163 161 157 160 163 163 163 161 159 161 162 161 155 158 158 160 160 158 153 146 154 156 159 164 161 166 161 160 150 149 149 150 151 153 154 154 152 155 155 155 159 160 156 165 159 148 153 153 161 160 162 159 156 147 147 144 142 147 150 154 153 150 154 151 152 156 157 161 155 156 155
162 162 162 163 162 161 162 160 157 156 153 157 157 161 162 163 164 164 164 164 165 165 165 163 162 160 159 161 161 161 160 160 158 161 162 162 160 160 159 158 154 157 153 157 154 159 160 159 164 159 153 154 153 150 149 149 151 153 152 152 153 153 159 156 155 159 165 150 149 157 155 154 159 161 160 159 154 145 144 142 149 150 147 149 152 154 157 156 158 158 158 161 159 155
163 163 162 163 163 162 163 162 161 159 157 157 151 157 159 162 162 162 162 163 163 164 164 165 161 161 159 160 160 161 158 161 162 162 161 161 163 162 162 159 160 159 153 162 162 162 164 165 160 160 160 154 153 151 152 152 159 158 153 152 154 155 161 159 159 160 166 151 146 150 148 153 152 156 157 159 157 155 145 148 142 146 152 144 154 157 153 157 155 151 155 156 160 163
163 163 164 163 163 162 163 162 161 162 161 160 159 156 155 161 159 161 160 161 162 160 161 163 164 162 161 160 157 157 158 160 160 163 164 162 163 163 163 163 160 162 162 165 164 165 164 164 160 157 158 156 156 156 153 153 155 159 157 157 154 157 158 166 166 165 166 161 155 152 145 147 150 157 158 157 157 155 152 147 140 149 154 152 155 155 153 155 157 154 145 159 161 162
163 164 164 163 163 164 164 163 162 162 162 161 161 160 160 159 157 157 162 158 159 161 160 160 162 162 163 160 158 157 157 159 159 162 163 162 162 162 162 163 162 165 164 160 162 156 159 162 164 160 162 160 158 159 155 155 158 158 158 156 165 157 165 163 157 153 157 161 156 153 153 149 151 156 153 151 155 156 154 151 147 141 144 148 154 149 151 152 151 156 155 150 154 160
165 164 164 164 164 164 164 164 164 163 162 162 163 163 162 161 159 157 151 155 150 159 162 161 161 163 162 162 159 156 156 158 157 159 161 162 163 160 157 159 164 164 161 153 151 151 154 159 161 162 161 160 158 157 155 157 157 156 159 159 166 166 165 165 158 153 153 153 153 156 158 156 150 152 151 145 151 155 154 152 150 147 143 144 150 153 151 146 144 152 156 150 146 153
166 166 165 165 165 164 165 165 165 164 164 164 163 162 161 160 159 158 154 153 156 159 159 163 163 161 162 161 160 160 158 159 159 160 160 162 162 163 162 164 163 160 160 154 148 145 144 153 159 161 157 155 151 152 155 159 160 159 162 165 165 165 165 166 159 157 161 159 163 161 161 158 156 153 152 150 144 152 156 156 155 152 150 148 145 145 150 149 142 149 154 155 150 145
166 166 165 165 165 165 165 165 165 165 164 164 164 163 162 162 160 159 155 150 153 150 160 160 161 163 162 161 161 160 160 160 161 162 162 164 164 163 164 162 163 161 159 158 153 147 143 145 153 160 152 154 156 157 161 161 161 161 164 163 165 163 161 159 159 157 164 163 162 163 162 159 156 156 154 153 146 150 155 151 154 153 154 153 152 150 149 147 144 150 156 154 155 151
166 166 165 165 165 166 166 166 165 165 165 164 164 163 163 162 161 159 157 154 153 148 159 153 157 161 161 162 161 160 163 162 164 164 161 164 164 163 163 161 161 162 160 162 159 155 154 151 152 155 157 157 157 158 159 160 158 163 155 159 162 165 165 165 165 164 157 153 159 157 161 158 156 154 156 154 151 154 156 150 146 148 151 153 155 156 156 153 152 156 157 157 155 155
166 166 166 165 167 166 166 166 166 166 165 164 165 164 163 164 163 162 161 158 155 151 156 156 158 158 160 161 161 161 161 154 159 163 163 163 163 163 165 161 158 161 161 162 161 155 152 156 155 156 155 155 154 153 155 156 157 158 152 157 154 155 158 165 165 156 151 150 155 155 157 157 155 154 155 156 150 154 155 153 145 152 151 147 153 156 157 158 155 157 160 158 157 154
166 166 166 167 166 166 166 166 166 165 165 165 165 164 164 164 164 164 162 161 158 156 154 151 152 158 159 160 161 160 162 156 158 164 163 164 164 164 165 162 160 161 160 161 161 158 158 154 151 153 154 152 149 145 155 155 156 152 152 152 152 153 153 165 165 164 162 161 159 158 157 156 155 155 156 155 152 152 154 153 155 154 152 151 152 152 157 159 160 158 160 158 157 154
166 166 166 167 167 166 167 167 166 166 165 166 165 165 165 166 165 165 164 163 161 158 156 156 149 152 158 157 161 161 162 163 162 163 162 163 163 164 164 162 160 158 159 159 161 161 159 159 158 158 154 154 152 145 145 152 153 154 156 153 154 153 163 165 165 164 163 159 157 156 157 155 153 153 154 145 150 148 152 150 158 156 158 157 157 155 152 156 157 159 157 154 153 152
166 166 167 167 167 166 167 167 167 166 166 166 166 165 166 166 166 165 164 163 163 161 158 157 152 157 157 156 158 160 160 162 158 163 163 163 164 163 164 161 161 159 157 160 161 160 158 155 156 153 153 153 151 146 148 153 153 155 160 158 161 157 165 165 165 164 160 157 153 152 151 152 151 152 153 143 145 151 150 147 158 160 159 157 157 156 158 157 157 159 157 153 150 151
166 166 167 167 167 168 167 167 167 166 166 167 166 166 166 166 166 166 165 164 165 162 159 161 157 159 151 152 147 159 161 161 157 160 162 163 163 164 163 160 161 160 160 159 160 158 153 153 154 152 152 153 154 154 156 155 155 154 156 162 163 165 165 165 164 161 157 153 152 148 148 148 148 148 151 153 152 152 147 153 160 162 161 160 160 159 160 159 161 162 157 156 155 156
166 166 167 167 168 168 168 167 167 167 166 167 167 166 167 167 166 166 165 166 166 164 163 160 155 154 151 154 150 160 161 159 160 163 161 162 163 163 163 162 162 159 161 160 159 157 155 153 154 152 153 153 153 155 157 157 157 161 160 163 165 165 165 165 163 160 155 152 148 146 146 144 145 147 151 155 151 157 150 158 161 162 162 162 160 161 162 162 164 164 165 164 162 156
166 166 167 168 168 168 168 167 167 167 167 167 167 166 167 167 167 166 167 166 167 165 162 159 156 153 150 154 153 160 158 158 159 158 160 162 162 163 163 162 163 163 161 161 161 160 157 155 155 154 153 152 155 155 156 153 155 161 163 164 165 165 165 163 161 159 153 150 147 148 148 143 144 146 150 150 156 157 159 155 161 162 162 162 161 164 164 164 163 164 164 165 165 162
166 166 167 166 167 168 168 167 167 167 168 167 167 167 167 168 167 167 167 167 167 166 162 161 158 158 152 152 155 159 158 160 161 162 163 163 162 162 161 162 161 162 160 161 160 158 158 155 153 154 151 153 155 155 159 157 155 155 157 165 165 165 164 161 161 157 152 147 147 143 144 140 141 147 152 148 152 156 160 159 158 162 163 163 163 163 163 164 164 164 165 165 165 165
166 166 167 167 166 167 167 167 167 168 168 168 168 168 168 168 168 168 168 169 168 168 163 160 160 154 149 155 150 159 161 161 157 162 161 161 161 160 160 160 158 161 157 159 158 158 156 152 151 155 151 153 154 155 159 161 163 156 155 165 165 165 162 159 157 153 149 145 144 140 140 138 146 145 146 150 153 158 161 162 162 160 162 162 162 163 163 163 164 164 165 165 165 165
166 166 167 167 167 167 168 168 168 168 168 168 168 168 169 168 169 169 169 169 169 167 165 160 160 157 158 151 151 159 160 158 162 158 160 153 155 157 156 155 157 158 157 158 159 159 157 152 151 153 158 151 158 152 156 161 161 155 155 165 165 165 159 156 157 151 147 148 143 140 139 145 144 140 145 151 155 157 160 159 158 156 159 162 163 164 163 163 164 165 164 165 165 166
166 166 166 167 167 167 168 169 169 168 168 169 168 168 169 170 169 169 170 169 169 167 163 164 160 155 157 155 155 156 159 160 159 157 158 155 154 156 152 152 159 160 155 155 160 160 158 152 151 151 157 151 155 162 162 163 158 165 165 165 165 161 157 152 154 148 145 146 142 140 141 144 137 140 145 149 153 158 159 161 156 151 154 159 163 159 161 163 164 164 165 165 164 165
166 165 165 167 167 167 168 169 168 168 169 169 169 169 169 169 170 169 170 169 169 167 167 162 157 155 161 155 158 148 157 158 157 158 158 154 154 154 155 154 158 158 156 158 160 159 158 153 152 157 158 160 159 153 157 163 163 165 165 165 163 158 153 150 152 146 142 146 142 142 139 139 138 140 145 150 154 157 158 160 160 159 159 159 161 156 157 160 163 164 164 165 164 164
165 165 166 166 167 167 168 168 168 168 169 169 169 168 169 169 169 169 169 169 169 167 162 160 156 159 158 159 156 153 155 159 160 159 155 158 153 153 152 157 159 158 161 157 158 158 159 154 153 153 151 154 156 150 152 154 161 163 165 165 161 155 152 148 146 152 150 146 145 142 139 138 140 142 145 150 154 156 159 157 156 156 157 158 157 155 151 157 160 163 165 164 164 163
165 165 166 166 166 167 168 168 168 168 168 169 169 169 169 169 169 168 169 168 167 166 162 157 162 162 157 158 158 154 149 153 156 160 155 157 153 154 157 155 158 156 159 161 156 156 156 159 156 150 151 157 151 150 148 152 152 165 165 164 159 153 149 147 146 144 148 146 144 139 139 140 142 144 147 150 153 156 155 154 153 152 154 154 158 156 150 151 159 156 163 164 164 165
165 165 166 166 166 166 167 169 168 168 168 169 169 169 169 169 169 168 168 166 166 167 165 164 158 154 156 153 157 153 149 151 153 160 161 160 158 154 153 153 154 156 157 160 158 156 159 160 157 151 153 155 152 151 156 151 165 165 165 164 157 153 147 146 145 144 144 148 144 138 140 139 142 146 148 151 153 152 152 150 150 153 155 157 154 156 154 151 151 159 158 162 164 166
