DE_solarradiation/2018_02_solarradiation.asc
NCOLS 654
NROWS 866
XLLCORNER 3280500
YLLCORNER 5237500
CELLSIZE 1000
NODATA_VALUE -999
[rows 525 to 559 of 866, columns 312 to 389 of 654]
51.77 51.17 51.11 51.03 51.15 51.08 51.2 51.31 51.24 50.92 50.68 50.48 50.31 49.99 50.02 49.99 50.13 50.5 50.17 49.77 49.76 50.12 49.97 49.85 50.01 49.78 50.08 50.07 49.92 50.18 50.42 50.41 50.45 50.21 49.98 49.94 49.74 49.83 49.88 49.93 49.83 49.74 49.72 49.74 49.76 50.2 50.33 50.37 49.93 50.51 49.76 50.44 49.68 50.17 50.18 49.3 49.33 49.16 49.01 49.08 49.01 48.96 48.97 48.93 48.98 48.58 48.55 48.22 48.63 48.81 47.93 47.91 48.95 48.08 48.65 47.54 48.77 47.34
51.7 51.68 51.4 51.11 51.04 50.83 51.03 51.15 51.11 50.76 50.6 50.37 50.26 50.21 50.21 50.41 50.17 50.04 49.9 49.81 49.79 50.31 50.28 49.93 49.92 49.81 49.84 50.1 50.07 49.86 49.89 50.43 50.32 50.46 50.11 49.95 49.83 49.8 49.85 49.97 49.95 49.89 49.87 49.65 49.67 49.8 49.94 50.09 49.73 50.14 49.96 50.07 49.5 50.1 49.52 49.32 49.29 49.24 49.29 49.24 49.13 49.12 49.17 49.17 49.11 48.7 48.59 48.37 48.46 48.94 48.17 48.23 48.84 48.08 49.25 47.82 48.19 48.9
51.89 51.77 51.57 51.41 51.22 51.12 50.89 50.98 50.94 50.74 50.51 50.44 50.37 50.05 50.01 49.85 49.85 49.75 49.74 49.92 49.86 50.08 50.28 50.08 49.96 49.84 49.79 49.74 50.17 49.92 50.19 50.33 50.05 50.33 50.32 49.95 49.88 49.96 50.19 50.21 50.06 49.96 49.93 49.87 49.77 49.78 49.79 49.93 49.82 49.92 49.85 49.79 49.64 49.59 49.8 50.64 49.75 49.66 49.55 49.46 49.35 49.31 49.28 49.4 49.24 49 48.61 48.7 48.99 49.27 48.85 48.67 48.81 49.22 49.87 49.28 48.34 49.34
52.53 52.33 51.82 51.81 51.59 51.21 51.15 51.03 50.69 50.72 50.57 50.42 50.27 50.03 49.98 50.03 50.1 50.28 49.84 49.82 49.88 49.93 49.83 49.83 49.82 49.94 49.89 49.87 49.9 49.96 49.91 50.02 50.17 50.47 50.58 50.1 50.29 50.44 50.42 50.73 50.42 50.32 50.25 50.12 50.12 50.06 50.11 50.22 50.13 50.18 50.29 50.26 50.12 50.1 50.15 50.57 50.62 50.73 50.1 49.97 49.81 49.74 49.77 49.85 49.67 49.41 49.13 49.23 49.46 49.08 49.13 48.8 48.93 49.19 50.15 49.43 48.39 49.49
52.62 52.46 52.37 52.03 51.81 51.19 50.94 50.79 50.76 50.75 50.68 50.53 50.3 50.06 49.92 49.86 50.33 50.31 49.9 49.77 49.75 49.92 49.78 49.78 49.85 49.88 49.87 49.82 49.96 50.17 50.05 50.23 50.29 50.63 50.31 50.42 50.45 50.37 50.45 50.76 50.92 50.69 50.51 50.48 50.37 50.22 50.21 50.26 50.24 50.37 50.37 50.42 50.47 50.45 50.5 50.87 50.85 50.79 51.03 50.79 50.59 50 49.92 50 49.73 49.59 49.46 49.44 49.42 49.35 49.16 48.98 49.08 49.02 49.21 49.5 48.53 49.52
52.63 52.44 52.27 52.17 52.14 51.53 51.39 51.09 50.97 51.02 50.75 50.6 50.46 50.06 49.95 49.9 49.89 49.83 49.93 49.88 49.78 50.07 49.96 50.07 49.68 49.87 49.86 50.27 50.46 50.12 50.1 50.13 50.24 50.69 50.69 50.66 50.61 50.77 50.92 50.92 50.93 50.77 50.97 50.74 50.74 50.4 50.35 50.31 50.41 50.34 50.31 50.39 50.45 50.58 50.94 50.64 50.7 50.8 50.49 50.41 50.36 50.39 50.01 49.93 49.86 49.76 49.71 49.8 49.62 50.33 50.31 49.92 49.09 49.69 49.17 49.38 48.73 48.74
52.38 52.19 52.07 52.02 51.78 51.33 51.16 51.16 50.9 51.48 50.97 50.71 50.45 50.21 50.1 50.25 50.19 49.86 49.92 50.14 50.32 50.18 49.99 50.14 50.06 50.09 50.24 50.45 50.43 50.26 50.17 50.07 50.22 50.51 50.75 50.71 50.35 50.77 50.77 50.97 50.85 50.73 51.08 51.16 50.97 51.12 50.65 50.4 50.42 50.56 51.12 50.92 50.82 50.88 51.04 51.09 51.15 50.86 50.66 50.58 50.61 50.84 50.8 50.1 49.98 49.84 49.83 49.73 49.66 50.58 49.62 49.62 49.14 49.62 49.26 48.84 49.08 49.22
52.22 52.09 52.02 51.96 51.81 51.36 51.23 51.15 51 51.32 51.55 51.05 50.71 50.35 50.28 50.2 50.26 50.05 49.95 50.05 50.08 50.28 50.2 49.97 50 50.11 50.1 50.04 50.18 50.36 50.54 50.16 50.27 50.41 50.68 50.69 50.39 50.66 51.01 51.08 51 50.64 50.8 51.16 51 50.99 50.94 50.5 50.95 51.6 51.38 51.1 51.19 51.24 50.91 51.38 51.21 50.92 50.92 51.1 51.14 50.85 50.78 50.5 50.11 50.01 49.81 49.74 49.88 50.9 50.25 50.49 49.89 49.24 49.03 49.87 49.33 49.07
52.27 52.05 51.93 51.93 51.84 51.42 51.3 51.19 51.11 51.12 51.55 51.91 51.17 50.62 50.62 50.38 50.37 50.11 50.06 50.34 50.34 50.26 50.23 50.07 49.95 49.98 49.97 50.1 50.09 50.42 50.47 50.5 50.32 50.12 50.66 50.53 50.72 50.47 51.04 50.85 50.92 50.64 51.22 50.87 51.14 51.17 50.93 50.6 51.01 51.39 51.01 51.07 50.98 50.98 51.12 51.29 51.16 51.13 51.09 51 51.12 50.83 50.94 51.26 50.25 50.38 50.09 49.99 50.04 50.99 50.84 50.42 49.7 49.48 49.23 50.26 49.81 49
52.19 52.27 52.12 52.03 51.96 51.54 51.6 51.5 51.27 51.3 51.89 52.02 51.67 51.55 51.04 50.49 50.47 50.3 50.43 50.29 50.32 50.29 50.17 50.16 50.12 50.15 50.33 50.39 50.33 50.2 50.21 50.23 50.26 50.28 50.34 50.58 50.87 50.82 50.93 51.08 51.03 50.87 50.7 50.97 51.24 51.19 50.9 50.73 50.75 50.97 51.53 51.36 51.15 50.96 51.06 51.3 51.2 51.22 51.19 51.21 51.28 51 50.8 50.64 50.41 51.12 51.22 50.34 51.1 51.03 51.19 50.54 50.2 49.52 49.5 50.02 49.61 50.06
52.29 52.26 52.31 52.22 52.26 51.81 51.74 51.56 51.41 51.8 52.24 52.12 51.85 51.42 51.15 50.78 50.88 50.71 50.47 50.27 50.26 50.5 50.35 50.45 50.3 50.68 50.34 50.68 50.79 50.49 50.71 50.69 50.51 50.81 50.76 50.67 50.6 50.98 51.01 50.99 50.76 50.98 51.31 51.42 51.4 51.51 51.21 51.2 50.95 51.21 51.53 51.44 51.06 51.32 51.21 51.54 51.43 51.27 51.25 51.16 51.5 51.42 51.25 51.52 51.14 50.72 50.96 51.43 51.83 51.41 51.42 51.35 50.43 50.04 49.94 49.64 49.82 50.19
52.43 52.44 52.37 52.31 52.25 52.02 52.01 51.79 51.74 52.14 52.33 52.02 51.99 51.34 50.95 50.82 50.85 50.66 50.53 50.42 50.31 50.82 50.7 50.9 50.54 50.6 50.59 50.76 50.64 50.62 50.61 50.66 50.8 50.85 50.92 50.98 50.72 50.82 50.89 50.87 51.45 51.05 51.54 51.52 51.26 51.37 51.39 51.22 50.93 51.18 51.07 51.11 51.48 51.49 51.42 51.28 51.15 51.17 51.19 51.29 51.32 51.51 51.31 51.42 51.04 50.81 51.35 51.67 51.37 51.42 51.11 51.12 50.13 51.09 50.73 50.47 49.98 50.35
52.42 52.55 52.4 52.33 52.2 51.94 51.72 51.66 51.47 52.33 52.13 52.29 51.55 50.98 50.9 50.72 50.59 50.73 50.54 50.63 50.44 50.61 50.77 50.87 50.75 50.77 50.84 50.74 50.77 50.79 50.62 50.79 50.69 50.9 50.97 51.11 50.85 50.71 50.78 51.08 51.18 51.6 51.58 51.59 51.37 51.84 51.46 51.32 51.08 51.25 51.58 51.64 51.81 51.51 51.26 51.31 51.25 51.27 51.41 51.32 51.35 51.54 51.34 51.29 51.14 50.79 51.02 51 51.04 50.85 50.59 50.36 50.24 51.28 50.52 51.05 50.95 50.23
52.54 52.5 52.43 52.45 52.62 51.89 51.57 51.53 51.58 51.54 51.3 52.05 51.57 51.07 50.77 50.59 50.65 50.51 50.61 50.38 50.31 50.59 50.74 50.85 50.65 50.84 50.75 50.96 50.87 50.89 50.91 50.84 50.79 50.73 51.15 51.2 51.1 51.07 50.82 51.04 51.38 51.33 51.58 51.48 51.42 51.57 51.35 51.37 51.07 51.45 51.62 51.53 51.62 51.63 51.41 51.23 51.21 51.42 51.49 51.52 51.46 51.38 51.34 51.14 50.98 50.91 51.02 51.07 50.85 50.77 50.54 50.44 50.42 50.34 50.32 50.59 50.67 50.09
52.62 52.46 52.27 52.27 52.07 51.62 51.44 51.61 51.52 51.49 51.37 51.68 52.2 51.66 50.95 50.85 50.6 50.53 50.42 50.47 50.33 50.84 50.64 50.64 50.7 50.85 50.64 51.64 51.63 51.21 51.31 51.02 50.88 50.86 50.88 51.02 51.38 51.12 50.83 50.97 51.19 51.8 51.63 51.48 51.48 51.41 51.08 51.02 51.47 51.25 51.3 51.5 51.94 51.84 51.42 51.28 51.33 51.9 51.41 51.36 51.55 51.54 51.37 51.25 50.98 50.99 51.49 51.07 50.65 50.58 50.62 50.9 50.85 51.27 51.06 50.29 51.01 50.94
52.46 52.39 52.43 52.2 51.83 51.76 51.55 51.52 51.41 51.24 51.33 51.79 52.03 51.77 51.45 50.84 50.65 50.64 50.57 50.54 50.82 50.66 50.58 50.69 50.8 50.67 50.85 50.86 50.86 51.03 51.06 51.27 50.97 50.95 50.78 50.76 51.17 51.02 50.81 51.11 51.84 51.82 51.63 51.34 51.47 51.3 51.04 51.14 51.31 51.42 51.73 51.89 51.75 51.57 51.26 51.25 51.45 51.32 51.42 51.45 51.47 51.47 51.58 51.3 51.02 50.99 50.87 50.8 50.92 50.93 50.93 50.83 50.69 50.79 51.25 50.79 50.99 50.49
52.22 52.19 52.16 52.28 51.78 51.68 51.43 51.36 51.24 51.24 51.08 51.07 51.23 51.01 51.79 51.02 50.91 50.62 50.47 50.39 50.8 50.4 50.79 51.13 50.93 50.72 50.66 50.68 50.71 50.84 50.79 51.63 51.88 51.51 51.26 51.12 50.98 51.11 50.89 51.06 51.56 52.05 51.68 51.69 51.55 51.41 51.09 51.42 51.67 51.65 51.7 51.89 51.94 51.81 51.39 51.38 51.32 51.18 51.19 51.13 51.44 51.32 51.5 51.45 51.07 51.03 50.95 51.07 51.59 51.24 50.93 51.17 50.98 51.05 51.18 50.61 51.49 51.21
52.8 52.74 52.47 52.12 51.86 51.6 51.62 51.43 51.23 51.23 51.1 50.95 50.87 50.64 50.71 51.62 51.65 50.83 50.57 50.41 50.53 50.77 51 51.11 50.98 51 50.87 50.96 51.51 50.85 50.79 51.47 51.54 52.06 51.41 51.35 51.33 51 51.01 51.03 51.29 51.98 51.68 51.53 51.47 51.1 51.35 51.45 51.87 51.92 52.06 51.77 51.51 51.88 51.49 51.27 51.2 51.17 51.15 51.13 51.42 51.13 51.04 51.05 51.09 51.2 51.06 51.88 51.58 51.43 51.19 51.35 51.46 52.01 51.28 51.44 51.14 51.55
52.72 52.74 52.66 52.43 52.19 51.86 51.64 51.34 51.22 51.37 51.21 50.96 50.81 50.64 50.48 51.68 51.73 50.91 50.65 50.49 50.67 50.9 51.14 51.24 51.11 51.14 51.24 50.82 51.01 50.99 50.84 50.97 51.08 52.03 51.58 51.12 51.15 51.16 51.12 51.15 51.23 51.59 51.74 51.54 51.45 51.41 51.5 51.6 51.89 52.17 51.95 51.63 51.6 51.62 51.31 51.29 51.29 51.27 51.32 51.25 51.24 51.26 51.16 51.15 51.1 51.37 51.35 51.66 51.9 51.75 51.67 51.4 51.29 51.29 51.61 50.96 50.53 50.97
52.56 52.58 52.51 52.43 52.15 51.88 52.01 51.65 51.37 51.21 51.17 51 50.88 50.71 50.42 50.59 50.38 50.5 50.7 50.77 50.6 50.56 50.95 50.82 50.81 50.82 51.12 50.59 50.77 50.87 51.08 50.9 51.39 51.36 52.14 51.37 51.34 51.41 51.14 51.28 51.14 51.48 51.85 51.23 51.25 51.58 51.72 51.82 52.12 52.84 51.95 51.71 51.32 51.33 51.39 51.56 51.77 52.06 51.95 51.65 51.32 51.42 51.37 51.43 51.61 51.06 51 51.31 51.19 51.27 51.19 51.38 51.24 51.01 51.06 51.03 50.53 51
52.84 52.66 52.62 52.51 52.34 52.03 51.73 51.86 51.68 51.28 51.03 50.87 50.82 50.82 50.37 50.47 50.32 50.25 50.45 51.11 50.86 50.82 50.85 50.64 50.66 50.53 50.66 51.18 51.25 51.03 50.81 50.79 51.12 51.33 52.23 52.16 52.25 52.12 51.81 51.17 51.19 51.21 51.58 51.24 51.73 51.59 51.57 52.07 52.2 52.41 51.88 51.6 51.34 51.39 51.55 51.45 51.73 52.73 52.12 51.67 51.68 51.59 51.8 51.79 51.5 51.3 51.05 50.95 51 51.08 50.96 50.88 50.85 51.21 51.18 50.71 50.7 50.84
53.03 52.81 52.78 52.63 52.34 52.03 52.01 51.62 51.85 51.63 51.5 51.1 50.9 50.85 50.52 50.37 50.27 50.23 50.35 50.58 51.08 51.18 51.1 51.31 50.75 50.7 50.87 51.1 51.22 51.2 51.09 50.88 51.25 51.14 51.25 51.42 52.42 52.12 51.43 51.49 51.43 51.21 51.23 51.28 51.69 51.79 52.13 51.87 52.01 51.75 51.88 51.37 51.4 51.47 51.57 52.24 51.79 51.73 51.85 52.61 52.09 51.59 51.62 52.24 51.79 51.55 51.95 51.44 50.89 50.81 51 51.12 50.66 51.05 50.63 50.9 50.76 50.45
53 52.89 52.86 52.6 52.61 52.15 51.97 51.93 51.77 51.68 51.42 51.41 51.17 50.68 50.55 50.44 50.41 50.22 50.22 50.37 50.87 51.21 51 51.1 50.89 51.1 51.12 51.29 51.19 51.21 51.14 50.89 50.94 50.99 51.24 51.41 52.34 52.01 51.43 51.33 51.43 51.22 51.27 51.36 51.69 51.83 51.9 51.92 51.82 51.61 51.62 51.41 51.42 51.6 52 52.33 52.82 52.12 51.67 52.47 52.38 52.08 51.83 52.09 52 51.53 51.21 51.05 51.16 51.05 50.81 50.77 50.66 50.47 50.43 50.48 50.68 50.44
53.32 53.12 52.85 52.75 52.65 52.14 51.81 51.69 51.53 51.44 51.2 51.44 51.35 50.94 50.7 50.47 50.32 50.24 50.29 50.55 51.05 51.46 51.41 51.2 51.09 51.2 51.17 51.07 51.24 51.21 51.11 51.2 51.42 51.27 51.09 51.14 52.27 52.08 51.71 51.45 51.28 51.26 51.63 52.07 51.78 51.68 52.19 51.77 51.52 51.57 51.35 51.43 51.47 51.88 52.45 52.93 53.02 52.1 51.96 51.82 51.87 52.1 52.04 51.9 51.7 51.66 51.8 51.37 51.13 51.17 50.98 51.05 51.06 50.7 50.4 50.36 50.44 50.28
53.21 53.17 52.75 52.67 52.61 52.22 51.96 51.81 51.8 51.67 51.43 51.21 51.31 50.78 50.53 50.49 50.35 50.3 50.43 50.53 51.23 51.41 51.22 51.33 51.22 51.36 51.18 51.14 51.21 51.13 51.38 51.55 51.93 51.43 51.51 51.2 51.73 51.89 52.02 52.35 51.46 51.31 51.71 52.18 52.04 52.02 52.07 51.74 51.4 51.41 51.43 51.51 51.63 52.39 52.88 53.14 52.44 52.49 52.2 52.09 52.04 52.22 52.28 52.07 52.26 52.73 52.99 52.17 51.3 51.41 51.92 51.73 51.33 50.94 50.99 50.63 50.35 50.27
53.05 52.78 52.87 52.25 52.54 52.3 52 51.76 51.68 51.51 51.37 50.97 51.12 50.74 50.44 50.29 50.37 50.38 50.33 50.51 51.01 51.77 51.95 51.86 51.72 51.46 52.07 51.48 51.72 52.16 52.25 51.75 51.52 51.41 51.43 51.43 51.52 51.57 51.94 52.41 51.76 51.54 51.72 52.14 52.12 52.19 52.12 51.83 51.64 51.59 51.68 51.79 52.16 53 52.98 52.53 52.74 52.96 53.17 52.87 52.82 52.72 52.94 52.81 52.99 52.84 52.35 52 51.25 51.41 51.79 52.11 51.95 51.16 50.81 50.57 50.88 50.8
52.99 52.88 52.53 52.65 52.63 52.2 51.85 51.65 51.57 51.68 51.5 51.06 50.72 50.46 50.54 50.46 50.27 50.35 50.38 50.46 51.06 52.05 52.14 51.83 51.81 51.66 51.67 51.37 51.72 51.52 51.45 51.66 51.84 51.8 51.89 51.5 51.59 52.43 52.39 52.01 51.55 51.65 51.82 52.38 52.23 52.32 51.99 51.57 51.59 51.68 51.82 51.79 51.97 52.33 52.31 52.13 52.47 52.56 53.73 53.36 53.61 53.33 53.31 53.09 52.33 52.73 52.2 51.73 51.42 51.68 52.04 51.99 51.64 51.36 51.12 50.69 51.11 50.7
52.65 52.42 52.03 52.7 52.2 52.23 51.93 51.65 51.56 51.67 51.69 51.29 50.95 50.6 50.5 50.34 50.25 50.37 50.32 50.39 50.69 51.42 51.48 52.32 52.1 52.15 52.08 52.05 52.16 51.69 51.85 52.46 51.8 51.65 51.57 51.53 51.55 51.91 52.39 52.49 51.87 51.56 51.93 52.37 52.1 51.93 51.79 51.61 51.63 51.72 51.82 52.3 52.72 52.62 52.17 52.73 52.9 52.84 53.62 53.6 53.71 53.54 53.12 53.29 52.66 52.34 52.33 51.58 52.2 51.77 51.93 52.04 52.08 51.59 51.08 51.28 51.11 50.86
52.77 52.42 52.43 52.35 52.4 51.56 51.58 51.66 51.6 51.67 51.49 51.64 51.34 50.76 50.42 50.61 50.21 50.36 50.35 50.54 50.67 51.17 52.01 51.43 51.99 51.96 52.21 52.09 52.4 52.4 52.18 52.66 52.24 51.77 51.73 52.44 51.56 51.79 52.28 52.45 51.75 51.8 52.56 52.56 52.34 52.05 51.95 51.65 51.71 51.81 52.02 52.2 52.65 53.65 52.72 52.5 52.48 53.21 53.52 53.69 53.44 53.51 53.32 52.76 52.79 52.99 51.83 52.38 52.46 52.49 52.61 52.8 52.72 51.4 51.29 51.27 51.24 51.26
52.59 51.68 52.47 52.19 51.77 51.77 51.49 51.58 51.67 51.27 51.68 51.74 51.38 50.83 50.76 50.53 50.25 50.26 50.3 50.6 51.08 50.95 51.36 51.76 52.01 51.91 51.87 52.3 52.25 52.49 52.38 52.32 51.97 51.93 51.89 51.74 51.79 51.87 51.85 52.29 52.15 51.64 52.04 52.56 52.35 52.25 51.99 51.66 51.75 51.97 52.43 52.71 53.6 53.62 53.72 53.11 52.62 53.07 53.77 53.75 53.62 53.37 53.09 53.04 52.64 53 52.55 52.63 52.47 51.95 52.5 52.45 52.45 52.2 51.49 51.4 51.27 51.06
52.32 51.96 51.57 51.96 52.13 52.04 51.73 51.65 51.83 51.62 50.97 51.07 50.97 50.85 50.71 50.43 50.23 50.3 50.42 50.62 51.18 51.01 51.1 51.51 51.78 51.72 51.88 52.08 52.27 52.27 52.19 52.56 52.76 52.8 52.25 52.02 51.76 51.72 51.89 52.41 51.99 52 51.92 51.86 52.16 52.33 51.72 51.7 52.04 52.01 52.23 52.49 52.51 53.32 53.66 53.64 52.75 53.55 53.82 53.61 53.43 53.23 53.22 53.09 52.97 52.22 52.68 51.69 52.6 52.47 52.36 52.58 52.54 52.61 52.48 51.77 51.27 51.22
51.5 51.97 52.01 52.2 52.2 51.94 51.72 51.96 51.98 51.58 51.36 50.71 51.24 50.69 50.77 50.49 50.34 50.36 50.36 50.5 50.69 50.72 51.15 51.95 51.76 51.69 51.61 51.69 52 52.12 52.09 52.29 52.13 52.88 52.14 52.02 52.04 51.8 51.89 52.06 52.5 52.03 51.77 52.1 52.28 51.86 51.72 51.75 52.12 52.34 52.01 52.29 52.43 53.13 53.46 53.84 53.59 53.8 53.72 53.67 53.8 53.64 53.27 53.3 53.06 52.78 52.18 52.65 52.65 52.52 52.45 52.47 52.51 52.41 52.37 51.8 51.27 51.69
51.71 51.39 51.98 52.13 52.01 52.17 51.76 51.64 51.62 51.56 51.46 51.12 51.02 50.55 50.56 50.28 50.47 50.31 50.45 50.59 50.91 50.8 51.67 51.92 51.85 51.62 51.27 51.3 51.73 52.04 52.41 52.05 52.1 51.94 51.94 51.98 51.95 51.95 51.8 51.77 51.98 52.19 51.81 52.1 51.99 51.78 51.76 52.26 52.05 52.42 52.25 52.31 52.64 53.45 53.95 53.93 53.59 52.91 53.37 53.59 53.34 53.37 53.36 52.92 52.87 52.56 52.7 52.7 52.62 52.57 52.52 52.56 52.39 52.34 52.41 51.96 52.02 52.23
51.9 51.3 51.45 51.67 51.9 51.71 51.44 51.23 50.99 51.24 51.1 51.04 50.97 50.51 50.36 50.21 50.23 50.3 50.36 50.55 51.31 50.93 51.62 51.86 51.79 51.75 51.68 51.67 51.78 52.26 52.3 52.26 52.38 52.34 52.38 52.15 52.19 52.31 51.97 51.94 52.8 52.07 51.89 52.1 51.89 51.9 51.89 52.35 52.49 52.19 52.49 52.4 53.14 53.91 54.18 53.09 53.38 52.7 53.53 53.68 53.42 53.13 53.32 53.08 52.96 52.56 52.9 52.9 52.81 52.65 52.64 52.51 52.39 52.39 52.46 52.41 52.31 51.93
51.72 51.7 51.22 51.41 51.55 51.44 51.12 51.03 50.85 51.07 50.85 50.67 50.59 50.33 50.5 50.37 50.29 50.28 50.31 50.4 50.68 50.7 50.93 51.59 51.84 51.76 51.53 51.41 51.91 51.79 52.1 52.3 52.27 53.25 53.06 53.22 52.83 52.2 51.97 52.1 52.88 52.15 51.94 52.11 51.89 51.88 51.94 52.24 52.3 52.4 52.42 52.56 52.6 53.17 52.99 52.94 52.65 53.62 53.71 53.65 53.4 53.19 53.14 53.13 52.97 52.84 52.67 52.71 52.7 52.62 52.49 52.48 52.31 52.35 52.34 52.45 52.46 51.89
