DE_solarradiation/2018_09_solarradiation.asc
NCOLS 654
NROWS 866
XLLCORNER 3280500
YLLCORNER 5237500
CELLSIZE 1000
NODATA_VALUE -999
[rows 288 to 319 of 866, columns 365 to 437 of 654]
107.66 107.7 107.76 107.83 107.86 107.87 107.88 107.88 107.92 107.89 107.9 107.87 107.88 107.88 107.89 107.86 107.87 107.84 107.81 107.82 107.79 107.79 107.79 107.77 107.77 107.8 107.8 107.8 107.79 107.82 107.85 107.88 107.9 108.03 108.06 108.08 108.15 108.17 108.22 108.24 108.3 108.39 108.42 108.44 108.44 108.46 108.46 108.45 108.44 108.4 108.37 108.33 108.32 108.28 108.24 108.17 108.04 108 107.92 107.89 107.85 107.77 107.73 107.66 107.53 107.48 107.44 107.4 107.35 107.31 107.29 107.25 107.21
107.57 107.68 107.71 107.78 107.81 107.85 107.86 107.86 107.87 107.87 107.85 107.85 107.85 107.83 107.83 107.84 107.81 107.81 107.79 107.75 107.76 107.74 107.73 107.73 107.74 107.74 107.74 107.74 107.77 107.77 107.8 107.83 107.86 107.97 108.01 108.06 108.09 108.12 108.16 108.22 108.25 108.34 108.36 108.39 108.41 108.41 108.4 108.39 108.39 108.35 108.34 108.3 108.27 108.23 108.19 108.15 108.02 107.98 107.9 107.87 107.83 107.79 107.71 107.67 107.54 107.5 107.45 107.41 107.37 107.35 107.31 107.27 107.25
107.56 107.59 107.69 107.76 107.79 107.8 107.8 107.84 107.84 107.85 107.82 107.83 107.8 107.81 107.81 107.78 107.79 107.76 107.73 107.74 107.7 107.71 107.71 107.68 107.68 107.68 107.68 107.72 107.72 107.74 107.74 107.78 107.81 107.93 107.99 108.01 108.03 108.06 108.13 108.17 108.2 108.28 108.33 108.33 108.36 108.35 108.38 108.37 108.36 108.33 108.29 108.28 108.24 108.21 108.16 108.13 108 107.96 107.92 107.88 107.81 107.77 107.72 107.68 107.55 107.51 107.47 107.42 107.41 107.37 107.35 107.31 107.27
107.54 107.57 107.67 107.74 107.77 107.77 107.78 107.79 107.79 107.8 107.8 107.77 107.78 107.78 107.76 107.76 107.73 107.74 107.71 107.68 107.68 107.65 107.65 107.66 107.66 107.66 107.66 107.66 107.69 107.69 107.73 107.75 107.79 107.88 107.94 107.97 108 108.06 108.08 108.11 108.17 108.26 108.28 108.31 108.3 108.33 108.32 108.32 108.31 108.3 108.26 108.26 108.22 108.18 108.14 108.1 108.01 107.97 107.93 107.89 107.85 107.81 107.74 107.7 107.59 107.55 107.51 107.47 107.46 107.41 107.4 107.36 107.34
107.55 107.56 107.59 107.71 107.75 107.75 107.75 107.76 107.79 107.8 107.81 107.78 107.78 107.79 107.76 107.76 107.74 107.74 107.68 107.65 107.65 107.66 107.62 107.62 107.63 107.63 107.63 107.66 107.66 107.69 107.69 107.73 107.76 107.85 107.91 107.94 107.97 108 108.06 108.09 108.11 108.23 108.26 108.28 108.31 108.3 108.33 108.32 108.32 108.28 108.27 108.23 108.23 108.19 108.18 108.14 108.08 108.04 108 107.96 107.92 107.88 107.84 107.8 107.73 107.69 107.67 107.63 107.62 107.58 107.57 107.55 107.51
107.59 107.63 107.63 107.66 107.72 107.76 107.76 107.76 107.77 107.77 107.75 107.76 107.76 107.73 107.74 107.71 107.71 107.68 107.65 107.63 107.63 107.6 107.6 107.6 107.6 107.61 107.61 107.61 107.63 107.64 107.66 107.7 107.72 107.81 107.85 107.88 107.94 107.97 108 108.03 108.09 108.18 108.23 108.26 108.25 108.28 108.27 108.3 108.29 108.26 108.25 108.24 108.2 108.2 108.16 108.13 108.06 108.02 108.01 107.97 107.93 107.89 107.85 107.81 107.77 107.73 107.72 107.68 107.66 107.62 107.61 107.6 107.56
107.59 107.63 107.63 107.64 107.73 107.73 107.74 107.74 107.71 107.72 107.73 107.73 107.71 107.71 107.68 107.68 107.65 107.66 107.6 107.57 107.57 107.57 107.54 107.55 107.55 107.55 107.55 107.58 107.58 107.61 107.61 107.64 107.67 107.76 107.79 107.86 107.88 107.91 107.95 108.01 108.03 108.15 108.18 108.2 108.23 108.26 108.25 108.24 108.24 108.23 108.22 108.22 108.18 108.18 108.14 108.1 108.07 108.03 107.99 107.95 107.94 107.9 107.86 107.82 107.78 107.74 107.73 107.69 107.68 107.67 107.63 107.61 107.6
107.61 107.61 107.62 107.62 107.62 107.67 107.67 107.68 107.69 107.69 107.7 107.68 107.68 107.65 107.66 107.63 107.63 107.6 107.55 107.55 107.52 107.52 107.52 107.52 107.49 107.52 107.53 107.52 107.52 107.55 107.59 107.59 107.65 107.7 107.76 107.8 107.83 107.89 107.92 107.95 108.01 108.1 108.15 108.18 108.2 108.2 108.23 108.22 108.21 108.21 108.2 108.17 108.16 108.15 108.12 108.11 108.04 108.01 108 107.96 107.92 107.91 107.87 107.83 107.79 107.75 107.74 107.7 107.69 107.68 107.64 107.63 107.62
107.59 107.59 107.59 107.6 107.6 107.65 107.65 107.65 107.65 107.66 107.64 107.65 107.63 107.63 107.6 107.6 107.58 107.55 107.52 107.49 107.49 107.46 107.47 107.46 107.47 107.47 107.47 107.47 107.5 107.5 107.53 107.56 107.59 107.62 107.71 107.77 107.79 107.83 107.86 107.92 107.95 108.07 108.1 108.12 108.15 108.18 108.17 108.19 108.19 108.18 108.18 108.17 108.14 108.13 108.1 108.09 108.02 108.01 107.98 107.94 107.93 107.89 107.88 107.85 107.81 107.76 107.75 107.71 107.7 107.69 107.66 107.64 107.63
107.59 107.6 107.6 107.61 107.58 107.58 107.63 107.63 107.63 107.61 107.61 107.59 107.6 107.57 107.58 107.55 107.51 107.52 107.46 107.43 107.43 107.43 107.4 107.41 107.41 107.41 107.41 107.44 107.45 107.47 107.47 107.5 107.53 107.59 107.68 107.71 107.74 107.8 107.83 107.86 107.92 108.04 108.07 108.1 108.12 108.15 108.15 108.17 108.17 108.16 108.15 108.15 108.12 108.11 108.1 108.07 108.03 107.99 107.99 107.95 107.91 107.9 107.86 107.85 107.79 107.78 107.74 107.73 107.72 107.68 107.67 107.66 107.65
107.56 107.57 107.58 107.58 107.59 107.56 107.57 107.61 107.57 107.57 107.55 107.54 107.54 107.52 107.52 107.49 107.49 107.46 107.4 107.41 107.38 107.38 107.38 107.38 107.35 107.38 107.39 107.39 107.42 107.42 107.44 107.47 107.5 107.53 107.62 107.68 107.71 107.74 107.81 107.84 107.9 107.99 108.04 108.07 108.1 108.13 108.12 108.15 108.14 108.13 108.13 108.13 108.12 108.12 108.08 108.07 108.04 108 107.96 107.96 107.92 107.91 107.87 107.86 107.8 107.79 107.75 107.74 107.73 107.72 107.68 107.67 107.66
107.57 107.58 107.58 107.55 107.56 107.54 107.54 107.58 107.55 107.54 107.51 107.51 107.49 107.49 107.46 107.46 107.43 107.4 107.37 107.35 107.35 107.32 107.32 107.32 107.32 107.32 107.32 107.35 107.36 107.39 107.41 107.42 107.45 107.5 107.59 107.62 107.68 107.71 107.77 107.81 107.87 107.96 108.02 108.04 108.07 108.1 108.13 108.12 108.15 108.14 108.14 108.13 108.13 108.12 108.09 108.08 108.05 108.01 108 107.97 107.96 107.92 107.91 107.88 107.84 107.8 107.79 107.75 107.75 107.74 107.7 107.69 107.68
107.67 107.67 107.65 107.59 107.6 107.57 107.55 107.55 107.56 107.55 107.51 107.44 107.46 107.43 107.41 107.41 107.37 107.34 107.31 107.31 107.29 107.28 107.28 107.29 107.28 107.28 107.32 107.32 107.35 107.36 107.4 107.43 107.46 107.49 107.6 107.66 107.69 107.72 107.77 107.8 107.87 107.99 108.02 108.07 108.1 108.1 108.13 108.16 108.15 108.21 108.21 108.2 108.2 108.19 108.19 108.15 108.14 108.11 108.1 108.07 108.06 108.02 108.01 107.97 107.91 107.9 107.87 107.86 107.82 107.81 107.8 107.76 107.75
107.68 107.69 107.65 107.59 107.56 107.55 107.55 107.52 107.5 107.53 107.5 107.41 107.39 107.37 107.38 107.35 107.35 107.32 107.29 107.26 107.26 107.25 107.22 107.21 107.22 107.25 107.26 107.3 107.3 107.34 107.37 107.37 107.43 107.46 107.57 107.63 107.66 107.72 107.75 107.78 107.83 107.96 108.02 108.05 108.08 108.11 108.14 108.13 108.16 108.22 108.21 108.21 108.2 108.2 108.19 108.19 108.15 108.12 108.11 108.08 108.07 108.03 108.02 107.99 107.92 107.91 107.88 107.87 107.83 107.82 107.82 107.78 107.77
107.69 107.66 107.63 107.57 107.54 107.51 107.52 107.5 107.47 107.47 107.44 107.38 107.36 107.34 107.31 107.29 107.3 107.27 107.24 107.23 107.2 107.2 107.21 107.21 107.21 107.21 107.23 107.24 107.27 107.31 107.31 107.34 107.37 107.43 107.55 107.61 107.64 107.67 107.73 107.75 107.82 107.94 108 108.03 108.06 108.08 108.11 108.14 108.13 108.19 108.22 108.21 108.21 108.2 108.2 108.17 108.16 108.13 108.12 108.08 108.07 108.04 108 107.99 107.93 107.89 107.86 107.85 107.84 107.8 107.8 107.76 107.75
107.67 107.67 107.64 107.55 107.52 107.5 107.47 107.48 107.44 107.41 107.41 107.33 107.31 107.28 107.29 107.26 107.24 107.24 107.18 107.18 107.18 107.15 107.15 107.15 107.15 107.18 107.18 107.21 107.25 107.25 107.28 107.32 107.34 107.4 107.52 107.55 107.61 107.64 107.71 107.73 107.79 107.91 107.97 108 108.03 108.06 108.08 108.11 108.14 108.2 108.19 108.19 108.19 108.18 108.18 108.17 108.17 108.13 108.1 108.09 108.05 108.05 108.01 107.98 107.91 107.88 107.87 107.83 107.82 107.78 107.78 107.74 107.74
107.68 107.65 107.62 107.53 107.5 107.47 107.45 107.42 107.42 107.39 107.34 107.3 107.25 107.25 107.22 107.2 107.21 107.18 107.15 107.13 107.13 107.12 107.12 107.12 107.12 107.13 107.16 107.19 107.19 107.22 107.26 107.29 107.32 107.37 107.46 107.52 107.59 107.62 107.68 107.71 107.77 107.89 107.95 108.01 108.03 108.06 108.09 108.09 108.11 108.17 108.2 108.2 108.19 108.19 108.18 108.18 108.14 108.14 108.1 108.07 108.06 108.03 107.99 107.99 107.92 107.89 107.85 107.81 107.8 107.77 107.76 107.73 107.72
107.65 107.62 107.59 107.51 107.48 107.45 107.42 107.39 107.36 107.33 107.21 107.13 107.22 107.19 107.2 107.17 107.14 107.14 107.12 107.1 107.1 107.1 107.1 107.09 107.09 107.1 107.13 107.14 107.17 107.2 107.23 107.26 107.29 107.35 107.44 107.49 107.55 107.59 107.65 107.71 107.77 107.86 107.92 107.98 108.01 108.04 108.06 108.09 108.12 108.18 108.17 108.17 108.2 108.19 108.19 108.15 108.15 108.11 108.11 108.08 108.04 108.04 108 107.97 107.9 107.87 107.83 107.79 107.79 107.75 107.74 107.71 107.7
107.68 107.64 107.6 107.52 107.49 107.42 107.4 107.37 107.37 107.22 107.19 107.1 107.07 107.05 107.17 107.14 107.11 107.11 107.09 107.07 107.07 107.07 107.07 107.07 107.07 107.07 107.11 107.14 107.17 107.17 107.2 107.23 107.26 107.32 107.44 107.5 107.53 107.6 107.63 107.69 107.75 107.86 107.92 107.98 108.01 108.04 108.07 108.1 108.12 108.18 108.18 108.2 108.2 108.19 108.19 108.19 108.15 108.12 108.11 108.08 108.05 108.05 108.01 107.98 107.88 107.85 107.84 107.81 107.77 107.76 107.73 107.7 107.69
107.7 107.64 107.61 107.52 107.46 107.42 107.39 107.28 107.25 107.22 107.16 107.1 107.05 107.05 107.02 106.99 107.11 107.08 107.06 107.06 107.04 107.04 107.04 107.04 107.08 107.08 107.11 107.14 107.14 107.17 107.2 107.23 107.26 107.32 107.44 107.5 107.54 107.6 107.63 107.72 107.81 107.93 107.99 108.05 108.07 108.1 108.13 108.16 108.18 108.24 108.27 108.27 108.3 108.29 108.29 108.29 108.25 108.19 108.18 108.15 108.12 108.08 108.05 108.02 107.92 107.89 107.85 107.82 107.81 107.78 107.74 107.71 107.64
107.77 107.73 107.67 107.56 107.49 107.46 107.34 107.32 107.26 107.23 107.19 107.11 107.08 107.05 107.05 107.02 106.99 106.99 107.09 107.1 107.07 107.07 107.07 107.11 107.11 107.11 107.17 107.2 107.23 107.23 107.26 107.29 107.32 107.38 107.47 107.54 107.6 107.63 107.69 107.72 107.81 107.93 107.99 108.05 108.08 108.1 108.13 108.16 108.19 108.28 108.27 108.3 108.3 108.3 108.29 108.29 108.26 108.23 108.19 108.16 108.13 108.09 108.06 108.02 107.93 107.9 107.86 107.83 107.8 107.76 107.72 107.69 107.59
107.82 107.75 107.69 107.56 107.49 107.36 107.32 107.29 107.26 107.23 107.2 107.11 107.08 107.05 107.03 107.02 107 106.97 106.97 106.93 106.93 107.06 107.06 107.09 107.09 107.11 107.17 107.2 107.23 107.23 107.27 107.3 107.33 107.38 107.48 107.54 107.6 107.63 107.69 107.72 107.78 107.93 107.99 108.05 108.07 108.11 108.14 108.17 108.19 108.28 108.28 108.3 108.3 108.3 108.3 108.3 108.27 108.23 108.2 108.17 108.13 108.1 108.07 108.03 107.91 107.88 107.84 107.81 107.78 107.74 107.7 107.67 107.58
107.83 107.76 107.7 107.54 107.39 107.36 107.33 107.31 107.27 107.21 107.18 107.08 107.05 107.02 107.03 107 107 106.97 106.93 106.93 106.93 106.92 106.92 107.05 107.09 107.1 107.17 107.2 107.23 107.23 107.26 107.3 107.33 107.39 107.48 107.54 107.57 107.63 107.66 107.72 107.78 107.93 107.99 108.02 108.04 108.11 108.13 108.17 108.2 108.25 108.28 108.28 108.31 108.3 108.31 108.3 108.27 108.21 108.18 108.15 108.11 108.08 108.05 108.01 107.92 107.86 107.82 107.79 107.75 107.72 107.69 107.62 107.56
107.81 107.77 107.63 107.46 107.4 107.37 107.34 107.28 107.25 107.22 107.19 107.09 107.06 107.03 107 107 106.97 106.97 106.93 106.94 106.93 106.92 106.92 106.93 106.96 107.09 107.16 107.2 107.23 107.23 107.26 107.3 107.33 107.39 107.48 107.54 107.57 107.63 107.66 107.72 107.78 107.9 107.96 108.02 108.04 108.08 108.11 108.16 108.19 108.25 108.28 108.28 108.28 108.31 108.31 108.28 108.28 108.22 108.19 108.15 108.11 108.08 108.05 107.99 107.9 107.83 107.79 107.77 107.73 107.67 107.63 107.6 107.5
107.81 107.69 107.63 107.47 107.41 107.38 107.32 107.29 107.25 107.22 107.16 107.1 107.07 107.04 107.01 107 106.97 106.97 106.94 106.93 106.94 106.93 106.93 106.92 106.95 106.98 107.02 107.2 107.23 107.26 107.26 107.3 107.33 107.39 107.48 107.54 107.57 107.63 107.66 107.69 107.75 107.9 107.96 108.01 108.05 108.08 108.11 108.13 108.16 108.25 108.29 108.29 108.28 108.28 108.28 108.29 108.26 108.2 108.16 108.13 108.1 108.06 108.03 107.97 107.88 107.81 107.77 107.74 107.68 107.64 107.61 107.58 107.49
107.77 107.69 107.63 107.49 107.42 107.39 107.32 107.29 107.26 107.22 107.17 107.11 107.07 107.04 107 107 106.97 106.97 106.94 106.94 106.93 106.93 106.96 106.95 106.95 106.98 107.05 107.05 107.09 107.26 107.29 107.32 107.36 107.39 107.48 107.54 107.57 107.64 107.67 107.7 107.75 107.9 107.96 107.99 108.05 108.08 108.11 108.14 108.17 108.26 108.26 108.29 108.29 108.29 108.29 108.29 108.26 108.2 108.17 108.14 108.11 108.07 108.01 107.98 107.86 107.79 107.76 107.72 107.66 107.63 107.59 107.53 107.44
107.79 107.74 107.65 107.52 107.46 107.4 107.37 107.33 107.3 107.26 107.2 107.14 107.11 107.08 107.04 107.03 107 107 106.97 106.97 106.97 106.99 106.99 106.98 107.01 107.02 107.08 107.11 107.15 107.15 107.18 107.35 107.38 107.42 107.51 107.57 107.6 107.64 107.7 107.73 107.79 107.94 107.97 108.03 108.05 108.08 108.14 108.17 108.2 108.26 108.29 108.3 108.32 108.33 108.33 108.3 108.3 108.24 108.21 108.14 108.11 108.08 108.05 107.99 107.87 107.8 107.77 107.71 107.67 107.64 107.58 107.55 107.42
107.68 107.88 107.8 107.65 107.59 107.56 107.52 107.49 107.42 107.39 107.35 107.26 107.23 107.23 107.19 107.19 107.15 107.15 107.15 107.15 107.15 107.14 107.14 107.17 107.17 107.21 107.27 107.27 107.3 107.33 107.36 107.36 107.39 107.6 107.66 107.69 107.72 107.79 107.82 107.85 107.91 108.03 108.09 108.12 108.18 108.21 108.24 108.27 108.3 108.39 108.39 108.42 108.42 108.42 108.42 108.42 108.39 108.33 108.3 108.27 108.24 108.21 108.15 108.09 107.93 107.84 107.81 107.75 107.72 107.68 107.62 107.56 107.47
107.71 107.91 107.85 107.72 107.62 107.58 107.56 107.52 107.49 107.42 107.39 107.3 107.26 107.25 107.22 107.22 107.19 107.18 107.18 107.18 107.18 107.21 107.2 107.19 107.23 107.24 107.3 107.33 107.36 107.36 107.39 107.42 107.45 107.48 107.54 107.72 107.75 107.82 107.85 107.88 107.94 108.06 108.12 108.15 108.18 108.21 108.27 108.3 108.33 108.39 108.42 108.42 108.45 108.45 108.45 108.42 108.43 108.37 108.34 108.31 108.24 108.22 108.16 108.09 107.94 107.85 107.82 107.76 107.73 107.67 107.63 107.57 107.45
107.7 107.91 107.85 107.72 107.66 107.63 107.6 107.53 107.49 107.45 107.42 107.33 107.29 107.26 107.25 107.22 107.22 107.22 107.22 107.21 107.21 107.24 107.23 107.23 107.25 107.25 107.32 107.36 107.39 107.39 107.42 107.45 107.45 107.51 107.57 107.6 107.63 107.82 107.85 107.88 107.94 108.06 108.13 108.15 108.18 108.21 108.28 108.3 108.33 108.39 108.43 108.43 108.46 108.46 108.46 108.43 108.43 108.37 108.34 108.31 108.25 108.22 108.16 108.1 107.95 107.86 107.8 107.77 107.71 107.68 107.62 107.55 107.46
107.74 107.95 107.89 107.77 107.69 107.63 107.6 107.57 107.53 107.46 107.42 107.35 107.31 107.29 107.26 107.26 107.25 107.22 107.25 107.24 107.24 107.23 107.23 107.26 107.26 107.28 107.36 107.36 107.39 107.42 107.43 107.45 107.48 107.51 107.57 107.6 107.64 107.67 107.7 107.91 107.94 108.06 108.13 108.16 108.19 108.22 108.25 108.31 108.34 108.4 108.43 108.43 108.46 108.46 108.47 108.44 108.44 108.38 108.35 108.32 108.26 108.23 108.16 108.11 107.93 107.87 107.81 107.75 107.71 107.65 107.62 107.56 107.44
107.74 107.68 107.89 107.77 107.69 107.65 107.6 107.57 107.53 107.49 107.45 107.36 107.31 107.29 107.29 107.26 107.25 107.25 107.25 107.24 107.24 107.26 107.26 107.26 107.29 107.28 107.35 107.39 107.42 107.42 107.45 107.46 107.48 107.52 107.58 107.61 107.64 107.67 107.7 107.76 107.79 107.91 108.13 108.16 108.19 108.22 108.25 108.28 108.34 108.41 108.44 108.44 108.44 108.47 108.47 108.45 108.44 108.39 108.36 108.33 108.26 108.24 108.18 108.12 107.93 107.88 107.82 107.76 107.73 107.66 107.61 107.58 107.45
