DE_solarradiation/2018_11_solarradiation.asc
NCOLS 654
NROWS 866
XLLCORNER 3280500
YLLCORNER 5237500
CELLSIZE 1000
NODATA_VALUE -999
[rows 175 to 209 of 866, columns 78 to 155 of 654]
-999 -999 -999 -999 -999 -999 -999 -999 -999 -999 26.36 26.38 26.43 26.41 26.43 26.42 26.44 26.43 26.45 26.53 26.56 26.56 26.56 26.57 26.59 26.61 26.63 26.66 26.66 26.67 26.67 26.68 26.69 26.67 26.66 26.61 26.59 26.57 26.54 26.52 26.5 26.45 26.34 26.32 26.27 26.24 26.22 26.19 26.13 26.11 26.02 25.96 25.93 25.9 25.9 25.87 25.84 25.81 25.74 25.72 25.68 25.67 25.64 25.64 25.6 25.53 25.5 25.49 25.46 25.42 25.41 25.38 25.31 25.24 25.17 25.14 25.1 25.03
-999 -999 -999 -999 -999 -999 -999 -999 -999 -999 26.35 26.33 26.38 26.39 26.38 26.39 26.38 26.36 26.38 26.46 26.46 26.48 26.49 26.5 26.51 26.51 26.53 26.56 26.57 26.58 26.59 26.6 26.62 26.6 26.59 26.54 26.53 26.5 26.49 26.44 26.42 26.41 26.3 26.25 26.2 26.18 26.15 26.13 26.07 26.05 25.96 25.94 25.91 25.89 25.85 25.82 25.79 25.76 25.7 25.67 25.64 25.63 25.6 25.6 25.56 25.5 25.49 25.46 25.42 25.42 25.38 25.35 25.31 25.21 25.18 25.11 25.07 25.03
-999 -999 -999 -999 -999 -999 -999 -999 -999 26.32 26.31 26.29 26.34 26.32 26.33 26.31 26.29 26.3 26.32 26.36 26.39 26.38 26.38 26.39 26.41 26.4 26.44 26.47 26.48 26.49 26.51 26.53 26.51 26.53 26.52 26.45 26.44 26.42 26.41 26.39 26.38 26.33 26.23 26.18 26.16 26.14 26.09 26.07 26.04 25.99 25.91 25.88 25.86 25.83 25.8 25.78 25.75 25.72 25.66 25.63 25.62 25.6 25.56 25.56 25.53 25.49 25.46 25.43 25.4 25.39 25.35 25.32 25.28 25.19 25.15 25.11 25.05 25.01
-999 -999 -999 -999 -999 -999 -999 -999 -999 26.29 26.28 26.26 26.3 26.28 26.25 26.26 26.24 26.22 26.23 26.27 26.29 26.28 26.28 26.29 26.31 26.3 26.34 26.35 26.39 26.41 26.4 26.42 26.44 26.44 26.43 26.39 26.38 26.37 26.36 26.32 26.31 26.26 26.16 26.14 26.09 26.07 26.05 26.01 25.98 25.97 25.88 25.83 25.81 25.78 25.75 25.76 25.73 25.7 25.64 25.61 25.59 25.55 25.55 25.52 25.49 25.49 25.43 25.4 25.39 25.36 25.32 25.29 25.25 25.19 25.12 25.09 25.05 25.02
-999 -999 -999 -999 -999 -999 -999 -999 -999 26.27 26.22 26.22 26.23 26.24 26.21 26.19 26.16 26.16 26.14 26.21 26.19 26.18 26.18 26.18 26.2 26.2 26.25 26.26 26.31 26.3 26.33 26.35 26.38 26.38 26.37 26.33 26.3 26.29 26.29 26.28 26.26 26.22 26.12 26.07 26.06 26.01 25.99 25.98 25.96 25.91 25.83 25.81 25.76 25.76 25.74 25.71 25.69 25.66 25.61 25.57 25.55 25.55 25.52 25.48 25.49 25.46 25.4 25.4 25.36 25.33 25.33 25.29 25.26 25.16 25.13 25.07 25.03 25
-999 -999 -999 -999 -999 -999 -999 -999 -999 26.24 26.19 26.17 26.2 26.17 26.15 26.15 26.12 26.09 26.09 26.12 26.1 26.08 26.07 26.08 26.1 26.11 26.15 26.18 26.2 26.23 26.26 26.29 26.29 26.32 26.32 26.25 26.25 26.24 26.24 26.23 26.2 26.19 26.08 26.04 26 25.98 25.97 25.92 25.9 25.88 25.78 25.76 25.73 25.72 25.69 25.67 25.67 25.62 25.56 25.53 25.54 25.51 25.48 25.48 25.45 25.43 25.39 25.36 25.33 25.33 25.3 25.26 25.23 25.14 25.11 25.07 25.04 24.98
-999 -999 -999 -999 -999 -999 -999 -999 -999 26.19 26.17 26.14 26.15 26.15 26.12 26.11 26.08 26.05 26.01 26.04 26.04 26.01 26 25.97 26 26.01 26.07 26.1 26.13 26.17 26.2 26.23 26.24 26.27 26.24 26.21 26.21 26.2 26.2 26.17 26.16 26.12 26.05 26.01 25.97 25.96 25.91 25.9 25.88 25.83 25.75 25.74 25.72 25.69 25.71 25.69 25.66 25.64 25.59 25.56 25.54 25.51 25.51 25.48 25.46 25.43 25.39 25.37 25.34 25.31 25.3 25.28 25.24 25.15 25.11 25.08 25.05 24.99
-999 -999 -999 -999 -999 -999 -999 -999 -999 26.26 26.24 26.18 26.19 26.16 26.13 26.1 26.06 26.03 26.02 26.02 26.01 25.98 25.92 25.92 25.92 25.98 26.02 26.06 26.1 26.14 26.18 26.21 26.22 26.25 26.26 26.2 26.2 26.2 26.16 26.16 26.16 26.12 26.12 25.99 25.98 25.93 25.92 25.91 25.86 25.85 25.77 25.72 25.7 25.68 25.67 25.65 25.63 25.61 25.55 25.52 25.5 25.5 25.48 25.45 25.45 25.43 25.36 25.34 25.31 25.31 25.28 25.25 25.22 25.16 25.1 25.06 25.03 25
-999 -999 -999 -999 -999 -999 -999 -999 -999 26.25 26.22 26.2 26.17 26.14 26.11 26.08 26.04 26 25.96 25.98 25.94 25.89 25.82 25.8 25.85 25.9 25.95 26 26.05 26.09 26.13 26.17 26.18 26.19 26.19 26.16 26.17 26.14 26.13 26.13 26.13 26.1 26.05 25.96 25.95 25.91 25.9 25.89 25.84 25.83 25.72 25.71 25.69 25.67 25.66 25.64 25.62 25.6 25.55 25.52 25.49 25.47 25.45 25.45 25.42 25.4 25.34 25.31 25.32 25.29 25.26 25.26 25.2 25.14 25.11 25.07 25.01 24.98
-999 -999 -999 -999 -999 -999 -999 -999 -999 26.24 26.21 26.16 26.16 26.13 26.1 26.03 26 25.96 25.92 25.94 25.89 25.84 25.74 25.65 25.75 25.85 25.9 25.95 26 26.04 26.08 26.09 26.13 26.14 26.14 26.13 26.11 26.11 26.11 26.11 26.1 26.07 26.04 25.94 25.9 25.89 25.88 25.84 25.83 25.78 25.71 25.66 25.65 25.63 25.62 25.6 25.58 25.56 25.51 25.49 25.47 25.47 25.44 25.42 25.39 25.37 25.34 25.32 25.29 25.26 25.26 25.24 25.2 25.12 25.08 25.05 25.03 24.99
-999 -999 -999 -999 -999 -999 -999 -999 -999 26.23 26.18 26.12 26.13 26.1 26.06 26 25.96 25.93 25.89 25.91 25.86 25.79 25.74 25.73 25.75 25.8 25.88 25.92 25.97 25.98 26.02 26.07 26.07 26.11 26.12 26.06 26.06 26.06 26.06 26.03 26.03 26.02 26.01 25.92 25.88 25.88 25.84 25.83 25.78 25.77 25.67 25.65 25.64 25.63 25.61 25.59 25.57 25.55 25.48 25.46 25.46 25.44 25.41 25.42 25.4 25.38 25.32 25.3 25.27 25.27 25.24 25.21 25.19 25.12 25.06 25.04 25.01 24.98
-999 -999 -999 -999 -999 -999 -999 -999 26.26 26.2 26.15 26.13 26.1 26.07 26.04 25.98 25.94 25.91 25.87 25.83 25.83 25.79 25.77 25.74 25.78 25.8 25.84 25.88 25.92 25.96 26 26.01 26.05 26.06 26.06 26.04 26.01 26.01 26.01 26.01 26.01 25.97 25.97 25.84 25.84 25.8 25.79 25.75 25.74 25.73 25.66 25.65 25.6 25.58 25.57 25.56 25.54 25.52 25.47 25.45 25.43 25.41 25.42 25.4 25.37 25.35 25.3 25.27 25.27 25.25 25.22 25.19 25.17 25.11 25.08 25.05 25.02 24.99
-999 -999 -999 -999 -999 -999 -999 -999 26.23 26.18 26.13 26.1 26.08 26.05 26.02 25.96 25.93 25.89 25.86 25.83 25.83 25.81 25.77 25.78 25.78 25.79 25.85 25.88 25.92 25.93 25.96 26 26.01 26.04 26.05 25.99 25.99 26 26 25.99 25.99 25.96 25.92 25.83 25.8 25.79 25.75 25.74 25.73 25.69 25.61 25.58 25.56 25.55 25.53 25.51 25.5 25.52 25.44 25.42 25.4 25.41 25.39 25.37 25.35 25.36 25.3 25.28 25.25 25.23 25.23 25.2 25.18 25.09 25.06 25.03 25.01 24.98
-999 -999 -999 -999 -999 -999 -999 -999 26.21 26.16 26.11 26.08 26.06 26.03 26.01 25.95 25.92 25.89 25.83 25.81 25.82 25.8 25.8 25.78 25.81 25.82 25.84 25.86 25.89 25.93 25.96 25.97 26 26 26.01 25.98 25.98 25.98 25.98 25.95 25.95 25.95 25.91 25.82 25.78 25.77 25.74 25.73 25.72 25.68 25.58 25.56 25.55 25.54 25.52 25.51 25.49 25.44 25.4 25.38 25.36 25.34 25.32 25.33 25.35 25.33 25.28 25.26 25.23 25.24 25.21 25.19 25.16 25.07 25.05 25.02 25 24.97
-999 -999 -999 -999 -999 -999 -999 -999 -999 26.18 26.12 26.07 26.05 26.02 26 25.94 25.92 25.86 25.84 25.82 25.84 25.83 25.8 25.81 25.81 25.81 25.83 25.85 25.87 25.9 25.93 25.97 25.97 26 26 25.94 25.95 25.98 25.97 25.97 25.97 25.94 25.9 25.81 25.8 25.76 25.76 25.75 25.71 25.67 25.59 25.56 25.54 25.54 25.52 25.51 25.49 25.47 25.4 25.38 25.36 25.34 25.32 25.33 25.31 25.29 25.24 25.22 25.2 25.17 25.15 25.2 25.14 25.08 25.06 25.04 25.01 24.99
-999 -999 -999 -999 -999 -999 -999 -999 -999 -999 -999 -999 26.1 26.05 26.03 25.97 25.95 25.9 25.88 25.87 25.86 25.83 25.83 25.81 25.84 25.84 25.85 25.87 25.89 25.91 25.94 25.94 25.97 25.97 26 25.94 25.94 25.94 25.94 25.94 25.94 25.93 25.9 25.8 25.77 25.76 25.75 25.71 25.71 25.67 25.6 25.55 25.54 25.53 25.52 25.5 25.49 25.44 25.39 25.34 25.33 25.34 25.32 25.3 25.29 25.27 25.22 25.19 25.17 25.15 25.16 25.13 25.11 25.03 25 24.98 24.96 24.93
-999 -999 -999 -999 -999 -999 -999 -999 -999 -999 -999 -999 -999 -999 -999 -999 -999 -999 -999 -999 -999 -999 -999 -999 25.84 25.84 25.85 25.86 25.88 25.9 25.92 25.95 25.95 25.98 25.97 25.94 25.94 25.94 25.94 25.94 25.93 25.9 25.89 25.8 25.76 25.75 25.72 25.71 25.67 25.66 25.56 25.55 25.51 25.5 25.49 25.47 25.46 25.44 25.37 25.34 25.33 25.31 25.3 25.28 25.26 25.24 25.19 25.17 25.15 25.16 25.14 25.12 25.09 25.04 24.99 24.96 24.97 24.94
-999 -999 -999 -999 -999 -999 -999 -999 -999 -999 -999 -999 -999 -999 -999 -999 -999 -999 -999 -999 -999 -999 -999 -999 25.84 25.84 25.84 25.88 25.9 25.89 25.91 25.93 25.93 25.95 25.95 25.92 25.92 25.91 25.91 25.91 25.91 25.9 25.86 25.77 25.74 25.73 25.72 25.68 25.67 25.63 25.56 25.52 25.51 25.5 25.49 25.47 25.43 25.41 25.33 25.32 25.31 25.29 25.27 25.28 25.26 25.24 25.16 25.15 25.16 25.14 25.12 25.1 25.07 25.05 25 24.98 24.95 24.93
-999 -999 -999 -999 -999 -999 -999 -999 -999 -999 -999 -999 -999 -999 -999 -999 -999 -999 -999 -999 -999 -999 -999 -999 25.84 25.84 25.84 25.88 25.89 25.88 25.9 25.92 25.91 25.94 25.93 25.9 25.89 25.89 25.88 25.88 25.88 25.88 25.84 25.74 25.74 25.7 25.69 25.68 25.64 25.63 25.54 25.49 25.48 25.47 25.46 25.44 25.43 25.38 25.34 25.29 25.28 25.26 25.27 25.26 25.24 25.23 25.18 25.15 25.13 25.11 25.09 25.07 25.06 25.04 24.98 24.96 24.94 24.92
-999 -999 -999 -999 -999 -999 -999 -999 -999 -999 -999 -999 -999 -999 -999 -999 -999 -999 -999 -999 -999 -999 -999 25.85 25.84 25.84 25.87 25.88 25.89 25.87 25.89 25.91 25.93 25.92 25.91 25.88 25.87 25.87 25.86 25.86 25.86 25.85 25.84 25.75 25.71 25.7 25.66 25.66 25.66 25.61 25.54 25.5 25.48 25.44 25.43 25.42 25.4 25.39 25.32 25.3 25.29 25.27 25.25 25.23 25.22 25.2 25.15 25.14 25.11 25.09 25.08 25.06 25.03 25.02 24.97 24.95 24.93 24.9
-999 -999 -999 -999 -999 -999 -999 -999 -999 -999 -999 -999 -999 -999 -999 -999 -999 -999 -999 -999 -999 -999 -999 25.85 25.84 25.84 25.87 25.87 25.88 25.87 25.88 25.9 25.92 25.91 25.9 25.86 25.85 25.88 25.87 25.86 25.86 25.83 25.82 25.72 25.69 25.68 25.67 25.64 25.63 25.61 25.57 25.47 25.46 25.45 25.44 25.42 25.38 25.36 25.3 25.28 25.26 25.24 25.23 25.22 25.2 25.18 25.13 25.11 25.1 25.08 25.06 25.04 25.02 25 24.95 24.93 24.91 24.89
-999 -999 -999 -999 -999 -999 -999 -999 -999 -999 -999 -999 -999 -999 -999 -999 -999 -999 -999 -999 -999 -999 -999 25.85 25.84 25.87 25.87 25.87 25.88 25.86 25.87 25.89 25.88 25.9 25.89 25.85 25.87 25.86 25.85 25.85 25.84 25.84 25.8 25.71 25.69 25.66 25.65 25.64 25.6 25.59 25.55 25.48 25.44 25.42 25.41 25.4 25.39 25.34 25.3 25.26 25.24 25.22 25.21 25.2 25.21 25.16 25.11 25.1 25.08 25.06 25.04 25.02 25 24.98 24.93 24.89 24.9 24.88
-999 -999 -999 -999 -999 -999 -999 -999 -999 -999 -999 -999 -999 -999 -999 -999 -999 -999 -999 -999 -999 -999 -999 25.85 25.84 25.87 25.87 25.84 25.85 25.86 25.87 25.85 25.87 25.89 25.87 25.86 25.85 25.84 25.84 25.83 25.82 25.82 25.78 25.71 25.67 25.67 25.66 25.62 25.61 25.6 25.56 25.49 25.44 25.43 25.42 25.41 25.39 25.35 25.28 25.26 25.25 25.24 25.22 25.21 25.19 25.17 25.1 25.07 25.06 25.04 25.03 25 24.99 24.97 24.92 24.9 24.89 24.87
-999 -999 -999 -999 -999 -999 -999 -999 -999 -999 -999 -999 -999 -999 -999 -999 -999 -999 -999 -999 -999 -999 -999 25.85 25.87 25.87 25.87 25.84 25.85 25.85 25.86 25.85 25.86 25.88 25.86 25.85 25.84 25.83 25.82 25.81 25.8 25.79 25.79 25.7 25.66 25.65 25.64 25.63 25.58 25.58 25.53 25.46 25.45 25.41 25.4 25.39 25.37 25.36 25.29 25.24 25.23 25.22 25.2 25.19 25.17 25.15 25.07 25.06 25.04 25.02 25.01 24.99 24.97 24.95 24.91 24.89 24.87 24.86
-999 -999 -999 -999 -999 -999 -999 -999 -999 -999 -999 -999 -999 -999 -999 -999 -999 -999 -999 -999 -999 -999 25.9 25.88 25.88 25.87 25.87 25.87 25.85 25.85 25.86 25.84 25.86 25.87 25.86 25.84 25.83 25.82 25.81 25.8 25.79 25.78 25.77 25.68 25.67 25.63 25.62 25.6 25.59 25.55 25.55 25.44 25.43 25.42 25.41 25.37 25.35 25.34 25.27 25.22 25.22 25.2 25.19 25.17 25.15 25.13 25.06 25.04 25.02 25.01 24.99 25 24.99 24.94 24.9 24.88 24.86 24.84
-999 -999 -999 -999 -999 -999 -999 -999 -999 -999 -999 -999 -999 -999 -999 -999 -999 -999 -999 -999 -999 -999 25.9 25.89 25.88 25.87 25.87 25.87 25.84 25.85 25.86 25.84 25.85 25.86 25.85 25.84 25.82 25.81 25.8 25.79 25.78 25.77 25.77 25.67 25.65 25.61 25.6 25.58 25.57 25.57 25.53 25.46 25.41 25.4 25.39 25.38 25.37 25.32 25.25 25.24 25.2 25.18 25.16 25.18 25.16 25.12 25.04 25.03 25.01 25 25.01 24.99 24.98 24.93 24.88 24.87 24.85 24.84
-999 -999 -999 -999 -999 -999 -999 -999 -999 -999 -999 -999 -999 -999 -999 -999 -999 -999 -999 -999 -999 -999 25.9 25.89 25.88 25.87 25.87 25.87 25.85 25.85 25.86 25.84 25.85 25.86 25.84 25.83 25.81 25.8 25.79 25.78 25.8 25.76 25.74 25.64 25.63 25.62 25.58 25.57 25.56 25.55 25.51 25.44 25.4 25.38 25.37 25.36 25.34 25.31 25.23 25.22 25.21 25.19 25.18 25.16 25.15 25.1 25.06 25.01 25 25.01 24.99 24.98 24.96 24.95 24.87 24.86 24.84 24.82
-999 -999 -999 -999 -999 -999 -999 -999 -999 -999 -999 -999 -999 -999 -999 -999 -999 -999 -999 -999 -999 -999 25.9 25.89 25.88 25.88 25.87 25.87 25.84 25.85 25.86 25.86 25.84 25.86 25.84 25.82 25.81 25.8 25.78 25.8 25.79 25.77 25.73 25.66 25.62 25.61 25.6 25.58 25.54 25.53 25.49 25.42 25.41 25.39 25.35 25.34 25.33 25.31 25.25 25.2 25.19 25.18 25.16 25.14 25.13 25.12 25.04 25.03 25.01 25 24.98 24.97 24.96 24.94 24.86 24.84 24.83 24.81
-999 -999 -999 -999 -999 -999 -999 -999 -999 -999 -999 -999 -999 -999 -999 -999 -999 -999 -999 -999 -999 -999 25.9 25.89 25.88 25.88 25.87 25.87 25.88 25.85 25.85 25.86 25.84 25.85 25.83 25.82 25.8 25.79 25.81 25.79 25.78 25.76 25.72 25.65 25.6 25.59 25.58 25.57 25.56 25.52 25.51 25.43 25.39 25.38 25.37 25.36 25.35 25.31 25.23 25.22 25.21 25.19 25.18 25.16 25.12 25.11 25.03 25.02 25 24.99 24.98 24.96 24.94 24.93 24.88 24.83 24.82 24.83
-999 -999 -999 -999 -999 -999 -999 -999 -999 -999 -999 -999 -999 -999 -999 -999 -999 -999 -999 -999 -999 -999 25.93 25.92 25.91 25.91 25.91 25.87 25.88 25.88 25.85 25.86 25.87 25.85 25.86 25.81 25.8 25.81 25.79 25.78 25.77 25.75 25.74 25.64 25.62 25.61 25.57 25.56 25.55 25.53 25.49 25.46 25.41 25.4 25.38 25.37 25.36 25.32 25.25 25.24 25.22 25.2 25.19 25.18 25.14 25.12 25.05 25.03 25.02 25 24.99 24.98 24.96 24.95 24.87 24.85 24.84 24.86
-999 -999 -999 -999 -999 -999 -999 -999 -999 -999 -999 -999 -999 -999 -999 -999 -999 -999 -999 -999 -999 -999 25.96 25.95 25.95 25.91 25.91 25.91 25.91 25.91 25.91 25.89 25.9 25.88 25.89 25.84 25.82 25.8 25.79 25.77 25.76 25.74 25.73 25.66 25.61 25.6 25.59 25.58 25.57 25.55 25.51 25.44 25.43 25.41 25.4 25.39 25.38 25.33 25.26 25.22 25.2 25.19 25.18 25.17 25.15 25.14 25.07 25.02 25.01 24.99 25.01 25 24.98 24.93 24.89 24.88 24.86 24.84
-999 -999 -999 -999 -999 -999 -999 -999 -999 -999 -999 -999 -999 -999 -999 -999 -999 -999 -999 -999 -999 -999 25.96 25.95 25.95 25.94 25.94 25.94 25.91 25.91 25.91 25.92 25.9 25.91 25.88 25.84 25.82 25.8 25.81 25.8 25.78 25.77 25.72 25.65 25.64 25.62 25.61 25.6 25.58 25.54 25.53 25.46 25.41 25.4 25.39 25.38 25.36 25.35 25.28 25.23 25.23 25.21 25.19 25.19 25.17 25.13 25.06 25.04 25.03 25.01 25 24.98 24.97 24.96 24.89 24.86 24.88 24.87
-999 -999 -999 -999 -999 -999 -999 -999 -999 -999 -999 -999 -999 -999 -999 -999 -999 -999 -999 -999 -999 -999 25.99 25.99 25.95 25.95 25.95 25.94 25.94 25.94 25.91 25.92 25.93 25.9 25.91 25.86 25.84 25.82 25.81 25.79 25.78 25.77 25.75 25.68 25.63 25.61 25.6 25.59 25.57 25.56 25.52 25.45 25.43 25.42 25.41 25.4 25.39 25.34 25.27 25.26 25.22 25.2 25.19 25.18 25.16 25.15 25.07 25.06 25.05 25.03 25.02 25.01 25 24.98 24.9 24.89 24.87 24.86
-999 -999 -999 -999 -999 -999 -999 -999 -999 -999 -999 -999 -999 -999 -999 -999 -999 -999 -999 -999 -999 26 25.99 25.99 25.98 25.98 25.98 25.97 25.94 25.94 25.95 25.95 25.93 25.93 25.91 25.86 25.84 25.82 25.8 25.79 25.81 25.79 25.74 25.66 25.66 25.61 25.59 25.58 25.57 25.55 25.54 25.47 25.42 25.41 25.4 25.38 25.37 25.36 25.29 25.25 25.23 25.22 25.21 25.2 25.18 25.17 25.1 25.05 25.04 25.02 25.01 25 24.99 24.97 24.93 24.91 24.9 24.89
-999 -999 -999 -999 -999 -999 -999 -999 -999 -999 -999 -999 -999 -999 -999 -999 -999 -999 -999 -999 -999 26.04 26.03 25.99 25.98 25.98 25.97 25.98 25.97 25.97 25.95 25.95 25.95 25.93 25.91 25.86 25.84 25.85 25.84 25.82 25.8 25.78 25.76 25.66 25.65 25.63 25.62 25.6 25.59 25.58 25.54 25.46 25.45 25.44 25.42 25.41 25.39 25.38 25.34 25.26 25.26 25.24 25.23 25.22 25.2 25.16 25.09 25.07 25.06 25.04 25.03 25.02 25.01 25 24.95 24.91 24.92 24.91
