DE_solarradiation/2018_07_solarradiation.asc
NCOLS 654
NROWS 866
XLLCORNER 3280500
YLLCORNER 5237500
CELLSIZE 1000
NODATA_VALUE -999
[rows 64 to 95 of 866, columns 216 to 287 of 654]
-999 -999 -999 198 197.99 198.02 198.03 198.08 198.14 198.2 198.37 198.46 198.52 198.59 198.68 198.73 198.77 198.82 198.95 198.98 199.03 199.06 199.08 199.08 199.08 199.05 198.93 198.86 198.82 198.78 198.71 198.68 198.62 198.45 198.39 198.37 198.37 198.36 198.35 198.38 198.39 198.46 198.49 198.52 198.59 198.64 198.68 198.76 198.88 199.16 199.26 199.37 199.45 199.57 199.68 199.78 199.93 200.16 200.32 200.44 200.53 200.64 -999 -999 -999 -999 -999 -999 -999 201.41 201.44 201.65
-999 -999 -999 -999 197.94 197.96 197.98 198.03 198.09 198.14 198.32 198.41 198.47 198.56 198.61 198.66 198.75 198.8 198.86 198.93 198.97 199.03 199.04 199.08 199.06 199.01 198.93 198.89 198.83 198.79 198.75 198.72 198.65 198.49 198.42 198.38 198.37 198.37 198.35 198.37 198.38 198.43 198.45 198.49 198.55 198.62 198.68 198.74 198.88 199.13 199.25 199.32 199.42 199.51 199.62 199.76 199.88 200.16 -999 -999 -999 -999 -999 -999 -999 201.09 201.19 201.25 201.27 201.34 201.4 201.6
-999 197.99 197.95 197.88 197.88 197.9 197.93 197.99 198.04 198.08 198.27 198.36 198.44 198.5 198.59 198.64 198.69 198.76 198.84 198.89 198.92 198.98 199 199.04 199.06 199.02 198.93 198.87 198.83 198.79 198.76 198.72 198.65 198.61 198.41 198.37 198.37 198.36 198.35 198.33 198.35 198.42 198.43 198.49 198.53 198.59 198.61 198.76 198.83 199.09 199.19 199.25 199.35 199.47 199.53 199.67 199.79 200.07 200.23 -999 -999 -999 -999 200.73 200.97 201.04 201.12 201.18 201.23 201.25 201.31 201.52
197.97 197.93 197.92 197.86 197.85 197.88 197.9 197.93 197.99 198.07 198.25 198.34 198.37 198.46 198.5 198.61 198.68 198.73 198.84 198.9 198.92 198.97 199.01 199.02 199.03 198.99 198.9 198.87 198.83 198.79 198.76 198.72 198.65 198.61 198.41 198.38 198.36 198.32 198.34 198.32 198.33 198.37 198.41 198.45 198.49 198.53 198.53 198.63 198.78 199.02 199.14 199.23 199.31 199.39 199.49 199.6 199.73 200.01 200.14 200.28 200.38 200.46 200.55 200.65 200.88 200.99 201.08 201.14 201.17 201.22 201.27 201.49
197.91 197.9 197.87 197.8 197.79 197.82 197.84 197.9 197.93 198.01 198.2 198.27 198.35 198.41 198.51 198.56 198.65 198.71 198.83 198.88 198.92 198.96 199 199 198.99 198.99 198.9 198.86 198.82 198.78 198.75 198.71 198.64 198.6 198.41 198.36 198.32 198.31 198.3 198.29 198.31 198.33 198.36 198.41 198.42 198.47 198.45 198.61 198.74 198.96 199.1 199.18 199.28 199.34 199.44 199.55 199.67 199.95 200.08 200.2 200.29 200.38 200.49 200.59 200.68 200.91 200.99 201.07 201.12 201.18 201.25 201.44
197.88 197.84 197.84 197.77 197.76 197.76 197.81 197.84 197.9 197.95 198.14 198.22 198.3 198.39 198.44 198.53 198.57 198.63 198.76 198.84 198.89 198.94 198.97 198.96 198.99 198.96 198.86 198.82 198.79 198.75 198.71 198.68 198.63 198.59 198.4 198.36 198.31 198.3 198.29 198.28 198.3 198.3 198.35 198.36 198.39 198.42 198.4 198.5 198.62 198.9 199.03 199.11 199.18 199.27 199.36 199.46 199.61 199.89 200.06 200.16 200.23 200.32 200.39 200.49 200.58 200.84 200.93 200.99 201.08 201.13 201.17 201.4
197.85 197.81 197.78 197.71 197.7 197.73 197.75 197.78 197.84 197.92 198.1 198.19 198.24 198.33 198.39 198.46 198.54 198.62 198.74 198.8 198.85 198.87 198.9 198.93 198.93 198.93 198.83 198.8 198.78 198.75 198.71 198.67 198.63 198.56 198.39 198.32 198.31 198.26 198.26 198.25 198.25 198.27 198.28 198.33 198.34 198.38 198.37 198.45 198.54 198.85 198.93 199 199.11 199.18 199.28 199.38 199.47 199.77 199.92 200.06 200.14 200.18 200.3 200.39 200.51 200.73 200.8 200.88 200.95 201.02 201.07 201.14
197.82 197.78 197.75 197.68 197.67 197.67 197.69 197.75 197.77 197.86 198.04 198.13 198.19 198.27 198.33 198.41 198.46 198.56 198.7 198.75 198.78 198.84 198.87 198.87 198.89 198.89 198.8 198.79 198.75 198.74 198.71 198.66 198.63 198.55 198.39 198.35 198.31 198.3 198.25 198.24 198.25 198.21 198.22 198.23 198.25 198.25 198.3 198.39 198.39 198.64 198.77 198.83 198.93 199.01 199.1 199.18 199.29 199.57 199.71 199.83 199.91 200.02 200.12 200.2 200.3 200.53 200.62 200.7 200.78 200.83 200.86 200.97
197.79 197.75 197.71 197.62 197.61 197.6 197.63 197.68 197.71 197.77 197.95 198.01 198.1 198.14 198.22 198.26 198.32 198.41 198.59 198.66 198.72 198.75 198.77 198.78 198.83 198.83 198.79 198.76 198.71 198.71 198.67 198.63 198.59 198.55 198.39 198.31 198.27 198.26 198.24 198.2 198.18 198.14 198.15 198.15 198.19 198.22 198.24 198.28 198.37 198.57 198.66 198.73 198.82 198.92 199.02 199.08 199.23 199.44 199.54 199.68 199.81 199.91 199.98 200.1 200.19 200.41 200.5 200.59 200.65 200.72 200.79 200.86
197.76 197.75 197.68 197.58 197.55 197.57 197.6 197.62 197.65 197.73 197.89 197.94 198.03 198.08 198.16 198.22 198.27 198.33 198.5 198.57 198.65 198.68 198.71 198.71 198.76 198.76 198.72 198.72 198.68 198.67 198.63 198.6 198.55 198.51 198.35 198.27 198.23 198.22 198.17 198.16 198.14 198.1 198.09 198.08 198.13 198.14 198.17 198.22 198.34 198.48 198.58 198.65 198.76 198.84 198.94 198.98 199.12 199.38 199.49 199.62 199.68 199.77 199.87 199.98 200.08 200.3 200.41 200.48 200.54 200.61 200.68 200.78
197.76 197.72 197.68 197.55 197.51 197.54 197.56 197.59 197.61 197.67 197.82 197.88 197.97 198.02 198.11 198.17 198.25 198.28 198.4 198.49 198.59 198.61 198.63 198.67 198.7 198.72 198.66 198.65 198.65 198.61 198.6 198.56 198.51 198.47 198.32 198.24 198.2 198.19 198.14 198.12 198.07 198.03 198.02 198.03 198.04 198.08 198.11 198.16 198.22 198.38 198.48 198.58 198.65 198.75 198.81 198.91 199.03 199.27 199.4 199.5 199.6 199.66 199.76 199.86 199.99 200.2 200.3 200.36 200.45 200.53 200.59 200.66
197.73 197.69 197.65 197.52 197.48 197.5 197.5 197.52 197.58 197.64 197.76 197.84 197.9 197.96 198.05 198.11 198.19 198.25 198.39 198.45 198.52 198.55 198.53 198.6 198.63 198.65 198.62 198.58 198.58 198.57 198.53 198.52 198.48 198.4 198.24 198.2 198.16 198.11 198.07 198.05 198.03 197.96 197.95 197.96 197.98 198.02 198.02 198.05 198.07 198.27 198.39 198.48 198.55 198.62 198.7 198.78 198.89 199.16 199.3 199.39 199.49 199.58 199.64 199.73 199.86 200.08 200.18 200.28 200.34 200.41 200.48 200.58
197.72 197.65 197.61 197.48 197.45 197.47 197.46 197.49 197.51 197.57 197.72 197.78 197.84 197.89 197.97 198.04 198.1 198.19 198.34 198.39 198.45 198.47 198.48 198.5 198.55 198.59 198.55 198.54 198.51 198.5 198.5 198.46 198.41 198.37 198.21 198.14 198.1 198.05 198.03 197.99 197.97 197.9 197.88 197.89 197.92 197.93 197.96 197.92 197.96 198.17 198.27 198.35 198.44 198.5 198.57 198.69 198.79 199.05 199.18 199.28 199.38 199.47 199.53 199.62 199.75 199.97 200.06 200.16 200.24 200.28 200.37 200.47
197.69 197.65 197.58 197.45 197.41 197.4 197.43 197.45 197.48 197.5 197.65 197.71 197.77 197.82 197.91 197.96 198.02 198.12 198.24 198.32 198.35 198.39 198.43 198.46 198.49 198.49 198.48 198.44 198.44 198.43 198.43 198.39 198.35 198.31 198.14 198.07 198.03 198.01 197.96 197.92 197.9 197.84 197.82 197.8 197.82 197.83 197.86 197.86 197.86 198.06 198.17 198.24 198.33 198.39 198.46 198.54 198.66 198.93 199.03 199.13 199.23 199.28 199.37 199.46 199.6 199.82 199.92 200.02 200.09 200.18 200.25 200.36
197.68 197.61 197.58 197.41 197.38 197.37 197.39 197.39 197.41 197.47 197.59 197.64 197.7 197.76 197.81 197.86 197.92 198 198.12 198.16 198.25 198.28 198.34 198.36 198.39 198.39 198.38 198.37 198.34 198.32 198.32 198.29 198.28 198.21 198.04 197.99 197.95 197.91 197.87 197.85 197.8 197.73 197.72 197.7 197.72 197.72 197.73 197.75 197.81 197.94 198.02 198.09 198.13 198.22 198.28 198.38 198.47 198.73 198.83 198.93 199.03 199.1 199.2 199.3 199.42 199.64 199.74 199.83 199.91 199.99 200.05 200.15
197.65 197.61 197.54 197.38 197.34 197.33 197.33 197.35 197.34 197.4 197.43 197.48 197.54 197.6 197.65 197.71 197.77 197.82 197.95 198 198.03 198.09 198.11 198.14 198.17 198.19 198.19 198.18 198.17 198.16 198.16 198.12 198.11 198.04 197.91 197.87 197.82 197.78 197.73 197.68 197.67 197.53 197.49 197.48 197.49 197.5 197.51 197.52 197.56 197.63 197.7 197.74 197.83 197.89 197.93 198.03 198.13 198.36 198.46 198.56 198.62 198.73 198.79 198.9 199.03 199.3 199.43 199.47 199.56 199.65 199.71 199.83
197.67 197.6 197.56 197.37 197.3 197.29 197.29 197.28 197.31 197.33 197.36 197.41 197.47 197.5 197.55 197.61 197.67 197.73 197.82 197.87 197.93 197.96 198.01 198.04 198.07 198.06 198.09 198.08 198.07 198.07 198.06 198.02 198.01 197.97 197.84 197.76 197.72 197.68 197.67 197.61 197.57 197.43 197.39 197.37 197.35 197.37 197.38 197.39 197.4 197.48 197.53 197.6 197.64 197.7 197.77 197.84 197.94 198.14 198.28 198.35 198.44 198.5 198.59 198.68 198.83 199.1 199.22 199.29 199.39 199.47 199.53 199.66
197.67 197.6 197.53 197.33 197.26 197.26 197.25 197.24 197.24 197.26 197.29 197.35 197.37 197.43 197.49 197.51 197.57 197.63 197.71 197.77 197.83 197.86 197.88 197.91 197.93 197.95 197.94 197.98 197.97 197.96 197.96 197.92 197.91 197.87 197.74 197.66 197.62 197.61 197.56 197.51 197.47 197.33 197.29 197.27 197.25 197.24 197.25 197.26 197.27 197.34 197.4 197.43 197.5 197.54 197.61 197.69 197.76 197.98 198.08 198.19 198.26 198.35 198.39 198.51 198.66 198.92 199.05 199.14 199.23 199.31 199.39 199.52
197.63 197.56 197.49 197.29 197.23 197.22 197.18 197.17 197.2 197.19 197.22 197.28 197.3 197.36 197.38 197.44 197.47 197.53 197.61 197.67 197.7 197.75 197.78 197.79 197.83 197.86 197.84 197.84 197.87 197.85 197.85 197.82 197.81 197.77 197.63 197.59 197.55 197.51 197.46 197.41 197.37 197.32 197.19 197.17 197.16 197.14 197.12 197.13 197.14 197.22 197.27 197.3 197.34 197.39 197.46 197.53 197.61 197.84 197.94 198 198.1 198.17 198.25 198.36 198.48 198.76 198.85 198.92 199.05 199.15 199.25 199.37
197.59 197.52 197.45 197.26 197.19 197.15 197.14 197.14 197.13 197.12 197.15 197.21 197.23 197.26 197.31 197.34 197.4 197.42 197.51 197.57 197.6 197.62 197.67 197.68 197.72 197.72 197.74 197.74 197.74 197.73 197.72 197.71 197.71 197.67 197.53 197.49 197.44 197.4 197.35 197.31 197.3 197.22 197.08 197.05 197.03 197.05 197.03 197.02 197.04 197.1 197.14 197.15 197.19 197.26 197.29 197.33 197.44 197.64 197.74 197.85 197.91 197.99 198.07 198.18 198.32 198.59 198.72 198.82 198.9 199 199.07 199.23
197.58 197.48 197.41 197.22 197.15 197.11 197.1 197.07 197.06 197.08 197.08 197.1 197.13 197.18 197.2 197.23 197.3 197.32 197.4 197.42 197.49 197.52 197.53 197.55 197.58 197.6 197.6 197.64 197.63 197.63 197.62 197.59 197.59 197.56 197.43 197.38 197.32 197.28 197.24 197.23 197.2 197.12 196.98 196.95 196.93 196.92 196.9 196.91 196.92 196.98 196.96 197.02 197.06 197.1 197.14 197.18 197.27 197.48 197.54 197.65 197.72 197.83 197.9 197.99 198.13 198.4 198.54 198.63 198.73 198.87 198.97 199.1
197.54 197.44 197.37 197.18 197.11 197.07 197.03 197.02 197.02 197.01 197.01 197.02 197.04 197.07 197.1 197.12 197.15 197.21 197.27 197.32 197.36 197.39 197.4 197.43 197.45 197.47 197.47 197.51 197.5 197.49 197.52 197.51 197.5 197.46 197.32 197.27 197.21 197.18 197.14 197.1 197.06 197.01 196.88 196.84 196.79 196.79 196.77 196.79 196.76 196.81 196.85 196.87 196.91 196.95 196.96 197 197.06 197.26 197.36 197.43 197.51 197.59 197.68 197.79 197.94 198.19 198.33 198.45 198.54 198.66 198.74 198.92
197.47 197.4 197.33 197.1 197.03 197 196.96 196.95 196.95 196.91 196.9 196.93 196.94 196.97 197 197.02 197.03 197.08 197.13 197.17 197.2 197.21 197.25 197.27 197.29 197.32 197.32 197.34 197.37 197.36 197.35 197.34 197.34 197.33 197.18 197.12 197.09 197.05 197.04 197 196.96 196.88 196.75 196.71 196.67 196.66 196.64 196.62 196.63 196.65 196.66 196.71 196.72 196.76 196.78 196.63 196.7 196.83 196.9 196.96 197.07 197.15 197.24 197.34 197.47 197.76 197.89 198.01 198.11 198.25 198.35 198.51
197.42 197.35 197.25 197.03 196.93 196.89 196.86 196.85 196.84 196.81 196.8 196.73 196.75 196.73 196.76 196.8 196.82 196.81 196.82 196.85 196.88 196.9 196.93 196.95 196.98 197 197.03 197.05 197.05 197.07 197.06 197.06 197.08 197.03 196.95 196.91 196.87 196.83 196.81 196.76 196.72 196.67 196.51 196.46 196.45 196.4 196.38 196.37 196.35 196.3 196.32 196.33 196.35 196.39 196.4 196.45 196.49 196.62 196.69 196.79 196.88 196.92 196.98 197.13 197.21 197.58 197.71 197.78 197.91 198.02 198.16 198.29
197.35 197.28 197.21 196.96 196.89 196.85 196.81 196.78 196.74 196.73 196.7 196.66 196.65 196.63 196.66 196.66 196.68 196.69 196.68 196.66 196.7 196.72 196.73 196.77 196.79 196.84 196.86 196.89 196.91 196.91 196.93 196.92 196.91 196.89 196.83 196.79 196.75 196.73 196.68 196.62 196.59 196.57 196.41 196.33 196.32 196.27 196.26 196.24 196.22 196.18 196.17 196.17 196.19 196.23 196.25 196.29 196.33 196.46 196.54 196.61 196.62 196.71 196.78 196.94 197.04 197.31 197.5 197.66 197.73 197.87 198.01 198.13
197.31 197.24 197.14 196.88 196.81 196.78 196.74 196.7 196.67 196.66 196.63 196.56 196.55 196.53 196.55 196.53 196.54 196.57 196.54 196.53 196.55 196.59 196.61 196.62 196.66 196.7 196.73 196.75 196.75 196.77 196.8 196.79 196.77 196.77 196.69 196.69 196.65 196.62 196.58 196.54 196.51 196.48 196.32 196.24 196.19 196.18 196.16 196.11 196.09 196.05 196.03 196.05 196.06 196.08 196.12 196.16 196.2 196.34 196.41 196.47 196.54 196.58 196.66 196.79 196.92 197.21 197.36 197.51 197.63 197.76 197.86 198
197.23 197.16 197.06 196.84 196.74 196.7 196.67 196.62 196.62 196.59 196.55 196.48 196.46 196.46 196.43 196.43 196.45 196.48 196.44 196.43 196.43 196.47 196.49 196.52 196.55 196.57 196.6 196.61 196.64 196.64 196.66 196.69 196.68 196.67 196.6 196.55 196.54 196.53 196.47 196.45 196.42 196.38 196.22 196.13 196.13 196.08 196.05 196.01 196 195.95 195.93 195.92 195.93 195.98 195.99 196.04 196.08 196.21 196.28 196.36 196.42 196.47 196.54 196.64 196.79 197.07 197.23 197.37 197.48 197.63 197.76 197.89
197.16 197.09 196.99 196.77 196.7 196.63 196.59 196.55 196.54 196.5 196.47 196.41 196.37 196.34 196.35 196.34 196.36 196.34 196.32 196.29 196.32 196.29 196.35 196.39 196.41 196.43 196.44 196.48 196.49 196.53 196.53 196.55 196.58 196.54 196.49 196.45 196.43 196.42 196.38 196.36 196.35 196.28 196.12 196.07 196.03 195.98 195.96 195.91 195.9 195.82 195.84 195.82 195.84 195.85 195.9 195.91 195.95 196.09 196.16 196.24 196.3 196.37 196.42 196.52 196.69 197 197.12 197.24 197.34 197.47 197.63 197.8
197.08 197.01 196.94 196.69 196.62 196.59 196.55 196.51 196.47 196.42 196.4 196.33 196.29 196.27 196.29 196.29 196.25 196.24 196.2 196.19 196.19 196.21 196.2 196.24 196.27 196.28 196.32 196.33 196.34 196.39 196.42 196.45 196.44 196.44 196.39 196.34 196.33 196.33 196.3 196.3 196.25 196.18 196.02 195.97 195.92 195.88 195.87 195.82 195.8 195.76 195.74 195.73 195.74 195.76 195.76 195.81 195.86 195.99 196.04 196.11 196.18 196.28 196.34 196.45 196.6 196.86 197 197.14 197.25 197.39 197.49 197.67
197.01 196.94 196.87 196.61 196.55 196.51 196.47 196.43 196.39 196.35 196.31 196.21 196.22 196.19 196.19 196.18 196.15 196.14 196.1 196.06 196.05 196.08 196.06 196.1 196.12 196.12 196.17 196.18 196.21 196.25 196.28 196.31 196.31 196.33 196.26 196.24 196.24 196.19 196.2 196.19 196.15 196.06 195.94 195.87 195.83 195.82 195.77 195.75 195.7 195.66 195.64 195.63 195.64 195.65 195.67 195.68 195.73 195.87 195.95 196 196.09 196.16 196.22 196.34 196.46 196.76 196.92 197.01 197.13 197.28 197.44 197.6
196.9 196.83 196.76 196.54 196.47 196.43 196.4 196.36 196.32 196.28 196.24 196.15 196.12 196.09 196.08 196.05 196.04 196.04 195.99 195.91 195.9 195.9 195.92 195.91 195.91 195.96 195.98 196.02 196.04 196.08 196.12 196.15 196.18 196.17 196.13 196.12 196.05 196.04 196.02 196.02 195.98 195.95 195.82 195.77 195.73 195.68 195.66 195.62 195.6 195.49 195.48 195.49 195.48 195.49 195.5 195.56 195.61 195.68 195.75 195.83 195.9 195.98 196.04 196.14 196.29 196.57 196.72 196.86 196.99 197.12 197.29 197.44
196.7 196.66 196.59 196.46 196.39 196.36 196.32 196.29 196.24 196.2 196.15 196 195.95 195.9 195.91 195.86 195.84 195.81 195.75 195.61 195.57 195.59 195.59 195.59 195.58 195.62 195.7 195.75 195.77 195.81 195.84 195.86 195.89 195.91 195.94 195.96 195.94 195.94 195.94 195.93 195.89 195.85 195.71 195.67 195.66 195.61 195.59 195.54 195.5 195.42 195.4 195.39 195.42 195.42 195.44 195.46 195.51 195.59 195.66 195.73 195.8 195.88 195.96 196.05 196.19 196.48 196.63 196.77 196.91 197.05 197.19 197.35
