DE_solarradiation/2018_12_solarradiation.asc
NCOLS 654
NROWS 866
XLLCORNER 3280500
YLLCORNER 5237500
CELLSIZE 1000
NODATA_VALUE -999
[rows 70 to 104 of 866, columns 468 to 545 of 654]
-999 -999 10.13 10.16 10.19 10.22 10.29 10.35 10.35 10.38 10.41 10.44 10.44 10.48 10.54 10.57 10.6 -999 -999 10.62 10.66 10.68 10.71 10.74 10.77 10.76 10.8 10.83 10.84 10.85 10.88 10.87 10.87 10.87 10.86 10.85 10.87 10.83 10.82 10.79 10.8 10.74 10.73 10.69 10.63 10.58 10.5 10.49 -999 -999 -999 10.32 10.28 -999 -999 10.13 10.15 10.12 10.04 10 -999 -999 -999 -999 -999 -999 -999 -999 -999 -999 -999 -999 -999 -999 -999 -999 -999 -999
10.07 10.1 10.14 10.14 10.17 10.2 10.3 10.32 10.35 10.39 10.42 10.43 10.46 10.49 10.55 10.57 10.58 -999 -999 10.62 10.65 10.66 10.71 10.75 10.74 10.77 10.77 10.81 10.83 10.86 10.85 10.88 10.87 10.87 10.87 10.88 10.87 10.83 10.78 10.78 10.73 10.72 10.68 10.65 -999 -999 -999 -999 -999 -999 -999 -999 -999 -999 10.18 -999 10.14 10.09 10.05 10 -999 -999 -999 -999 -999 -999 -999 -999 -999 -999 -999 -999 -999 -999 -999 -999 -999 -999
10.08 10.11 10.12 10.15 10.18 10.21 10.3 10.34 10.37 10.4 10.4 10.43 10.46 10.49 10.53 10.56 10.58 -999 -999 10.63 10.63 10.66 10.72 10.72 10.74 10.75 10.78 10.78 10.8 10.83 10.85 10.85 10.84 10.85 10.83 10.84 10.83 10.79 10.78 10.75 10.74 10.69 -999 -999 -999 -999 -999 -999 -999 -999 -999 10.33 10.32 10.22 -999 -999 -999 10.09 10.05 -999 -999 -999 -999 -999 -999 -999 -999 -999 -999 -999 -999 -999 -999 -999 -999 -999 -999 -999
10.09 10.09 10.13 10.16 10.19 10.22 10.29 10.35 10.37 10.38 10.41 10.44 10.47 10.46 10.53 10.56 10.59 -999 -999 10.61 10.64 10.66 10.7 10.73 10.72 10.76 10.76 10.79 10.79 10.83 10.82 10.82 10.82 10.85 10.84 10.83 10.8 10.78 10.75 10.76 10.71 10.7 -999 -999 -999 -999 -999 -999 -999 -999 -999 -999 -999 -999 -999 10.14 10.13 10.09 10.05 -999 -999 -999 -999 -999 -999 -999 -999 -999 -999 -999 -999 -999 -999 -999 -999 -999 -999 -999
10.07 10.1 10.14 10.14 10.18 10.21 10.29 10.33 10.36 10.39 10.42 10.45 10.44 10.47 10.53 10.56 10.56 10.58 -999 -999 10.61 10.64 10.7 10.7 10.73 10.73 10.76 10.76 10.78 10.81 10.8 10.82 10.83 10.81 10.81 10.8 10.79 10.76 10.76 10.71 -999 -999 -999 -999 -999 -999 -999 -999 -999 -999 -999 -999 -999 -999 10.19 10.17 10.19 10.15 10.06 -999 -999 -999 -999 -999 -999 -999 -999 -999 -999 -999 -999 -999 -999 -999 -999 -999 -999 -999
10.08 10.11 10.12 10.15 10.19 10.21 10.32 10.34 10.36 10.39 10.4 10.43 10.46 10.48 10.54 10.53 10.56 10.56 10.59 -999 -999 -999 10.67 10.7 10.7 10.73 10.73 10.75 10.75 10.78 10.8 10.8 10.79 10.79 10.78 10.77 10.76 10.73 10.73 -999 -999 -999 -999 -999 -999 -999 -999 -999 -999 -999 -999 -999 -999 -999 10.19 10.2 10.14 10.1 10.09 -999 -999 -999 -999 -999 -999 -999 -999 -999 -999 -999 -999 -999 -999 -999 -999 -999 -999 -999
10.1 10.13 10.13 10.17 10.2 10.23 10.33 10.36 10.39 10.4 10.41 10.43 10.47 10.5 10.52 10.54 10.56 10.56 10.59 10.59 -999 10.64 10.67 10.7 10.7 10.73 10.73 10.73 10.76 10.79 10.78 10.78 10.8 10.79 10.79 10.78 10.74 10.74 10.69 -999 -999 -999 -999 -999 -999 -999 -999 -999 -999 -999 -999 -999 -999 -999 -999 -999 -999 10.14 10.09 -999 -999 -999 -999 -999 -999 -999 -999 -999 -999 -999 -999 -999 -999 -999 -999 -999 -999 -999
10.13 10.16 10.17 10.2 10.23 10.26 10.33 10.39 10.38 10.41 10.44 10.47 10.51 10.51 10.56 10.58 10.61 10.61 10.63 -999 -999 10.64 10.67 10.71 10.7 10.73 10.72 10.76 10.75 10.79 10.78 10.77 10.77 10.77 10.76 10.75 10.74 10.73 10.7 -999 -999 -999 -999 -999 -999 -999 -999 -999 -999 -999 -999 -999 -999 -999 -999 -999 -999 -999 10.16 -999 -999 -999 -999 -999 -999 -999 -999 -999 -999 -999 -999 -999 -999 -999 -999 -999 -999 -999
10.15 10.14 10.18 10.21 10.23 10.27 10.33 10.36 10.39 10.42 10.45 10.45 10.49 10.5 10.56 10.59 10.59 10.61 10.6 -999 -999 10.65 -999 -999 10.7 10.7 10.73 10.73 10.75 10.75 10.77 10.76 10.76 -999 10.75 10.75 -999 10.7 -999 -999 -999 -999 -999 -999 -999 -999 -999 -999 -999 -999 -999 -999 -999 -999 -999 -999 -999 -999 -999 -999 -999 -999 -999 -999 -999 -999 -999 -999 -999 -999 -999 -999 -999 -999 -999 -999 -999 -999
10.13 10.16 10.19 10.18 10.21 10.24 10.34 10.36 10.4 10.39 10.43 10.45 10.46 10.51 10.54 10.57 10.6 10.59 10.61 10.6 -999 -999 10.69 -999 -999 10.7 10.7 10.72 10.72 10.76 10.74 10.74 -999 10.73 10.72 -999 -999 -999 -999 -999 -999 -999 -999 -999 -999 -999 -999 -999 -999 -999 -999 -999 -999 -999 -999 -999 -999 -999 -999 -999 -999 -999 -999 -999 -999 -999 -999 -999 -999 -999 -999 -999 -999 -999 -999 -999 -999 -999
10.14 10.13 10.16 10.19 10.22 10.25 10.31 10.34 10.37 10.4 10.43 10.43 10.43 10.48 10.54 10.57 10.57 10.59 10.59 10.63 10.61 10.63 -999 -999 10.68 -999 -999 -999 10.7 10.73 10.71 10.71 -999 10.7 10.7 10.69 -999 10.67 10.64 10.64 -999 -999 -999 -999 -999 -999 -999 -999 -999 -999 -999 -999 -999 -999 -999 -999 -999 -999 -999 -999 -999 -999 -999 -999 -999 -999 -999 -999 -999 -999 -999 -999 -999 -999 -999 -999 -999 -999
10.12 10.13 10.13 10.16 10.19 10.22 10.28 10.34 10.34 10.37 10.4 10.43 10.41 10.44 10.51 10.54 10.57 10.57 10.59 10.6 10.61 -999 10.64 10.67 10.66 10.68 -999 -999 -999 -999 -999 -999 -999 10.67 10.67 10.66 10.66 10.66 10.63 10.61 -999 -999 -999 -999 -999 -999 -999 -999 -999 -999 -999 -999 -999 -999 -999 -999 -999 -999 -999 -999 -999 -999 -999 -999 -999 -999 -999 -999 -999 -999 -999 -999 -999 -999 -999 -999 -999 -999
10.11 10.11 10.14 10.14 10.17 10.2 10.29 10.32 10.35 10.37 10.37 10.4 10.43 10.46 10.52 10.52 10.54 10.55 10.57 10.57 10.58 10.62 10.65 10.63 10.63 10.66 10.65 10.64 10.67 10.66 -999 -999 -999 10.67 10.67 10.67 10.63 10.63 10.62 10.58 -999 -999 -999 -999 -999 -999 -999 -999 -999 -999 -999 -999 -999 -999 -999 -999 -999 -999 -999 -999 -999 -999 -999 -999 -999 -999 -999 -999 -999 -999 -999 -999 -999 -999 -999 -999 -999 -999
10.09 10.12 10.12 10.14 10.17 10.2 10.26 10.29 10.32 10.35 10.38 10.38 10.4 10.44 10.49 10.52 10.52 10.55 10.55 10.58 10.57 10.6 10.63 10.62 10.64 10.63 10.64 10.66 10.66 10.65 10.67 10.67 -999 -999 -999 -999 10.6 10.59 10.58 -999 -999 -999 -999 -999 -999 -999 -999 -999 -999 -999 -999 -999 -999 -999 -999 -999 -999 -999 -999 -999 -999 -999 -999 -999 -999 -999 -999 -999 -999 -999 -999 -999 -999 -999 -999 -999 -999 -999
10.06 10.09 10.09 10.12 10.15 10.18 10.24 10.27 10.3 10.34 10.36 10.35 10.38 10.41 10.47 10.5 10.52 10.52 10.55 10.54 10.57 10.57 10.6 10.63 10.61 10.64 10.64 10.63 10.62 10.65 10.64 10.63 -999 -999 -999 -999 -999 -999 -999 -999 -999 -999 -999 -999 -999 -999 -999 -999 -999 -999 -999 -999 -999 -999 -999 -999 -999 -999 -999 -999 -999 -999 -999 -999 -999 -999 -999 -999 -999 -999 -999 -999 -999 -999 -999 -999 -999 -999
10.08 10.07 10.1 10.13 10.13 10.15 10.21 10.25 10.27 10.31 10.33 10.36 10.36 10.39 10.45 10.47 10.5 10.54 10.52 10.55 10.55 10.58 10.6 10.59 10.62 10.62 10.62 10.6 10.63 10.62 10.61 10.61 -999 -999 -999 -999 -999 -999 -999 -999 -999 -999 -999 -999 -999 -999 -999 -999 -999 -999 -999 -999 -999 -999 -999 -999 -999 -999 -999 -999 -999 -999 -999 -999 -999 -999 -999 -999 -999 -999 -999 -999 -999 -999 -999 -999 -999 -999
10.06 10.09 10.08 10.11 10.14 10.14 10.23 10.25 10.25 10.27 10.3 10.33 10.36 10.37 10.46 10.45 10.49 10.51 10.51 10.53 10.52 10.55 10.58 10.57 10.6 10.6 10.6 10.58 10.61 10.59 10.59 10.58 10.57 -999 -999 -999 -999 -999 -999 -999 -999 -999 -999 -999 -999 -999 -999 -999 -999 -999 -999 -999 -999 -999 -999 -999 -999 -999 -999 -999 -999 -999 -999 -999 -999 -999 -999 -999 -999 -999 -999 -999 -999 -999 -999 -999 -999 -999
10.03 10.06 10.06 10.09 10.12 10.14 10.21 10.24 10.22 10.25 10.28 10.31 10.34 10.34 10.43 10.45 10.45 10.48 10.48 10.51 10.5 10.53 10.56 10.55 10.58 10.57 10.57 10.6 10.59 10.58 10.57 10.56 10.54 10.54 -999 -999 -999 -999 -999 -999 -999 -999 -999 -999 -999 -999 -999 -999 -999 -999 -999 -999 -999 -999 -999 -999 -999 -999 -999 -999 -999 -999 -999 -999 -999 -999 -999 -999 -999 -999 -999 -999 -999 -999 -999 -999 -999 -999
10.04 10.04 10.07 10.07 10.09 10.12 10.18 10.2 10.2 10.23 10.26 10.28 10.31 10.32 10.4 10.43 10.43 10.46 10.45 10.48 10.48 10.5 10.52 10.55 10.56 10.55 10.54 10.57 10.56 10.56 10.54 10.53 10.52 10.51 -999 10.49 -999 -999 -999 -999 -999 -999 -999 -999 -999 -999 -999 -999 -999 -999 -999 -999 -999 -999 -999 -999 -999 10.17 10.16 10.15 -999 -999 10.06 10.05 10.01 10 -999 -999 -999 -999 -999 -999 -999 -999 -999 -999 -999 -999
10.02 10.01 10.04 10.04 10.06 10.09 10.15 10.18 10.18 10.2 10.23 10.26 10.29 10.28 10.38 10.41 10.4 10.43 10.43 10.45 10.45 10.47 10.5 10.53 10.53 10.52 10.51 10.54 10.53 10.52 10.52 10.51 10.49 10.48 10.48 -999 -999 10.42 -999 10.41 -999 -999 -999 -999 -999 -999 -999 -999 -999 -999 -999 -999 -999 -999 -999 -999 -999 -999 10.13 10.12 -999 10.07 10.06 10.02 10.01 9.97 -999 -999 -999 -999 -999 -999 -999 -999 -999 -999 -999 -999
9.99 9.99 10.02 10.03 10.03 10.07 10.12 10.16 10.16 10.18 10.21 10.23 10.23 10.26 10.35 10.37 10.38 10.4 10.4 10.43 10.42 10.45 10.47 10.5 10.5 10.5 10.47 10.49 10.49 10.48 10.48 10.47 10.47 10.45 10.44 -999 10.44 10.39 10.39 10.38 -999 -999 -999 -999 -999 -999 -999 -999 -999 -999 -999 -999 -999 -999 -999 10.16 10.15 10.14 10.13 -999 -999 -999 10.03 10.02 9.99 9.98 9.94 -999 -999 -999 -999 -999 -999 -999 -999 -999 -999 -999
9.98 9.98 10.01 9.99 10.01 10.05 10.11 10.13 10.12 10.15 10.18 10.21 10.2 10.23 10.32 10.32 10.34 10.37 10.37 10.39 10.39 10.42 10.44 10.47 10.46 10.45 10.44 10.46 10.46 10.46 10.45 10.44 10.43 10.42 10.41 10.41 10.4 10.36 10.36 -999 -999 -999 -999 -999 -999 -999 -999 -999 -999 -999 -999 -999 -999 -999 10.14 10.13 10.12 10.11 10.1 10.1 -999 -999 10.04 10.03 9.99 9.98 9.94 -999 -999 -999 -999 -999 -999 -999 -999 -999 -999 -999
9.95 9.99 9.98 9.99 10 10.02 10.08 10.11 10.1 10.13 10.15 10.15 10.18 10.21 10.26 10.29 10.31 10.34 10.35 10.37 10.36 10.39 10.42 10.44 10.43 10.42 10.41 10.43 10.43 10.42 10.42 10.41 10.41 10.4 10.39 10.38 10.37 10.34 -999 10.32 -999 -999 -999 -999 -999 -999 -999 -999 -999 -999 -999 -999 -999 10.15 10.15 10.14 10.13 10.12 10.11 10.11 10.1 10.05 -999 -999 9.99 9.98 9.97 9.93 -999 -999 -999 -999 -999 -999 -999 -999 -999 -999
9.95 9.95 9.94 9.97 9.96 9.99 10.04 10.08 10.07 10.1 10.13 10.12 10.15 10.17 10.23 10.26 10.29 10.31 10.31 10.33 10.34 10.36 10.39 10.41 10.41 10.39 10.4 10.41 10.4 10.4 10.39 10.38 10.38 10.37 10.37 10.36 10.35 10.31 10.3 10.29 10.26 -999 -999 -999 -999 -999 -999 -999 -999 10.12 10.12 10.12 10.15 10.14 10.13 10.16 10.16 10.14 10.12 10.11 10.08 10.06 10.04 -999 9.99 9.98 9.94 9.94 9.86 -999 -999 -999 -999 -999 -999 -999 -999 -999
9.93 9.91 9.94 9.95 9.95 9.98 10.03 10.06 10.05 10.07 10.1 10.1 10.12 10.15 10.22 10.24 10.26 10.29 10.29 10.32 10.3 10.33 10.36 10.38 10.37 10.37 10.36 10.38 10.37 10.37 10.36 10.36 10.35 10.34 10.34 10.33 10.32 10.29 10.27 10.27 10.23 10.22 -999 -999 -999 10.16 10.15 10.15 10.14 10.14 10.14 10.13 10.12 10.15 10.14 10.13 10.13 10.12 10.1 10.08 10.07 10.06 10.04 10 -999 9.95 9.95 9.91 9.87 -999 -999 -999 -999 -999 -999 -999 -999 -999
9.89 9.89 9.93 9.91 9.94 9.95 10 10.03 10.05 10.04 10.07 10.1 10.1 10.12 10.18 10.21 10.23 10.26 10.25 10.28 10.27 10.3 10.32 10.35 10.35 10.35 10.33 10.36 10.35 10.34 10.33 10.33 10.32 10.32 10.31 10.3 10.3 10.26 10.24 10.24 10.23 10.19 -999 -999 10.17 10.14 10.12 10.13 10.12 10.11 10.11 10.1 10.09 10.13 10.11 10.1 10.09 10.11 10.09 10.08 10.04 10.03 10.03 9.98 9.97 -999 9.92 9.91 9.84 9.8 -999 -999 -999 -999 -999 -999 -999 -999
9.87 9.9 9.89 9.88 9.92 9.94 9.98 10 10.03 10.02 10.04 10.07 10.07 10.09 10.15 10.17 10.21 10.23 10.22 10.24 10.24 10.26 10.29 10.29 10.31 10.31 10.29 10.32 10.32 10.31 10.3 10.3 10.29 10.29 10.28 10.27 10.27 10.22 10.22 10.21 10.2 10.16 -999 -999 10.14 10.1 10.1 10.1 10.09 10.09 10.08 10.08 10.07 10.09 10.08 10.1 10.09 10.08 10.06 10.06 10.05 10.01 10 9.98 9.97 -999 9.92 9.88 9.84 9.8 9.76 9.75 -999 -999 -999 -999 -999 -999
9.86 9.87 9.86 9.9 9.89 9.92 9.95 9.97 10 10 10.01 10.03 10.03 10.06 10.12 10.14 10.18 10.2 10.2 10.22 10.21 10.24 10.26 10.26 10.28 10.27 10.27 10.3 10.29 10.28 10.27 10.27 10.27 10.26 10.25 10.25 10.23 10.2 10.19 10.18 10.17 10.17 10.13 -999 -999 10.08 10.08 10.07 10.06 10.06 10.05 10.07 10.06 10.1 10.08 10.07 10.06 10.04 10.03 10.02 10.01 10.01 10.01 9.99 9.95 -999 9.89 9.88 9.81 9.8 9.76 9.72 9.72 9.68 -999 -999 -999 -999
9.84 9.84 9.87 9.86 9.87 9.89 9.95 9.95 9.98 9.99 9.98 10.01 10.01 10.04 10.1 10.12 10.15 10.15 10.16 10.19 10.19 10.21 10.24 10.23 10.26 10.25 10.25 10.25 10.27 10.25 10.25 10.24 10.23 10.23 10.22 10.21 10.21 10.17 10.16 10.16 10.15 10.14 10.13 10.09 -999 10.08 10.07 10.08 10.06 10.05 10.04 10.03 10.03 10.05 10.04 10.05 10.04 10.04 10.03 10.02 10.01 10 9.97 9.96 9.95 -999 9.89 9.89 9.81 9.77 9.77 9.73 9.69 9.7 9.65 9.6 9.5 -999
9.81 9.85 9.85 9.84 9.86 9.86 9.92 9.94 9.93 9.97 9.97 9.99 10.02 10.01 10.07 10.1 10.12 10.12 10.15 10.14 10.16 10.19 10.22 10.21 10.23 10.22 10.22 10.22 10.25 10.24 10.23 10.22 10.21 10.21 10.19 10.19 10.18 10.18 10.14 10.13 10.12 10.12 10.11 10.1 10.09 10.05 10.04 10.03 10.03 10.03 10.02 10 10.03 10.05 10.04 10.03 10.02 10.04 10.03 10.02 10.01 10 9.98 9.98 9.97 -999 9.9 9.86 9.82 9.78 9.74 9.73 9.69 9.65 9.64 9.61 9.5 9.46
9.84 9.84 9.84 9.86 9.85 9.89 9.92 9.92 9.95 9.98 9.98 10 10 10.02 10.05 10.07 10.1 10.1 10.12 10.12 10.14 10.13 10.16 10.19 10.18 10.2 10.21 10.2 10.19 10.21 10.2 10.2 10.19 10.18 10.17 10.16 10.16 10.15 10.15 10.14 10.13 10.12 10.08 10.07 10.07 10.06 10.05 10.05 10.04 10.04 10.02 10.05 10.03 10.06 10.05 10.04 10.07 10.05 10.04 10.02 10.05 10.04 10.01 10.01 -999 9.97 9.93 9.93 9.86 9.82 9.77 9.73 9.72 -999 -999 -999 -999 9.5
9.82 9.85 9.84 9.84 9.87 9.87 9.89 9.93 9.92 9.96 9.95 9.98 9.97 10 10.06 10.05 10.07 10.07 10.1 10.09 10.12 10.11 10.14 10.16 10.16 10.15 10.18 10.18 10.16 10.19 10.19 10.19 10.17 10.16 10.15 10.15 10.14 10.13 10.13 10.12 10.11 10.1 10.1 10.09 10.08 10.07 10.06 10.05 10.05 10.05 10.04 10.03 10.04 10.03 10.06 10.05 10.05 10.03 10.05 10.04 10.03 10.01 10.02 10.01 -999 9.98 9.94 9.9 9.82 9.82 9.77 9.73 9.73 9.69 -999 -999 -999 -999
9.83 9.83 9.85 9.84 9.85 9.87 9.91 9.9 9.93 9.93 9.96 9.95 9.98 9.97 10.03 10.03 10.05 10.04 10.07 10.06 10.09 10.08 10.11 10.14 10.14 10.13 10.16 10.15 10.14 10.17 10.17 10.16 10.15 10.15 10.13 10.13 10.12 10.12 10.11 10.1 10.1 10.09 10.08 10.07 10.06 10.05 10.05 10.04 10.04 10.03 10.01 10.04 10.03 10.05 10.04 10.06 10.05 10.03 10.03 10.05 10.04 10.01 10.03 10.02 -999 9.95 9.94 9.91 9.83 -999 -999 9.74 9.7 9.69 -999 -999 -999 -999
9.8 9.83 9.83 9.82 9.84 9.85 9.88 9.91 9.9 9.94 9.93 9.93 9.95 9.98 10.01 10 10.03 10.02 10.05 10.04 10.07 10.07 10.09 10.12 10.11 10.1 10.11 10.13 10.12 10.15 10.14 10.14 10.13 10.12 10.12 10.11 10.1 10.1 10.09 10.09 10.07 10.07 10.06 10.06 10.05 10.03 10.02 10.02 10.04 10.03 10.02 10.02 10.04 10.03 10.05 10.03 10.03 10.06 10.04 10.03 10.05 10.01 10 -999 9.97 9.96 9.95 -999 -999 -999 9.75 9.75 9.7 9.66 -999 -999 -999 -999
9.8 9.8 9.83 9.82 9.82 9.85 9.88 9.87 9.91 9.91 9.9 9.93 9.92 9.95 9.98 10.01 10 10 10.03 10.02 10.05 10.05 10.07 10.1 10.09 10.08 10.08 10.11 10.1 10.09 10.12 10.11 10.1 10.1 10.09 10.08 10.08 10.07 10.06 10.05 10.05 10.04 10.03 10.02 10.02 10.01 10.03 10.02 10.01 10 10 10.02 10.01 10.03 10.01 10.04 10.03 10.02 10.05 10.04 10.03 10.02 10.01 -999 9.96 9.95 9.91 -999 -999 -999 9.75 9.72 9.7 -999 -999 -999 -999 -999
