DE_solarradiation/2018_02_solarradiation.asc
NCOLS 654
NROWS 866
XLLCORNER 3280500
YLLCORNER 5237500
CELLSIZE 1000
NODATA_VALUE -999
[rows 805 to 839 of 866, columns 234 to 311 of 654]
42.79 42.31 41.68 41.12 41.08 40.93 41.18 41.91 42.38 43.29 43.35 43.58 43.85 42.08 42.85 43.99 43.62 43.3 42.73 42.15 42.24 42.61 43.2 43.21 43.13 42.79 42.83 42.71 42.54 42.09 42.32 42.21 42.4 42.57 43.01 43.52 43.97 44.17 44.19 44.48 44.45 44.54 44.5 44.3 43.7 44.16 44.03 43.95 43.93 43.51 43.57 42.84 42.86 42.8 42.99 42.79 42.87 42.62 42.78 42.65 42.56 42.48 42.55 42.69 42.73 42.52 42.51 42.68 42.75 42.9 42.94 42.92 42.93 42.77 42.89 42.92 42.77 41.95
42.55 42.43 42.5 41.68 41.61 41.34 41.41 41.59 42.34 42.67 42.86 43.82 43.98 42.55 42.4 43.03 43.87 43.38 43.01 42.79 42.54 42.74 43.18 43.11 43.12 42.52 42.71 42.52 42.61 43.03 42.56 42.46 42.61 42.87 43.36 44.1 44.24 44.31 44.52 44.56 44.7 45.01 44.72 44.26 43.75 44.08 43.87 43.83 43.87 43.54 43.35 42.93 43.07 42.93 43.04 42.9 42.89 43.15 43.1 42.77 42.65 42.56 42.63 42.82 42.74 42.66 43 42.74 43.03 43.06 43.18 43.08 43.05 42.93 42.58 42.44 42.56 42.63
42.65 42.54 42.52 42.13 41.76 41.53 41.46 41.44 41.97 42.11 42.45 42.92 42.86 42.94 42.97 42.95 43.54 43.26 42.95 42.67 42.77 43.35 43.36 43.3 43.26 43.23 43.19 43.03 43.24 43.2 43.1 42.6 42.72 43.4 43.72 44.29 44.36 44.55 44.72 44.98 44.87 45.19 44.81 44.79 43.93 44.02 43.94 44.04 43.86 43.4 43.35 43.01 43.05 43.28 43.35 43.13 42.95 43.1 43.05 42.89 43.11 42.68 42.69 42.66 42.78 42.76 43.19 42.98 43.22 43.51 43.34 43.36 43.25 43.05 43.13 42.87 42.52 42.16
42.14 42.41 42.31 42.18 41.97 41.63 41.52 41.61 41.93 41.99 42.41 42.3 42.61 42.74 42.01 42.59 43.27 43.2 42.98 42.7 43.38 43.41 43.39 43.44 42.72 43.38 43.18 43.22 43.28 43.13 43.11 42.79 43.25 43.74 44.01 44.6 44.48 44.85 44.86 45.2 45.54 45.34 44.91 44.72 44.34 44.06 43.98 43.94 43.72 43.4 43.35 43.1 43.26 43.46 43.33 43.27 43.15 43.07 42.78 43.01 43.19 42.98 42.81 42.83 42.67 42.86 42.95 43.02 43.33 43.62 44.01 43.6 43.45 43.38 42.99 43.68 42.94 42.98
42.11 42.09 42.37 42.49 42.75 42.16 41.66 41.71 41.9 42.18 42.24 43.02 42.43 42.63 42.12 42.26 42.81 43.05 42.4 43.34 43.18 43.21 43.52 43.51 43.52 43.28 43.33 43.31 43.32 43.34 42.93 44.1 43.75 44.48 44.56 44.41 44.73 44.99 45.1 45.51 45.8 45.26 44.93 44.75 44.58 44.08 43.91 43.89 44.01 43.65 43.43 43.24 43.23 43.42 43.45 43.11 43.16 43.15 42.81 43.11 43.13 43.05 42.94 42.84 42.74 43 43.3 43.16 43.6 43.81 44.07 43.77 43.55 43.44 43.49 43.32 43.18 43.02
42.47 42.1 42.43 42.51 42.73 42.42 41.8 41.81 41.86 42.1 42.42 42.38 42.46 42.05 42.29 42.46 42.44 42.82 43.19 43.3 43.14 43.4 43.59 43.31 43.37 43.39 43.45 43.42 43.18 43.17 43.01 43.81 44.2 44.64 44.72 44.75 44.9 45.41 45.5 45.97 45.87 45.35 44.76 44.66 44.55 44.6 44.11 44.13 44.03 43.67 43.42 43.34 43.39 43.47 43.23 43.37 43.26 42.98 43.04 43.19 43.25 43.26 42.97 43 42.83 42.9 42.99 43.26 43.6 44.08 44.49 44.13 44.03 43.79 43.76 43.85 43.85 43.34
42.49 42.42 42.28 42.27 42.18 42.22 42.01 41.99 42.01 42.58 42.86 43.3 43.1 42.88 43.08 43.1 43.01 42.89 43.13 43.29 43.13 43.2 43.36 43.55 43.54 43.64 43.58 43.34 43.36 43.18 43.29 44.1 44.46 44.85 45.02 44.92 45.08 45.62 45.89 46.23 45.81 45.52 44.99 44.98 44.92 44.59 44.27 44.37 44.17 43.81 43.67 43.36 43.57 43.35 43.38 43.47 43.45 42.98 42.77 43.22 43.33 43.09 43.07 42.98 42.91 42.93 43.25 43.38 43.26 44.28 44.35 44.94 44.15 44.05 44.06 44.41 43.65 43.83
42.29 42.46 42.32 42.31 42.45 42.3 42.18 42.19 42.24 42.27 42.84 43.22 43.29 43.11 43.65 44.05 44.17 43.73 43.52 43.24 43.26 43.68 43.67 43.73 43.79 43.86 43.68 43.57 43.42 43.45 43.61 44.64 44.94 45.12 45.29 45.28 45.49 46.21 46.5 46.47 46.04 45.9 45.47 45.14 45.16 45.05 44.59 44.57 44.67 45.76 43.83 43.69 43.81 43.73 43.68 43.52 43.67 43.15 43.26 43.3 43.19 43.3 43.19 43.14 42.94 42.94 43.31 43.43 43.7 43.57 44.28 43.96 44.52 44.6 44.57 44.39 44.32 44.16
42.15 42.37 42.65 42.41 42.5 42.59 42.76 42.68 42.74 42.8 42.99 43.58 43.66 43.82 44.62 45.12 45.79 44.91 44.77 44.37 44.13 44.2 44.36 44.38 44.46 44.35 44.34 44.22 44.08 44.2 45.27 45.18 45.34 45.84 45.99 45.91 46.28 46.71 46.71 46.38 46.26 46.21 45.62 45.28 45.6 45.06 44.95 44.59 45 44.32 44.13 43.94 43.86 43.95 43.38 43.66 43.43 43.36 43.51 43.25 43.35 43.48 43.72 43.37 42.96 42.92 43.42 43.97 43.9 43.81 44.25 44.24 44.42 43.93 44.41 44.9 44.61 44.5
42.25 42.25 42.27 42.56 42.6 42.56 42.74 42.86 43.09 43.02 43.03 43.53 43.74 44.07 44.68 45.79 45.8 46.34 45.12 44.5 44.18 44.25 44.44 44.69 44.71 44.49 44.52 44.23 44.44 44.53 44.74 45.38 45.89 46.26 46.34 46.26 46.36 46.67 46.81 46.35 45.93 45.93 45.59 45.44 45.5 44.96 44.48 45.15 45.04 44.37 43.92 44.12 43.53 43.92 43.96 43.81 43.76 43.34 43.07 43.36 43.92 44.21 44.19 43.17 43.05 42.93 43.78 44.77 44.43 43.75 44.33 44.66 45.26 45.24 44.31 45.39 45.76 45.17
42.26 42.27 42.32 42.39 42.72 42.86 42.77 42.83 42.96 43.14 43.12 43.23 43.5 44.09 44.16 44.89 45.44 45.15 44.75 44.35 44.23 44.31 44.64 44.83 44.83 44.72 44.62 44.6 44.72 44.85 45.1 45.58 46.31 46.34 46.65 46 46.03 46.81 46.91 46.38 45.91 46.01 45.81 45.73 45.67 45 44.61 45.1 45.08 44.51 44.02 43.88 44.23 44.19 44.07 44.14 43.92 43.46 43.63 43.53 44.04 43.26 43.3 43.22 43.37 42.95 43.23 43.8 44.53 43.81 45.42 45.28 46.19 45.52 45.27 44.63 45.08 45.19
42.21 42.25 42.28 42.82 43.37 43.85 43.33 42.9 43.04 43.13 43.23 43.33 43.44 43.55 43.82 44.19 44.44 44.54 44.34 44.34 44.39 44.64 45 44.99 44.88 44.83 44.83 44.79 44.8 45.18 45.23 45.7 46.27 46.52 46.31 46.07 46.38 46.61 46.58 46.76 45.78 46.09 45.59 45.98 45.8 45.09 44.82 45.06 44.95 44.08 44.14 44.32 44.41 44.51 44.31 44.12 44.03 43.5 43.58 43.23 43.48 44.12 43.21 43.13 42.95 42.96 43.11 45.06 45.38 44.03 45.55 45.63 46.19 44.71 46.14 45.64 44.99 44.67
42.13 42.18 42.27 42.39 42.99 43.41 43.85 43.51 43.25 43.35 43.27 43.5 43.69 43.74 43.75 44.03 44.18 44.28 44.34 44.47 44.56 44.8 45.05 45.11 45.15 44.95 44.99 44.84 45.05 45.32 45.53 45.97 45.89 46.48 45.97 45.99 46.45 46.59 45.44 46.63 45.9 46.03 45.75 45.81 45.54 45 44.86 44.41 44.62 44.26 44.63 44.53 44.6 44.52 44.8 44.47 44.05 43.39 43.38 43.52 43.25 43.46 43.33 43.31 43.17 42.95 43.2 45.28 45.21 44.59 44.23 45.51 45.84 45.05 45.93 45.54 45.09 44.83
42.14 42.14 42.22 42.3 42.5 43.36 43.57 43.7 43.7 43.67 43.71 43.58 43.77 43.86 43.92 44.13 44.37 44.43 44.67 44.73 44.69 44.89 45.12 45.12 45.18 45.07 45 45.05 45.19 45.44 45.69 46.44 46.14 46.27 46.22 46.6 46.66 46.12 46.31 46.34 45.97 45.8 45.63 45.6 45.29 44.98 44.87 44.95 44.68 44.58 44.82 44.66 44.63 44.57 44.1 44.18 43.71 43.61 43.53 43.5 43.41 43.32 43.32 43.25 43.07 43.08 43.19 44.19 44.89 46.08 44.94 45.1 45.31 45.6 45.6 45.4 44.92 44.63
41.92 42.02 42.14 42.26 42.38 42.54 43.14 43.53 43.58 43.67 43.78 43.87 43.83 43.83 44.01 44.16 44.4 44.62 44.69 44.86 45 45.18 45.26 45.2 45.22 45.2 45.19 45.33 45.42 45.76 46.07 46.72 46.81 46.42 46.48 46.41 46.69 46.79 46.6 46.59 46.22 46.13 45.67 45.64 45.67 45.75 45.51 45.11 44.8 44.5 44.67 44.66 44.38 44.01 43.9 44.16 44.13 43.78 43.62 43.63 43.55 43.45 43.5 43.48 43.21 43.13 43.08 43.6 45.19 45.83 45.3 46.06 45.53 44.99 45.68 44.95 44.82 45.04
41.94 41.8 41.94 42.09 42.25 42.53 42.68 43.28 43.41 43.7 43.83 43.95 44.2 44.19 44.11 44.43 44.74 44.87 45.18 45.12 45.35 45.23 45.46 45.49 45.59 45.62 45.72 45.79 46 46.34 46.74 47.42 47.39 46.69 46.84 46.92 46.91 47.02 46.86 46.89 46.56 46.56 46.19 46.16 46.08 46.05 45.87 45.42 45.29 44.64 44.77 44.99 44.36 44.38 44.71 44.66 44.6 43.87 43.85 43.94 43.77 43.95 43.95 43.93 43.47 43.41 43.3 43.47 44.28 44.81 44.87 44.16 43.97 44.12 44.33 45.12 44.76 44.46
41.68 41.7 41.84 42 42.17 42.47 42.65 42.81 42.97 43.31 43.68 43.7 44.09 44.2 44.15 44.37 44.62 44.89 45.11 45.16 45.47 45.34 45.48 45.63 45.74 45.84 45.91 45.96 46.08 46.48 47.04 47.26 47.57 46.9 47.05 47.31 47.55 47.36 47.24 47.18 46.68 46.77 45.92 46.11 45.98 45.97 45.68 45.65 45.59 45.02 44.94 44.51 44.98 44.95 44.99 44.82 44.62 44.15 44.22 44.45 43.91 44.43 44.87 44.02 43.7 43.62 43.92 43.49 43.68 44.29 44.14 44.77 44.14 44.81 45.36 45.11 44.96 44.53
41.53 41.71 41.78 41.94 42.12 42.42 42.61 42.77 42.95 43.11 43.27 43.63 44 44.02 44.18 44.34 44.47 44.77 45.1 45.37 45.59 45.49 45.54 45.69 45.82 45.93 46.08 46.13 46.21 46.55 46.89 47.42 47.56 46.97 47.11 47.39 47.57 47.56 47.46 47.27 47.31 46.62 46.17 46.23 46.04 45.81 45.98 45.79 46.04 45.31 45.13 44.93 44.66 44.65 44.47 44.86 44.53 44.29 44.27 44.04 44.61 44.91 44.57 44.46 43.75 43.64 44.01 43.76 43.57 43.69 44.66 45.11 46.3 45.06 44.54 45.09 44.91 44.41
41.41 41.54 41.68 41.83 42.01 42.33 42.51 42.7 42.88 43.04 43.23 43.41 43.74 43.93 44.11 44.31 44.47 44.63 44.84 45.09 45.26 45.43 45.52 45.65 45.87 45.98 46.09 46.21 46.33 46.71 47.01 47.35 47.4 47.25 47.34 47.47 47.46 47.47 47.49 47.22 47.09 46.65 46.62 46.25 46.03 46.09 45.99 45.9 45.84 45.31 45.12 45.05 45.21 45.2 44.98 44.38 44.15 43.65 43.45 44 43.57 43.92 44.58 44.56 43.67 43.82 44.11 44.16 44.74 45.16 45.65 45.01 44.3 44.09 44.61 44.55 45.06 44.68
-999 41.47 41.6 41.74 41.94 42.23 42.43 42.61 42.8 42.98 43.16 43.35 43.67 43.88 44.07 44.26 44.45 44.61 44.77 44.96 45.22 45.36 45.5 45.72 45.81 46.03 46.14 46.39 46.8 47 47.34 47.33 47.41 47.44 47.32 47.27 47.54 47.83 47.71 47.52 47.04 47.38 46.79 46.46 46.49 46.13 46.02 46.01 45.72 45.82 45.35 45.12 45.12 45.24 45.35 45.15 44.36 43.99 43.59 43.79 43.5 43.93 43.59 44.01 43.68 44.69 45.07 43.95 44.25 43.98 43.91 43.88 43.72 43.77 43.98 44.52 44.53 44.86
-999 -999 -999 -999 -999 -999 -999 -999 -999 -999 43.07 43.28 43.61 43.82 44.02 44.21 44.4 44.56 44.74 44.93 45.18 45.34 45.5 45.63 45.88 46.01 46.19 46.31 46.54 46.78 47.25 47.37 47.14 47.08 47.16 47.2 47.03 47.35 47.7 46.99 46.9 47.33 46.61 46.54 46.48 46.32 46.21 46.07 45.87 46.13 45.49 45.32 45.45 45.74 45.61 45.26 44.61 44.63 43.92 44.21 44.09 44.05 44.87 44.07 45.09 45.97 45.12 43.83 44.08 44.25 44.52 44.61 44.23 44.14 44.47 44.96 45.38 44.99
-999 -999 -999 -999 -999 -999 -999 -999 -999 -999 -999 43.11 43.46 43.7 43.89 44.08 44.27 44.45 44.64 44.83 45.1 45.28 45.44 45.6 45.74 45.94 46.2 46.38 46.52 46.67 46.69 46.88 47 47.07 47.61 47.26 46.96 47.56 47.53 47.55 47.57 47.66 46.8 46.71 46.61 46.51 46.39 46.42 46.47 46.39 45.87 45.83 46.06 45.66 45.4 45.19 45.11 44.51 44.15 44.28 44.19 44.24 45.45 44.64 44.35 45.06 44.17 44.34 45.02 45.09 45 45.4 45.65 46.48 46.5 45.43 44.66 43.81
-999 -999 -999 -999 -999 -999 -999 -999 -999 -999 -999 -999 -999 43.5 43.71 43.9 44.08 44.27 44.48 44.69 44.96 45.18 45.34 45.44 45.6 45.83 46.07 46.39 46.52 46.69 46.88 47.42 47.54 47.62 47.81 47.87 47.87 47.69 47.87 47.96 47.9 47.7 47.26 47.13 46.94 46.47 46.59 46.81 46.96 46.84 46.86 46.68 46.7 46.57 46.22 45.93 45.58 44.94 44.67 44.53 44.57 45.14 45.13 44.4 44.29 44.51 44.36 44.87 44.45 45.22 45.9 47.85 46.83 47.26 46.23 45.41 45.39 44.6
-999 -999 -999 -999 -999 -999 -999 -999 -999 -999 -999 -999 -999 -999 -999 43.5 43.68 43.92 44.1 44.34 44.75 44.99 45.17 45.36 45.52 45.75 45.98 46.32 46.47 46.74 47.17 47.31 47.5 47.55 47.6 47.56 47.62 47.7 47.92 47.78 48.02 47.79 47.37 47.11 46.87 46.71 46.85 47.13 47.36 47.62 47.43 47.34 47.31 47.05 46.35 45.71 45.62 45 44.94 45.1 44.92 44.8 45.14 45.82 45.33 44.36 45.36 45.43 44.81 46.21 47.24 47.11 45.56 45.58 45.8 45.78 45.08 44.51
-999 -999 -999 -999 -999 -999 -999 -999 -999 -999 -999 -999 -999 -999 -999 -999 43.45 43.65 43.89 44.13 44.59 44.83 45.04 45.23 45.41 45.59 45.85 46.19 46.38 46.62 46.75 47.18 47.63 47.62 47.75 47.52 47.63 47.83 47.82 47.81 47.83 47.88 47.51 47.07 46.82 46.87 47.29 47.51 48.78 48.65 47.63 47.34 46.99 46.64 45.73 45.52 45.65 45.36 45.61 45.76 45.59 45.37 45.22 46.17 46.3 45.25 44.74 47.18 46.04 45.01 45.42 46.01 46.28 46.51 46.08 45.56 45.01 44.3
-999 -999 -999 -999 -999 -999 -999 -999 -999 -999 -999 -999 -999 -999 -999 -999 -999 43.45 43.69 43.92 44.38 44.65 44.86 45.07 45.28 45.49 45.72 46.07 46.25 46.41 46.61 47.12 47.08 47.5 47.74 47.51 47.75 47.76 47.69 47.83 47.87 47.92 47.28 46.88 46.89 46.76 46.94 48.66 48.23 48.31 47.95 47.47 46.95 46.51 45.55 45.52 46.11 45.56 46.72 45.52 45.61 45.47 46 46.13 45.78 45.33 45.28 45.46 45.79 46.45 46.15 45.69 45.44 45.67 45.67 44.97 44.78 44.34
-999 -999 -999 -999 -999 -999 -999 -999 -999 -999 -999 -999 -999 -999 -999 -999 -999 -999 -999 43.72 44.18 44.47 44.7 44.91 45.12 45.33 45.54 45.89 46.14 46.28 46.43 46.85 46.98 47.16 47.41 47.33 47.46 47.48 47.62 47.92 47.79 47.75 47.01 46.95 -999 -999 47 48.72 48.8 48.72 48.12 47.48 46.69 45.81 45.71 45.94 46.54 46.02 45.7 46.15 45.88 45.43 45.13 45.55 46.46 47.16 46.42 46.77 46.87 47.13 47.05 47.02 45.66 44.85 44.41 44.6 44.76 44.32
-999 -999 -999 -999 -999 -999 -999 -999 -999 -999 -999 -999 -999 -999 -999 -999 -999 -999 -999 -999 43.97 44.26 44.49 44.73 44.94 45.17 45.41 45.75 45.99 46.17 46.35 46.59 46.83 46.97 47.11 47.17 47.37 47.43 47.53 47.72 47.76 47.7 47.05 -999 -999 -999 -999 48.78 49.68 48.89 47.74 47.13 46.13 45.6 46.2 46.88 47.31 46.14 46.06 46.64 45.66 45.45 45.51 46.79 46.25 46.43 46.72 48.46 48.58 46.93 46.15 44.95 44.13 44.1 44.09 44.15 44.92 45.07
-999 -999 -999 -999 -999 -999 -999 -999 -999 -999 -999 -999 -999 -999 -999 -999 -999 -999 -999 -999 -999 -999 44.2 44.43 44.67 44.9 45.16 45.54 45.8 46.01 46.19 46.37 46.52 46.69 46.81 47.02 47.09 47.29 47.17 47.44 47.69 47.29 47.09 -999 -999 -999 -999 50.14 49.65 48.43 47.39 47.12 45.89 46.14 47.34 47.35 47.41 46.22 46.11 47.04 46.15 46.03 45.73 45.61 45.66 47.05 46.68 46.7 45.51 44.69 44.58 44.59 45.21 46.24 46.26 45.2 44.43 44.37
-999 -999 -999 -999 -999 -999 -999 -999 -999 -999 -999 -999 -999 -999 -999 -999 -999 -999 -999 -999 -999 -999 -999 -999 44.32 44.58 44.87 45.27 45.53 45.76 45.97 46.17 46.35 46.5 46.65 46.79 46.84 47.05 46.99 47.04 47.4 47.07 -999 -999 -999 -999 -999 50.97 50.06 48.21 47.52 46.65 45.98 46.62 47.87 47.46 48.02 46.97 46.28 46.62 46.78 47.04 46.03 47.77 45.53 45.34 45.29 45.25 45.27 45.67 47.14 48.29 48.8 49.74 50.62 50.64 47.92 45.67
-999 -999 -999 -999 -999 -999 -999 -999 -999 -999 -999 -999 -999 -999 -999 -999 -999 -999 -999 -999 -999 -999 -999 -999 -999 43.81 44.12 44.75 45.06 45.32 45.52 45.76 45.96 46.14 46.31 46.66 46.81 46.92 46.94 46.98 47.03 47.11 -999 -999 -999 -999 -999 49.91 49.07 48.35 47.46 46.51 46.24 47.92 48.19 48.26 48.73 47.1 45.83 46.51 47.21 46.28 45.2 45.62 47.61 47.49 47.07 46.64 47.53 48.25 48.96 50.11 50.9 51.13 50.75 49.54 47.68 49.2
-999 -999 -999 -999 -999 -999 -999 -999 -999 -999 -999 -999 -999 -999 -999 -999 -999 -999 -999 -999 -999 -999 -999 -999 -999 -999 43.77 44.45 44.76 45.05 45.28 45.51 45.74 45.94 46.15 46.55 46.72 46.81 46.88 46.94 47.02 -999 -999 -999 -999 -999 -999 -999 49.14 48.38 47.25 46.13 -999 47.97 48.76 49.07 48.72 46.6 45.83 46.34 45.02 45.27 46.19 46.22 47.48 47.39 47.3 48.73 50 51.15 50.84 50.16 50.69 51.4 49.34 49 50.48 50.48
-999 -999 -999 -999 -999 -999 -999 -999 -999 -999 -999 -999 -999 -999 -999 -999 -999 -999 -999 -999 -999 -999 -999 -999 -999 -999 -999 -999 44.49 44.78 45.03 45.29 45.55 45.75 45.98 46.4 46.61 46.72 46.81 46.88 46.91 -999 -999 -999 -999 -999 -999 -999 -999 -999 47.28 46.03 -999 -999 48.81 49.12 -999 -999 44.94 45.43 46.81 47.12 47.35 46.77 46.92 46.94 49.8 51.24 50.15 48.8 49.97 49.28 51.06 52.37 51.8 53.54 50.67 49.36
-999 -999 -999 -999 -999 -999 -999 -999 -999 -999 -999 -999 -999 -999 -999 -999 -999 -999 -999 -999 -999 -999 -999 -999 -999 -999 -999 -999 -999 -999 44.79 45.07 45.33 45.59 45.81 46.26 46.46 46.61 46.72 46.78 -999 -999 -999 -999 -999 -999 -999 -999 -999 -999 -999 -999 -999 -999 -999 -999 -999 -999 45.22 47.54 48.55 48.25 47.98 47.8 46.61 50.2 48.91 48.35 47.95 50.19 51.01 51.05 53.49 53.7 51.96 50.07 48.68 47.63
-999 -999 -999 -999 -999 -999 -999 -999 -999 -999 -999 -999 -999 -999 -999 -999 -999 -999 -999 -999 -999 -999 -999 -999 -999 -999 -999 -999 -999 -999 -999 -999 -999 -999 -999 -999 -999 -999 -999 -999 -999 -999 -999 -999 -999 -999 -999 -999 -999 -999 -999 -999 -999 -999 -999 -999 -999 -999 45.29 47.72 48.91 50.46 50.28 49.65 47.97 47.11 47.68 49.54 52.13 51.47 54.32 53.57 51.95 50.21 49.28 48.17 48.95 49.82
