DE_solarradiation/2018_04_solarradiation.asc
NCOLS 654
NROWS 866
XLLCORNER 3280500
YLLCORNER 5237500
CELLSIZE 1000
NODATA_VALUE -999
[rows 704 to 735 of 866, columns 216 to 287 of 654]
150.9 150.97 151.03 151.11 151.18 151.31 151.33 151.43 151.47 151.48 151.41 151.44 151.43 151.46 151.51 151.55 151.48 151.49 151.3 151.39 151.33 151.16 151.04 150.96 150.73 150.63 150.55 150.18 149.88 149.82 149.7 149.48 149.44 149.44 149.36 149.07 148.89 148.64 148.47 148.45 148.35 148.26 148.21 148.04 147.77 147.77 147.79 147.74 147.65 147.62 147.53 147.57 147.56 147.55 147.61 147.6 147.6 147.56 147.58 147.63 147.87 147.68 147.8 147.76 148.04 147.96 148.31 148.07 147.93 148.36 148.48 148.39
150.78 150.85 150.91 151.04 151.03 151.24 151.28 151.25 151.31 151.36 151.42 151.3 151.29 151.31 151.34 151.36 151.39 151.35 151.33 151.12 151.12 150.95 150.85 150.75 150.66 150.58 150.44 150.28 149.91 149.59 149.45 149.31 149.17 149.03 149.16 149.1 148.56 148.46 148.47 148.29 148.11 148.05 147.87 147.7 147.64 147.66 147.6 147.65 147.59 147.51 147.46 147.55 147.57 147.56 147.51 147.55 147.45 147.43 147.59 147.61 147.81 147.59 147.72 147.65 147.74 148.11 147.84 148.18 147.88 148.34 148.33 148.38
150.72 150.78 150.82 150.86 150.99 151.07 151.06 151.1 151.15 151.25 151.17 151.24 151.16 151.16 151.21 151.2 151.17 151.15 151.14 151.09 150.95 150.69 150.61 150.58 150.51 150.39 150.31 150.2 150.04 149.6 149.43 149.34 149.13 149.03 148.88 148.84 148.49 148.24 148.13 148.03 148 147.96 147.87 147.75 147.72 147.53 147.47 147.46 147.42 147.38 147.4 147.41 147.45 147.37 147.45 147.4 147.41 147.36 147.46 147.61 147.8 147.61 147.47 147.7 147.54 147.77 147.63 147.77 148.01 148.23 148.3 148.34
150.65 150.73 150.74 150.78 150.82 150.85 150.93 150.97 151.06 151.05 150.99 151.02 151.1 151.12 151.09 151.06 151.02 151.01 150.97 150.94 150.88 150.71 150.51 150.45 150.32 150.17 150.16 150.05 149.76 149.51 149.39 149.29 149.18 148.94 148.78 148.57 148.38 148.23 148.18 148.08 148.03 147.95 147.89 147.79 147.72 147.52 147.52 147.46 147.44 147.41 147.36 147.31 147.29 147.29 147.26 147.27 147.27 147.3 147.4 147.55 147.52 147.5 147.37 147.53 147.41 147.52 147.76 148.08 148.04 148.01 148.18 148.3
150.55 150.62 150.66 150.69 150.75 150.84 150.87 150.88 150.93 150.95 150.9 150.89 150.91 150.93 150.94 150.92 150.92 150.93 150.85 150.81 150.72 150.56 150.44 150.26 150.2 150.08 149.96 149.75 149.72 149.42 149.26 149.1 148.89 148.77 148.72 148.62 148.32 148.16 148.05 148 147.93 147.88 147.86 147.74 147.63 147.44 147.54 147.51 147.39 147.3 147.34 147.43 147.29 147.24 147.25 147.24 147.15 147.15 147.24 147.32 147.29 147.27 147.28 147.3 147.68 147.88 147.94 147.89 147.96 147.92 148.14 148.25
150.45 150.49 150.52 150.58 150.61 150.67 150.68 150.73 150.64 150.61 150.65 150.64 150.6 150.68 150.69 150.6 150.6 150.56 150.51 150.5 150.41 150.27 150.17 150.13 149.86 149.82 149.64 149.57 149.46 149.13 148.93 148.77 148.68 148.66 148.49 148.35 148.26 148.09 147.94 147.9 147.85 147.81 147.75 147.68 147.51 147.43 147.42 147.39 147.32 147.25 147.22 147.3 147.28 147.25 147.17 147.18 147.21 147.19 147.16 147.15 147.16 147.23 147.25 147.24 147.37 147.81 147.84 147.88 147.88 148.04 148.15 148.21
150.43 150.48 150.52 150.52 150.55 150.59 150.53 150.57 150.52 150.49 150.56 150.59 150.5 150.49 150.53 150.51 150.42 150.39 150.39 150.33 150.25 150.19 150.1 150.02 149.97 149.91 149.64 149.47 149.27 148.99 148.76 148.68 148.61 148.35 148.45 148.29 148.14 148.01 147.98 147.83 147.77 147.7 147.67 147.59 147.51 147.48 147.32 147.39 147.29 147.24 147.29 147.26 147.14 147.18 147.12 147.12 147.17 147.19 147.16 147.14 147.14 147.19 147.42 147.45 147.4 147.71 147.84 147.87 147.86 147.88 148.12 148.21
150.44 150.57 150.56 150.59 150.55 150.61 150.55 150.46 150.43 150.41 150.37 150.38 150.44 150.42 150.35 150.46 150.44 150.32 150.28 150.24 150.3 150.16 150.11 150.06 149.97 149.86 149.71 149.4 149.25 148.88 148.7 148.65 148.57 148.41 148.36 148.31 148.09 148.01 147.96 147.81 147.76 147.73 147.65 147.54 147.53 147.39 147.35 147.35 147.3 147.23 147.28 147.2 147.21 147.17 147.17 147.15 147.21 147.18 147.21 147.2 147.15 147.18 147.43 147.65 147.66 147.72 147.84 147.89 147.89 147.72 148.15 148.22
150.45 150.5 150.55 150.63 150.59 150.53 150.36 150.37 150.34 150.36 150.33 150.28 150.38 150.37 150.29 150.3 150.34 150.36 150.23 150.24 150.24 150.19 150.11 149.99 149.87 149.77 149.69 149.51 149.32 148.85 148.63 148.65 148.59 148.35 148.26 148.15 147.96 147.93 147.83 147.8 147.83 147.73 147.65 147.55 147.48 147.43 147.33 147.33 147.31 147.26 147.28 147.23 147.19 147.24 147.27 147.2 147.21 147.49 147.33 147.36 147.36 147.16 147.36 147.69 147.79 147.75 147.8 147.93 147.94 147.94 148.04 148.23
150.54 150.49 150.47 150.56 150.58 150.51 150.4 150.3 150.21 150.29 150.22 150.23 150.26 150.25 150.34 150.12 150.29 150.3 150.29 150.18 150.22 150.04 149.95 149.87 149.78 149.73 149.63 149.45 149.29 148.9 148.59 148.53 148.52 148.44 148.29 148.16 147.95 147.84 147.82 147.71 147.71 147.63 147.59 147.5 147.44 147.39 147.4 147.37 147.32 147.28 147.27 147.27 147.25 147.3 147.36 147.3 147.43 147.34 147.6 147.49 147.35 147.32 147.23 147.85 147.77 147.71 147.84 147.91 147.68 147.98 148.2 148.42
150.53 150.53 150.57 150.57 150.54 150.52 150.34 150.3 150.32 150.33 150.28 150.16 150.08 150.14 150.1 150.12 150.1 150.23 150.34 150.02 150.13 149.94 149.84 149.75 149.73 149.62 149.42 149.29 149.12 148.84 148.76 148.75 148.44 148.4 148.3 148.17 147.96 147.85 147.74 147.7 147.62 147.62 147.58 147.53 147.45 147.56 147.41 147.35 147.36 147.41 147.36 147.37 147.45 147.63 147.61 147.58 147.85 147.87 147.72 147.56 147.7 147.8 147.29 147.34 147.85 147.54 147.96 147.67 147.99 148.3 148.4 148.51
150.64 150.62 150.57 150.59 150.58 150.59 150.43 150.33 150.36 150.29 150.21 150.18 150.12 150.13 150.11 150.16 150.21 150.07 150.07 150.1 150.01 149.81 149.76 149.67 149.56 149.57 149.45 149.27 149.08 148.91 148.83 148.72 148.63 148.34 148.24 148.15 147.97 147.82 147.73 147.65 147.65 147.57 147.55 147.5 147.45 147.52 147.56 147.6 147.61 147.6 147.66 147.66 147.9 147.91 147.75 147.64 147.51 147.64 147.58 147.56 147.9 147.63 147.51 147.43 147.47 147.57 147.87 148.27 148.3 148.42 148.56 148.69
150.69 150.66 150.68 150.63 150.66 150.61 150.47 150.43 150.33 150.38 150.32 150.31 150.29 150.27 150.37 150.37 150.3 150.19 150.04 149.96 149.83 149.65 149.65 149.55 149.37 149.3 149.28 149.12 148.8 148.82 148.69 148.62 148.51 148.53 148.42 148.07 147.91 147.78 147.75 147.65 147.6 147.58 147.49 147.47 147.53 147.5 147.75 147.67 147.62 147.72 148.03 147.89 147.91 147.71 147.86 147.97 147.92 147.53 147.71 147.58 148.16 148.17 147.75 147.57 147.76 147.75 148.35 148.49 148.56 148.67 148.8 148.87
150.81 150.8 150.82 150.77 150.74 150.66 150.52 150.48 150.34 150.21 150.2 150.29 150.27 150.4 150.21 150.23 150.11 150.03 149.93 149.97 149.91 149.77 149.52 149.35 149.28 149.22 149.23 149.15 148.96 148.74 148.62 148.54 148.51 148.68 148.54 148.4 147.86 147.78 147.69 147.68 147.61 147.57 147.55 147.47 147.46 147.53 147.74 148.17 147.91 147.8 147.79 147.91 148.03 147.74 148 147.72 148.06 147.55 147.56 147.69 147.79 148.19 147.77 147.8 148.21 147.93 148.48 148.7 148.69 148.81 148.94 149.07
150.85 150.86 150.86 150.92 150.82 150.74 150.47 150.49 150.41 150.4 150.21 150.21 150.3 150.22 150.09 150.08 150.03 150.03 150.06 149.95 149.83 149.61 149.42 149.41 149.3 149.28 149.2 149.18 148.99 148.71 148.66 148.57 148.44 148.4 148.5 148.37 148.04 148.04 147.9 147.72 147.68 147.63 147.64 147.58 147.51 147.67 147.75 148.16 148.07 147.96 147.76 148.06 148.11 147.88 147.84 147.75 147.73 147.62 147.93 147.81 148.08 147.74 147.81 148.32 148.41 148.08 148.56 148.71 148.83 148.98 149.11 149.22
150.98 150.91 150.96 151.01 150.93 150.79 150.5 150.43 150.45 150.36 150.57 150.52 150.5 150.42 150.32 150.2 150.15 150.07 150.02 149.94 149.75 149.56 149.5 149.48 149.34 149.23 149.25 149.16 149 148.69 148.64 148.7 148.58 148.47 148.34 148.34 148.08 148.19 148.45 147.79 147.78 147.81 147.81 147.66 147.62 147.77 147.86 148.13 147.98 147.84 147.79 147.74 147.97 147.96 147.72 147.74 147.79 148.04 148.28 148.33 147.99 148.29 148.02 148.45 148.52 148.6 148.71 148.74 148.93 149.03 149.19 149.37
151.02 150.99 150.83 150.79 150.75 150.89 150.48 150.47 150.39 150.59 150.51 150.54 150.47 150.31 150.18 150.15 150.12 150.04 149.99 149.91 149.63 149.48 149.51 149.48 149.37 149.25 149.17 149.14 148.99 148.74 148.63 148.65 148.63 148.52 148.46 148.3 148.1 148.21 148.59 148.07 148.61 148.43 147.93 147.82 147.62 147.75 147.7 148.18 148.11 148.19 148.17 147.96 147.81 147.94 147.78 147.94 147.9 148.31 148.45 148.49 148.52 148.52 148.56 148.58 148.58 148.61 148.79 148.91 149.07 149.18 149.36 149.56
150.93 151.13 151.07 151.03 151.04 150.82 150.63 150.5 150.52 150.59 150.49 150.57 150.47 150.38 150.16 150.16 150.09 150.05 149.94 149.88 149.61 149.68 149.43 149.36 149.35 149.32 149.25 149.1 149.02 148.78 148.74 148.62 148.55 148.61 148.59 148.46 148.25 148.1 148.19 148.36 148.24 148.61 148.13 148.34 148.12 147.66 147.97 148.15 148.22 148.07 148.17 147.94 148.06 147.92 148.35 148.24 148.42 148.42 148.51 148.59 148.62 148.61 148.65 148.71 148.76 148.86 149.02 149.13 149.15 149.35 149.54 149.7
150.99 151.02 151.1 151.09 150.96 150.89 150.74 150.7 150.57 150.59 150.49 150.57 150.52 150.42 150.28 150.08 150.06 150.12 150.02 149.83 149.69 149.64 149.52 149.41 149.35 149.32 149.29 149.17 149.09 148.81 148.76 148.64 148.65 148.6 148.58 148.92 148.49 148.07 148.1 148.55 148.67 148.63 148.6 148.3 147.79 147.95 148.47 148.31 148.44 148.48 148.25 148.36 148.4 148.09 148.29 148.58 148.56 148.56 148.67 148.74 148.75 148.79 148.77 148.78 148.87 148.99 149.17 149.2 149.35 149.32 149.55 149.69
151.04 151.04 151.13 151.07 150.98 151.11 150.79 150.67 150.57 150.64 150.61 150.63 150.55 150.45 150.25 150.1 150.09 149.96 149.9 149.78 149.75 149.65 149.49 149.35 149.37 149.29 149.36 149.24 149.19 148.92 148.79 148.71 149.07 149.06 149.04 148.91 148.57 148.15 148.16 148.61 148.69 148.65 148.6 148.7 148.51 148.58 148.58 148.46 148.59 148.69 148.79 148.63 148.45 148.74 148.7 148.76 148.8 148.79 148.84 148.96 149.04 149.04 149.1 149.13 149.23 149.31 149.53 149.64 149.73 149.74 149.89 150.02
151.28 151.25 151.44 151.36 151.49 151.42 151.16 151.09 150.91 150.86 150.85 150.77 150.61 150.61 150.27 150.2 150.04 150 149.96 149.85 149.85 149.64 149.51 149.35 149.3 149.31 149.34 149.26 149.39 149.02 148.83 148.6 148.52 149.07 148.96 148.89 148.74 148.32 148.14 148.55 148.7 148.67 148.71 148.62 148.66 148.64 148.71 148.74 148.7 148.84 148.92 148.69 148.92 148.91 148.83 148.95 148.95 148.95 148.96 149.12 149.15 149.22 149.26 149.38 149.44 149.55 149.77 149.77 149.9 149.85 150.1 150.1
151.38 151.38 151.44 151.51 151.5 151.42 151.22 151.18 150.95 150.9 150.89 150.77 150.59 150.63 150.26 150.25 150.21 150.11 150.11 149.99 149.88 149.67 149.59 149.41 149.31 149.3 149.35 149.12 149.11 148.99 149.07 148.77 148.67 148.83 148.99 148.9 148.78 148.68 148.52 148.16 148.61 148.64 148.65 148.76 148.82 148.89 148.85 148.9 149 148.96 148.81 148.88 149 148.97 148.97 149.03 149.07 149.1 149.13 149.25 149.32 149.38 149.43 149.54 149.66 149.71 149.85 149.96 150.01 150.16 150.26 150.25
151.47 151.43 151.8 151.61 151.63 151.54 151.29 151.11 150.89 150.83 150.78 150.7 150.73 150.53 150.45 150.39 150.32 150.2 150.1 149.99 149.83 149.63 149.58 149.44 149.35 149.22 149.14 149.04 148.96 148.72 148.78 148.81 149.15 149.09 148.95 148.92 148.79 148.76 148.71 148.69 148.27 148.28 148.72 148.72 148.92 148.99 148.95 149.08 149.11 149.13 148.9 148.98 149.01 149.04 149.07 149.08 149.15 149.17 149.23 149.38 149.45 149.51 149.57 149.72 149.8 149.88 150.09 150.13 150.28 150.37 150.35 150.46
151.57 151.71 151.66 151.59 151.52 151.41 151.18 151.1 151.12 150.91 150.86 150.97 150.84 150.75 150.4 150.46 150.37 150.26 150.17 150.08 149.91 149.75 149.62 149.49 149.51 149.3 149.24 149.25 149.28 148.8 148.69 148.82 149.06 149.1 148.85 148.9 148.73 148.77 148.72 148.55 148.71 148.82 148.63 148.89 149.09 149.06 149.2 149.17 149.13 148.96 148.97 149.09 149.16 149.21 149.23 149.24 149.29 149.31 149.37 149.52 149.65 149.66 149.73 149.81 149.93 150 150.26 150.32 150.43 150.5 150.55 150.65
151.91 151.87 151.77 151.81 151.79 151.68 151.24 151.16 151.08 151 150.98 151.05 150.94 150.8 150.5 150.44 150.37 150.3 150.24 150.17 150.04 149.77 149.72 149.64 149.52 149.46 149.3 149.7 149.8 148.96 148.69 148.91 149.14 149.02 148.97 148.64 148.5 148.81 148.76 148.81 148.87 148.92 148.9 149.01 149.09 149.11 149.21 149.25 149.27 148.99 149.04 149.18 149.3 149.36 149.33 149.39 149.38 149.42 149.49 149.67 149.74 149.81 149.9 149.95 150.11 150.12 150.42 150.5 150.51 150.6 150.69 150.75
151.98 151.91 151.84 151.81 151.75 151.61 151.38 151.24 151.31 151.18 151.12 151.11 150.98 150.8 150.63 150.43 150.38 150.31 150.24 150.17 150.12 149.93 149.93 149.78 149.58 149.65 149.36 149.93 149.68 149.54 148.97 148.6 149.07 149.02 148.69 148.68 148.74 148.86 148.87 148.85 148.92 148.97 149.02 149.04 149.2 149.26 149.4 149.4 149.11 149.01 149.14 149.27 149.36 149.48 149.46 149.49 149.52 149.58 149.67 149.82 149.95 150 150 150.19 150.22 150.29 150.58 150.65 150.7 150.78 150.83 150.91
152.05 151.96 151.91 151.83 151.77 151.7 151.59 151.5 151.29 151.39 151.31 151.19 151.03 150.92 150.69 150.55 150.43 150.32 150.22 150.13 150.23 150.35 149.87 149.8 149.91 150.04 149.75 149.92 149.86 149.18 148.82 149.11 148.63 148.57 148.88 148.85 149 148.98 148.97 148.97 148.92 148.96 149.14 149.25 148.89 149.31 149.47 149.12 149.22 149.16 149.3 149.52 149.55 149.62 149.65 149.67 149.72 149.8 149.92 150.04 150.13 150.13 150.14 150.35 150.42 150.56 150.7 150.8 150.9 150.98 151.03 151.14
152.12 152.07 152.02 151.96 151.92 151.8 151.76 151.69 151.41 151.45 151.4 151.27 151.14 151.15 150.82 150.65 150.58 150.51 150.41 150.32 150.16 150.01 149.77 149.96 149.96 150 149.9 149.84 149.71 149.53 148.85 148.9 149.17 148.59 148.96 148.77 149.1 149.05 149.08 149.11 149.11 149.04 149.14 149.34 149.12 149.21 149.76 149.41 149.48 149.58 149.59 149.74 149.83 149.98 150.01 150.02 150.07 150.14 150.19 150.39 150.52 150.57 150.58 150.62 150.72 150.83 151.05 151.14 151.23 151.3 151.41 151.47
152.33 152.3 152.22 152.18 152.28 152.14 152.04 151.87 151.61 151.54 151.46 151.44 151.32 151.21 150.98 150.8 150.68 150.58 150.46 150.49 150.21 149.89 149.79 149.9 150 150.07 149.88 149.79 149.75 149.49 149.4 149.32 149.19 148.61 149.12 149.07 149.14 149.11 149.07 149.11 149.15 149.12 149.31 149.04 149.21 149.3 149.4 149.45 149.52 149.59 149.68 149.93 150.07 150.03 150.15 150.21 150.23 150.31 150.42 150.59 150.71 150.7 150.75 150.78 150.87 151.01 151.24 151.32 151.4 151.47 151.57 151.61
152.51 152.52 152.59 152.3 152.38 152.37 152.24 151.83 151.74 151.63 151.58 151.52 151.43 151.37 151.07 150.93 150.75 150.7 150.68 150.56 150.43 150.15 149.94 149.73 149.73 150.01 149.88 149.77 149.68 149.54 149.34 149.36 149.22 149.23 148.76 149.04 149.07 149.07 148.98 149.1 149.19 149.27 149.39 149.14 149.37 149.38 149.6 149.59 149.64 149.75 149.91 150 150.17 150.23 150.29 150.29 150.42 150.49 150.59 150.75 150.81 150.83 150.93 150.96 150.93 151.14 151.36 151.46 151.56 151.6 151.67 151.75
152.66 152.8 152.63 152.4 152.58 152.46 152.3 151.93 151.8 151.71 151.69 151.66 151.63 151.62 151.4 151.07 151.01 150.89 150.77 150.61 150.45 150.49 150.06 150.09 150.24 150.17 150.01 149.82 149.71 149.54 149.47 149.28 149.24 149.22 149.1 148.98 149.19 149.16 148.91 149.16 149.29 149.35 149.54 149.16 149.33 149.49 149.8 149.71 149.83 149.91 149.95 150.14 150.25 150.37 150.43 150.51 150.55 150.62 150.7 150.84 150.92 150.93 151.02 151.02 151.01 151.23 151.46 151.6 151.67 151.7 151.78 151.86
153.01 152.87 152.67 152.59 152.45 152.45 152.29 151.97 151.87 151.76 151.7 151.67 151.66 151.56 151.31 151.16 150.97 150.9 150.78 150.72 150.61 150.33 150.32 150.33 149.97 150.01 149.97 149.83 149.72 149.62 149.43 149.29 149.27 149.24 149.26 149.1 148.91 149.13 149.2 149.45 149.44 149.46 149.12 149.31 149.5 149.56 149.77 149.83 149.9 149.96 150.13 150.3 150.41 150.51 150.51 150.62 150.68 150.78 150.77 150.97 151.05 151.14 151.16 151.24 151.31 151.38 151.6 151.57 151.78 151.81 151.83 151.97
