DE_solarradiation/2018_01_solarradiation.asc
NCOLS 654
NROWS 866
XLLCORNER 3280500
YLLCORNER 5237500
CELLSIZE 1000
NODATA_VALUE -999
[rows 805 to 839 of 866, columns 312 to 389 of 654]
34.2 34.33 34.3 34.34 34.38 34.42 34.48 34.54 34.61 34.7 34.78 34.85 34.67 34.73 34.79 34.82 34.99 35.01 34.97 34.98 35 34.98 35.03 35.12 35.18 35.21 35.2 35.22 35.23 35.25 35.31 35.32 35.37 35.43 35.47 35.46 35.42 35.45 35.55 35.56 35.46 35.37 35.29 35.24 35.21 35.19 35.13 35.09 35.08 35.03 35 35.12 35 35.02 35.09 35.08 35.16 35.19 35.31 35.44 35.44 35.16 35 35.05 35 35 34.97 34.92 34.95 34.94 34.95 34.9 34.85 34.81 34.83 34.7 34.63 34.57
34.32 34.24 34.33 34.38 34.45 34.49 34.55 34.6 34.65 34.82 34.88 34.91 34.75 34.81 34.91 35 34.99 35.07 35.02 35.04 35.05 35.03 35.09 35.19 35.29 35.3 35.3 35.3 35.32 35.32 35.44 35.39 35.47 35.54 35.52 35.52 35.52 35.52 35.54 35.66 35.58 35.44 35.34 35.31 35.28 35.28 35.22 35.15 35.16 35.07 35.07 35.2 35.09 35.11 35.11 35.17 35.2 35.2 35.41 35.2 35.17 35.03 35.03 35.04 35.03 35.04 35.03 35.07 35.06 34.97 34.99 34.94 34.93 34.95 34.9 34.76 34.7 34.62
34.38 34.35 34.38 34.44 34.53 34.53 34.59 34.61 34.69 34.91 34.94 35.01 34.81 34.87 34.97 35.05 35.06 35.09 35.09 35.1 35.12 35.13 35.15 35.25 35.34 35.33 35.38 35.35 35.38 35.45 35.49 35.47 35.49 35.57 35.57 35.58 35.61 35.64 35.6 35.63 35.68 35.51 35.41 35.39 35.37 35.32 35.29 35.22 35.17 35.12 35.21 35.15 35.16 35.18 35.19 35.19 35.22 35.2 35.22 35.07 35.17 35.08 35.08 35.07 35.09 35.1 35.08 35.04 35.17 35.07 35.08 35.03 34.99 35.01 34.93 34.82 34.81 34.73
34.47 34.45 34.47 34.5 34.52 34.57 34.63 34.72 34.76 34.81 35 35.01 34.84 34.93 35.06 35.21 35.19 35.17 35.16 35.17 35.21 35.2 35.28 35.36 35.38 35.42 35.43 35.46 35.49 35.57 35.58 35.55 35.59 35.64 35.66 35.8 35.81 35.69 35.61 35.67 35.78 35.62 35.43 35.44 35.37 35.34 35.28 35.23 35.21 35.31 35.23 35.19 35.22 35.19 35.14 35.25 35.16 35.14 35.18 35.09 35.17 35.25 35.19 35.23 35.15 35.12 35.12 35.13 35.1 35.14 35.14 35.09 35.06 35.04 35.01 34.88 34.82 34.76
34.63 34.58 34.61 34.56 34.58 34.62 34.67 34.75 34.8 34.86 34.96 35.04 34.89 34.93 35.1 35.26 35.24 35.21 35.23 35.23 35.25 35.26 35.33 35.46 35.44 35.5 35.5 35.51 35.53 35.62 35.68 35.58 35.69 35.68 35.73 35.85 35.84 35.73 35.72 35.73 35.77 35.58 35.5 35.5 35.42 35.27 35.25 35.21 35.35 35.35 35.23 35.27 35.23 35.22 35.23 35.27 35.08 35.07 35.09 35.32 35.36 35.41 35.32 35.22 35.26 35.28 35.18 35.2 35.22 35.19 35.19 35.17 35.13 35.13 35.11 34.97 34.91 34.78
34.74 34.73 34.77 34.76 34.67 34.75 34.77 34.78 34.83 34.87 34.96 34.92 34.92 35.04 35.17 35.3 35.34 35.31 35.34 35.3 35.3 35.38 35.42 35.52 35.54 35.55 35.57 35.62 35.65 35.66 35.7 35.69 35.7 35.69 35.82 35.88 35.87 35.8 35.72 35.71 35.67 35.63 35.57 35.48 35.43 35.41 35.37 35.35 35.37 35.33 35.3 35.33 35.51 35.3 35.45 35.4 35.26 35.32 35.34 35.29 35.3 35.38 35.36 35.35 35.3 35.26 35.23 35.27 35.3 35.19 35.24 35.21 35.19 35.21 35.18 35.04 34.96 34.88
34.89 34.9 34.85 34.86 34.8 34.85 34.88 34.9 34.98 35 35.04 35 35.06 35.12 35.19 35.3 35.34 35.45 35.46 35.42 35.42 35.45 35.5 35.55 35.59 35.61 35.7 35.73 35.75 35.8 35.76 35.84 35.78 35.77 35.88 35.93 35.95 35.96 35.96 35.8 35.7 35.64 35.66 35.53 35.51 35.45 35.42 35.42 35.41 35.33 35.41 35.41 35.54 35.27 35.24 35.29 35.29 35.26 35.25 35.27 35.34 35.36 35.35 35.36 35.34 35.32 35.28 35.28 35.37 35.38 35.35 35.3 35.31 35.27 35.25 35.18 35.09 35.01
35.1 35.06 35.1 35 34.98 35.02 35.03 35.08 35.16 35.17 35.17 35.18 35.24 35.31 35.43 35.54 35.53 35.58 35.59 35.51 35.61 35.59 35.58 35.74 35.79 35.8 35.86 35.93 35.95 35.94 35.95 35.9 35.92 35.91 35.9 36.1 36.17 36.19 36.11 35.89 35.75 35.71 35.69 35.6 35.52 35.56 35.45 35.46 35.42 35.41 35.49 35.55 35.43 35.29 35.21 35.3 35.32 35.34 35.31 35.58 35.43 35.39 35.4 35.39 35.37 35.34 35.36 35.36 35.4 35.41 35.37 35.38 35.37 35.32 35.29 35.22 35.17 35.1
35.22 35.21 35.28 35.16 35.11 35.11 35.11 35.21 35.24 35.25 35.24 35.27 35.44 35.45 35.61 35.63 35.61 35.64 35.63 35.62 35.66 35.68 35.74 35.9 35.92 35.93 35.93 36.02 36.02 36.05 36.07 36.04 36.04 35.99 36.01 36.19 36.3 36.39 36.19 36.01 35.88 35.76 35.69 35.63 35.54 35.56 35.52 35.47 35.46 35.47 35.51 35.41 35.44 35.37 35.32 35.21 35.39 35.46 35.54 35.63 35.65 35.48 35.47 35.5 35.42 35.41 35.41 35.33 35.4 35.45 35.43 35.4 35.4 35.39 35.37 35.3 35.24 35.14
35.37 35.32 35.39 35.34 35.21 35.2 35.22 35.28 35.32 35.32 35.31 35.36 35.49 35.54 35.72 35.74 35.73 35.66 35.69 35.67 35.73 35.79 35.85 35.98 35.98 36.03 36.07 36.06 36.08 36.13 36.14 36.12 36.08 36.06 36.06 36.1 36.16 36.16 36.01 35.97 35.82 35.76 35.72 35.68 35.63 35.61 35.53 35.52 35.47 35.47 35.45 35.55 35.53 35.46 35.43 35.17 35.42 35.46 35.51 35.5 35.71 35.59 35.5 35.47 35.5 35.43 35.46 35.38 35.43 35.45 35.52 35.48 35.44 35.43 35.38 35.34 35.44 35.42
35.51 35.41 35.55 35.48 35.28 35.31 35.26 35.36 35.38 35.41 35.45 35.55 35.52 35.7 35.78 35.74 35.82 35.8 35.8 35.79 35.8 35.85 35.92 36.02 36.09 36.12 36.12 36.15 36.15 36.15 36.23 36.19 36.16 36.13 36.09 36.14 36.16 36.18 36.05 35.95 35.93 35.87 35.77 35.73 35.61 35.63 35.55 35.5 35.49 35.65 35.74 35.72 35.47 35.54 35.48 35.28 35.43 35.45 35.42 35.4 35.45 35.54 35.47 35.43 35.52 35.5 35.5 35.42 35.44 35.44 35.46 35.5 35.46 35.45 35.38 35.34 35.4 35.35
35.54 35.46 35.58 35.43 35.42 35.41 35.38 35.4 35.5 35.5 35.58 35.66 35.68 35.76 35.88 35.92 35.9 35.88 35.83 35.84 35.85 35.93 36.02 36.08 36.16 36.22 36.23 36.23 36.23 36.28 36.3 36.26 36.23 36.19 36.23 36.16 36.23 36.17 36.06 36.02 35.99 35.85 35.75 35.7 35.69 35.64 35.59 35.52 35.63 35.74 35.67 35.63 35.61 35.56 35.48 35.3 35.36 35.38 35.39 35.41 35.49 35.43 35.41 35.46 35.45 35.41 35.41 35.38 35.45 35.46 35.47 35.5 35.48 35.46 35.42 35.37 35.41 35.38
35.68 35.58 35.57 35.5 35.56 35.52 35.46 35.48 35.52 35.59 35.67 35.77 35.8 35.83 35.91 35.96 35.98 35.94 35.94 35.93 35.92 36 35.98 36.26 36.28 36.26 36.28 36.27 36.31 36.32 36.33 36.35 36.33 36.24 36.36 36.26 36.23 36.22 36.12 36.05 36.02 35.88 35.8 35.82 35.75 35.7 35.61 35.66 35.66 35.68 35.63 35.55 35.6 35.6 35.49 35.41 35.4 35.39 35.4 35.44 35.44 35.47 35.42 35.43 35.44 35.44 35.42 35.38 35.45 35.47 35.49 35.49 35.53 35.48 35.44 35.39 35.42 35.39
35.85 35.9 35.64 35.63 35.65 35.67 35.6 35.58 35.62 35.71 35.75 35.75 35.87 35.95 36.03 36.03 36.01 36.03 36.03 36.04 36.06 36.17 36.09 36.31 36.39 36.39 36.4 36.41 36.4 36.4 36.4 36.48 36.4 36.37 36.46 36.4 36.34 36.3 36.17 36.11 36.09 35.98 35.85 35.84 35.77 35.82 35.73 35.66 35.62 35.67 35.64 35.63 35.62 35.56 35.5 35.4 35.48 35.4 35.38 35.43 35.5 35.54 35.49 35.48 35.46 35.43 35.36 35.39 35.47 35.48 35.5 35.48 35.56 35.54 35.45 35.45 35.46 35.45
36.12 36.14 36.01 35.86 35.92 35.89 35.83 35.83 35.83 35.92 35.94 35.97 36.02 36.13 36.25 36.18 36.21 36.27 36.2 36.22 36.28 36.3 36.34 36.47 36.48 36.56 36.55 36.53 36.58 36.55 36.53 36.6 36.61 36.58 36.5 36.55 36.48 36.43 36.28 36.24 36.21 36.02 35.97 35.95 36 35.91 35.79 35.73 35.73 35.69 35.69 35.68 35.68 35.6 35.51 35.44 35.39 35.45 35.45 35.47 35.46 35.59 35.58 35.55 35.49 35.42 35.42 35.42 35.55 35.56 35.56 35.6 35.54 35.54 35.49 35.47 35.36 35.31
36.15 36.29 36.19 35.99 35.96 35.96 35.94 35.97 35.98 35.99 36.1 36.12 36.19 36.25 36.25 36.31 36.36 36.48 36.34 36.38 36.49 36.44 36.45 36.57 36.61 36.64 36.66 36.63 36.64 36.65 36.64 36.67 36.71 36.67 36.63 36.58 36.57 36.5 36.36 36.32 36.27 36.07 36.12 36.07 36.05 36.04 35.87 35.78 35.75 35.73 35.71 35.72 35.62 35.6 35.56 35.49 35.45 35.55 35.59 35.49 35.57 35.59 35.52 35.44 35.42 35.42 35.37 35.37 35.42 35.43 35.45 35.43 35.46 35.42 35.41 35.39 35.51 35.49
36.34 36.27 36.17 36.08 36.07 36.06 36.03 36.11 36.11 36.1 36.15 36.28 36.4 36.27 36.37 36.43 36.53 36.49 36.43 36.48 36.5 36.5 36.55 36.66 36.68 36.72 36.71 36.73 36.74 36.7 36.72 36.73 36.8 36.78 36.79 36.75 36.63 36.6 36.45 36.32 36.27 36.15 36.12 36.11 36.08 36.07 35.83 35.84 35.79 35.87 35.96 35.81 35.78 35.66 35.58 35.47 35.37 35.47 35.48 35.52 35.81 35.88 35.8 35.73 35.55 35.38 35.51 35.34 35.44 35.45 35.46 35.45 35.46 35.44 35.48 35.45 35.49 35.56
36.45 36.34 36.2 36.18 36.19 36.19 36.14 36.23 36.23 36.21 36.42 36.53 36.38 36.42 36.43 36.37 36.62 36.46 36.51 36.56 36.61 36.67 36.65 36.71 36.76 36.75 36.78 36.78 36.82 36.78 36.81 36.94 36.97 36.91 37.04 36.78 36.72 36.63 36.51 36.39 36.43 36.31 36.33 36.29 36.22 36.05 35.87 35.83 35.85 35.85 35.91 35.9 35.85 35.73 35.56 35.48 35.4 35.48 35.49 35.51 35.85 36.51 36.35 36.62 35.8 35.55 35.54 35.31 35.41 35.43 35.48 35.46 35.48 35.46 35.49 35.52 35.56 35.9
36.52 36.47 36.33 36.31 36.23 36.28 36.22 36.26 36.32 36.46 36.56 36.49 36.42 36.45 36.54 36.67 36.63 36.59 36.58 36.62 36.56 36.73 36.74 36.84 36.83 36.86 36.95 36.96 36.91 36.86 36.86 37.08 36.91 37.22 37.12 36.84 36.76 36.67 36.54 36.46 36.47 36.36 36.37 36.24 36.16 36.07 35.93 36.17 36.28 36.41 36.37 36.24 36.22 36.02 35.66 35.56 35.48 35.44 35.45 35.46 35.84 36.43 36.38 36.49 36.17 36.05 35.59 35.34 35.44 35.48 35.49 35.47 35.51 35.5 35.52 35.57 35.72 36.15
36.43 36.53 36.36 36.35 36.43 36.36 36.33 36.41 36.54 36.64 36.55 36.53 36.57 36.7 36.89 36.8 36.82 36.7 36.71 36.8 36.64 36.79 36.85 36.92 36.91 36.96 36.96 36.93 36.92 36.95 36.99 37.01 37.05 37.13 37.13 37 36.93 36.74 36.58 36.51 36.53 36.48 36.41 36.3 36.24 36.25 36.14 36.9 36.83 36.78 36.99 36.55 36.86 36.66 36.06 35.61 36.16 35.94 35.49 35.48 35.49 35.7 36.01 36.24 36.56 36.22 36.38 35.89 35.57 35.49 35.5 35.52 35.53 35.52 35.58 35.75 36.01 36.31
36.57 36.49 36.48 36.55 36.48 36.52 36.52 36.61 36.75 36.69 36.63 36.74 36.8 37.15 36.87 36.8 36.8 36.79 36.7 36.83 36.75 36.85 36.89 36.98 37.06 37.06 37.04 37.02 37.02 37.07 37.1 37.04 37.1 37.15 37.13 37.05 37.05 36.86 36.69 36.62 36.95 36.55 36.44 36.37 36.32 36.41 36.76 37.08 36.65 36.65 36.74 36.96 36.48 36.24 36.2 35.84 36.18 36.36 35.96 35.53 35.53 35.67 36 36.26 36.52 36.63 36.52 36.59 35.97 35.51 35.55 35.57 35.55 35.57 35.62 35.75 36.24 36.35
36.73 36.71 36.74 36.76 36.65 36.66 36.76 36.82 36.8 36.82 36.91 36.94 37.1 37.27 37.11 36.86 36.81 36.88 36.93 36.95 36.85 36.9 37.05 37.1 37.21 37.28 37.32 37.28 37.2 37.21 37.2 37.22 37.24 37.32 37.43 37.2 37.17 37.08 36.86 36.79 36.76 36.72 36.61 36.53 36.59 37.3 37.25 36.64 36.73 36.91 36.52 36.45 36.37 35.91 35.94 35.76 35.94 36.24 35.93 35.76 35.63 35.67 35.72 35.79 36.09 36.78 36.81 36.65 35.97 35.58 35.6 35.61 35.64 35.77 36.05 36.64 37.02 36.98
37.21 37.02 36.99 37.07 37.05 36.97 37.24 37.41 37.23 37.14 37.3 37.53 37.43 37.24 37.17 37.12 37.05 37.12 37.21 37.3 37.29 37.28 37.22 37.26 37.31 37.42 37.54 37.46 37.33 37.27 37.31 37.32 37.33 37.3 37.27 37.31 37.24 37.11 36.94 36.87 36.84 36.75 36.67 36.7 36.99 36.74 36.5 36.47 36.56 36.77 36.71 36.5 36.34 36.08 36.15 36.07 36.26 36.32 36.15 35.81 36.26 35.8 35.76 35.79 35.88 36.16 36.29 36.48 35.95 35.66 35.64 35.65 35.68 35.96 36.91 36.52 37.46 36.7
37.35 37.19 37.17 37.21 37.25 37.43 37.77 37.45 37.34 37.35 37.5 37.56 37.48 37.31 37.26 37.24 37.39 37.59 37.47 37.71 37.87 37.91 37.41 37.33 37.37 37.45 37.48 37.52 37.47 37.39 37.43 37.49 37.4 37.38 37.35 37.33 37.31 37.22 37.07 36.99 36.93 36.85 36.77 37.18 37.18 36.91 36.51 36.68 36.74 36.72 36.68 36.51 36.41 36.39 36.34 36.28 36.31 36.39 36.64 36.53 36.56 36.19 35.87 35.85 36.11 36.58 36.78 36.9 36.23 35.87 35.72 35.73 35.74 35.86 36.09 36.09 36.37 36.64
37.42 37.32 37.3 37.35 37.39 37.93 37.67 37.49 37.49 37.78 37.7 37.65 37.5 37.49 37.5 37.5 37.88 38.27 37.69 38.19 38.3 38.16 37.95 37.48 37.45 37.49 37.55 37.6 37.53 37.45 37.54 37.52 37.48 37.46 37.42 37.4 37.34 37.3 37.16 37.07 37 36.93 37.16 37.48 37.67 37.22 36.8 37.09 36.83 37.58 36.95 37.09 37.02 36.76 36.68 36.82 37.11 37.13 36.68 36.63 36.83 36.86 36.88 35.99 36.57 37.23 37.07 36.7 36.12 35.89 36.28 35.76 35.83 36.34 36.21 36.26 36.36 36.27
37.54 37.47 37.45 37.46 37.81 37.83 37.68 37.76 37.85 37.85 37.8 37.67 37.78 37.55 37.67 37.78 37.77 38.33 38 38.33 38.17 37.88 37.86 37.51 37.57 37.55 37.69 37.66 37.62 37.51 37.55 37.62 37.56 37.55 37.52 37.52 37.43 37.4 37.22 37.15 37.09 37.26 37.42 37.74 37.6 37.13 37.42 37.61 37.91 37.69 37.77 37.91 37.39 36.99 36.78 37.12 36.93 36.81 36.87 35.94 35.88 35.89 35.91 35.92 35.96 36.44 36.42 36.71 36.28 36.1 35.8 35.84 36.33 36.39 37.35 36.7 36.72 36.83
37.72 37.61 37.61 37.64 37.97 37.8 37.92 38.05 38.35 38.07 38.02 38.07 38.15 38.14 37.67 37.65 -999 -999 38.04 37.97 37.75 37.55 37.62 37.82 37.57 37.6 37.89 37.86 37.79 37.62 37.59 37.66 37.63 37.62 37.58 37.58 37.53 37.47 37.32 37.24 37.34 37.66 37.76 37.99 37.94 37.5 37.12 37.28 37.78 37.36 36.95 36.9 37 36.79 36.39 36.18 36.19 36.19 36.01 36.1 36.24 36.15 36.43 36.63 36.13 36.09 36.39 36.1 35.87 35.85 36 36.02 37.08 37.13 37.41 37.26 36.99 38.1
37.83 37.79 37.85 37.77 37.83 37.92 38.42 38.66 38.72 38.29 38.15 38.25 38.3 38.58 38.21 37.76 -999 -999 37.8 37.69 37.83 38.51 38.41 37.77 37.65 37.66 37.74 37.92 38.35 38.18 37.87 37.82 37.89 37.7 37.81 37.67 37.76 37.61 37.45 37.34 37.68 38.57 38.75 37.99 37.84 38.43 37.68 37.58 37.99 37.54 37.53 37.26 36.72 36.34 36.39 36.27 36.15 36.13 36.1 37.29 36.69 36.69 37.72 37.68 37.29 36.54 36.13 35.84 35.87 35.92 37.25 36.99 37.91 38.08 37.92 38.1 37.76 37.57
37.98 37.95 37.94 37.93 37.95 38.22 38.82 39.27 38.88 38.36 38.37 38.43 38.63 38.83 38.32 37.89 -999 38.57 37.8 38.62 38.34 37.88 37.74 38.23 38.34 37.92 37.79 38.51 -999 -999 38.22 37.96 37.95 37.87 38.03 38.38 38 37.76 38.21 37.84 38.13 38.24 38.45 38.54 38.49 38.61 38.83 38.47 38.17 38.1 37.76 37.1 36.83 36.61 36.87 36.75 36.35 36.36 37.32 37.13 36.73 37.12 37.4 36.8 36.58 36.78 36.4 35.84 36.04 36.38 37.92 38.31 38.52 38.04 38.25 37.93 37.79 37.39
38.34 38.3 38.29 38.28 38.27 38.83 39.73 39.38 39.03 38.39 38.48 39.04 39.28 38.82 38.26 38.16 38.8 38.71 37.91 38.43 38.26 37.95 38.61 39.12 39.6 39.11 38.52 -999 -999 -999 -999 -999 -999 -999 38.23 38.55 38.17 37.93 38.26 38.51 38.19 38.38 39.24 38.98 38.6 38.83 38.51 38.09 38.24 37.72 37.52 36.95 37.25 37.57 37.95 37.8 36.84 37.08 38.16 37.18 37.6 37.96 37.81 37 36.59 36.44 35.93 35.98 36.17 37.25 38.07 38.48 37.95 37.93 37.69 37.68 37.81 37.26
38.76 38.52 38.45 38.43 38.5 39.19 39.39 38.93 38.67 38.61 38.93 39.19 39.16 38.74 38.32 38.26 38.27 -999 -999 38.48 38.53 38.02 38.29 38.5 39.32 39.12 38.95 -999 -999 -999 -999 -999 -999 -999 -999 -999 38.25 38.01 38.34 38.58 39.09 38.22 38.33 38.35 38.58 38.38 38.29 37.57 37.4 37.46 37.21 37.55 38.47 38.38 37.72 37.07 36.86 37.76 38.25 38.05 38.19 37.4 37.01 36.55 36.33 36.4 36.03 36.1 36.86 38.08 37.49 37.58 37.63 37.71 37.29 37.44 37.5 37.15
39.07 38.85 38.56 38.56 38.54 38.85 38.72 38.88 38.85 39.1 39.5 39.26 38.74 38.68 38.44 38.4 -999 -999 -999 -999 -999 38.03 38.3 38.55 39.33 39.17 -999 -999 -999 -999 -999 -999 -999 -999 -999 -999 -999 -999 -999 -999 39.54 38.65 39.06 38.76 39.14 38.42 38.36 -999 -999 37.53 37.38 38.55 38.66 37.82 37.46 37.61 37.04 37.2 38.03 37.83 37.26 37.18 37.24 36.88 36.44 36.07 36.06 36.31 37.36 37.52 37.64 37.6 37.47 37.23 37.09 37.26 37.2 37.01
39.06 38.87 38.64 38.61 38.61 38.59 38.97 39.24 39.33 39.29 39.29 39.33 39.57 38.9 38.47 38.54 -999 -999 -999 -999 -999 -999 -999 -999 -999 -999 -999 -999 -999 -999 -999 -999 -999 -999 -999 -999 -999 -999 -999 -999 39.23 38.69 39.1 38.8 -999 -999 -999 -999 -999 -999 37.45 38.4 38.55 38.47 38.25 38.37 37.6 37.1 37.77 37.91 37.99 38.08 38.11 37.39 36.35 36.11 36.11 36.81 38.16 38.14 37.59 38.21 38 37.7 37.36 37.37 37.06 36.79
39.35 38.94 38.74 38.7 38.66 38.64 38.82 39 38.96 38.8 38.6 38.74 38.77 38.58 38.61 38.89 -999 -999 -999 -999 -999 -999 -999 -999 -999 -999 -999 -999 -999 -999 -999 -999 -999 -999 -999 -999 -999 -999 -999 -999 -999 -999 -999 -999 -999 -999 -999 -999 -999 38.37 37.5 38.67 38.62 37.65 38.32 38.28 37.51 37.35 37.88 37.59 37.86 37.78 37.28 36.67 36.24 36.16 36.37 37.02 37.46 37.88 37.93 37.39 37.53 37.31 37.71 37.38 36.89 36.81
39.3 38.9 38.83 38.75 38.78 38.72 38.61 38.62 38.58 38.35 38.21 38.14 38.33 38.84 39.05 39.76 -999 -999 -999 -999 -999 -999 -999 -999 -999 -999 -999 -999 -999 -999 -999 -999 -999 -999 -999 -999 -999 -999 -999 -999 -999 -999 -999 -999 -999 -999 -999 -999 37.34 38.41 38.6 38.52 37.77 38.11 37.32 37.44 37.34 37.85 38.52 37.39 37.08 36.83 36.5 36.34 36.28 36.22 36.25 36.49 36.85 37.2 37.06 36.96 37.05 37.05 36.96 36.99 36.93 36.79
