DE_solarradiation/2018_04_solarradiation.asc
NCOLS 654
NROWS 866
XLLCORNER 3280500
YLLCORNER 5237500
CELLSIZE 1000
NODATA_VALUE -999
[rows 96 to 127 of 866, columns 432 to 503 of 654]
133.35 133.3 133.29 133.26 133.23 133.22 133.14 133.08 133.01 132.96 132.88 132.82 132.74 132.66 132.57 132.52 132.42 132.35 132.26 132.21 132.13 132.03 131.93 131.79 131.71 131.63 131.52 131.44 131.36 131.26 131.18 131.11 131.02 130.94 130.9 130.82 130.76 130.69 130.39 130.33 130.29 130.24 130.3 130.24 130.22 130.17 130.14 130.11 130.1 130.08 130.15 130.13 130.14 130.12 130.09 130.08 130.07 130.09 130.17 130.19 130.18 130.17 130.18 130.17 130.2 130.31 130.33 130.33 130.33 130.29 130.26 130.25
133.43 133.42 133.39 133.35 133.33 133.28 133.23 133.15 133.07 133.02 132.93 132.85 132.79 132.72 132.63 132.55 132.47 132.42 132.33 132.23 132.15 132.08 131.95 131.84 131.75 131.67 131.56 131.45 131.34 131.28 131.22 131.11 131.03 130.95 130.91 130.83 130.75 130.69 130.38 130.34 130.3 130.26 130.26 130.25 130.2 130.19 130.12 130.1 130.05 130.07 130.15 130.13 130.14 130.09 130.08 130.06 130.04 130.06 130.14 130.16 130.15 130.17 130.17 130.16 130.18 130.29 130.31 130.3 130.31 130.27 130.27 130.23
133.56 133.52 133.47 133.42 133.41 133.37 133.29 133.21 133.16 133.09 132.99 132.91 132.85 132.77 132.68 132.6 132.51 132.44 132.36 132.28 132.18 132.09 132.01 131.91 131.79 131.71 131.6 131.48 131.37 131.29 131.2 131.15 131.07 130.98 130.91 130.84 130.76 130.43 130.4 130.34 130.3 130.26 130.27 130.25 130.21 130.16 130.12 130.07 130.07 130.07 130.14 130.12 130.11 130.1 130.07 130.03 130.05 130.04 130.15 130.17 130.16 130.15 130.15 130.18 130.2 130.29 130.32 130.31 130.28 130.27 130.24 130.2
133.67 133.63 133.59 133.54 133.49 133.45 133.37 133.3 133.22 133.14 133.04 132.99 132.9 132.82 132.75 132.67 132.58 132.5 132.41 132.33 132.25 132.15 132.07 132 131.85 131.74 131.63 131.51 131.41 131.3 131.23 131.17 131.06 130.99 130.93 130.87 130.5 130.47 130.4 130.34 130.29 130.25 130.26 130.23 130.18 130.16 130.14 130.1 130.08 130.06 130.14 130.13 130.11 130.07 130.07 130.05 130.04 130.06 130.17 130.16 130.17 130.16 130.16 130.2 130.19 130.32 130.3 130.33 130.29 130.29 130.24 130.21
133.92 133.88 133.81 133.77 133.69 133.62 133.54 133.47 133.38 133.29 133.21 133.14 133.06 132.98 132.87 132.79 132.7 132.6 132.53 132.45 132.35 132.28 132.2 132.05 131.98 131.86 131.78 131.59 131.5 131.39 131.33 131.22 131.14 131.06 130.99 130.91 130.56 130.51 130.43 130.39 130.33 130.3 130.32 130.28 130.28 130.23 130.19 130.17 130.13 130.11 130.15 130.17 130.13 130.12 130.11 130.1 130.07 130.09 130.2 130.24 130.22 130.21 130.22 130.23 130.25 130.36 130.35 130.38 130.34 130.32 130.29 130.29
133.98 133.94 133.88 133.84 133.75 133.7 133.59 133.51 133.43 133.34 133.26 133.15 133.08 133 132.93 132.84 132.76 132.68 132.56 132.48 132.37 132.31 132.23 132.1 132.02 131.89 131.76 131.63 131.52 131.43 131.32 131.24 131.18 131.07 130.99 130.65 130.57 130.52 130.44 130.39 130.35 130.31 130.32 130.29 130.27 130.24 130.19 130.15 130.13 130.12 130.17 130.15 130.13 130.12 130.11 130.07 130.09 130.11 130.22 130.21 130.23 130.22 130.23 130.25 130.26 130.38 130.38 130.41 130.36 130.35 130.31 130.31
134.01 133.98 133.9 133.84 133.77 133.7 133.63 133.53 133.45 133.37 133.28 133.18 133.09 133.01 132.93 132.83 132.75 132.67 132.6 132.48 132.36 132.29 132.2 132.09 131.97 131.89 131.81 131.66 131.57 131.45 131.33 131.25 131.19 131.08 130.73 130.64 130.57 130.52 130.45 130.39 130.35 130.31 130.33 130.29 130.25 130.24 130.19 130.15 130.14 130.13 130.17 130.16 130.14 130.1 130.1 130.08 130.07 130.09 130.2 130.22 130.25 130.24 130.24 130.26 130.28 130.4 130.39 130.42 130.38 130.38 130.36 130.34
134.04 133.96 133.9 133.83 133.76 133.7 133.6 133.54 133.46 133.37 133.27 133.19 133.07 133.01 132.92 132.86 132.77 132.7 132.58 132.5 132.41 132.26 132.15 132.08 132.02 131.91 131.84 131.67 131.55 131.46 131.35 131.25 131.14 131.09 130.72 130.65 130.56 130.52 130.45 130.39 130.31 130.32 130.3 130.29 130.25 130.21 130.17 130.15 130.11 130.1 130.15 130.13 130.13 130.11 130.11 130.09 130.08 130.11 130.21 130.24 130.23 130.25 130.26 130.28 130.29 130.42 130.44 130.43 130.43 130.39 130.39 130.35
134.07 134.01 133.91 133.83 133.76 133.66 133.6 133.54 133.47 133.35 133.28 133.17 133.1 132.99 132.91 132.85 132.76 132.69 132.58 132.44 132.33 132.28 132.19 132.08 131.98 131.89 131.82 131.65 131.54 131.46 131.34 131.25 131.14 130.8 130.73 130.64 130.56 130.48 130.45 130.36 130.31 130.27 130.29 130.25 130.25 130.21 130.16 130.12 130.1 130.09 130.15 130.14 130.13 130.12 130.08 130.07 130.09 130.12 130.24 130.26 130.25 130.26 130.26 130.28 130.31 130.42 130.45 130.44 130.43 130.43 130.39 130.39
134.08 134.02 133.9 133.81 133.71 133.65 133.59 133.49 133.43 133.36 133.25 133.15 133.09 133 132.91 132.82 132.76 132.67 132.53 132.45 132.37 132.3 132.19 132.12 132 131.9 131.79 131.66 131.54 131.43 131.33 131.22 131.14 130.78 130.71 130.6 130.56 130.48 130.4 130.36 130.32 130.27 130.29 130.25 130.21 130.16 130.16 130.12 130.08 130.06 130.11 130.14 130.1 130.09 130.08 130.08 130.07 130.09 130.21 130.26 130.25 130.27 130.27 130.29 130.31 130.43 130.44 130.44 130.44 130.44 130.43 130.4
134.07 133.98 133.87 133.8 133.7 133.64 133.55 133.49 133.4 133.33 133.23 133.16 133.07 132.99 132.92 132.79 132.74 132.59 132.53 132.48 132.37 132.3 132.19 132.12 132 131.89 131.79 131.65 131.54 131.43 131.33 131.22 130.85 130.79 130.68 130.61 130.52 130.48 130.4 130.36 130.28 130.25 130.26 130.24 130.2 130.15 130.12 130.08 130.07 130.05 130.1 130.1 130.1 130.09 130.08 130.07 130.07 130.09 130.2 130.26 130.26 130.28 130.27 130.3 130.33 130.43 130.45 130.48 130.47 130.48 130.47 130.44
134.04 133.98 133.86 133.8 133.71 133.61 133.55 133.45 133.41 133.32 133.24 133.14 133.03 132.96 132.91 132.81 132.67 132.58 132.51 132.44 132.37 132.32 132.2 132.12 132 131.88 131.77 131.64 131.54 131.44 131.34 130.93 130.84 130.74 130.68 130.6 130.53 130.48 130.41 130.32 130.28 130.24 130.26 130.21 130.21 130.15 130.11 130.07 130.06 130.07 130.1 130.1 130.09 130.08 130.07 130.07 130.06 130.09 130.24 130.27 130.29 130.27 130.3 130.33 130.35 130.46 130.52 130.52 130.53 130.52 130.52 130.51
134.09 134.03 133.93 133.84 133.7 133.61 133.55 133.47 133.41 133.31 133.23 133.12 133.06 132.96 132.92 132.83 132.7 132.62 132.58 132.51 132.4 132.34 132.22 132.14 132.03 131.92 131.8 131.63 131.52 131.43 131.35 130.95 130.85 130.76 130.68 130.6 130.55 130.48 130.4 130.36 130.29 130.26 130.25 130.21 130.2 130.16 130.12 130.08 130.06 130.05 130.09 130.09 130.09 130.08 130.07 130.07 130.1 130.12 130.27 130.32 130.31 130.33 130.36 130.36 130.4 130.59 130.62 130.65 130.65 130.65 130.64 130.64
134.07 133.98 133.92 133.84 133.69 133.59 133.52 133.45 133.39 133.31 133.22 133.09 133.02 132.93 132.85 132.76 132.7 132.63 132.56 132.47 132.37 132.3 132.2 132.13 132.03 131.91 131.79 131.62 131.52 131.41 131.05 130.94 130.85 130.72 130.65 130.57 130.53 130.48 130.4 130.36 130.28 130.23 130.24 130.2 130.16 130.15 130.11 130.07 130.07 130.05 130.1 130.08 130.08 130.07 130.07 130.07 130.09 130.12 130.29 130.32 130.34 130.37 130.37 130.4 130.44 130.61 130.67 130.7 130.7 130.7 130.7 130.7
134.03 133.95 133.9 133.8 133.65 133.57 133.46 133.41 133.35 133.26 133.17 133.09 132.98 132.91 132.84 132.71 132.69 132.61 132.54 132.46 132.36 132.28 132.19 132.08 132.01 131.9 131.79 131.61 131.5 131.12 131.02 130.94 130.83 130.75 130.64 130.57 130.49 130.43 130.4 130.32 130.26 130.23 130.21 130.2 130.16 130.12 130.08 130.07 130.02 130.01 130.09 130.08 130.07 130.06 130.07 130.06 130.08 130.14 130.28 130.31 130.34 130.34 130.38 130.4 130.46 130.64 130.69 130.72 130.71 130.73 130.73 130.75
133.98 133.9 133.81 133.73 133.59 133.5 133.44 133.35 133.29 133.19 133.13 133.04 132.93 132.85 132.75 132.7 132.66 132.63 132.51 132.41 132.34 132.23 132.16 132.06 131.94 131.85 131.75 131.58 131.48 131.1 131.01 130.9 130.82 130.74 130.62 130.54 130.45 130.41 130.36 130.31 130.23 130.19 130.21 130.17 130.13 130.11 130.07 130.03 130.02 130.01 130.06 130.08 130.07 130.06 130.07 130.06 130.07 130.12 130.26 130.34 130.35 130.36 130.41 130.42 130.47 130.65 130.71 130.74 130.73 130.77 130.76 130.77
133.9 133.84 133.76 133.69 133.54 133.46 133.36 133.3 133.22 133.16 133.07 132.97 132.87 132.79 132.74 132.69 132.6 132.56 132.5 132.4 132.29 132.22 132.09 132.04 131.94 131.83 131.73 131.57 131.16 131.06 131 130.88 130.78 130.71 130.6 130.55 130.46 130.37 130.33 130.26 130.22 130.18 130.17 130.16 130.11 130.07 130.06 130.02 129.99 130.01 130.07 130.09 130.08 130.06 130.06 130.06 130.08 130.13 130.29 130.32 130.34 130.37 130.43 130.45 130.51 130.68 130.73 130.75 130.78 130.77 130.79 130.82
133.83 133.76 133.68 133.6 133.47 133.38 133.32 133.24 133.19 133.1 133.03 132.93 132.83 132.75 132.71 132.65 132.58 132.52 132.42 132.32 132.25 132.14 132.07 131.98 131.88 131.81 131.71 131.54 131.15 131.05 130.93 130.84 130.77 130.69 130.59 130.54 130.48 130.4 130.29 130.25 130.18 130.14 130.16 130.13 130.12 130.08 130.04 130.03 129.99 129.99 130.06 130.1 130.08 130.07 130.06 130.08 130.1 130.12 130.29 130.35 130.37 130.39 130.43 130.46 130.52 130.69 130.76 130.82 130.81 130.83 130.83 130.84
133.76 133.69 133.65 133.54 133.43 133.34 133.25 133.21 133.12 133.06 132.94 132.86 132.8 132.76 132.72 132.62 132.54 132.48 132.39 132.28 132.22 132.13 132.05 131.95 131.85 131.79 131.69 131.24 131.14 131.03 130.93 130.84 130.76 130.67 130.58 130.53 130.46 130.4 130.33 130.28 130.22 130.19 130.16 130.14 130.1 130.08 130.04 130.03 129.99 130.01 130.09 130.08 130.11 130.1 130.09 130.1 130.13 130.14 130.31 130.37 130.42 130.45 130.47 130.51 130.6 130.77 130.86 130.89 130.91 130.91 130.9 130.93
133.69 133.64 133.57 133.5 133.37 133.29 133.22 133.14 133.09 132.98 132.88 132.81 132.78 132.72 132.64 132.57 132.56 132.49 132.43 132.3 132.26 132.15 132.07 131.96 131.86 131.81 131.41 131.24 131.14 131.04 130.97 130.86 130.79 130.72 130.61 130.54 130.48 130.41 130.38 130.32 130.29 130.25 130.22 130.17 130.13 130.09 130.1 130.06 130.05 130.04 130.15 130.17 130.16 130.19 130.18 130.16 130.21 130.27 130.49 130.53 130.55 130.61 130.63 130.66 130.75 130.99 131.04 131.07 131.1 131.13 131.12 131.12
133.62 133.54 133.52 133.45 133.33 133.25 133.14 133.09 132.98 132.91 132.86 132.83 132.8 132.75 132.68 132.61 132.58 132.49 132.4 132.31 132.24 132.12 132.05 131.94 131.89 131.79 131.4 131.24 131.16 131.06 130.96 130.88 130.79 130.72 130.65 130.53 130.46 130.44 130.37 130.31 130.29 130.26 130.26 130.22 130.14 130.12 130.07 130.08 130.05 130.08 130.19 130.21 130.19 130.19 130.2 130.21 130.25 130.3 130.5 130.59 130.6 130.64 130.69 130.75 130.8 131.05 131.1 131.16 131.18 131.18 131.21 131.24
133.53 133.5 133.42 133.36 133.28 133.18 133.11 133.03 132.93 132.88 132.86 132.83 132.78 132.71 132.67 132.59 132.54 132.48 132.38 132.3 132.22 132.11 132.03 131.92 131.87 131.48 131.39 131.27 131.16 131.07 130.97 130.89 130.79 130.73 130.65 130.58 130.49 130.44 130.36 130.33 130.28 130.24 130.26 130.23 130.2 130.13 130.08 130.06 130.05 130.07 130.19 130.21 130.23 130.22 130.22 130.21 130.29 130.35 130.54 130.63 130.66 130.7 130.72 130.78 130.86 131.1 131.16 131.22 131.25 131.24 131.28 131.31
133.44 133.37 133.35 133.3 133.19 133.11 133.03 133.01 132.87 132.82 132.79 132.79 132.73 132.68 132.62 132.55 132.49 132.46 132.37 132.27 132.2 132.07 132.01 131.91 131.57 131.48 131.38 131.26 131.15 131.05 130.99 130.9 130.82 130.73 130.67 130.59 130.51 130.42 130.35 130.31 130.26 130.26 130.23 130.25 130.23 130.17 130.14 130.09 130.06 130.07 130.21 130.23 130.23 130.25 130.24 130.26 130.3 130.37 130.58 130.66 130.71 130.73 130.78 130.81 130.9 131.15 131.22 131.25 131.29 131.32 131.35 131.37
133.35 133.3 133.28 133.23 133.11 133.05 132.96 132.88 132.83 132.81 132.76 132.72 132.68 132.62 132.59 132.53 132.47 132.43 132.35 132.25 132.19 132.07 131.99 131.91 131.55 131.46 131.36 131.24 131.13 131.06 130.95 130.87 130.81 130.75 130.68 130.58 130.51 130.4 130.37 130.3 130.27 130.23 130.25 130.24 130.2 130.19 130.14 130.14 130.11 130.07 130.21 130.24 130.24 130.25 130.26 130.29 130.34 130.39 130.63 130.68 130.74 130.77 130.82 130.88 130.95 131.2 131.25 131.31 131.33 131.37 131.39 131.4
133.29 133.24 133.2 133.12 133.01 132.95 132.88 132.82 132.79 132.78 132.73 132.68 132.62 132.58 132.56 132.49 132.44 132.4 132.32 132.27 132.16 132.08 132 131.67 131.55 131.48 131.37 131.23 131.15 131.06 130.94 130.89 130.79 130.72 130.66 130.6 130.51 130.43 130.34 130.32 130.25 130.21 130.22 130.22 130.21 130.18 130.17 130.13 130.11 130.13 130.23 130.23 130.25 130.28 130.3 130.32 130.38 130.42 130.66 130.71 130.77 130.82 130.85 130.91 130.99 131.23 131.32 131.37 131.4 131.43 131.43 131.45
133.18 133.15 133.11 133.04 132.96 132.89 132.81 132.78 132.76 132.69 132.67 132.65 132.6 132.55 132.52 132.47 132.43 132.38 132.32 132.24 132.13 132.06 132.01 131.65 131.56 131.47 131.37 131.25 131.14 131.07 130.97 130.91 130.81 130.75 130.68 130.58 130.51 130.47 130.38 130.32 130.27 130.22 130.23 130.22 130.23 130.2 130.18 130.13 130.13 130.14 130.29 130.27 130.28 130.31 130.33 130.36 130.41 130.45 130.68 130.76 130.82 130.85 130.91 130.98 131.06 131.31 131.39 131.45 131.48 131.47 131.5 131.52
133.11 133.07 133.03 132.97 132.88 132.84 132.77 132.72 132.69 132.66 132.66 132.63 132.61 132.55 132.49 132.45 132.44 132.38 132.31 132.22 132.15 132.09 131.73 131.64 131.58 131.48 131.41 131.25 131.18 131.07 131.02 130.92 130.85 130.77 130.71 130.63 130.56 130.47 130.43 130.34 130.3 130.25 130.25 130.26 130.23 130.22 130.18 130.18 130.18 130.18 130.3 130.31 130.37 130.37 130.39 130.39 130.44 130.52 130.73 130.81 130.87 130.94 130.98 131.04 131.13 131.4 131.46 131.51 131.54 131.57 131.59 131.62
133.03 132.96 132.92 132.87 132.87 132.81 132.76 132.72 132.7 132.7 132.67 132.68 132.63 132.61 132.55 132.51 132.47 132.44 132.4 132.31 132.24 131.91 131.84 131.73 131.67 131.57 131.52 131.38 131.27 131.21 131.13 131.06 130.97 130.9 130.83 130.75 130.69 130.62 130.58 130.51 130.47 130.39 130.39 130.38 130.34 130.35 130.34 130.34 130.29 130.31 130.46 130.52 130.55 130.57 130.56 130.56 130.63 130.71 130.95 131.03 131.04 131.11 131.19 131.24 131.34 131.61 131.7 131.75 131.79 131.81 131.81 131.85
132.94 132.88 132.83 132.81 132.76 132.72 132.71 132.7 132.69 132.68 132.65 132.64 132.65 132.61 132.54 132.51 132.48 132.46 132.39 132.33 132.28 131.88 131.83 131.77 131.67 131.62 131.52 131.42 131.32 131.22 131.15 131.1 131 130.95 130.88 130.81 130.73 130.66 130.61 130.55 130.51 130.45 130.42 130.42 130.39 130.4 130.35 130.34 130.36 130.4 130.56 130.59 130.61 130.63 130.66 130.66 130.73 130.78 131.03 131.11 131.17 131.2 131.27 131.33 131.43 131.7 131.77 131.82 131.84 131.87 131.9 131.93
132.83 132.8 132.8 132.76 132.72 132.68 132.68 132.64 132.62 132.64 132.61 132.64 132.61 132.54 132.52 132.52 132.47 132.42 132.38 132.33 131.99 131.93 131.83 131.77 131.72 131.63 131.57 131.44 131.33 131.23 131.19 131.11 131.05 130.99 130.92 130.85 130.78 130.71 130.64 130.59 130.52 130.49 130.47 130.44 130.44 130.4 130.41 130.43 130.42 130.45 130.6 130.63 130.65 130.69 130.73 130.75 130.81 130.87 131.1 131.18 131.23 131.26 131.31 131.39 131.49 131.76 131.82 131.88 131.89 131.92 131.96 131.99
132.77 132.75 132.7 132.65 132.64 132.64 132.65 132.62 132.57 132.6 132.58 132.59 132.59 132.53 132.52 132.48 132.46 132.4 132.35 132.33 132 131.94 131.84 131.78 131.71 131.63 131.57 131.44 131.34 131.23 131.18 131.11 131.02 130.96 130.91 130.87 130.79 130.75 130.68 130.59 130.56 130.5 130.52 130.52 130.49 130.47 130.47 130.45 130.46 130.49 130.67 130.7 130.72 130.74 130.78 130.81 130.84 130.93 131.17 131.25 131.3 131.34 131.34 131.4 131.49 131.76 131.87 131.92 131.95 131.98 132.02 132.05
132.71 132.67 132.62 132.6 132.61 132.61 132.62 132.6 132.56 132.57 132.55 132.56 132.53 132.52 132.48 132.48 132.41 132.39 132.36 132.05 131.99 131.92 131.86 131.77 131.71 131.65 131.55 131.45 131.32 131.27 131.23 131.13 131.08 130.98 130.91 130.88 130.83 130.77 130.72 130.62 130.58 130.54 130.57 130.54 130.51 130.54 130.55 130.52 130.53 130.56 130.71 130.75 130.79 130.81 130.84 130.84 130.9 131 131.23 131.33 131.37 131.41 131.43 131.56 131.61 131.82 131.91 132 132.02 132.04 132.08 132.11
