DE_solarradiation/2018_12_solarradiation.asc
NCOLS 654
NROWS 866
XLLCORNER 3280500
YLLCORNER 5237500
CELLSIZE 1000
NODATA_VALUE -999
[rows 560 to 594 of 866, columns 312 to 389 of 654]
15.48 15.44 15.43 15.35 15.31 15.26 15.18 15.14 15.1 15.05 15.01 14.97 14.93 14.84 14.82 14.79 14.75 14.67 14.63 14.59 14.55 14.47 14.42 14.54 14.49 14.46 14.35 14.34 14.28 14.32 14.32 14.32 14.29 14.28 14.25 14.18 14.19 14.2 14.07 14.12 14.22 14.16 14.1 14.12 14.1 14.09 14.12 14.12 14.12 14.11 14.09 14.01 13.96 13.94 13.84 13.8 13.94 13.89 13.81 13.77 13.73 13.63 13.59 13.55 13.5 13.45 13.38 13.35 13.36 13.36 13.35 13.33 13.26 13.31 13.3 13.3 13.3 13.21
15.59 15.56 15.53 15.52 15.47 15.43 15.37 15.25 15.16 15.11 15.06 15.03 15 14.91 14.87 14.88 14.82 14.73 14.68 14.64 14.6 14.5 14.45 14.57 14.61 14.58 14.45 14.4 14.33 14.33 14.33 14.35 14.28 14.31 14.29 14.28 14.25 14.25 14.14 14.15 14.24 14.17 14.11 14.13 14.11 14.24 14.18 14.2 14.17 14.23 14.16 14.01 13.95 13.92 13.86 13.93 13.86 13.99 13.89 13.76 13.69 13.7 13.61 13.54 13.51 13.5 13.38 13.37 13.36 13.37 13.32 13.31 13.33 13.38 13.34 13.37 13.37 13.3
15.62 15.64 15.6 15.55 15.5 15.44 15.42 15.33 15.3 15.24 15.21 15.18 15.09 15.01 15.01 14.94 14.91 14.87 14.78 14.69 14.64 14.54 14.51 14.51 14.51 14.55 14.59 14.44 14.44 14.46 14.48 14.42 14.41 14.3 14.32 14.38 14.3 14.33 14.3 14.19 14.17 14.16 14.15 14.17 14.2 14.25 14.33 14.26 14.28 14.21 14.15 14.04 14.02 13.92 13.88 13.93 13.92 14 13.87 13.81 13.68 13.66 13.6 13.58 13.53 13.5 13.43 13.42 13.34 13.36 13.32 13.36 13.35 13.41 13.39 13.42 13.42 13.33
15.67 15.7 15.68 15.63 15.58 15.52 15.43 15.41 15.38 15.31 15.27 15.27 15.15 15.13 15.04 15.02 14.95 14.91 14.89 14.82 14.74 14.64 14.6 14.55 14.51 14.48 14.49 14.51 14.48 14.58 14.53 14.42 14.45 14.44 14.34 14.38 14.36 14.33 14.31 14.25 14.26 14.21 14.2 14.24 14.27 14.31 14.35 14.32 14.28 14.22 14.2 14.04 13.95 13.94 13.93 13.89 13.95 13.87 13.88 13.81 13.81 13.67 13.62 13.57 13.53 13.54 13.48 13.42 13.38 13.38 13.37 13.37 13.31 13.43 13.48 13.46 13.43 13.36
15.78 15.75 15.74 15.71 15.66 15.61 15.51 15.48 15.4 15.38 15.33 15.3 15.28 15.19 15.15 15.11 15.05 15.01 14.94 14.89 14.85 14.86 14.79 14.67 14.67 14.54 14.55 14.59 14.51 14.49 14.44 14.48 14.55 14.5 14.48 14.4 14.4 14.34 14.42 14.41 14.3 14.29 14.28 14.34 14.29 14.36 14.34 14.31 14.34 14.25 14.22 14.13 14.01 14.02 14.01 14 14.15 14.09 13.97 13.88 13.76 13.75 13.68 13.62 13.58 13.57 13.52 13.45 13.38 13.42 13.38 13.41 13.33 13.46 13.53 13.49 13.47 13.4
15.86 15.81 15.82 15.81 15.74 15.69 15.58 15.56 15.49 15.45 15.41 15.4 15.34 15.25 15.19 15.2 15.16 15.13 15.04 14.99 15.04 14.92 14.92 14.79 14.87 14.73 14.81 14.92 14.81 14.76 14.61 14.6 14.69 14.64 14.65 14.59 14.58 14.53 14.68 14.58 14.46 14.43 14.42 14.4 14.42 14.4 14.43 14.38 14.39 14.33 14.24 14.13 14.1 14.14 14.28 14.15 14.28 14.16 14.02 13.92 13.86 13.79 13.7 13.73 13.63 13.57 13.56 13.51 13.49 13.46 13.47 13.43 13.46 13.5 13.59 13.56 13.55 13.4
16.05 16.01 15.99 15.99 15.92 15.86 15.74 15.68 15.65 15.61 15.59 15.57 15.51 15.4 15.35 15.37 15.51 15.29 15.2 15.11 15.25 15.26 15.18 15.03 14.92 14.88 14.99 14.98 14.9 14.8 14.76 14.67 14.69 14.7 14.7 14.71 14.63 14.61 14.6 14.62 14.58 14.48 14.49 14.48 14.53 14.5 14.47 14.43 14.37 14.39 14.27 14.2 14.18 14.16 14.13 14.2 14.27 14.22 14.03 13.94 13.88 13.86 13.78 13.69 13.62 13.63 13.59 13.57 13.53 13.48 13.47 13.46 13.53 13.58 13.62 13.59 13.54 13.43
16.13 16.09 16.05 16.04 16 15.98 15.86 15.76 15.75 15.72 15.7 15.74 15.71 15.67 15.57 15.56 15.49 15.35 15.27 15.33 15.29 15.18 15.26 15.19 15.13 15.16 15.1 15.07 15.01 14.93 14.92 14.81 14.76 14.73 14.72 14.71 14.66 14.66 14.66 14.68 14.67 14.56 14.52 14.48 14.48 14.51 14.53 14.48 14.39 14.37 14.33 14.25 14.26 14.49 14.37 14.29 14.32 14.27 14.08 14.03 13.87 13.79 13.8 13.74 13.65 13.66 13.64 13.62 13.56 13.52 13.47 13.46 13.52 13.56 13.62 13.62 13.57 13.52
16.2 16.17 16.13 16.09 16.06 16.03 15.9 15.85 15.79 15.77 15.74 15.86 15.91 15.78 15.71 15.59 15.54 15.46 15.51 15.47 15.41 15.29 15.2 15.24 15.27 15.27 15.26 15.18 15.08 15.04 15.05 14.87 14.81 14.77 14.75 14.73 14.69 14.7 14.71 14.78 14.74 14.6 14.59 14.56 14.52 14.48 14.47 14.44 14.42 14.46 14.39 14.31 14.35 14.52 14.48 14.43 14.35 14.28 14.13 13.96 13.93 13.9 13.84 13.75 13.74 13.64 13.66 13.61 13.62 13.58 13.53 13.48 13.49 13.52 13.6 13.48 13.55 13.54
16.28 16.24 16.21 16.17 16.1 16.05 15.93 15.89 15.88 15.82 15.79 15.84 15.88 15.88 15.77 15.75 15.57 15.63 15.67 15.63 15.47 15.4 15.47 15.3 15.23 15.32 15.3 15.24 15.22 15.18 15.05 15.1 14.93 14.88 14.83 14.81 14.76 14.75 14.74 14.73 14.69 14.67 14.65 14.61 14.56 14.56 14.52 14.48 14.54 14.46 14.47 14.41 14.35 14.34 14.23 14.2 14.23 14.31 14.12 14.05 13.96 13.96 13.89 13.82 13.73 13.72 13.68 13.66 13.62 13.61 13.54 13.53 13.49 13.52 13.61 13.49 13.64 13.47
16.35 16.32 16.28 16.25 16.19 16.12 16 15.98 15.92 15.88 15.87 15.89 15.87 15.9 15.89 15.69 15.76 15.61 15.61 15.67 15.63 15.55 15.47 15.39 15.46 15.34 15.31 15.25 15.27 15.2 15.23 15.12 15.07 15.01 14.96 15.01 14.92 14.83 14.81 14.79 14.77 14.75 14.72 14.68 14.64 14.61 14.58 14.6 14.53 14.52 14.5 14.42 14.33 14.29 14.26 14.3 14.43 14.38 14.14 14.04 13.94 13.95 13.9 13.83 13.78 13.75 13.68 13.64 13.66 13.61 13.56 13.57 13.53 13.55 13.57 13.61 13.68 13.56
16.47 16.39 16.35 16.32 16.25 16.21 16.05 15.99 16 15.93 15.98 15.89 15.88 15.96 15.9 15.72 15.82 15.63 15.64 15.64 15.6 15.58 15.54 15.48 15.46 15.49 15.42 15.37 15.34 15.28 15.2 15.21 15.28 15.23 15.19 15.11 15.06 15.02 14.97 14.93 14.87 14.83 14.79 14.74 14.71 14.67 14.64 14.62 14.64 14.58 14.52 14.37 14.36 14.34 14.39 14.54 14.56 14.4 14.23 14.14 14.02 13.9 13.93 13.91 13.87 13.78 13.73 13.69 13.73 13.69 13.6 13.58 13.59 13.56 13.54 13.55 13.63 13.68
16.53 16.5 16.43 16.39 16.33 16.29 16.15 16.06 16.06 15.98 15.97 16.03 15.96 15.85 15.96 15.84 15.84 15.74 15.66 15.67 15.63 15.59 15.6 15.61 15.56 15.63 15.61 15.51 15.5 15.4 15.39 15.32 15.34 15.27 15.31 15.27 15.17 15.11 15.05 15.1 15 14.99 14.91 14.85 14.82 14.78 14.74 14.71 14.74 14.69 14.6 14.54 14.43 14.51 14.53 14.56 14.57 14.45 14.3 14.13 14.01 13.93 14.03 13.95 13.9 13.88 13.8 13.73 13.77 13.74 13.71 13.64 13.62 13.61 13.54 13.54 13.54 13.51
16.74 16.68 16.61 16.55 16.51 16.45 16.26 16.2 16.17 16.22 16.16 16.13 16.07 15.95 16.01 15.92 15.85 15.87 15.76 15.77 15.74 15.8 15.66 15.74 15.69 15.73 15.77 15.82 15.77 15.73 15.7 15.6 15.5 15.5 15.51 15.5 15.41 15.36 15.35 15.27 15.27 15.25 15.2 15.06 14.98 14.97 14.91 14.91 14.87 14.84 14.75 14.62 14.6 14.64 14.7 14.67 14.68 14.51 14.34 14.23 14.17 14.22 14.08 13.92 14 13.93 13.88 13.78 13.79 13.78 13.78 13.74 13.72 13.7 13.66 13.59 13.56 13.58
16.86 16.77 16.71 16.65 16.6 16.54 16.36 16.29 16.29 16.43 16.28 16.25 16.2 16.04 15.99 15.91 15.87 15.86 15.81 15.8 15.79 15.77 15.79 15.8 15.8 15.82 15.87 15.89 15.87 15.88 15.83 15.74 15.73 15.69 15.57 15.6 15.51 15.51 15.48 15.4 15.38 15.39 15.35 15.22 15.06 15.02 14.99 14.95 14.92 14.87 14.8 14.73 14.64 14.62 14.55 14.45 14.45 14.62 14.5 14.35 14.19 14.04 14.07 14.02 14.04 13.99 13.94 13.84 13.76 13.8 13.77 13.8 13.77 13.76 13.7 13.67 13.62 13.73
16.92 16.86 16.76 16.75 16.69 16.61 16.45 16.41 16.35 16.36 16.3 16.44 16.36 16.24 16.16 16.11 16.1 15.96 15.99 15.98 15.94 15.85 15.8 15.77 15.81 15.86 15.95 15.88 15.87 15.88 15.89 15.86 15.82 15.78 15.7 15.64 15.6 15.52 15.52 15.49 15.5 15.43 15.39 15.31 15.23 15.09 15.06 15.02 14.99 14.95 14.93 14.72 14.69 14.59 14.6 14.59 14.61 14.57 14.5 14.37 14.21 14.34 14.1 13.97 14 13.99 13.95 13.89 13.83 13.81 13.85 13.78 13.76 13.75 13.72 13.71 13.69 13.63
16.99 16.95 16.86 16.78 16.73 16.66 16.46 16.42 16.38 16.39 16.26 16.27 16.36 16.32 16.23 16.21 16.19 16.12 16.04 16 15.94 15.93 15.97 15.91 15.84 15.82 15.98 15.96 15.88 15.91 15.9 15.89 15.89 15.88 15.84 15.75 15.7 15.69 15.61 15.53 15.54 15.5 15.49 15.34 15.34 15.17 15.13 15.09 15.06 15.02 14.96 14.78 14.8 14.71 14.68 14.82 14.82 14.76 14.58 14.49 14.26 14.39 14.2 14.12 13.91 13.94 13.94 13.95 13.91 13.81 13.81 13.81 13.82 13.81 13.8 13.71 13.7 13.76
17.04 17 16.91 16.86 16.79 16.69 16.52 16.46 16.41 16.33 16.52 16.44 16.32 16.31 16.21 16.19 16.19 16.14 16.16 16.11 16.12 16.11 16.02 16.03 15.97 15.97 15.99 15.97 16 15.98 15.95 15.95 15.95 15.93 15.93 15.94 15.83 15.8 15.75 15.69 15.65 15.55 15.51 15.42 15.37 15.39 15.2 15.17 15.13 15.07 15.01 14.89 14.76 14.79 15.03 14.95 14.9 14.72 14.58 14.47 14.47 14.41 14.23 14.13 14.1 13.99 13.99 14.01 13.91 13.87 13.78 13.85 13.82 13.83 13.78 13.73 13.65 13.76
17.09 17.06 16.97 16.9 16.85 16.73 16.59 16.5 16.43 16.39 16.36 16.39 16.46 16.29 16.3 16.2 16.27 16.23 16.19 16.14 16.09 16.13 16.11 16.12 16.07 16.02 16.14 16.13 16.16 16.1 16.07 16.03 15.99 15.97 15.94 15.97 15.93 15.9 15.82 15.82 15.79 15.71 15.62 15.53 15.42 15.38 15.31 15.24 15.18 15.13 15.09 14.95 14.87 14.86 14.82 14.99 14.81 14.78 14.65 14.59 14.5 14.46 14.34 14.24 14.17 13.98 13.93 13.99 13.93 13.92 13.86 13.83 13.86 13.85 13.83 13.78 13.7 13.72
17.15 17.07 17.01 16.97 16.89 16.8 16.6 16.55 16.49 16.42 16.4 16.39 16.44 16.38 16.33 16.3 16.15 16.19 16.22 16.21 16.22 16.11 16.21 16.19 16.18 16.24 16.29 16.31 16.2 16.24 16.16 16.14 16.17 16.1 16.06 16.07 15.98 15.95 15.93 15.9 15.83 15.79 15.8 15.77 15.72 15.57 15.41 15.35 15.28 15.21 15.13 14.99 14.98 14.9 14.93 14.86 14.85 14.67 14.71 14.63 14.42 14.51 14.34 14.26 14.21 13.98 14.09 14.03 14.03 13.97 13.92 13.76 13.84 13.85 13.82 13.71 13.66 13.7
17.22 17.14 17.06 17.05 16.91 16.85 16.69 16.62 16.57 16.52 16.51 16.54 16.54 16.43 16.4 16.41 16.27 16.31 16.2 16.21 16.25 16.21 16.25 16.28 16.2 16.25 16.34 16.38 16.41 16.41 16.37 16.34 16.32 16.3 16.29 16.28 16.17 16.18 16.12 16.08 16.04 15.97 15.98 15.8 15.73 15.65 15.58 15.52 15.45 15.37 15.3 15.14 15.1 15.03 14.99 14.92 14.9 14.76 14.86 14.69 14.61 14.63 14.53 14.42 14.21 14.03 14.18 14.1 14.05 13.97 14 13.88 13.92 13.91 13.83 13.86 13.82 13.79
17.32 17.24 17.16 17.12 17.07 17 16.78 16.73 16.69 16.63 16.65 16.75 16.68 16.62 16.57 16.48 16.49 16.47 16.45 16.42 16.28 16.35 16.34 16.34 16.36 16.36 16.52 16.48 16.48 16.49 16.49 16.48 16.54 16.47 16.45 16.43 16.32 16.28 16.23 16.17 16.12 16.07 16.05 15.88 15.8 15.77 15.72 15.76 15.6 15.48 15.41 15.21 15.14 15.08 15.04 14.96 14.91 14.81 14.88 14.73 14.53 14.63 14.53 14.53 14.42 14.08 14.19 14.04 13.86 14.06 14.02 14.01 13.88 13.78 13.87 13.76 13.74 13.74
17.37 17.31 17.26 17.22 17.14 17.04 16.86 16.82 16.77 16.74 16.84 16.84 16.82 16.73 16.63 16.56 16.51 16.55 16.49 16.39 16.49 16.51 16.52 16.52 16.46 16.46 16.55 16.53 16.67 16.6 16.68 16.69 16.67 16.62 16.61 16.54 16.46 16.42 16.43 16.34 16.28 16.2 16.14 16.04 16.04 15.99 15.92 15.75 15.69 15.56 15.49 15.29 15.22 15.12 15.05 15.08 14.99 14.89 14.84 14.62 14.58 14.69 14.57 14.34 14.45 14.12 14.15 13.92 13.95 13.77 13.9 14.04 14.02 13.85 13.92 13.8 13.7 13.77
17.42 17.37 17.35 17.3 17.21 17.13 16.94 16.86 16.83 16.84 16.96 16.92 16.75 16.72 16.69 16.65 16.55 16.54 16.51 16.5 16.6 16.56 16.65 16.67 16.62 16.56 16.65 16.67 16.76 16.81 16.73 16.75 16.7 16.66 16.65 16.65 16.61 16.58 16.52 16.45 16.4 16.32 16.25 16.08 16.07 15.96 15.88 15.79 15.73 15.71 15.61 15.36 15.25 15.18 15.15 15.11 15.12 14.95 14.85 14.67 14.8 14.8 14.67 14.59 14.39 14.32 13.93 14.16 14.15 14.01 13.94 13.96 13.92 13.83 13.91 13.7 13.85 13.76
17.46 17.44 17.38 17.32 17.25 17.17 16.99 16.91 16.9 16.87 16.92 16.96 16.85 16.7 16.74 16.68 16.71 16.67 16.62 16.66 16.66 16.73 16.74 16.74 16.68 16.7 16.76 16.79 16.86 16.82 16.85 16.83 16.84 16.81 16.71 16.72 16.72 16.59 16.58 16.55 16.51 16.38 16.31 16.13 16.09 16 15.97 15.91 15.87 15.81 15.69 15.44 15.33 15.26 15.19 15.17 15.1 15.02 14.91 14.67 14.89 14.76 14.63 14.72 14.28 14.2 14.05 14.25 14.16 14.12 14.04 13.82 13.95 13.91 13.88 13.71 13.78 13.81
17.52 17.45 17.4 17.35 17.29 17.22 17.04 16.99 16.96 16.93 16.98 16.89 16.93 16.78 16.69 16.68 16.72 16.72 16.73 16.69 16.74 16.76 16.72 16.78 16.8 16.79 16.85 16.86 16.9 16.88 16.9 16.88 16.89 16.83 16.81 16.74 16.72 16.74 16.65 16.59 16.53 16.45 16.37 16.21 16.12 16.13 16.07 16.06 15.99 15.89 15.78 15.61 15.41 15.33 15.25 15.19 15.16 15.07 15.06 14.91 14.99 14.81 14.52 14.64 14.32 14.41 14.4 14.37 14.2 14.16 14.13 13.96 13.88 13.93 13.96 13.66 13.79 13.76
17.57 17.5 17.43 17.41 17.32 17.26 17.1 17.01 16.98 16.96 16.96 17.02 16.92 16.81 16.8 16.73 16.65 16.67 16.74 16.68 16.74 16.82 16.79 16.8 16.89 16.91 16.94 16.98 17.01 16.96 16.99 16.94 16.97 16.98 16.96 16.93 16.84 16.76 16.68 16.64 16.59 16.55 16.52 16.41 16.27 16.18 16.2 16.2 16.09 15.98 15.9 15.64 15.51 15.41 15.32 15.27 15.21 15.19 15.16 15.18 15.06 14.9 14.65 14.46 14.4 14.49 14.43 14.34 14.26 14.2 14.21 14.1 14.05 13.98 13.77 13.87 13.82 13.85
17.64 17.59 17.53 17.45 17.39 17.34 17.17 17.08 17.05 17.05 17.07 17.05 16.95 16.85 16.8 16.74 16.73 16.72 16.76 16.74 16.81 16.81 16.89 16.91 16.91 16.9 17.04 17.07 17.05 17.11 17.12 17.05 17.01 17.08 17.06 16.99 16.93 16.85 16.8 16.77 16.73 16.67 16.67 16.52 16.42 16.33 16.3 16.22 16.12 16.13 15.98 15.7 15.65 15.55 15.43 15.37 15.33 15.32 15.33 15.27 14.92 15.01 14.68 14.54 14.53 14.64 14.42 14.45 14.3 14.17 14.2 14.22 14.14 14.01 13.96 13.93 13.91 13.83
17.74 17.68 17.65 17.6 17.5 17.45 17.31 17.22 17.29 17.22 17.3 17.22 17.18 17.1 17.06 16.98 16.93 16.9 16.88 16.89 16.88 16.93 16.95 16.99 17.01 17.06 17.19 17.18 17.25 17.24 17.24 17.23 17.25 17.19 17.22 17.16 17.09 17.05 17.03 17 16.96 16.92 16.87 16.77 16.63 16.54 16.44 16.34 16.28 16.17 15.99 15.92 15.91 15.75 15.63 15.55 15.51 15.47 15.4 15.26 15.03 14.94 14.79 14.72 14.63 14.56 14.33 14.26 14.24 14.5 14.33 14.32 14.24 14.18 14.14 13.99 13.97 13.9
17.79 17.76 17.71 17.66 17.59 17.54 17.37 17.32 17.35 17.37 17.39 17.37 17.33 17.22 17.16 17.06 17.16 17.04 17.08 17.05 17.06 17.12 17.12 17.05 17.07 17.13 17.27 17.26 17.26 17.28 17.3 17.29 17.3 17.28 17.26 17.26 17.19 17.18 17.17 17.11 17.06 17.01 16.97 16.88 16.73 16.59 16.54 16.43 16.33 16.22 16.11 15.93 15.89 15.81 15.76 15.67 15.61 15.55 15.4 15.32 15.14 14.98 14.9 14.89 14.87 14.62 14.44 14.38 14.5 14.31 14.3 14.28 14.25 14.22 14.2 14.09 14.09 14
17.89 17.82 17.79 17.76 17.67 17.57 17.43 17.37 17.47 17.42 17.36 17.38 17.3 17.29 17.23 17.22 17.11 17.07 17.04 17.02 17.14 17.22 17.2 17.19 17.19 17.15 17.28 17.29 17.38 17.41 17.42 17.42 17.41 17.46 17.42 17.41 17.32 17.32 17.25 17.19 17.14 17.1 17.03 16.93 16.79 16.67 16.57 16.48 16.4 16.32 16.25 16.12 15.95 15.96 15.71 15.6 15.51 15.6 15.58 15.35 15.21 15.06 14.98 14.96 15.06 14.87 14.76 14.45 14.34 14.37 14.49 14.41 14.36 14.28 14.24 14.19 14.09 14.07
17.98 17.92 17.83 17.87 17.75 17.67 17.64 17.53 17.46 17.52 17.39 17.37 17.36 17.25 17.31 17.25 17.15 17.23 17.21 17.19 17.14 17.17 17.21 17.26 17.21 17.27 17.36 17.37 17.51 17.51 17.51 17.5 17.52 17.55 17.5 17.46 17.36 17.36 17.29 17.27 17.23 17.18 17.12 17.01 16.84 16.75 16.65 16.56 16.49 16.42 16.36 16.18 16.09 15.92 15.8 15.68 15.6 15.58 15.49 15.22 15.21 15.17 15.33 14.97 15.21 15.02 14.83 14.72 14.58 14.29 14.35 14.48 14.45 14.41 14.3 14.21 14.17 14.15
18.26 18.11 18.04 18 17.86 17.79 17.71 17.66 17.55 17.44 17.38 17.39 17.35 17.35 17.37 17.29 17.25 17.15 17.14 17.19 17.21 17.29 17.25 17.29 17.32 17.35 17.49 17.52 17.6 17.57 17.52 17.55 17.58 17.58 17.55 17.55 17.47 17.4 17.38 17.36 17.27 17.24 17.19 17.08 16.9 16.81 16.74 16.66 16.64 16.67 16.56 16.3 16.15 16.11 15.87 15.76 15.67 15.59 15.47 15.22 15.09 15.07 15.13 15.06 15.2 15.1 14.93 14.78 14.68 14.45 14.49 14.54 14.44 14.46 14.34 14.23 14.12 14.12
18.13 18.12 18.17 18 17.91 17.82 17.72 17.67 17.63 17.47 17.43 17.39 17.34 17.41 17.41 17.3 17.29 17.33 17.26 17.31 17.26 17.33 17.34 17.37 17.41 17.45 17.59 17.6 17.53 17.56 17.57 17.56 17.63 17.56 17.58 17.57 17.51 17.46 17.45 17.37 17.34 17.32 17.23 17.15 16.98 16.91 16.83 16.78 16.81 16.72 16.57 16.33 16.28 16.1 15.98 15.84 15.75 15.67 15.54 15.3 15.2 15.2 15.12 14.96 14.94 15.12 14.98 14.84 14.78 14.65 14.56 14.47 14.56 14.51 14.31 14.26 14.12 14.09
18.03 18.04 18.08 17.99 17.92 17.83 17.69 17.78 17.61 17.58 17.5 17.42 17.41 17.42 17.43 17.46 17.45 17.42 17.43 17.37 17.4 17.42 17.46 17.42 17.45 17.47 17.58 17.59 17.59 17.66 17.64 17.65 17.64 17.64 17.65 17.6 17.55 17.51 17.5 17.45 17.4 17.35 17.3 17.22 17.08 17.02 16.99 16.92 16.85 16.8 16.69 16.45 16.3 16.18 16.06 15.96 15.87 15.78 15.63 15.45 15.3 15.24 15.2 15.09 15.22 15.1 15.12 14.95 14.79 14.61 14.51 14.45 14.52 14.45 14.39 14.28 14.12 14.18
