DE_solarradiation/2018_02_solarradiation.asc
NCOLS 654
NROWS 866
XLLCORNER 3280500
YLLCORNER 5237500
CELLSIZE 1000
NODATA_VALUE -999
[rows 420 to 454 of 866, columns 234 to 311 of 654]
47.75 47.99 47.93 48.18 48.09 48.22 47.89 47.85 48.16 47.76 47.48 47.61 47.47 47.59 47.15 46.56 46.53 46.43 46.44 46.38 46.55 46.59 46.64 46.81 47.02 47.09 46.97 47.04 47.01 47.07 47.11 47.91 48.25 48.93 48.5 49.21 48.93 48.3 48.68 48.77 48.96 48.62 48.92 47.8 46.42 47.17 48.56 47.08 46.41 47.89 47.37 47.08 45.91 45.99 46.25 46.48 46.85 46.85 46.86 48.1 47.81 47.93 46.99 46.81 47.35 46.61 46.51 46.26 47.44 47.36 47.43 47.2 47.23 47.18 47.22 46.89 46.6 46.76
47.81 48 48.02 48.15 48.21 47.97 47.86 48.52 48.76 47.92 47.48 47.28 47.14 47.34 47.31 46.76 46.61 46.63 46.83 46.84 46.63 46.73 46.79 47.11 47 47.06 47.2 47.24 47.58 47.65 47.91 47.58 47.48 48.04 48.76 48.85 49.01 48.76 48.77 49.08 48.74 47.91 48.63 47.13 47.17 47.51 48.14 47.19 47.08 47.26 47.48 47.11 46.33 46.02 46.17 46.58 47.37 47.75 47.9 48.5 47.72 47.06 46.65 46.88 46.85 46.38 46.43 46.22 47.35 47.06 47.16 47.01 46.85 46.95 47.17 46.71 46.64 46.42
47.93 47.94 48.11 48.28 47.99 48.09 48.25 48.56 48.92 48.11 47.56 47.24 47.14 47.08 47.16 46.9 46.73 46.82 46.98 46.99 46.72 47.08 47.32 47.38 47.3 47.3 47.58 47.77 47.97 47.91 48.44 48.52 47.68 47.64 47.76 47.97 48.16 48.05 48.25 48.48 48.14 47.61 47.88 47.01 47.92 48.59 47.39 47.49 47.37 47.44 47.36 47.58 46.95 46.02 46.01 46.01 46.23 47.25 47.97 48.35 47.19 47.16 46.86 46.35 46.99 46.45 46.19 46.28 47.35 46.41 46.94 46.74 46.47 46.68 46.95 46.15 46.5 46.2
48.09 48.03 47.86 48.1 47.96 47.85 48.49 48.32 48.68 48.65 48.03 47.48 47.27 47.16 47.06 46.97 47.34 47.25 47.11 47.2 46.85 47.58 48.18 48.01 47.7 47.87 48.28 48.55 48.55 48.66 48.89 49.31 49.01 47.52 48.69 48.36 48.22 48.56 48.9 48.2 48.19 48.46 47.71 47.29 48.35 48.72 47.89 47.62 47.46 47.19 47.33 47.37 47.75 46.69 46.69 46.16 46.65 48.6 48.99 48.24 47.8 47.32 47.33 46.73 46.63 46.93 46.31 46.65 47.23 46.11 46.14 46.51 46.77 47.21 46.87 47.01 46.8 46.35
48.53 48.2 47.92 47.86 47.99 48.38 48.16 48.1 48.65 49.48 48.19 47.56 47.27 47.21 47.26 47.2 47.39 47.4 47.09 47.17 47 48.16 48.56 48.39 47.93 48.23 48.48 48.59 48.71 49.15 48.83 49.21 48.76 47.83 48.02 47.88 48.97 49.47 50 48.84 48.62 48.84 47.86 47.78 49.02 48.34 49.02 48.11 47.27 46.97 47.33 47.59 47.63 47.21 46.3 46.57 47.17 47.28 47.85 47.4 48.77 47.58 47.44 47.17 46.66 46.89 46.12 46.45 46.84 46.17 47.19 46.51 47.18 47.43 47.33 47.31 46.98 46.68
48.24 48.78 48.23 47.83 48.67 48.24 47.9 48.14 48.65 48.86 48.19 47.69 47.4 47.33 47.49 47.28 47.36 47.38 47.02 47.41 47.7 48.35 48.84 48.67 48.25 48.08 48.34 48.87 49.21 49.17 48.95 48.47 47.83 48.85 49.27 49.21 48.64 48.96 48.85 48.54 48.32 48.24 47.75 48.35 49.07 49.66 48.38 48.15 47.39 47.01 46.99 47.48 47.63 47.66 46.49 46.46 47.05 47.17 47.43 47.78 47.87 46.93 46.94 47.63 46.69 46.52 45.93 46 46.84 45.87 47.19 47.21 47.29 47.01 47.25 47.23 47.2 46.9
48.26 48.27 48.44 47.85 47.86 47.92 47.74 47.91 48.14 48.12 48.7 47.51 47.34 47.42 47.32 47.51 47.31 47.29 47.11 47.47 47.64 48.03 48.85 48.91 48.86 48.81 48.58 49.14 49.49 49.22 48.7 48.22 47.96 49.13 49.02 48.81 48.74 49.12 49.24 48.49 48.45 48.07 47.98 48.63 50.17 50.81 49.48 48.05 47.5 46.94 47.19 47.04 47.37 46.88 46.28 46.8 46.64 47.2 47.33 47.74 47.98 47.09 47.12 46.91 46.54 46.02 46.87 46.68 45.75 46.21 46.32 47.14 46.53 47.24 47.1 47.04 47.12 46.94
48.09 48.29 48.12 47.79 47.59 47.72 47.68 47.81 47.71 47.91 47.71 47.49 47.24 47.29 47.19 47.31 47.4 46.97 47.21 47.56 47.69 47.86 48.45 48.51 48.92 49.55 49.01 49.2 49.5 48.94 48.75 48.42 48.35 48.12 48.59 48.78 48.71 48.9 48.72 48.46 48.57 48.11 48.98 49.42 50.52 50.63 50.32 48.54 47.89 47.46 47.27 47.11 47.23 47 46.46 46.47 46.5 46.46 46.88 46.85 47.01 47.12 46.75 47.02 45.94 46.77 46.82 46.53 46.43 46.09 46.02 45.86 46.98 46.41 46.72 47.15 47.23 47.05
47.88 48.2 48.71 48 47.71 47.74 47.66 47.61 47.58 47.64 47.72 47.33 47.37 47.31 47.39 47.37 47.24 47.02 47.04 47.24 47.75 47.73 48.17 48.87 48.89 49.07 48.8 48.99 49.3 48.54 48.8 48.67 48.78 48.26 48.26 48.35 48.38 48.39 48.29 48.28 48.36 48.47 48.53 49.13 50.41 50.56 49.69 48.18 47.71 47.59 47.28 47.24 47.2 47.12 46.92 46.43 46.32 46.31 46.24 46.13 46.14 46.22 46.15 46.76 45.97 47 46.45 46.41 47.26 46.88 46.43 47.06 45.93 47.01 46.94 46.99 47.12 47.01
47.72 48.45 48.47 47.98 47.74 47.42 47.34 47.43 47.53 47.62 48.27 47.68 47.5 47.51 47.56 47.36 47.36 47.01 47.17 47.33 47.99 48.16 48.15 48.4 48.99 48.71 48.78 48.52 48.26 48.59 48.37 48.56 48.53 48.49 48.5 48.51 48.35 48.37 48.37 47.92 47.91 48.74 48.33 49.15 49.79 50.54 48.27 48.04 47.68 47.45 47.52 47.21 47.06 46.87 47.01 46.37 46.47 46.32 46.29 46.11 46.04 46 45.97 46.24 45.87 45.84 45.77 46.18 46.66 47.33 46.76 47.02 46.98 46.18 46.19 46.88 47 46.9
47.91 48.21 48.83 48.06 47.72 47.56 47.34 47.58 47.59 47.64 47.77 47.66 48.09 47.55 47.33 47.19 47.16 47.41 47.5 47.25 47.34 48.3 47.94 48.61 48.25 48.06 47.97 48.34 49.03 49.29 48.5 48.99 48.95 48.84 49.16 48.71 48.49 48.56 48.46 48.27 47.97 48.38 48.37 48.33 48.57 49.47 48.26 47.98 48.12 47.28 47.5 47.27 47.01 46.92 46.66 46.39 46.75 46.75 46.31 46.08 46.09 45.99 45.91 45.84 45.77 45.81 45.71 45.54 46.01 46.31 47.21 46.38 46.71 46.93 46.86 46.95 46.96 46.85
47.98 47.79 48.22 48.05 47.62 47.52 47.29 47.54 47.55 47.68 47.57 47.47 47.56 47.43 47.43 47.59 47.23 47.17 47.71 47.23 47.29 47.87 47.93 48.36 48.09 48.83 48.67 48.96 48.93 49.21 49.37 49.41 49.3 49.27 49.65 49.02 48.38 48.36 48.28 48.06 48.13 47.87 47.63 48.31 47.83 48.05 47.97 47.81 48.06 47.52 47.21 47.66 47.21 46.9 46.52 46.37 46.55 46.81 46.66 46.14 46.22 46.33 45.92 45.85 45.85 46.5 46.32 45.48 45.67 45.97 46.08 47.21 46.93 46.63 46.22 46.31 46.77 46.89
47.93 47.68 47.92 47.9 47.68 47.55 47.36 47.23 47.35 47.39 47.52 47.42 47.59 47.68 47.65 47.43 47.45 47.31 47.7 47.52 47.54 47.4 47.95 47.74 48.56 49.08 49.02 49.36 48.95 48.86 49.5 48.94 49.05 49.14 49.4 48.95 48.66 48.67 48.56 48.33 48.29 48.14 48.1 47.61 47.92 47.61 47.68 47.82 48.12 48.33 47.2 47.34 47.45 47.04 46.65 46.56 46.83 46.75 46.75 46.52 46.41 46.08 46.16 46.72 47.03 46.54 45.84 45.52 46.28 47.22 47.25 47.02 46.44 46.32 46.59 46.65 46.62 46.66
47.96 47.71 47.94 47.81 47.45 47.5 47.2 47.14 47.25 47.24 47.22 47.19 47.4 47.45 47.6 47.43 47.06 47.83 48.06 48.3 48.59 47.65 47.44 47.74 47.75 48.12 48.64 49.31 48.37 49.18 49.14 48.5 49.52 49.64 49.04 48.4 48.87 48.95 48.5 48.65 49.33 48.57 47.96 48.15 47.37 47.3 47.82 47.13 47.35 47.97 47.78 47.32 47.13 46.64 46.93 46.39 46.84 46.77 46.99 46.69 46.43 46.36 46.77 46.88 46.55 46.63 45.77 45.41 46.24 46.51 46.61 46.87 46.74 46.63 46.29 46.8 46.36 46.62
48.1 47.7 48.54 47.76 47.63 47.42 47.27 47.19 47.14 47.16 47.1 47.12 47.09 47.3 47.52 47.23 47.2 47.63 48.28 48.25 48.01 48.25 48.72 47.38 47.44 48.6 49.11 49.1 48.24 49.05 48.33 49.28 49.62 48.67 48.41 48.72 48.99 48.44 48.97 49.12 49.08 48.44 48.55 48.09 48.3 47.84 47.15 47.22 47.06 47.2 47.16 48.06 48.17 47.6 46.61 46.46 46.86 46.86 47.04 47.53 47.16 46.67 46.44 46.67 46.55 46.67 46.23 45.38 45.34 46.09 45.87 45.97 46.18 46.78 46.86 46.84 46.58 46.02
48.25 47.5 47.67 48.13 47.7 47.56 47.46 47.45 47.4 47.41 47.36 47.3 47.32 47.25 47.33 47.15 47.16 47.36 47.64 48.21 48.3 48.39 48.37 48.23 47.51 48.09 48.95 48.14 48.11 48.01 48.73 49.67 49.11 48.17 49.11 48.89 48.37 48.75 48.65 49.03 49.02 48.68 48.57 48.68 48.01 47.52 46.76 47.35 47.8 47.33 46.84 46.91 46.84 46.9 46.59 46.85 46.76 46.72 47.17 47.66 47.93 47.4 46.72 46.76 46.75 46.38 46.35 45.49 45.28 45.38 45.9 45.7 46 46.4 45.8 46.42 46.4 46.55
47.94 47.8 47.32 47.74 47.76 47.49 47.5 47.48 47.43 47.45 47.43 47.45 47.46 47.39 47.25 47.14 47.22 47.81 48.26 48.05 48.33 48.57 48.02 47.43 47.9 48.31 47.84 48.54 48.88 48.94 49.43 48.56 48.03 48.71 49.54 48.08 48.54 48.32 48.4 48.14 48.63 47.99 47.98 48.09 47.85 47.36 47.2 48.09 47.9 47.66 46.67 46.78 46.59 46.48 46.84 47.62 47.09 47.01 47.27 47.31 47.31 46.97 47.07 46.77 46.58 46.2 46.28 45.43 45.28 45.31 45.19 45.11 45.06 45.72 45.57 45.75 46.43 46.43
47.47 47.45 47.42 47.44 47.38 47.23 47.19 47.25 47.32 47.33 47.39 47.44 47.46 47.39 47.13 47.17 47.42 47.99 48.41 48.2 48.62 48.4 47.93 47.49 47.86 47.88 48.39 48.91 49.05 48.81 48.89 48.01 47.94 49.11 49.22 48.1 49.09 48.49 48.12 48.31 48.27 47.93 48.12 47.97 47.53 47.19 47.3 47.75 47.43 47.04 47 47.49 46.85 46.43 47.1 47.02 47.84 47.38 47.26 47.67 47.48 47.44 47.02 46.67 46.44 46.55 46.59 46.53 45.78 45.28 45.54 45.83 45.1 45.34 45.39 45.93 46.06 45.94
47.7 48.12 47.73 47.4 47.35 47.2 47.09 47.03 47.05 47.07 47.16 47.18 47.12 47.03 47.07 47.26 47.58 47.66 48.05 48.33 48.67 48.48 47.89 48.44 48.46 48.66 48.76 48.45 48.44 48.72 48.31 47.74 48.23 48.49 48.45 48.57 48.27 47.98 48.07 48.07 48.63 48.1 47.61 47.58 47.61 47.39 47.46 47.65 47.03 47.09 47.36 47.69 47.32 46.6 46.33 46.74 46.72 47.02 46.83 46.88 48.09 47.67 48.26 48.1 47.83 46.55 46.17 46.59 46.36 46.01 45.85 45.35 46.01 45.02 44.93 45.06 45.03 46.16
48.21 47.88 47.86 47.47 47.26 47.1 47.03 47 46.99 47 46.99 47 46.98 47.02 47.29 48.17 47.99 47.77 48.19 48.43 48.93 48.21 48.3 47.45 47.54 47.63 47.85 47.72 47.68 47.73 47.69 48.18 48.25 48.06 47.87 47.88 48.04 48.04 48.05 48.23 48.32 47.98 47.64 47.68 47.8 47.76 47.94 47.75 47.74 46.97 47.23 46.89 47.1 47.39 47.04 47.33 47.89 46.97 47.12 46.6 46.83 47.47 47.68 47.9 47.78 46.45 46.67 47.43 47.32 46.28 45.7 45.69 46.66 46.3 45.97 45.7 45.56 46.13
48.78 48.23 47.78 47.61 47.33 47.1 47.02 47.01 46.98 46.97 46.98 46.96 47.01 47.43 47.89 47.97 48.06 47.95 48.04 48.35 48.77 48.69 47.98 47.7 48.02 48.31 48.32 49.14 48.3 48.96 48.32 48.65 48.69 48.88 48.23 48.12 48.58 48.24 48.34 48.83 48.63 48.23 47.77 47.93 47.86 47.59 47.44 47.51 47.54 47.72 47.11 46.77 46.36 46.43 47.07 47.4 47.72 48.05 47.94 47.08 46.73 46.69 46.94 47.43 47.45 47.67 47.44 47.13 46.94 46.89 45.78 46.48 46.7 46.57 45.26 45.55 45.33 45.48
48.55 48.38 48.05 47.61 47.63 47.54 47.38 47.18 47.15 47 46.98 46.99 47.5 48.45 48.26 48.04 48.08 47.95 47.99 48.15 48.24 48.11 47.67 47.5 47.55 48.85 49.71 49.58 49.5 48.65 48.52 49.01 49.24 49.08 48.4 48.44 48.22 48.49 48.35 48.59 48.7 48.28 48.06 48.26 47.84 47.95 47.58 47.34 47.68 48.01 47.17 46.71 47.3 47.03 46.6 46.97 48.28 47.82 47.88 47.81 47.44 47.27 46.77 46.8 46.9 47.04 46.97 46.39 47.03 46.6 45.79 46.91 46.36 46.08 46.24 45.36 45.64 44.96
48.13 48.52 48.19 47.72 47.66 47.57 47.49 47.48 47.34 47.09 47.07 47.09 47.77 48.24 48.24 48.51 48.22 48.18 48.06 48.07 48.18 48.22 47.97 47.86 47.5 48.69 48.79 48.55 48.99 48.06 48.32 48.81 49.48 48.69 48.68 48.43 48.47 48.24 48.26 48.6 48.72 48.91 48.5 48.09 47.6 47.42 47.64 47.37 47.43 47.17 47.09 46.48 47.14 47.13 46.7 46.99 47.09 47.57 47.87 47.46 47.64 47.52 47.54 47 46.5 46.68 46.29 46.44 46.62 46.79 45.87 46.76 46.66 46.5 46.13 45.74 45.11 44.96
48.03 48.02 47.55 47.38 47.39 47.45 47.45 47.47 47.33 47.08 47.1 47.15 47.28 47.71 48.15 48.27 48.59 48.56 48.3 48.39 48.96 48.73 47.71 48.48 47.82 47.72 47.82 48 48.22 48 49.17 49.1 49.02 48.79 48.56 48.29 48.68 48.72 48.92 48.4 48.4 48.4 48.21 48.03 47.66 47.29 47.02 47.28 47.09 47 46.88 46.84 47.42 47.83 46.88 46.56 47.38 47.41 47.82 47.33 47.47 47.46 47.6 47.28 47.08 46.66 46.27 46.44 46.37 46.5 46.48 46.58 46.37 46.16 45.07 45.71 45.72 45.27
47.39 47.3 47.24 47.34 47.24 47.19 47.1 47.09 47.1 47.15 47.39 47.18 47.38 47.88 48.68 48.91 48.8 48.66 48.67 48.6 48.56 48.41 48.39 49.2 48.3 48.2 47.66 47.64 47.63 47.95 47.91 48.21 48.38 48.72 48.68 48.12 48.77 48.86 48.72 48.2 48.46 48.35 48.04 47.61 47.72 47.38 47.13 46.89 47.22 46.91 46.8 46.75 47.07 47.63 47.06 46.66 47.4 47.13 47.57 47.01 47.04 47.52 47.62 47.49 47.4 47.09 46.43 46.16 45.61 45.75 46.14 45.86 46.29 45.1 45.08 45.98 45.57 45.73
48.07 47.56 47.43 47.26 47.23 47.18 47.14 47.15 47.14 47.22 47.62 47.52 47.22 47.65 48.17 48.49 48.98 48.65 48.62 48.17 48.22 48.17 49.17 49.23 48.71 49.1 48.44 47.93 47.92 47.56 47.82 47.54 47.92 48.11 47.88 48.6 48.15 48.77 48.13 47.91 48.02 48.52 47.96 47.85 47.41 47.18 47.03 46.99 47.1 46.6 47.26 46.89 47.09 47.2 46.88 47.01 46.62 47.18 46.78 47.47 47.34 47.59 47.46 47.18 47.01 47.11 47.06 46.65 46.22 45.57 45.35 45.26 45.16 45.64 46.06 46.28 46.07 46.04
48.42 48.03 47.56 47.42 47.17 47.34 47.28 47.23 47.24 47.29 47.61 47.43 47.36 47.41 47.82 48.81 48.75 48.72 48.99 48.47 48.74 48.29 48.61 48.89 49.28 48.84 48.33 48.61 48.37 47.62 47.51 47.43 47.5 47.61 48.28 48.06 48.52 48.61 47.87 47.53 47.8 48.49 48.04 47.59 47.45 47.39 46.97 46.92 47.37 46.91 46.61 46.9 47.31 47.15 47.17 47.04 46.57 46.63 46.96 47.52 47.47 46.85 47.21 46.4 47.21 47.04 46.91 46.51 46.49 46.29 45.51 45.19 45.2 45.25 45.42 46.13 46.18 45.93
48.34 47.76 47.48 47.18 47.17 47.71 47.39 47.29 47.46 47.33 47.63 47.27 47.39 47.66 48.19 48.62 48.17 48.86 49.21 48.57 48.5 48.36 48.14 48.57 49.12 48.98 48.35 49.21 48.55 47.95 47.99 47.61 47.41 47.7 47.81 47.9 48.81 48.45 47.97 47.41 47.56 48.32 48.33 48.18 47.97 47.64 47.3 47.49 46.91 47.17 47.2 46.71 46.91 47.55 47.38 46.83 46.81 46.95 46.98 47.91 46.73 46.63 46.2 46.74 46.88 46.56 46.77 46.51 46.16 45.98 45.51 45.26 45.39 45.25 46.02 46.06 45.96 46.11
47.81 47.72 47.39 47.29 47.27 47.55 47.87 47.4 47.53 47.42 47.55 47.3 47.64 47.58 47.61 47.77 48.34 48.92 48.89 48.6 48.52 48.42 48.35 48.67 49.06 48.9 48.99 49.35 48.47 48.36 47.71 48.24 47.43 47.39 47.65 48.34 48.19 48.51 48.26 47.44 47.7 48.12 47.78 47.65 47.5 47.4 47.66 47.47 47.27 47.61 47.07 46.91 47.27 47.07 47.13 47.04 46.72 46.85 47.13 47.02 46.47 46.26 46.32 45.99 46.2 46.48 46.47 46.89 46.88 46.25 45.77 45.45 45.38 45.63 45.34 45.79 45.5 45.73
47.84 47.59 47.38 47.24 47.22 47.5 47.56 47.8 47.66 47.6 47.65 47.32 47.47 47.75 48.05 47.94 48.03 48.83 48.84 48.81 49.05 48.91 48.27 48.81 49.7 49.26 48.6 49.12 48.95 48.08 48 48.45 47.49 47.38 47.49 48.02 48.86 48.73 47.87 47.5 47.38 47.99 47.77 47.25 47.68 47.69 47.99 47.6 47.6 47.44 47.09 47.2 47.52 47.58 46.89 47.17 47 47.29 47.57 46.76 46.74 46.5 46.4 46.23 45.98 46.11 45.94 46.51 46.57 47.24 46.64 45.9 46 45.82 45.69 45.49 45.84 45.7
47.37 47.61 47.33 47.26 47.25 47.33 47.39 47.63 47.76 47.85 47.63 47.42 47.61 48.23 48.49 48.72 48.43 48.09 48.18 48.42 49.41 49.38 48.97 48.83 49.39 49.13 49.12 49.51 49.24 48.11 48.26 48.36 47.86 47.36 47.59 48.01 47.64 48.26 48.01 47.18 47.59 47.94 47.45 47.58 47.66 47.6 47.59 47.51 47.85 47.65 47.08 47.03 47.38 47.44 47.58 47.18 47.24 47.29 47.2 46.81 46.9 46.73 46.1 45.78 45.76 45.73 45.71 45.79 45.77 45.76 45.46 45.45 45.42 46.34 45.91 46.05 46.11 45.62
47.89 47.53 47.31 47.26 47.27 47.36 47.83 47.69 47.63 47.53 47.46 47.59 47.78 48.78 48.32 48.63 49.05 49.07 48.12 48.59 49.21 49.3 48.85 48.59 48.95 49.43 49.37 49.43 48.93 49.31 48.4 48.65 48.99 47.96 47.61 47.35 47.21 47.26 47.31 46.94 47.5 47.73 47.06 47.41 47.46 47.51 47.36 47.65 47.53 47.79 47.44 47.77 47.9 47.8 47.25 47.31 47.14 46.77 46.68 46.44 46.91 46.43 45.88 46.12 45.79 46 45.84 45.64 45.61 45.56 45.5 45.78 45.61 45.96 46.09 46.16 45.73 45.47
47.57 47.66 47.45 47.42 47.33 47.49 47.63 47.79 47.61 47.62 47.64 47.57 47.95 47.93 48.19 48.39 48.85 48.93 48.15 48.84 49.46 49.85 48.95 49.53 49.28 49.08 49.4 49.87 49.83 48.85 48.8 48.84 48.57 48.14 48.41 48.29 47.58 47.02 46.88 46.85 47.12 47.69 47.01 47.43 46.8 47.19 47.42 47.03 47.1 47.62 47.72 47.37 47.34 46.88 46.73 47.17 46.92 47.2 47.25 46.47 46.57 46.28 45.92 46.11 46.74 46.52 45.93 46.23 46.25 46.12 46.32 46.23 46.77 45.76 45.47 45.78 45.95 45.43
47.74 47.6 47.36 47.67 47.64 47.59 48.06 47.92 47.62 49.15 47.87 48.08 48.43 49.2 48.89 48.37 48.99 49.33 48.28 49.47 49.64 49.57 49.07 49.15 49.97 49.38 49.29 49.58 49.23 49.44 49.62 49.23 48.42 48.27 47.96 48.04 47.36 47.1 46.92 46.78 46.78 47.04 47.42 46.75 47.14 47.42 46.96 46.8 46.94 47.24 47.45 47.78 47.51 47.19 46.68 46.46 46.4 47.24 46.95 46.59 46.06 46 46.46 46.77 46.64 46.12 46.17 46.39 46.36 46.65 46.32 46.33 46.55 46.29 45.97 45.71 45.51 45.44
47.64 47.78 47.75 47.87 48.05 47.94 47.92 47.93 47.75 48.06 48.42 48.31 48.9 49.06 49.41 48.55 48.93 49.63 48.65 49.5 49.13 49.42 49.36 49.49 49.96 49.53 49.28 49.57 48.84 48.59 49.15 49.41 49.52 48.57 48.22 47.87 48 47.59 47.71 46.76 46.69 46.69 46.93 47.08 46.94 46.53 47.33 47.09 47.27 47.41 47.43 47.57 47.06 47.5 46.99 46.96 46.66 46.57 46.96 46.51 46.44 46.1 46.04 46.2 46.74 46.26 46.31 46.41 46.54 46.71 47.03 46.78 47.06 46.66 45.76 46.23 45.69 46.35
