DE_solarradiation/2018_11_solarradiation.asc
NCOLS 654
NROWS 866
XLLCORNER 3280500
YLLCORNER 5237500
CELLSIZE 1000
NODATA_VALUE -999
[rows 315 to 349 of 866, columns 390 to 467 of 654]
26.98 26.93 26.9 26.85 26.84 26.81 26.8 26.77 26.76 26.69 26.69 26.66 26.65 26.65 26.65 26.62 26.62 26.62 26.62 26.63 26.64 26.63 26.64 26.67 26.67 26.67 26.66 26.68 26.69 26.69 26.69 26.69 26.72 26.71 26.72 26.72 26.72 26.73 26.72 26.73 26.73 26.74 26.74 26.74 26.74 26.74 26.75 26.72 26.71 26.72 26.72 26.72 26.72 26.73 26.49 26.5 26.51 26.52 26.5 26.5 26.53 26.53 26.56 26.59 26.6 26.62 26.67 26.68 26.69 26.7 26.73 26.77 26.79 26.82 26.81 26.82 26.8 26.82
26.98 26.95 26.9 26.89 26.85 26.84 26.81 26.8 26.77 26.7 26.7 26.67 26.66 26.66 26.63 26.63 26.63 26.63 26.63 26.64 26.64 26.64 26.65 26.65 26.68 26.68 26.68 26.72 26.72 26.71 26.71 26.7 26.73 26.74 26.74 26.77 26.76 26.77 26.77 26.77 26.78 26.77 26.78 26.78 26.78 26.79 26.79 26.79 26.76 26.76 26.77 26.77 26.77 26.81 26.55 26.56 26.58 26.57 26.56 26.55 26.6 26.61 26.61 26.65 26.68 26.71 26.72 26.76 26.77 26.79 26.82 26.84 26.88 26.87 26.9 26.86 26.89 26.94
27.06 26.98 26.91 26.9 26.86 26.85 26.82 26.82 26.78 26.71 26.68 26.68 26.67 26.64 26.64 26.64 26.64 26.61 26.61 26.64 26.65 26.65 26.65 26.66 26.69 26.69 26.69 26.69 26.72 26.72 26.72 26.72 26.74 26.75 26.78 26.78 26.78 26.78 26.79 26.79 26.81 26.82 26.82 26.82 26.83 26.83 26.83 26.81 26.81 26.8 26.81 26.83 26.83 26.83 26.57 26.61 26.62 26.63 26.61 26.6 26.67 26.66 26.67 26.72 26.74 26.75 26.77 26.82 26.85 26.86 26.91 26.93 26.93 26.94 26.94 26.91 26.94 26.99
27.07 26.97 26.93 26.92 26.87 26.83 26.83 26.79 26.76 26.72 26.69 26.68 26.65 26.65 26.64 26.62 26.62 26.62 26.62 26.62 26.63 26.63 26.63 26.66 26.66 26.69 26.69 26.7 26.7 26.72 26.72 26.72 26.76 26.77 26.79 26.8 26.81 26.81 26.8 26.83 26.83 26.85 26.85 26.85 26.86 26.86 26.86 26.87 26.88 26.86 26.86 26.86 26.87 26.88 26.62 26.66 26.66 26.67 26.68 26.68 26.7 26.74 26.76 26.75 26.77 26.81 26.83 26.89 26.91 26.94 26.97 26.99 26.97 26.97 26.97 26.99 27 27.04
27.05 26.99 26.93 26.89 26.88 26.84 26.8 26.8 26.76 26.7 26.69 26.66 26.66 26.63 26.63 26.63 26.62 26.62 26.63 26.63 26.64 26.64 26.64 26.64 26.67 26.67 26.7 26.7 26.7 26.7 26.73 26.74 26.77 26.77 26.8 26.81 26.81 26.81 26.84 26.86 26.86 26.86 26.89 26.9 26.9 26.9 26.9 26.91 26.91 26.91 26.91 26.91 26.91 26.92 26.66 26.67 26.71 26.72 26.72 26.73 26.75 26.78 26.8 26.8 26.86 26.85 26.88 26.93 26.95 26.98 27 27.01 27 27.03 27.04 27.06 27.07 27.09
27.04 26.95 26.93 26.9 26.86 26.85 26.82 26.78 26.74 26.71 26.67 26.67 26.63 26.64 26.64 26.6 26.6 26.6 26.6 26.61 26.61 26.61 26.64 26.64 26.68 26.68 26.68 26.71 26.71 26.71 26.74 26.74 26.77 26.77 26.81 26.81 26.81 26.84 26.85 26.85 26.89 26.9 26.9 26.91 26.91 26.92 26.92 26.92 26.92 26.93 26.93 26.96 26.96 26.97 26.71 26.72 26.75 26.76 26.77 26.79 26.79 26.85 26.85 26.85 26.89 26.95 26.95 26.99 26.99 27.02 27.04 27.06 27.05 27.08 27.12 27.14 27.14 27.15
27.03 26.96 26.91 26.88 26.87 26.83 26.79 26.79 26.75 26.69 26.65 26.65 26.65 26.62 26.61 26.61 26.61 26.62 26.61 26.62 26.62 26.62 26.62 26.65 26.65 26.69 26.69 26.68 26.72 26.72 26.75 26.75 26.78 26.82 26.82 26.82 26.85 26.85 26.88 26.89 26.9 26.93 26.94 26.94 26.95 26.95 26.96 26.96 26.99 26.99 27 27.01 27.01 27.01 26.75 26.79 26.79 26.81 26.82 26.84 26.9 26.92 26.95 26.94 26.98 27.03 27.02 27.02 27.06 27.07 27.13 27.12 27.15 27.17 27.21 27.2 27.2 27.23
26.99 26.92 26.91 26.9 26.85 26.81 26.8 26.77 26.73 26.66 26.66 26.62 26.62 26.62 26.62 26.59 26.59 26.59 26.59 26.59 26.63 26.62 26.63 26.68 26.67 26.69 26.69 26.73 26.72 26.73 26.76 26.79 26.83 26.83 26.86 26.86 26.89 26.89 26.93 26.93 26.96 26.97 26.98 26.98 26.99 27.02 27.03 27.09 27.03 27.13 27.13 27.14 27.14 27.15 26.89 26.89 26.94 26.95 26.97 26.98 26.99 27.03 27.09 27.11 27.13 27.15 27.15 27.19 27.2 27.22 27.27 27.3 27.31 27.35 27.35 27.39 27.39 27.42
27.05 26.94 26.9 26.87 26.82 26.81 26.78 26.74 26.74 26.67 26.63 26.63 26.63 26.6 26.6 26.6 26.6 26.6 26.6 26.63 26.63 26.63 26.67 26.67 26.71 26.73 26.73 26.76 26.77 26.8 26.8 26.85 26.9 26.91 26.94 26.97 26.97 27 27 27.06 27.07 27.1 27.1 27.11 27.12 27.12 27.15 27.16 27.16 27.16 27.17 27.17 27.18 27.18 26.96 26.96 26.98 26.99 27.01 27.07 27.08 27.08 27.11 27.17 27.19 27.19 27.22 27.23 27.28 27.28 27.33 27.35 27.39 27.4 27.44 27.42 27.45 27.49
27.02 26.92 26.9 26.85 26.85 26.81 26.77 26.72 26.71 26.65 26.64 26.61 26.61 26.61 26.61 26.61 26.61 26.61 26.61 26.61 26.64 26.64 26.65 26.68 26.71 26.74 26.74 26.77 26.77 26.81 26.84 26.84 26.91 26.94 26.98 26.99 27.02 27.02 27.05 27.11 27.11 27.14 27.15 27.15 27.15 27.19 27.19 27.2 27.2 27.21 27.21 27.22 27.23 27.23 27 27.01 27.01 27.03 27.06 27.1 27.12 27.14 27.17 27.21 27.22 27.23 27.26 27.28 27.32 27.31 27.38 27.4 27.43 27.45 27.49 27.51 27.51 27.54
27.02 26.93 26.89 26.83 26.83 26.79 26.76 26.71 26.69 26.63 26.62 26.59 26.59 26.59 26.58 26.58 26.58 26.58 26.61 26.62 26.62 26.65 26.66 26.69 26.72 26.75 26.75 26.78 26.78 26.82 26.85 26.89 26.92 26.95 26.99 27.03 27.03 27.07 27.1 27.13 27.16 27.16 27.19 27.2 27.2 27.2 27.23 27.24 27.24 27.25 27.26 27.26 27.27 27.27 27.02 27.05 27.07 27.07 27.09 27.13 27.13 27.16 27.22 27.23 27.26 27.27 27.29 27.32 27.34 27.36 27.39 27.44 27.48 27.49 27.54 27.55 27.55 27.57
27 26.91 26.87 26.83 26.78 26.77 26.72 26.68 26.67 26.61 26.6 26.57 26.56 26.56 26.56 26.56 26.59 26.59 26.59 26.59 26.63 26.63 26.66 26.67 26.72 26.73 26.76 26.79 26.79 26.83 26.86 26.9 26.96 26.99 27.01 27.04 27.09 27.08 27.12 27.19 27.2 27.2 27.21 27.24 27.25 27.24 27.25 27.26 27.3 27.29 27.3 27.3 27.31 27.31 27.05 27.07 27.08 27.11 27.15 27.17 27.2 27.21 27.24 27.27 27.28 27.29 27.33 27.35 27.38 27.39 27.45 27.48 27.48 27.53 27.55 27.6 27.59 27.63
26.98 26.88 26.84 26.81 26.76 26.75 26.71 26.66 26.66 26.6 26.59 26.58 26.55 26.54 26.54 26.57 26.57 26.57 26.6 26.6 26.61 26.64 26.64 26.67 26.73 26.74 26.77 26.8 26.81 26.85 26.89 26.93 26.98 27.01 27.05 27.07 27.1 27.14 27.16 27.2 27.23 27.25 27.25 27.25 27.28 27.29 27.29 27.3 27.31 27.31 27.31 27.31 27.32 27.35 27.11 27.11 27.12 27.14 27.18 27.2 27.24 27.25 27.28 27.29 27.33 27.34 27.35 27.39 27.41 27.45 27.47 27.51 27.55 27.55 27.61 27.62 27.65 27.68
26.95 26.84 26.8 26.77 26.73 26.69 26.69 26.64 26.64 26.58 26.57 26.57 26.56 26.55 26.55 26.55 26.55 26.58 26.58 26.61 26.61 26.61 26.65 26.68 26.71 26.74 26.77 26.81 26.82 26.86 26.91 26.94 26.99 27.03 27.07 27.11 27.14 27.15 27.18 27.24 27.27 27.26 27.29 27.29 27.3 27.33 27.34 27.34 27.35 27.35 27.35 27.35 27.36 27.37 27.12 27.16 27.17 27.19 27.23 27.24 27.26 27.3 27.3 27.34 27.35 27.39 27.4 27.41 27.46 27.47 27.54 27.57 27.56 27.59 27.61 27.66 27.66 27.7
26.91 26.81 26.74 26.7 26.7 26.66 26.63 26.62 26.59 26.56 26.55 26.53 26.53 26.52 26.52 26.52 26.55 26.55 26.58 26.58 26.62 26.62 26.65 26.7 26.75 26.78 26.78 26.82 26.86 26.9 26.92 26.99 27.06 27.09 27.12 27.14 27.16 27.19 27.21 27.27 27.3 27.33 27.33 27.33 27.36 27.37 27.37 27.38 27.42 27.42 27.42 27.43 27.44 27.45 27.2 27.21 27.22 27.24 27.25 27.29 27.32 27.35 27.39 27.39 27.4 27.44 27.46 27.46 27.5 27.52 27.6 27.64 27.62 27.65 27.64 27.67 27.69 27.76
26.85 26.73 26.69 26.65 26.62 26.61 26.57 26.56 26.54 26.54 26.52 26.54 26.52 26.5 26.53 26.53 26.56 26.59 26.62 26.62 26.65 26.65 26.69 26.72 26.8 26.83 26.85 26.89 26.92 26.97 27 27.05 27.17 27.21 27.23 27.26 27.25 27.28 27.31 27.4 27.43 27.43 27.46 27.46 27.5 27.5 27.51 27.55 27.55 27.56 27.56 27.57 27.57 27.58 27.34 27.35 27.35 27.38 27.4 27.4 27.43 27.45 27.48 27.49 27.52 27.56 27.56 27.57 27.61 27.62 27.7 27.74 27.76 27.78 27.79 27.82 27.84 27.93
26.8 26.7 26.66 26.61 26.59 26.55 26.55 26.54 26.51 26.51 26.49 26.53 26.5 26.52 26.51 26.54 26.57 26.6 26.6 26.63 26.67 26.67 26.7 26.73 26.82 26.85 26.89 26.89 26.93 26.98 27.03 27.06 27.17 27.23 27.27 27.28 27.29 27.32 27.35 27.44 27.47 27.5 27.5 27.54 27.54 27.54 27.58 27.59 27.59 27.6 27.6 27.6 27.61 27.62 27.38 27.39 27.4 27.41 27.43 27.44 27.47 27.51 27.52 27.55 27.55 27.59 27.61 27.62 27.66 27.67 27.75 27.76 27.82 27.82 27.85 27.85 27.91 27.94
26.77 26.67 26.61 26.56 26.56 26.52 26.52 26.48 26.48 26.47 26.46 26.48 26.5 26.49 26.49 26.52 26.58 26.58 26.61 26.64 26.64 26.68 26.71 26.74 26.83 26.86 26.89 26.93 26.94 26.98 27.02 27.1 27.2 27.23 27.27 27.3 27.32 27.36 27.39 27.48 27.51 27.54 27.54 27.57 27.58 27.58 27.62 27.63 27.63 27.64 27.64 27.65 27.65 27.66 27.42 27.44 27.46 27.47 27.49 27.49 27.51 27.52 27.55 27.57 27.6 27.63 27.68 27.68 27.69 27.72 27.75 27.79 27.82 27.86 27.87 27.92 27.92 27.98
26.74 26.61 26.57 26.54 26.5 26.5 26.46 26.44 26.46 26.45 26.46 26.52 26.54 26.49 26.49 26.5 26.55 26.59 26.62 26.62 26.65 26.68 26.71 26.75 26.84 26.87 26.9 26.94 26.97 26.98 27.06 27.1 27.2 27.23 27.27 27.3 27.33 27.37 27.43 27.49 27.52 27.55 27.58 27.58 27.62 27.63 27.63 27.67 27.67 27.68 27.68 27.69 27.69 27.7 27.46 27.47 27.5 27.51 27.53 27.53 27.55 27.56 27.57 27.6 27.62 27.68 27.68 27.73 27.75 27.75 27.78 27.82 27.83 27.87 27.9 27.94 27.96 28.01
26.68 26.58 26.56 26.53 26.48 26.47 26.42 26.43 26.43 26.44 26.45 26.48 26.46 26.49 26.47 26.5 26.56 26.59 26.6 26.63 26.66 26.69 26.72 26.76 26.85 26.88 26.91 26.94 26.98 27.02 27.06 27.1 27.2 27.24 27.31 27.34 27.37 27.41 27.44 27.53 27.56 27.59 27.59 27.63 27.63 27.67 27.67 27.68 27.72 27.72 27.73 27.74 27.74 27.74 27.5 27.5 27.54 27.53 27.54 27.55 27.56 27.57 27.62 27.63 27.66 27.68 27.7 27.74 27.76 27.79 27.83 27.83 27.88 27.89 27.94 27.96 28.03 28.06
26.67 26.56 26.5 26.5 26.45 26.42 26.42 26.42 26.42 26.42 26.42 26.43 26.43 26.46 26.46 26.49 26.54 26.57 26.6 26.63 26.67 26.7 26.7 26.76 26.82 26.89 26.92 26.95 26.99 27.02 27.06 27.11 27.2 27.28 27.31 27.34 27.37 27.41 27.44 27.54 27.57 27.59 27.63 27.64 27.67 27.68 27.72 27.73 27.73 27.74 27.74 27.75 27.75 27.76 27.53 27.54 27.57 27.57 27.58 27.59 27.61 27.62 27.63 27.65 27.67 27.72 27.73 27.75 27.76 27.81 27.84 27.84 27.9 27.92 27.97 27.98 28.04 28.09
26.63 26.5 26.46 26.43 26.42 26.39 26.39 26.4 26.4 26.41 26.41 26.41 26.44 26.45 26.49 26.49 26.54 26.58 26.61 26.64 26.67 26.68 26.71 26.77 26.83 26.89 26.93 26.96 26.99 27.03 27.07 27.14 27.24 27.28 27.32 27.35 27.38 27.45 27.49 27.58 27.61 27.64 27.64 27.68 27.71 27.72 27.73 27.77 27.77 27.78 27.79 27.79 27.83 27.84 27.57 27.59 27.6 27.61 27.62 27.64 27.65 27.67 27.68 27.7 27.71 27.73 27.77 27.79 27.8 27.82 27.88 27.89 27.92 27.97 27.98 28.02 28.05 28.1
26.57 26.47 26.44 26.41 26.38 26.37 26.37 26.38 26.38 26.38 26.41 26.39 26.43 26.48 26.45 26.47 26.52 26.58 26.61 26.65 26.68 26.71 26.74 26.78 26.87 26.9 26.94 26.97 27 27.04 27.1 27.15 27.25 27.31 27.35 27.39 27.42 27.45 27.52 27.58 27.65 27.68 27.68 27.72 27.75 27.76 27.8 27.8 27.84 27.85 27.85 27.87 27.87 27.87 27.64 27.66 27.67 27.68 27.67 27.69 27.7 27.71 27.73 27.77 27.79 27.8 27.81 27.82 27.84 27.85 27.9 27.95 27.98 28.03 28.05 28.06 28.1 28.15
26.52 26.42 26.39 26.36 26.36 26.33 26.33 26.33 26.33 26.4 26.4 26.42 26.43 26.43 26.45 26.47 26.59 26.62 26.65 26.68 26.72 26.75 26.78 26.84 26.94 26.97 27 27.04 27.07 27.1 27.17 27.21 27.34 27.38 27.41 27.48 27.52 27.55 27.59 27.69 27.75 27.77 27.82 27.82 27.85 27.86 27.9 27.93 27.94 27.98 27.99 28 28.01 28.01 27.78 27.8 27.81 27.82 27.84 27.85 27.86 27.84 27.85 27.87 27.88 27.9 27.92 27.94 27.96 28 28.03 28.04 28.1 28.12 28.13 28.17 28.19 28.23
26.49 26.4 26.36 26.33 26.33 26.31 26.31 26.31 26.31 26.38 26.39 26.4 26.41 26.43 26.47 26.48 26.57 26.63 26.66 26.69 26.73 26.76 26.79 26.86 26.94 26.98 27.01 27.05 27.11 27.14 27.18 27.25 27.35 27.42 27.45 27.49 27.52 27.56 27.63 27.72 27.79 27.82 27.83 27.85 27.9 27.91 27.94 27.98 28.02 28.02 28.03 28.04 28.04 28.06 27.83 27.84 27.85 27.86 27.88 27.89 27.91 27.92 27.91 27.93 27.94 27.96 27.98 27.99 28.04 28.07 28.09 28.12 28.16 28.15 28.17 28.22 28.22 28.27
26.45 26.38 26.34 26.31 26.28 26.29 26.29 26.3 26.32 26.36 26.39 26.37 26.39 26.4 26.44 26.46 26.57 26.61 26.67 26.7 26.73 26.77 26.8 26.86 26.95 26.99 27.02 27.05 27.09 27.15 27.19 27.25 27.36 27.42 27.46 27.49 27.53 27.59 27.63 27.72 27.79 27.83 27.87 27.87 27.91 27.95 27.95 28.02 28.03 28.04 28.07 28.08 28.1 28.1 27.87 27.89 27.89 27.91 27.93 27.95 27.97 27.99 27.96 27.97 27.99 28.01 28.04 28.06 28.08 28.11 28.15 28.16 28.15 28.17 28.22 28.23 28.23 28.19
26.41 26.32 26.29 26.29 26.25 26.26 26.26 26.27 26.3 26.33 26.36 26.38 26.36 26.38 26.41 26.46 26.55 26.62 26.64 26.68 26.74 26.77 26.81 26.84 26.93 27 27.03 27.07 27.1 27.13 27.2 27.23 27.36 27.43 27.46 27.49 27.53 27.6 27.64 27.74 27.81 27.84 27.88 27.92 27.92 27.96 28 28.04 28.07 28.08 28.09 28.1 28.13 28.14 27.91 27.92 27.95 27.96 27.98 27.99 28.01 28.01 28.02 28.03 28.05 28.07 28.08 28.12 28.14 28.15 28.16 28.17 28.2 28.22 28.25 28.26 28.2 28.24
26.37 26.29 26.26 26.25 26.23 26.23 26.23 26.23 26.27 26.3 26.33 26.35 26.37 26.39 26.42 26.44 26.57 26.6 26.66 26.68 26.72 26.75 26.81 26.85 26.94 27.01 27.04 27.07 27.1 27.14 27.2 27.24 27.37 27.43 27.47 27.51 27.55 27.62 27.66 27.75 27.82 27.86 27.89 27.92 27.93 27.97 28.01 28.05 28.09 28.11 28.13 28.13 28.14 28.15 27.96 27.94 27.99 27.97 27.99 28 28.03 28.05 28.06 28.07 28.09 28.11 28.1 28.13 28.15 28.18 28.19 28.21 28.22 28.23 28.29 28.19 28.21 28.27
26.33 26.25 26.22 26.18 26.18 26.2 26.2 26.2 26.24 26.27 26.29 26.32 26.34 26.37 26.42 26.42 26.56 26.63 26.64 26.66 26.72 26.76 26.79 26.85 26.95 27.01 27.05 27.08 27.12 27.15 27.22 27.25 27.38 27.42 27.48 27.52 27.56 27.6 27.67 27.76 27.83 27.86 27.9 27.94 27.98 27.99 28.03 28.1 28.11 28.13 28.14 28.14 28.18 28.18 27.97 27.99 28 28.01 28.03 28.05 28.06 28.08 28.1 28.09 28.1 28.13 28.14 28.16 28.17 28.19 28.2 28.23 28.24 28.18 28.22 28.23 28.27 28.31
26.27 26.21 26.18 26.15 26.16 26.17 26.17 26.17 26.2 26.23 26.26 26.29 26.31 26.34 26.38 26.45 26.52 26.57 26.64 26.67 26.7 26.76 26.8 26.86 26.96 26.99 27.05 27.09 27.12 27.15 27.22 27.25 27.38 27.44 27.49 27.53 27.56 27.61 27.67 27.77 27.84 27.88 27.91 27.95 27.99 28.03 28.07 28.11 28.16 28.16 28.18 28.18 28.22 28.22 28.01 28.03 28.05 28.06 28.08 28.09 28.11 28.12 28.14 28.16 28.18 28.19 28.21 28.23 28.24 28.26 28.28 28.29 28.17 28.23 28.26 28.32 28.32 28.36
26.24 26.18 26.15 26.12 26.12 26.13 26.14 26.14 26.17 26.23 26.23 26.25 26.28 26.35 26.39 26.42 26.49 26.58 26.61 26.68 26.7 26.74 26.81 26.84 26.96 27 27.09 27.13 27.16 27.19 27.26 27.3 27.4 27.46 27.5 27.57 27.61 27.65 27.71 27.81 27.88 27.92 27.96 27.99 28.03 28.07 28.11 28.18 28.21 28.25 28.26 28.29 28.29 28.29 28.12 28.16 28.18 28.19 28.21 28.23 28.24 28.26 28.28 28.3 28.31 28.29 28.31 28.31 28.34 28.36 28.37 28.31 28.33 28.37 28.4 28.43 28.48 28.5
26.18 26.12 26.12 26.09 26.09 26.1 26.1 26.11 26.14 26.2 26.22 26.25 26.28 26.32 26.35 26.44 26.49 26.58 26.62 26.68 26.71 26.77 26.81 26.87 27 27.03 27.1 27.13 27.17 27.21 27.27 27.3 27.4 27.46 27.51 27.58 27.61 27.65 27.72 27.82 27.89 27.93 27.97 28.01 28.04 28.08 28.12 28.22 28.25 28.26 28.29 28.3 28.33 28.34 28.17 28.21 28.22 28.24 28.26 28.3 28.32 28.3 28.32 28.33 28.35 28.37 28.38 28.4 28.41 28.43 28.33 28.35 28.36 28.42 28.44 28.5 28.52 28.55
26.16 26.09 26.09 26.07 26.07 26.07 26.07 26.07 26.11 26.18 26.2 26.22 26.17 26.31 26.35 26.41 26.45 26.56 26.63 26.7 26.72 26.75 26.81 26.88 26.98 27.04 27.11 27.14 27.18 27.21 27.24 27.31 27.41 27.47 27.51 27.56 27.63 27.66 27.73 27.83 27.9 27.94 27.97 28.02 28.05 28.09 28.12 28.22 28.26 28.3 28.3 28.34 28.35 28.38 28.17 28.25 28.27 28.28 28.29 28.31 28.35 28.34 28.36 28.38 28.4 28.41 28.43 28.42 28.3 28.33 28.37 28.39 28.42 28.5 28.48 28.52 28.58 28.6
26.13 26.07 26.07 26.03 26.04 26.03 26.04 26.08 26.08 26.17 26.2 26.22 26.18 26.2 26.25 26.39 26.42 26.57 26.6 26.67 26.71 26.76 26.79 26.86 26.98 27.05 27.08 27.12 27.18 27.22 27.26 27.32 27.42 27.49 27.52 27.56 27.59 27.67 27.71 27.84 27.88 27.95 27.99 28.02 28.06 28.1 28.13 28.23 28.27 28.31 28.31 28.35 28.38 28.38 28.21 28.26 28.3 28.31 28.33 28.34 28.36 28.37 28.39 28.4 28.43 28.44 28.46 28.32 28.35 28.38 28.41 28.43 28.46 28.49 28.52 28.55 28.58 28.64
26.1 26.04 26.03 26.01 26 26.02 26.01 26.04 26.04 26.14 26.16 26.12 26.15 26.18 26.22 26.29 26.43 26.57 26.63 26.66 26.71 26.74 26.8 26.86 26.99 27.02 27.09 27.13 27.16 27.2 27.27 27.3 27.43 27.47 27.5 27.57 27.61 27.64 27.71 27.81 27.89 27.93 27.97 28.03 28.07 28.1 28.14 28.24 28.26 28.3 28.34 28.34 28.39 28.4 28.23 28.27 28.32 28.33 28.35 28.39 28.41 28.42 28.41 28.42 28.43 28.45 28.32 28.34 28.37 28.4 28.43 28.49 28.52 28.54 28.57 28.6 28.63 28.66
