DE_solarradiation/2018_01_solarradiation.asc
NCOLS 654
NROWS 866
XLLCORNER 3280500
YLLCORNER 5237500
CELLSIZE 1000
NODATA_VALUE -999
[rows 700 to 734 of 866, columns 156 to 233 of 654]
22.42 22.46 22.46 22.66 22.84 22.93 22.66 22.63 22.82 22.87 23.34 22.99 22.93 22.83 22.79 22.81 23.07 23.08 23.3 23.53 23.99 23.55 23.71 23.97 24.03 23.82 23.74 24.06 24.13 24.18 23.91 24.16 24.44 24.14 24.57 24.72 24.95 24.99 25.15 25.21 25.26 25.3 25.31 25.1 25.52 25.61 25.64 25.73 25.77 25.91 25.84 25.87 25.75 25.72 25.77 25.76 25.87 25.78 25.78 25.74 25.55 25.55 25.56 25.61 25.6 25.52 25.44 25.37 25.45 25.45 25.4 25.41 25.39 25.32 25.28 25.24 25.04 25.14
22.43 22.43 22.46 22.64 22.99 22.92 22.71 22.68 22.71 22.76 23.03 23.13 23.05 22.92 23.06 22.73 22.9 23.08 23.48 23.72 23.72 23.62 23.94 23.66 23.62 23.54 23.95 23.98 23.83 23.85 23.73 24.35 24.08 24.41 24.26 24.49 24.93 25.05 25.13 25.2 25.15 25.28 25.34 25.43 25.53 25.63 25.71 25.77 25.87 25.86 25.87 25.9 25.91 25.82 25.78 25.86 25.94 25.92 25.91 25.76 25.69 25.73 25.71 25.7 25.7 25.64 25.55 25.52 25.4 25.36 25.39 25.38 25.38 25.13 25.13 25.13 25.31 25.39
22.42 22.42 22.53 22.55 22.73 22.78 22.84 22.66 22.79 22.72 22.84 22.99 23.03 23.16 22.82 22.65 22.9 23.39 23.43 23.76 23.79 23.96 23.83 23.96 23.89 23.53 23.78 23.98 24.01 24.04 23.69 24.2 23.88 24.3 24.13 24.62 24.86 25.01 25.09 25.17 25.23 25.32 25.37 25.17 25.45 25.69 25.79 25.87 25.82 25.85 25.84 25.87 25.85 25.86 25.82 26 26.03 26.02 25.96 25.87 25.65 25.65 25.64 25.68 25.65 25.61 25.55 25.51 25.46 25.44 25.43 25.46 25.35 25.24 25.3 25.36 25.38 25.41
22.37 22.38 22.42 22.51 22.71 22.72 22.73 22.88 22.61 22.69 22.62 22.82 22.73 23.1 22.59 22.43 22.55 22.7 22.91 23 23.18 23.68 23.7 23.57 23.43 23.5 23.72 23.74 23.58 23.65 23.9 24.06 23.83 24.33 24.4 24.52 24.87 25 25.07 25.14 25.15 25.15 25.03 25.09 25.44 25.74 25.78 25.87 25.95 26.06 26.08 26.07 26.07 26.01 25.88 26.03 26.09 26.04 26.03 25.74 25.72 25.68 25.72 25.7 25.75 25.76 25.67 25.54 25.5 25.53 25.49 25.49 25.43 25.42 25.36 25.35 25.37 25.36
22.35 22.37 22.36 22.59 22.61 22.75 23.09 22.59 22.54 22.53 22.66 22.71 22.96 23 22.82 22.44 22.38 22.73 22.82 22.8 23.23 23.52 23.5 23.46 23.63 23.58 23.62 23.67 23.71 23.63 23.96 23.88 24.09 24.33 24.45 24.49 24.83 24.99 25.08 25.16 25.25 25.3 25.31 25.27 25.55 25.7 25.77 25.85 25.9 26.02 26 26.02 25.99 26.04 25.96 25.93 26.04 26.03 26.07 25.8 25.78 25.7 25.69 25.71 25.71 25.73 25.61 25.63 25.6 25.58 25.49 25.48 25.44 25.41 25.37 25.37 25.31 25.33
22.32 22.36 22.46 22.53 22.55 22.7 22.61 22.63 22.65 22.79 22.85 22.83 23.09 23.01 22.92 22.89 22.32 22.56 22.82 23.02 23.13 23.51 23.48 23.55 23.54 23.47 23.4 23.31 23.29 23.57 23.89 23.8 24.13 24.12 24.38 24.52 24.8 25.02 25.12 25.19 25.17 25.28 25.32 25.31 25.37 25.73 25.77 25.85 25.92 26.06 26.12 26.14 26.12 26.11 26 26.02 26.01 26.07 26.08 25.78 25.74 25.68 25.67 25.72 25.67 25.76 25.66 25.6 25.58 25.59 25.59 25.49 25.44 25.43 25.38 25.36 25.37 25.34
22.32 22.4 22.56 22.81 22.75 22.67 22.93 22.73 22.59 22.75 23.02 23.12 23.11 23.08 22.82 22.72 22.23 22.66 23.03 23.12 23.54 23.38 23.39 23.45 23.47 23.51 23.53 23.59 23.58 23.63 23.8 23.83 24.21 24.3 24.41 24.51 24.82 24.97 25.02 25.14 25.2 25.25 25.32 25.35 25.31 25.56 25.72 26 26.04 26.06 26.09 26.08 26.13 26.13 26.12 26 26.1 26.09 26.06 25.77 25.73 25.71 25.66 25.66 25.7 25.7 25.57 25.56 25.57 25.62 25.52 25.55 25.45 25.43 25.38 25.36 25.34 25.32
22.34 22.33 22.36 22.5 22.64 23 22.94 22.87 22.66 22.73 22.99 23.1 23.33 23.06 22.48 22.33 22.39 22.43 22.78 23.43 23.46 23.44 23.24 23.28 23.21 23.34 23.11 23.16 23.12 23.41 23.92 23.76 24.15 24.31 24.41 24.55 24.79 24.93 25.03 25.07 25.2 25.29 25.25 25.39 25.37 25.62 25.88 25.9 25.93 26.09 26.08 26.1 26.15 26.15 26.16 26.07 26.1 26.02 25.8 25.73 25.7 25.71 25.65 25.64 25.65 25.58 25.58 25.54 25.59 25.54 25.47 25.46 25.53 25.52 25.41 25.36 25.36 25.33
22.3 22.34 22.5 22.4 22.77 22.76 23.05 22.7 22.98 22.69 22.92 23.17 23 22.78 22.53 22.21 22.11 22.58 22.92 23.1 23.37 23.35 23.35 23.19 23.07 23.09 22.99 23.07 23.24 23.74 23.85 23.67 24.12 24.15 24.35 24.46 24.7 24.88 24.87 25.1 24.92 25.25 25.34 25.17 25.59 25.66 25.73 25.93 26 26.04 26.01 26.12 26.11 26.16 26.2 26.18 26.05 26.14 25.8 25.7 25.68 25.67 25.64 25.63 25.64 25.66 25.61 25.55 25.56 25.55 25.51 25.5 25.49 25.48 25.43 25.42 25.43 25.41
22.32 22.41 22.84 22.53 22.37 22.51 23.01 23.02 22.74 22.82 22.86 23.24 23.32 23.15 22.76 22.37 22.13 22.33 22.8 22.96 23.23 23.1 23.19 23.21 23 22.81 23.09 23.28 23.2 23.71 23.81 23.69 23.89 24.16 24.29 24.44 24.74 24.82 24.93 24.89 25.17 25.18 25.35 25.12 25.63 25.9 25.84 26.01 26.04 26.08 26.06 26.1 26.13 26.08 26.15 26.1 26.03 26.14 25.81 25.7 25.68 25.64 25.63 25.65 25.64 25.65 25.64 25.65 25.57 25.51 25.52 25.54 25.48 25.52 25.56 25.46 25.46 25.46
22.37 22.53 22.76 22.45 22.25 22.69 22.63 22.79 22.89 22.81 22.95 22.71 22.65 22.87 22.42 21.99 21.91 22.24 22.49 22.45 22.94 22.75 22.97 22.7 22.66 22.74 23.03 22.99 23.33 23.6 23.68 23.67 23.9 24.04 24.15 24.3 24.61 24.81 24.68 25.02 25.14 25 25.26 25.09 25.39 25.73 25.93 25.98 26.05 26.09 26.1 26.05 26.11 26.17 26.06 26.21 26.18 26.18 25.87 25.7 25.69 25.67 25.67 25.66 25.65 25.65 25.58 25.61 25.53 25.5 25.56 25.59 25.52 25.51 25.54 25.53 25.46 25.48
22.1 22.31 22.33 22.6 22.32 22.45 22.48 22.76 22.65 22.67 22.8 22.83 22.44 22.38 22.51 21.92 21.77 22.11 22.15 22.34 22.73 22.66 22.8 22.73 22.47 22.63 22.99 23.13 23.22 23.44 23.46 23.75 23.85 23.91 24.06 24.19 24.6 24.78 24.7 25.01 25.09 25.25 25.3 25.1 25.58 25.76 25.9 25.95 26.07 26.08 26.12 26.19 26.22 26.19 26.11 26.21 26.22 25.77 25.83 25.73 25.68 25.76 25.73 25.73 25.68 25.73 25.66 25.55 25.53 25.53 25.47 25.51 25.53 25.55 25.47 25.59 25.61 25.52
22.06 22.22 22.36 22.62 22.43 22.77 22.64 22.71 22.78 22.51 22.5 22.38 22.59 22.33 22.18 22.22 21.7 22.12 22.37 22.66 22.69 22.71 22.54 22.42 22.76 22.8 22.92 22.98 23.04 23.38 23.52 23.74 23.8 23.92 24.05 24.18 24.5 24.63 24.9 25 25.07 25.11 25.18 25.07 25.64 25.77 25.84 25.93 26.09 26.13 26.17 26.21 26.22 26.19 26.2 26.19 26.18 25.8 25.76 25.69 25.67 25.7 25.71 25.78 25.73 25.67 25.52 25.54 25.52 25.51 25.51 25.47 25.55 25.54 25.51 25.53 25.6 25.65
22.16 22.32 22.72 22.85 22.79 22.89 22.75 22.77 22.61 22.84 22.62 22.44 22.74 22.46 22.05 21.83 22.01 21.96 22.51 22.62 22.58 22.6 22.65 22.53 22.74 22.88 22.88 22.96 23.1 23.42 23.57 23.65 23.74 23.82 23.98 24.16 24.51 24.71 24.82 24.92 25.03 25.14 25.27 25.23 25.61 25.71 25.71 25.81 25.94 26.12 26.15 26.18 26.2 26.24 26.2 26.17 26.14 25.78 25.77 25.72 25.73 25.68 25.66 25.7 25.71 25.67 25.56 25.5 25.42 25.51 25.45 25.47 25.5 25.51 25.62 25.45 25.6 25.64
22.19 22.26 22.54 22.64 22.84 22.91 22.65 22.53 22.37 22.72 22.58 22.53 22.14 22.03 21.86 21.66 21.78 22.26 22.5 22.47 22.44 22.49 22.48 22.47 22.77 22.8 22.77 22.95 23.06 23.34 23.45 23.62 23.73 23.88 23.99 24.19 24.5 24.71 24.83 24.94 25.04 25.14 25.24 25.29 25.54 25.57 25.75 25.99 26.08 26.13 26.19 26.21 26.17 26.21 26.2 26.19 26.14 25.75 25.73 25.71 25.7 25.7 25.72 25.72 25.69 25.66 25.52 25.51 25.55 25.56 25.55 25.45 25.42 25.47 25.44 25.49 25.51 25.59
22.53 22.44 22.58 22.39 22.78 22.72 22.6 22.49 22.25 22.29 22.46 22.15 21.89 21.97 21.96 21.9 21.79 21.92 22.41 22.33 22.37 22.45 22.43 22.63 22.69 22.67 22.62 22.89 22.97 23.14 23.34 23.56 23.44 23.82 23.93 24.13 24.47 24.63 24.76 24.83 24.94 25.09 25.22 25.29 25.48 25.66 25.73 25.98 26.1 26.12 26.12 26.16 26.18 26.17 26.18 26.13 25.76 25.75 25.78 25.76 25.78 25.76 25.72 25.73 25.73 25.74 25.64 25.56 25.6 25.57 25.51 25.51 25.49 25.5 25.52 25.52 25.59 25.5
22.24 22.49 22.74 22.64 22.88 22.88 22.67 22.44 22.25 22.12 21.97 21.88 22.16 22.39 22.06 21.77 21.55 21.97 22.34 22.36 22.36 22.38 22.41 22.53 22.64 22.58 22.67 22.75 22.91 23.21 23.32 23.41 23.49 23.74 23.89 24.05 24.38 24.61 24.74 24.89 24.99 24.98 25.13 25.26 25.41 25.65 25.83 25.93 26.03 26.09 26.13 26.13 26.15 26.16 26.14 26.15 25.77 25.77 25.85 25.84 25.78 25.76 25.77 25.74 25.77 25.74 25.66 25.65 25.59 25.66 25.62 25.64 25.67 25.66 25.7 25.73 25.71 25.66
22.22 22.52 22.51 22.47 22.91 22.67 22.4 22.17 22.06 22.14 21.88 22.18 22.36 22.13 21.75 21.81 21.53 21.69 21.73 22.07 22.3 22.33 22.4 22.47 22.51 22.51 22.51 22.56 22.65 23.05 23.21 23.33 23.44 23.52 23.73 23.89 24.22 24.43 24.6 24.71 24.81 24.92 25.05 25.15 25.42 25.76 25.85 25.78 25.99 26.04 26.06 26.11 26.12 26.11 26.09 26.22 25.79 25.77 25.88 25.81 25.8 25.84 25.84 25.8 25.79 25.75 25.72 25.75 25.65 25.6 25.59 25.69 25.71 25.78 25.71 25.77 25.7 25.68
22.09 22.02 21.96 22.19 22.74 22.47 22.41 21.86 22.05 21.84 21.97 21.87 21.57 21.6 21.5 21.33 21.35 21.29 21.35 21.84 22.02 22.07 22.19 22.24 22.22 22.37 22.37 22.52 22.6 22.91 23.11 23.25 23.36 23.51 23.67 23.61 24.07 24.32 24.48 24.63 24.82 24.81 24.94 24.95 25.36 25.79 25.86 25.91 25.99 26.05 26.05 26.07 26.07 26.07 26.11 26.24 25.88 25.87 25.88 25.82 25.79 25.81 25.84 25.88 25.85 25.81 25.7 25.74 25.73 25.75 25.61 25.65 25.69 25.65 25.63 25.69 25.68 25.72
22.08 21.67 21.7 22 22.22 22.09 22.12 21.73 21.55 21.55 21.55 21.53 21.37 21.22 21.26 21.37 21.32 21.41 21.29 21.78 21.85 21.89 22 22.2 22.2 22.25 22.29 22.28 22.4 22.85 22.99 23.13 23.25 23.38 23.54 23.69 23.99 24.25 24.4 24.55 24.7 24.96 25.09 25.02 25.52 25.76 25.86 25.91 25.91 26.02 26.07 26.06 26.03 26.04 26.09 25.68 25.89 25.88 25.89 25.86 25.85 25.79 25.89 25.95 25.9 25.84 25.69 25.68 25.75 25.7 25.79 25.81 25.83 25.83 25.83 25.8 25.8 25.8
21.57 21.66 21.56 21.66 21.76 22.05 22.31 21.96 21.89 21.68 21.54 21.44 21.47 21.25 21.61 21.65 21.39 21.35 21.23 21.44 21.81 21.9 21.87 22.11 22.21 22.19 22.18 22.37 22.39 22.82 22.98 23.07 23.03 23.38 23.34 23.66 24.16 24.32 24.52 24.42 24.67 24.87 25.04 24.98 25.42 25.73 25.81 25.88 25.97 25.99 26 26.03 25.75 25.74 25.8 25.84 25.84 25.94 26.03 25.84 25.82 25.82 25.71 25.73 25.72 25.88 25.66 25.7 25.69 25.77 25.73 25.82 25.82 25.72 25.74 25.74 25.76 25.75
21.43 21.43 21.57 21.6 21.6 21.79 21.88 21.86 21.64 21.7 21.85 21.53 21.39 21.33 21.76 21.52 21.75 21.28 21.23 21.35 21.77 21.8 21.81 22.08 22.13 22.14 22.02 22.08 22.34 22.83 22.97 23.09 23.13 23.36 23.49 23.68 24.13 24.33 24.49 24.62 24.52 24.88 24.86 25.07 25.52 25.72 25.82 25.85 25.67 25.72 25.75 25.83 25.79 25.77 25.75 25.79 25.81 25.86 25.93 25.93 25.88 26.06 26.06 25.86 25.92 25.79 25.75 25.7 25.63 25.76 25.7 25.83 25.78 25.76 25.69 25.76 25.74 25.78
21.33 21.36 21.52 21.68 22.12 22.09 22.08 21.94 21.82 21.56 21.38 21.27 21.49 21.54 21.6 21.69 21.48 21.69 21.24 21.19 21.66 21.81 21.75 21.83 22.13 22.08 22.2 22.23 22.46 22.75 22.96 23.08 23.08 23.36 23.52 23.63 23.96 24.3 24.5 24.58 24.53 24.7 24.88 24.79 25.25 25.44 25.54 25.57 25.63 25.69 25.69 25.77 25.78 25.74 25.76 25.76 25.78 25.85 25.88 25.83 25.87 25.94 26.03 26.06 25.98 25.99 25.98 25.89 25.64 25.71 25.7 25.82 25.81 25.79 25.79 25.68 25.73 25.82
21.52 21.29 21.54 21.56 22.15 22.15 21.85 21.68 21.66 21.7 21.58 21.68 21.52 21.3 21.17 21.54 21.58 21.36 21.09 21.2 21.67 21.77 21.9 21.65 21.91 22.11 21.95 22.3 22.45 22.78 22.95 22.96 23.13 23.31 23.42 23.62 23.78 24.14 24.42 24.29 24.46 24.42 24.68 24.66 25.24 25.35 25.48 25.54 25.59 25.65 25.7 25.71 25.77 25.78 25.75 25.78 25.78 25.82 25.88 25.89 25.85 25.87 25.99 25.99 25.94 25.97 25.85 25.8 25.79 25.88 25.91 25.98 25.83 25.8 25.74 25.69 25.74 25.7
21.56 21.49 21.28 21.33 21.74 21.93 21.6 21.3 21.34 21.11 21.52 21.54 21.49 21.48 21.29 21.1 21.38 21.08 21.02 21.09 21.49 21.66 21.68 21.63 21.69 21.88 22.12 22.26 22.39 22.74 22.93 23.05 23.14 23.29 23.47 23.36 23.5 23.85 23.97 24.25 24.41 24.54 24.42 24.59 25.05 25.3 25.41 25.49 25.51 25.53 25.56 25.69 25.77 25.81 25.81 25.81 25.82 25.89 25.91 25.94 25.93 25.95 26.13 26.11 26.14 26.12 26.05 26.1 26.01 25.99 26.06 26.05 25.98 26.03 25.9 25.9 25.69 25.82
21.66 21.7 21.49 21.48 21.41 21.83 21.8 21.61 21.27 21.37 20.88 20.93 21.21 21.34 21.3 21.04 21.09 21.32 21.01 20.95 21.13 21.53 21.62 21.77 21.62 21.95 22.03 22.13 22.26 22.63 22.54 22.74 22.88 23 23.06 23.2 23.28 23.77 23.84 24.05 24.11 24.23 24.48 24.53 25.04 25.21 25.31 25.38 25.45 25.47 25.52 25.6 25.75 25.78 25.82 25.85 25.88 25.82 25.87 25.92 25.9 25.95 26.07 26.02 26.09 26.1 26.1 26.12 26.01 26.02 26.07 26 25.92 26.04 25.86 25.93 25.96 25.93
21.35 21.54 21.62 21.14 21.23 21.81 21.56 21.44 20.96 20.85 20.85 21.03 20.85 21.03 21.06 21.2 20.82 21.26 21.09 20.91 21.35 21.47 21.59 21.67 21.83 21.91 21.75 21.84 22.03 22.34 22.56 22.7 22.81 22.94 23.01 23.08 23.37 23.71 23.86 24.16 24.32 24.41 24.43 24.65 24.97 25.18 25.25 25.33 25.37 25.45 25.5 25.59 25.71 25.77 25.82 25.89 25.94 25.9 25.91 25.9 25.92 25.94 26.14 26.04 26.14 26.13 26.1 26.06 25.92 25.93 25.94 25.92 26.01 25.95 26.01 26.01 26.04 25.96
21.32 21.2 21.45 21.06 21.39 21.57 21.39 21.06 21.08 20.87 21.18 20.83 21 20.7 20.79 20.97 20.83 20.8 20.8 21.1 21.13 21.41 21.38 21.47 21.58 21.73 21.8 21.83 21.98 22.34 22.48 22.6 22.73 22.69 22.94 23.2 23.41 23.69 24.02 24.14 24.23 24.34 24.48 24.64 24.98 25.12 25.23 25.32 25.38 25.43 25.52 25.58 25.72 25.78 25.86 25.93 25.92 25.93 26.06 25.96 25.97 25.95 25.97 25.98 25.98 25.96 25.97 25.99 26.06 25.96 25.97 26.11 26.09 26.07 25.93 26.06 26.04 26.01
20.89 21.21 21.13 21.05 20.95 21.36 21.5 21.22 20.96 21.36 20.91 21.14 20.74 20.87 20.92 20.87 20.73 20.58 21.03 21.06 20.81 21.22 21.34 21.4 21.51 21.62 21.79 21.88 22.02 22.31 22.39 22.53 22.62 22.87 22.98 23.17 23.41 23.81 23.96 24.07 24.18 24.18 24.49 24.61 24.96 25.12 25.26 25.3 25.39 25.46 25.5 25.59 25.76 25.82 25.87 25.9 25.93 25.92 25.97 26.03 26.01 26.02 26.02 26.1 26.17 26.15 25.99 25.97 25.98 26 26.03 26.15 26.14 26.1 25.98 26.04 26.03 26.03
21.1 20.81 21.03 20.83 20.93 21.17 21.5 21.3 21.15 21.23 21.2 20.9 21.12 20.7 21 20.7 20.62 20.68 21.03 21.03 20.95 21.14 21.29 21.4 21.48 21.56 21.77 21.83 21.93 22.22 22.36 22.56 22.62 22.85 23.06 23.27 23.35 23.77 23.95 24.1 24.17 24.31 24.47 24.66 24.95 25.08 25.16 25.27 25.35 25.45 25.52 25.62 25.77 25.81 25.87 25.92 25.98 25.98 25.96 26 25.99 26.02 26.02 26.07 26.1 26.03 26.04 26 26.14 26.12 26.11 26.16 26.14 26.06 26.08 25.98 26 26.02
20.94 20.96 21.23 20.79 20.91 20.99 21.24 21.46 21.35 21.22 21.11 21.07 20.68 20.79 21.04 20.95 20.74 20.59 20.88 21.08 21.09 21.09 21.25 21.28 21.41 21.54 21.66 21.86 21.95 22.2 22.39 22.48 22.62 22.8 22.94 23.16 23.4 23.79 23.89 24.06 24.12 24.33 24.49 24.62 24.91 25.05 25.16 25.22 25.34 25.45 25.51 25.61 25.79 25.83 25.88 25.91 25.97 26 26.03 26.03 25.99 26.02 26.04 26.05 26.05 26.07 26.06 26.19 26.08 26.25 26.23 26.19 26.17 26.13 26.09 26.05 26.03 25.99
20.92 20.92 21.06 20.72 21.12 21.12 20.85 21.27 20.84 21.11 21.09 20.86 20.89 21.05 20.72 20.64 20.97 20.63 21 21.03 21.01 21.05 21.2 21.3 21.32 21.4 21.59 21.86 21.91 22.18 22.38 22.46 22.71 22.94 22.97 23.09 23.26 23.7 23.82 24.05 24.2 24.34 24.41 24.56 24.88 25.01 25.15 25.27 25.37 25.44 25.5 25.67 25.83 25.96 25.93 25.94 25.95 26.02 26.05 26.02 26.01 26.06 26.07 26.09 26.11 26.13 26.19 26.31 26.18 26.27 26.28 26.22 26.2 26.26 26.14 26.1 26.09 26.12
20.98 20.79 20.85 20.81 20.81 20.79 20.89 21.22 20.77 21.26 21.19 21.19 21.08 21.09 21.02 20.97 20.93 20.75 20.82 20.99 20.98 21.02 21.08 21.21 21.29 21.43 21.62 21.74 21.86 22.19 22.29 22.45 22.59 22.87 22.87 23.01 23.18 23.65 23.85 23.94 24.1 24.2 24.32 24.46 24.78 24.95 25.13 25.27 25.38 25.47 25.6 25.69 25.87 25.98 26.02 26.05 26.04 26.09 26.04 26.11 26.11 26.17 26.18 26.21 26.37 26.33 26.36 26.41 26.26 26.29 26.27 26.32 26.3 26.28 26.26 26.18 26.16 26.14
21.21 20.85 21.13 21.08 20.94 20.96 21.16 20.85 20.79 21.2 21.14 21.08 21.06 21.02 20.97 20.99 21.01 21.02 20.86 20.8 20.96 20.98 21.09 21.13 21.18 21.4 21.44 21.68 21.9 22.19 22.34 22.52 22.62 22.89 22.94 23.04 23.21 23.65 23.78 23.91 24.01 24.14 24.32 24.38 24.84 25.01 25.14 25.3 25.42 25.52 25.63 25.66 25.79 26 26.08 26.09 25.99 26.05 26.18 26.19 26.23 26.31 26.46 26.3 26.42 26.48 26.48 26.32 26.32 26.33 26.34 26.37 26.35 26.38 26.33 26.29 26.21 26.22
21.45 20.94 21.05 21.01 21.22 21.28 20.98 20.62 20.92 21.24 20.96 21.05 20.96 21.08 21.05 20.93 21.02 20.84 21 20.82 20.94 20.96 21.15 21.26 21.3 21.26 21.51 21.62 21.86 22.17 22.43 22.64 22.74 22.83 22.9 22.99 23.28 23.64 23.74 23.92 24.02 24.17 24.36 24.48 24.87 25.06 25.14 25.29 25.39 25.52 25.64 25.75 25.97 25.87 25.92 25.98 26.15 26.21 26.29 26.33 26.35 26.52 26.48 26.34 26.57 26.52 26.5 26.39 26.35 26.36 26.39 26.45 26.5 26.57 26.56 26.36 26.39 26.36
