DE_solarradiation/2018_12_solarradiation.asc
NCOLS 654
NROWS 866
XLLCORNER 3280500
YLLCORNER 5237500
CELLSIZE 1000
NODATA_VALUE -999
[rows 385 to 419 of 866, columns 546 to 623 of 654]
13 13.01 13.03 13.03 13.06 13.05 13.04 13.03 13.04 13.02 13.03 13.04 13.03 13.02 13.03 13.04 13.02 13.03 13.05 13.03 13.04 13.03 13.03 13.01 13.05 13.07 13.01 12.99 12.95 12.96 12.94 12.92 12.93 12.91 12.89 12.87 12.82 12.8 12.81 12.79 12.77 12.75 12.73 12.71 12.66 12.6 12.6 12.59 12.57 12.54 12.52 12.51 12.47 12.45 12.45 12.44 12.45 12.46 12.46 12.42 12.43 12.41 12.43 12.4 12.41 12.38 12.32 12.3 12.27 12.28 12.26 12.27 12.25 12.25 12.2 12.2 12.18 12.19
13.03 13.04 13.03 13.05 13.03 13.02 13.03 13.01 13.03 13.05 13.03 13.04 13.02 13.01 13.02 13.03 13.02 13.03 13.04 13.03 13.03 13.02 13.03 13.02 13.03 13.03 13.02 13 12.95 12.93 12.91 12.92 12.9 12.91 12.89 12.87 12.82 12.8 12.78 12.79 12.77 12.75 12.73 12.71 12.63 12.59 12.58 12.59 12.57 12.55 12.52 12.5 12.48 12.45 12.46 12.47 12.45 12.46 12.44 12.45 12.42 12.44 12.41 12.42 12.41 12.38 12.33 12.33 12.31 12.28 12.29 12.27 12.28 12.26 12.23 12.21 12.21 12.21
13.05 13.04 13.05 13.04 13.05 13.04 13.02 13.04 13.03 13.04 13.05 13.04 13.05 13.04 13.02 13.03 13.01 13.03 13.03 13.02 13.03 13.01 12.99 13.01 13.02 13.01 12.99 13 12.95 12.93 12.9 12.88 12.89 12.87 12.89 12.87 12.82 12.79 12.77 12.75 12.77 12.75 12.73 12.71 12.63 12.59 12.58 12.59 12.56 12.54 12.52 12.5 12.47 12.45 12.46 12.47 12.44 12.45 12.44 12.44 12.42 12.43 12.44 12.42 12.43 12.41 12.36 12.34 12.31 12.33 12.29 12.3 12.28 12.28 12.25 12.23 12.21 12.22
13.05 13.07 13.05 13.07 13.05 13.04 13.05 13.03 13.05 13.03 13.05 13.06 13.05 13.03 13.01 13.03 13.01 13.02 13.03 13.01 13.02 13.01 13 13.02 13 13.02 13 12.98 12.92 12.9 12.91 12.89 12.86 12.88 12.86 12.83 12.81 12.79 12.77 12.76 12.74 12.74 12.72 12.7 12.62 12.6 12.57 12.55 12.56 12.54 12.52 12.49 12.47 12.45 12.46 12.47 12.45 12.44 12.46 12.44 12.45 12.42 12.43 12.42 12.42 12.4 12.35 12.37 12.33 12.31 12.32 12.3 12.31 12.28 12.26 12.24 12.25 12.25
13.08 13.1 13.08 13.1 13.08 13.07 13.05 13.06 13.05 13.06 13.04 13.06 13.05 13.03 13.01 13.03 13.04 13.02 13.03 13.01 13.03 13.02 13 13.03 13.01 13 13.01 12.99 12.93 12.91 12.88 12.89 12.88 12.88 12.86 12.84 12.79 12.76 12.77 12.75 12.73 12.71 12.72 12.67 12.62 12.59 12.57 12.55 12.56 12.54 12.52 12.5 12.47 12.44 12.46 12.47 12.48 12.45 12.46 12.44 12.44 12.46 12.44 12.44 12.42 12.43 12.38 12.36 12.34 12.34 12.31 12.34 12.3 12.31 12.25 12.26 12.23 12.24
13.11 13.13 13.11 13.13 13.11 13.09 13.08 13.09 13.08 13.06 13.08 13.06 13.08 13.03 13.04 13.02 13.03 13.02 13.03 13.01 13.03 13.01 13.02 13 13.02 13.03 12.98 12.98 12.92 12.9 12.88 12.86 12.87 12.84 12.87 12.84 12.78 12.76 12.74 12.75 12.73 12.71 12.68 12.66 12.62 12.59 12.57 12.54 12.55 12.54 12.52 12.49 12.47 12.45 12.46 12.46 12.47 12.44 12.46 12.43 12.45 12.46 12.43 12.44 12.45 12.43 12.38 12.36 12.37 12.34 12.35 12.32 12.33 12.31 12.28 12.26 12.26 12.25
13.2 13.19 13.2 13.19 13.17 13.12 13.14 13.12 13.11 13.13 13.11 13.1 13.11 13.06 13.04 13.06 13.04 13.06 13.05 13.04 13.03 12.99 13 12.98 13.04 12.98 12.98 12.94 12.89 12.87 12.87 12.87 12.85 12.83 12.85 12.83 12.77 12.73 12.71 12.71 12.69 12.67 12.68 12.64 12.58 12.56 12.54 12.55 12.53 12.5 12.51 12.46 12.46 12.44 12.45 12.46 12.48 12.45 12.45 12.46 12.47 12.45 12.45 12.47 12.45 12.42 12.4 12.38 12.39 12.36 12.37 12.35 12.36 12.33 12.31 12.28 12.29 12.3
13.23 13.22 13.23 13.22 13.2 13.15 13.14 13.16 13.14 13.12 13.15 13.14 13.12 13.1 13.08 13.06 13.08 13.06 13.04 13.05 13.05 13 12.99 13.01 13 12.97 12.94 12.91 12.89 12.87 12.86 12.84 12.86 12.83 12.8 12.8 12.74 12.72 12.7 12.71 12.69 12.67 12.65 12.63 12.58 12.56 12.54 12.54 12.52 12.5 12.51 12.46 12.46 12.44 12.45 12.46 12.47 12.44 12.45 12.47 12.47 12.45 12.46 12.46 12.44 12.46 12.39 12.4 12.38 12.39 12.37 12.38 12.36 12.36 12.31 12.32 12.3 12.31
13.26 13.25 13.26 13.25 13.23 13.18 13.17 13.16 13.15 13.17 13.15 13.13 13.14 13.09 13.08 13.06 13.09 13.06 13.09 13.07 13.05 13.01 12.99 12.98 12.97 12.96 12.93 12.91 12.87 12.86 12.87 12.86 12.86 12.83 12.78 12.76 12.74 12.72 12.7 12.68 12.69 12.67 12.65 12.63 12.58 12.55 12.53 12.55 12.53 12.5 12.51 12.45 12.46 12.44 12.45 12.46 12.48 12.45 12.45 12.46 12.47 12.45 12.45 12.46 12.44 12.45 12.39 12.4 12.37 12.39 12.36 12.37 12.35 12.37 12.34 12.33 12.35 12.34
13.07 13.05 13.26 13.28 13.37 13.3 13.31 13.28 13.27 13.25 13.27 13.17 13.15 13.1 13.1 13.12 13.09 13.08 13.09 13.07 13.05 13.01 12.99 12.97 12.95 12.96 12.94 12.92 12.89 12.87 12.89 12.86 12.83 12.82 12.78 12.76 12.74 12.72 12.7 12.67 12.68 12.67 12.65 12.63 12.57 12.55 12.53 12.55 12.52 12.49 12.5 12.46 12.46 12.43 12.45 12.46 12.47 12.44 12.45 12.45 12.47 12.44 12.45 12.47 12.44 12.45 12.4 12.4 12.37 12.39 12.37 12.38 12.36 12.36 12.35 12.33 12.35 12.35
13.08 13.09 13.07 13.39 13.38 13.32 13.3 13.29 13.3 13.28 13.26 13.24 13.22 13.2 13.18 13.18 13.11 13.1 13.08 13.07 13.06 13 12.98 12.96 12.94 12.95 12.94 12.94 12.89 12.87 12.89 12.88 12.85 12.81 12.78 12.76 12.74 12.71 12.69 12.68 12.69 12.67 12.64 12.62 12.57 12.56 12.53 12.54 12.52 12.49 12.5 12.45 12.45 12.44 12.45 12.46 12.46 12.44 12.45 12.46 12.46 12.44 12.45 12.46 12.43 12.45 12.39 12.4 12.38 12.39 12.37 12.38 12.39 12.36 12.35 12.33 12.34 12.35
13.12 13.13 13.11 13.42 13.4 13.35 13.34 13.31 13.3 13.28 13.29 13.27 13.25 13.19 13.18 13.17 13.15 13.17 13.14 13.12 13.1 13.05 12.98 12.96 12.94 12.95 12.95 12.95 12.9 12.88 12.88 12.88 12.81 12.8 12.78 12.77 12.75 12.73 12.7 12.68 12.69 12.67 12.65 12.63 12.57 12.55 12.53 12.54 12.52 12.5 12.5 12.45 12.46 12.44 12.44 12.45 12.43 12.44 12.45 12.45 12.46 12.44 12.45 12.45 12.43 12.44 12.39 12.4 12.38 12.39 12.36 12.38 12.38 12.37 12.34 12.32 12.33 12.36
13.16 13.17 13.15 13.13 13.43 13.38 13.36 13.34 13.33 13.31 13.29 13.27 13.25 13.2 13.19 13.21 13.18 13.16 13.15 13.13 13.11 13.05 13.03 13.02 13.02 13 12.98 12.97 12.89 12.89 12.91 12.85 12.84 12.8 12.79 12.81 12.76 12.74 12.71 12.72 12.69 12.67 12.68 12.66 12.57 12.55 12.56 12.54 12.51 12.49 12.5 12.45 12.46 12.43 12.44 12.45 12.46 12.43 12.45 12.45 12.47 12.43 12.44 12.45 12.43 12.43 12.39 12.39 12.38 12.38 12.36 12.37 12.38 12.36 12.34 12.35 12.34 12.36
13.26 13.24 13.22 13.2 13.49 13.44 13.4 13.38 13.39 13.37 13.35 13.34 13.31 13.23 13.21 13.19 13.17 13.15 13.16 13.17 13.14 13.05 13.03 13.05 13.02 13.01 12.99 13.01 12.98 12.96 12.93 12.94 12.88 12.89 12.84 12.84 12.8 12.76 12.74 12.74 12.72 12.7 12.67 12.65 12.6 12.58 12.55 12.56 12.54 12.52 12.5 12.48 12.46 12.44 12.45 12.45 12.43 12.44 12.45 12.45 12.43 12.43 12.44 12.42 12.43 12.44 12.38 12.39 12.38 12.38 12.37 12.37 12.35 12.36 12.34 12.32 12.33 12.35
13.35 13.33 13.29 13.27 13.53 13.45 13.42 13.4 13.39 13.38 13.38 13.37 13.32 13.26 13.21 13.2 13.21 13.19 13.16 13.14 13.13 13.08 13.06 13.05 13.02 13 13.01 13 12.96 12.94 12.92 12.92 12.93 12.92 12.89 12.87 12.81 12.79 12.79 12.76 12.71 12.72 12.71 12.68 12.63 12.61 12.58 12.56 12.54 12.52 12.53 12.48 12.46 12.47 12.44 12.45 12.46 12.44 12.44 12.45 12.43 12.44 12.44 12.42 12.43 12.41 12.38 12.37 12.38 12.39 12.36 12.37 12.34 12.36 12.34 12.32 12.33 12.35
13.41 13.42 13.39 13.37 13.31 13.47 13.45 13.44 13.42 13.4 13.39 13.36 13.35 13.28 13.25 13.23 13.22 13.19 13.17 13.15 13.12 13.07 13.06 13.04 13.01 13.03 13.02 13 12.95 12.92 12.95 12.93 12.91 12.9 12.91 12.86 12.84 12.81 12.79 12.8 12.78 12.75 12.72 12.71 12.65 12.63 12.58 12.57 12.57 12.55 12.53 12.48 12.45 12.46 12.44 12.45 12.46 12.43 12.44 12.45 12.43 12.44 12.45 12.43 12.43 12.41 12.39 12.36 12.38 12.35 12.36 12.37 12.35 12.36 12.35 12.32 12.34 12.35
13.47 13.46 13.44 13.4 13.35 13.54 13.51 13.45 13.43 13.44 13.41 13.39 13.33 13.26 13.25 13.24 13.22 13.2 13.19 13.17 13.15 13.08 13.05 13.07 13.06 13.03 13.02 12.99 12.97 12.95 12.92 12.93 12.9 12.93 12.88 12.88 12.83 12.81 12.82 12.8 12.8 12.78 12.76 12.74 12.68 12.67 12.64 12.62 12.61 12.57 12.54 12.49 12.48 12.46 12.48 12.45 12.46 12.44 12.45 12.45 12.43 12.44 12.45 12.42 12.43 12.41 12.38 12.37 12.37 12.35 12.36 12.37 12.35 12.36 12.36 12.33 12.3 12.3
13.51 13.49 13.46 13.41 13.36 13.31 13.5 13.48 13.46 13.44 13.42 13.4 13.38 13.3 13.25 13.23 13.24 13.22 13.2 13.18 13.15 13.1 13.09 13.07 13.05 13.02 13.04 13.02 12.97 12.93 12.94 12.92 12.92 12.9 12.91 12.89 12.87 12.84 12.81 12.82 12.8 12.78 12.79 12.76 12.68 12.66 12.63 12.62 12.62 12.6 12.58 12.52 12.49 12.47 12.49 12.46 12.47 12.48 12.44 12.45 12.43 12.44 12.44 12.43 12.44 12.4 12.37 12.36 12.37 12.36 12.36 12.3 12.31 12.32 12.29 12.28 12.28 12.29
13.55 13.54 13.52 13.47 13.45 13.34 13.55 13.52 13.5 13.48 13.45 13.4 13.38 13.3 13.27 13.25 13.24 13.22 13.2 13.18 13.16 13.11 13.09 13.08 13.09 13.06 13.04 13.02 13 12.99 12.95 12.95 12.93 12.94 12.91 12.92 12.86 12.87 12.84 12.83 12.84 12.81 12.79 12.77 12.71 12.69 12.67 12.65 12.63 12.6 12.57 12.51 12.49 12.5 12.48 12.49 12.47 12.47 12.45 12.46 12.44 12.44 12.45 12.43 12.43 12.39 12.32 12.32 12.34 12.32 12.34 12.3 12.31 12.28 12.3 12.29 12.32 12.29
13.58 13.57 13.55 13.51 13.52 13.39 13.36 13.54 13.51 13.48 13.46 13.43 13.41 13.33 13.28 13.26 13.25 13.27 13.24 13.22 13.21 13.15 13.13 13.11 13.12 13.08 13.09 13.06 13.03 13.04 12.98 12.98 12.96 12.96 12.93 12.95 12.9 12.9 12.88 12.85 12.86 12.84 12.82 12.8 12.74 12.7 12.7 12.7 12.67 12.69 12.62 12.55 12.53 12.5 12.48 12.49 12.46 12.47 12.45 12.46 12.44 12.45 12.45 12.39 12.4 12.37 12.35 12.32 12.31 12.31 12.34 12.31 12.32 12.3 12.27 12.27 12.28 12.28
13.61 13.59 13.58 13.57 13.53 13.44 13.4 13.61 13.58 13.53 13.5 13.46 13.41 13.33 13.31 13.28 13.28 13.27 13.25 13.22 13.21 13.17 13.15 13.18 13.18 13.16 13.13 13.1 13.04 13.04 13 13.01 12.99 13 12.96 12.99 12.93 12.93 12.9 12.91 12.9 12.87 12.85 12.83 12.77 12.75 12.73 12.74 12.72 12.74 12.69 12.58 12.52 12.53 12.51 12.48 12.49 12.47 12.48 12.46 12.4 12.4 12.41 12.39 12.4 12.38 12.38 12.35 12.31 12.32 12.34 12.31 12.34 12.3 12.3 12.27 12.28 12.29
13.7 13.7 13.66 13.63 13.61 13.51 13.47 13.67 13.61 13.59 13.57 13.49 13.5 13.41 13.35 13.33 13.32 13.33 13.31 13.28 13.29 13.27 13.25 13.2 13.23 13.21 13.19 13.17 13.09 13.09 13.07 13.07 13.08 13.06 13.07 13.05 13.03 13.05 13.01 13.01 12.99 12.96 12.94 12.92 12.84 12.82 12.8 12.8 12.79 12.77 12.74 12.63 12.59 12.57 12.54 12.54 12.52 12.5 12.46 12.42 12.39 12.4 12.41 12.38 12.39 12.38 12.38 12.35 12.32 12.37 12.38 12.35 12.35 12.32 12.32 12.28 12.28 12.29
13.74 13.73 13.71 13.67 13.64 13.53 13.49 13.44 13.65 13.61 13.56 13.53 13.47 13.44 13.42 13.36 13.34 13.32 13.31 13.32 13.31 13.3 13.25 13.24 13.22 13.22 13.17 13.18 13.12 13.13 13.1 13.11 13.12 13.11 13.11 13.08 13.12 13.1 13.06 13.04 13.02 13 13.01 12.96 12.9 12.84 12.82 12.82 12.79 12.78 12.74 12.65 12.62 12.6 12.59 12.56 12.52 12.5 12.47 12.41 12.42 12.4 12.41 12.39 12.39 12.39 12.39 12.36 12.37 12.37 12.49 12.5 12.39 12.4 12.35 12.29 12.29 12.29
13.76 13.75 13.74 13.69 13.69 13.58 13.53 13.49 13.69 13.64 13.58 13.54 13.51 13.45 13.42 13.41 13.37 13.35 13.35 13.33 13.32 13.26 13.26 13.28 13.33 13.25 13.26 13.3 13.23 13.21 13.13 13.14 13.15 13.12 13.14 13.17 13.14 13.09 13.07 13.07 13.08 13.07 13.07 13.01 12.94 12.88 12.85 12.83 12.81 12.79 12.76 12.68 12.63 12.56 12.6 12.6 12.57 12.54 12.5 12.44 12.42 12.4 12.42 12.38 12.4 12.38 12.41 12.36 12.38 12.4 12.46 12.47 12.41 12.43 12.37 12.34 12.29 12.3
13.8 13.78 13.76 13.71 13.68 13.58 13.52 13.53 13.5 13.64 13.62 13.58 13.56 13.47 13.41 13.4 13.41 13.41 13.44 13.39 13.35 13.29 13.28 13.33 13.32 13.32 13.31 13.27 13.32 13.23 13.21 13.19 13.2 13.16 13.2 13.21 13.19 13.15 13.13 13.12 13.12 13.12 13.09 13.03 12.93 12.92 12.88 12.86 12.84 12.83 12.77 12.64 12.62 12.61 12.61 12.62 12.57 12.55 12.49 12.44 12.42 12.42 12.4 12.41 12.39 12.4 12.38 12.36 12.39 12.43 12.41 12.43 12.46 12.4 12.36 12.36 12.34 12.34
13.84 13.83 13.81 13.76 13.71 13.61 13.56 13.54 13.49 13.65 13.64 13.61 13.56 13.48 13.46 13.42 13.43 13.43 13.46 13.41 13.36 13.3 13.35 13.41 13.37 13.38 13.37 13.3 13.26 13.22 13.22 13.25 13.25 13.21 13.22 13.22 13.22 13.17 13.16 13.15 13.17 13.15 13.09 13.04 13.01 12.96 12.92 12.9 12.91 12.83 12.78 12.69 12.67 12.69 12.67 12.61 12.55 12.55 12.52 12.48 12.45 12.43 12.44 12.41 12.45 12.41 12.35 12.37 12.37 12.42 12.42 12.4 12.41 12.42 12.41 12.37 12.37 12.34
13.91 13.86 13.84 13.8 13.75 13.64 13.63 13.57 13.54 13.68 13.66 13.61 13.59 13.51 13.47 13.46 13.46 13.45 13.41 13.42 13.41 13.37 13.36 13.39 13.35 13.38 13.52 13.34 13.34 13.32 13.29 13.25 13.29 13.28 13.24 13.24 13.25 13.22 13.2 13.17 13.19 13.17 13.15 13.12 13.03 13 12.91 12.9 12.89 12.83 12.83 12.73 12.72 12.7 12.66 12.61 12.58 12.55 12.53 12.47 12.46 12.46 12.44 12.41 12.43 12.4 12.39 12.39 12.4 12.4 12.41 12.42 12.39 12.4 12.39 12.39 12.36 12.36
13.96 13.9 13.89 13.85 13.79 13.68 13.66 13.61 13.59 13.58 13.69 13.65 13.62 13.57 13.5 13.5 13.47 13.49 13.48 13.46 13.43 13.39 13.37 13.42 13.36 13.39 13.39 13.41 13.41 13.36 13.32 13.3 13.29 13.29 13.3 13.28 13.27 13.26 13.24 13.24 13.19 13.24 13.19 13.12 13.02 12.97 12.94 12.92 12.91 12.88 12.86 12.77 12.74 12.68 12.63 12.6 12.61 12.58 12.56 12.5 12.48 12.46 12.46 12.44 12.42 12.45 12.43 12.43 12.42 12.45 12.46 12.42 12.42 12.43 12.4 12.41 12.39 12.42
14.06 14 13.96 13.95 13.9 13.76 13.72 13.7 13.65 13.64 13.75 13.73 13.73 13.59 13.57 13.58 13.55 13.55 13.51 13.58 13.53 13.46 13.44 13.5 13.44 13.46 13.45 13.53 13.54 13.64 13.44 13.4 13.38 13.39 13.35 13.36 13.35 13.34 13.3 13.35 13.31 13.27 13.25 13.16 13.01 13.04 13.01 12.97 12.97 12.9 12.9 12.83 12.77 12.7 12.66 12.63 12.61 12.62 12.58 12.54 12.51 12.49 12.47 12.49 12.49 12.48 12.48 12.48 12.45 12.48 12.48 12.45 12.45 12.46 12.44 12.44 12.44 12.48
14.11 14.06 14.04 13.99 13.94 13.83 13.76 13.73 13.69 13.67 13.66 13.67 13.73 13.61 13.59 13.58 13.57 13.57 13.58 13.61 13.6 13.56 13.53 13.54 13.49 13.49 13.47 13.5 13.54 13.6 13.55 13.44 13.42 13.41 13.4 13.41 13.38 13.41 13.38 13.35 13.32 13.31 13.3 13.18 13.11 13.11 13.06 13.03 13.06 13.05 12.98 12.88 12.8 12.76 12.72 12.71 12.69 12.67 12.64 12.57 12.55 12.55 12.52 12.51 12.52 12.51 12.48 12.52 12.48 12.53 12.5 12.51 12.51 12.52 12.53 12.53 12.55 12.58
14.2 14.11 14.06 14.03 13.98 13.83 13.8 13.8 13.75 13.73 13.7 13.72 13.63 13.51 13.5 13.61 13.59 13.59 13.62 13.74 13.7 13.56 13.56 13.59 13.56 13.55 13.52 13.52 13.53 13.64 13.65 13.47 13.46 13.46 13.45 13.47 13.45 13.41 13.38 13.35 13.36 13.34 13.3 13.21 13.16 13.13 13.11 13.09 13.13 13.09 13.02 12.92 12.86 12.83 12.78 12.79 12.7 12.68 12.66 12.6 12.58 12.56 12.57 12.54 12.55 12.53 12.51 12.51 12.53 12.53 12.51 12.51 12.54 12.55 12.56 12.58 12.58 12.7
14.23 14.18 14.09 14.06 14.01 13.88 13.82 13.81 13.79 13.77 13.73 13.72 13.64 13.56 13.51 13.52 13.5 13.5 13.67 13.66 13.65 13.59 13.57 13.58 13.58 13.59 13.63 13.56 13.62 13.62 13.53 13.52 13.47 13.53 13.53 13.48 13.42 13.43 13.39 13.38 13.38 13.36 13.3 13.18 13.2 13.18 13.17 13.16 13.15 13.12 13.06 12.92 12.87 12.81 12.82 12.77 12.75 12.73 12.71 12.65 12.64 12.63 12.58 12.59 12.56 12.57 12.54 12.55 12.58 12.54 12.54 12.57 12.57 12.59 12.61 12.61 12.6 12.64
14.24 14.21 14.18 14.1 14.02 13.91 13.86 13.84 13.83 13.79 13.77 13.73 13.67 13.6 13.55 13.54 13.53 13.51 13.5 13.54 13.58 13.64 13.58 13.59 13.59 13.68 13.68 13.66 13.55 13.71 13.57 13.52 13.47 13.52 13.53 13.48 13.44 13.43 13.44 13.41 13.41 13.38 13.26 13.22 13.19 13.16 13.19 13.18 13.16 13.12 13.04 12.92 12.9 12.87 12.82 12.81 12.77 12.75 12.72 12.66 12.65 12.65 12.65 12.65 12.65 12.59 12.58 12.62 12.56 12.63 12.6 12.58 12.6 12.62 12.65 12.65 12.64 12.65
14.28 14.25 14.18 14.12 14.07 13.96 13.91 13.89 13.85 13.84 13.81 13.73 13.71 13.6 13.58 13.57 13.56 13.55 13.56 13.55 13.58 13.55 13.51 13.48 13.79 13.68 13.72 13.67 13.66 13.64 13.62 13.52 13.51 13.53 13.52 13.49 13.45 13.46 13.46 13.42 13.41 13.4 13.32 13.25 13.18 13.19 13.17 13.17 13.14 13.14 13.05 12.95 12.86 12.87 12.83 12.8 12.79 12.77 12.77 12.68 12.7 12.7 12.71 12.69 12.69 12.67 12.65 12.63 12.62 12.66 12.66 12.62 12.62 12.67 12.68 12.68 12.7 12.75
14.3 14.25 14.22 14.16 14.12 14.02 13.92 13.89 13.86 13.88 13.83 13.77 13.76 13.63 13.62 13.58 13.6 13.61 13.61 13.69 13.68 13.59 13.55 13.53 13.57 13.57 13.58 13.74 13.65 13.64 13.64 13.71 13.63 13.54 13.54 13.47 13.46 13.52 13.49 13.53 13.48 13.4 13.4 13.25 13.25 13.17 13.16 13.12 13.12 13.11 13.04 12.94 12.87 12.86 12.84 12.83 12.84 12.78 12.8 12.76 12.76 12.76 12.77 12.73 12.74 12.72 12.71 12.7 12.71 12.69 12.69 12.66 12.7 12.67 12.72 12.72 12.76 12.8
