DE_solarradiation/2018_09_solarradiation.asc
NCOLS 654
NROWS 866
XLLCORNER 3280500
YLLCORNER 5237500
CELLSIZE 1000
NODATA_VALUE -999
[rows 320 to 351 of 866, columns 219 to 291 of 654]
107.5 107.6 107.64 107.7 107.73 107.79 107.85 107.87 107.92 107.97 108.02 108.06 108.14 108.2 108.24 108.3 108.35 108.41 108.46 108.56 108.61 108.69 108.7 108.72 108.75 108.77 108.79 108.89 108.99 109.04 109.12 109.15 109.16 109.17 109.18 109.26 109.28 109.27 109.29 109.24 109.29 109.33 109.45 109.47 109.49 109.47 109.47 109.46 109.44 109.45 109.55 109.52 109.49 109.48 109.5 109.47 109.44 109.51 109.51 109.51 109.47 109.42 109.43 109.42 109.42 109.5 109.5 109.49 109.49 109.48 109.45 109.47 109.46
107.52 107.58 107.66 107.72 107.76 107.79 107.84 107.9 107.95 107.96 108 108.09 108.14 108.2 108.24 108.3 108.36 108.41 108.46 108.61 108.64 108.68 108.75 108.79 108.82 108.84 108.83 108.96 109.07 109.12 109.13 109.2 109.22 109.23 109.26 109.33 109.32 109.31 109.3 109.3 109.29 109.39 109.52 109.54 109.53 109.55 109.54 109.52 109.51 109.52 109.56 109.59 109.58 109.55 109.56 109.53 109.5 109.56 109.56 109.56 109.53 109.49 109.49 109.47 109.47 109.55 109.55 109.54 109.53 109.5 109.49 109.51 109.5
107.52 107.6 107.67 107.74 107.75 107.81 107.83 107.88 107.92 107.95 108 108.04 108.15 108.21 108.27 108.31 108.37 108.42 108.51 108.61 108.68 108.72 108.79 108.82 108.88 108.9 108.91 109 109.07 109.16 109.21 109.23 109.28 109.29 109.32 109.36 109.37 109.34 109.34 109.38 109.39 109.41 109.55 109.58 109.6 109.59 109.57 109.59 109.57 109.58 109.6 109.66 109.64 109.61 109.58 109.58 109.55 109.61 109.61 109.61 109.58 109.55 109.55 109.51 109.52 109.6 109.6 109.59 109.58 109.54 109.53 109.52 109.55
107.52 107.6 107.69 107.72 107.75 107.79 107.86 107.88 107.91 107.93 107.96 108 108.1 108.19 108.27 108.34 108.4 108.45 108.51 108.65 108.7 108.75 108.82 108.83 108.9 108.93 108.99 109.13 109.18 109.22 109.27 109.29 109.34 109.37 109.37 109.46 109.48 109.47 109.45 109.45 109.43 109.5 109.58 109.63 109.66 109.65 109.64 109.65 109.63 109.64 109.68 109.72 109.7 109.67 109.67 109.63 109.6 109.65 109.66 109.64 109.64 109.59 109.55 109.56 109.57 109.64 109.64 109.63 109.59 109.59 109.57 109.57 109.59
107.55 107.59 107.67 107.74 107.75 107.83 107.86 107.9 107.9 107.92 107.97 108.03 108.07 108.16 108.26 108.31 108.37 108.46 108.51 108.65 108.73 108.8 108.84 108.88 108.94 108.97 109.04 109.2 109.26 109.28 109.34 109.38 109.39 109.42 109.45 109.57 109.6 109.62 109.64 109.63 109.64 109.66 109.66 109.7 109.67 109.74 109.73 109.71 109.72 109.71 109.79 109.84 109.81 109.79 109.76 109.71 109.68 109.62 109.7 109.71 109.68 109.67 109.62 109.6 109.61 109.7 109.69 109.66 109.65 109.64 109.61 109.6 109.63
107.51 107.58 107.65 107.73 107.72 107.76 107.79 107.83 107.85 107.87 107.9 107.99 108.04 108.1 108.17 108.24 108.31 108.38 108.46 108.66 108.74 108.81 108.86 108.92 108.99 108.98 109.09 109.2 109.29 109.34 109.4 109.44 109.45 109.47 109.52 109.65 109.69 109.71 109.73 109.71 109.7 109.68 109.73 109.75 109.71 109.77 109.79 109.77 109.79 109.77 109.85 109.89 109.88 109.84 109.81 109.76 109.78 109.69 109.72 109.74 109.72 109.69 109.62 109.65 109.65 109.72 109.74 109.69 109.67 109.65 109.62 109.63 109.62
107.58 107.61 107.69 107.74 107.72 107.78 107.81 107.84 107.88 107.88 107.92 107.96 108.02 108.05 108.13 108.23 108.31 108.37 108.46 108.69 108.78 108.85 108.92 108.97 109.04 109.07 109.15 109.3 109.35 109.44 109.49 109.5 109.53 109.55 109.58 109.73 109.75 109.79 109.81 109.79 109.8 109.78 109.78 109.8 109.81 109.8 109.85 109.85 109.83 109.84 109.91 109.96 109.94 109.89 109.86 109.83 109.78 109.76 109.74 109.75 109.73 109.71 109.68 109.67 109.67 109.73 109.76 109.71 109.69 109.68 109.63 109.65 109.64
107.61 107.68 107.7 107.77 107.78 107.79 107.83 107.87 107.92 107.92 107.96 107.96 108.02 108.09 108.18 108.27 108.34 108.41 108.53 108.73 108.8 108.91 108.99 109.05 109.11 109.17 109.24 109.34 109.45 109.51 109.55 109.57 109.61 109.65 109.67 109.82 109.84 109.86 109.89 109.88 109.89 109.89 109.89 109.93 109.92 109.89 109.94 109.93 109.91 109.91 109.98 110 109.97 109.93 109.89 109.86 109.82 109.79 109.78 109.78 109.73 109.71 109.71 109.69 109.69 109.74 109.74 109.73 109.72 109.7 109.65 109.65 109.67
107.65 107.72 107.73 107.82 107.8 107.83 107.87 107.89 107.94 107.96 107.98 108 108.06 108.14 108.23 108.27 108.35 108.43 108.56 108.76 108.87 108.93 108.99 109.12 109.18 109.24 109.32 109.48 109.56 109.61 109.64 109.65 109.68 109.74 109.76 109.89 109.88 109.88 109.97 109.96 109.98 109.96 110.02 110.03 110.02 110 109.98 110 109.98 109.95 110.01 110.06 110.03 109.99 109.96 109.89 109.88 109.84 109.85 109.79 109.77 109.7 109.7 109.71 109.71 109.76 109.75 109.74 109.74 109.69 109.68 109.67 109.68
107.72 107.77 107.78 107.85 107.85 107.85 107.9 107.94 107.97 107.98 108.02 108.06 108.12 108.17 108.26 108.32 108.38 108.48 108.57 108.81 108.89 109 109.05 109.14 109.25 109.31 109.38 109.55 109.63 109.67 109.69 109.71 109.76 109.79 109.85 109.98 109.9 109.96 109.98 110.02 110.06 110.04 110.11 110.13 110.1 110.08 110.06 110.03 110.01 110.02 110.08 110.09 110.05 110.03 109.99 109.95 109.91 109.86 109.87 109.82 109.78 109.77 109.72 109.73 109.69 109.77 109.76 109.75 109.71 109.71 109.67 109.65 109.67
107.75 107.81 107.85 107.92 107.84 107.89 107.93 108 108 108.06 108.06 108.11 108.16 108.23 108.31 108.37 108.43 108.54 108.66 108.84 108.94 109.02 109.14 109.22 109.32 109.38 109.46 109.65 109.73 109.75 109.75 109.79 109.84 109.88 109.94 110.06 109.99 110.05 110.11 110.11 110.13 110.11 110.18 110.2 110.18 110.16 110.13 110.1 110.07 110.08 110.11 110.08 110.08 110.05 110.02 109.98 109.94 109.9 109.88 109.83 109.81 109.76 109.74 109.71 109.67 109.72 109.72 109.71 109.67 109.68 109.62 109.64 109.64
107.79 107.84 107.87 107.93 107.9 107.91 107.97 108.02 108.08 108.08 108.13 108.19 108.23 108.31 108.37 108.47 108.52 108.57 108.71 108.93 109.01 109.08 109.18 109.3 109.39 109.48 109.56 109.72 109.83 109.86 109.86 109.87 109.92 109.99 110.02 110.15 110.15 110.14 110.17 110.19 110.21 110.23 110.27 110.27 110.24 110.22 110.19 110.16 110.13 110.11 110.17 110.14 110.14 110.08 110.04 110 109.96 109.91 109.91 109.87 109.81 109.75 109.7 109.68 109.67 109.71 109.67 109.61 109.63 109.62 109.6 109.61 109.58
107.82 107.88 107.9 107.95 107.92 107.99 108.05 108.09 108.12 108.13 108.18 108.21 108.27 108.37 108.45 108.53 108.59 108.68 108.76 108.99 109.1 109.21 109.31 109.37 109.44 109.55 109.63 109.88 109.98 110.04 110.07 110.07 110.1 110.15 110.19 110.3 110.3 110.23 110.28 110.33 110.31 110.32 110.39 110.39 110.37 110.34 110.31 110.28 110.25 110.23 110.2 110.17 110.14 110.11 110.07 109.99 109.95 109.9 109.89 109.85 109.78 109.73 109.68 109.63 109.6 109.63 109.56 109.53 109.51 109.53 109.51 109.49 109.47
107.89 107.95 107.99 108.01 107.97 108 108.07 108.12 108.15 108.17 108.22 108.29 108.36 108.41 108.49 108.55 108.65 108.72 108.85 109.08 109.19 109.29 109.38 109.45 109.54 109.62 109.73 109.98 110.08 110.13 110.16 110.17 110.19 110.22 110.26 110.38 110.39 110.39 110.33 110.4 110.39 110.37 110.42 110.41 110.4 110.39 110.37 110.32 110.29 110.26 110.22 110.2 110.17 110.14 110.07 110.02 109.97 109.89 109.87 109.83 109.76 109.72 109.67 109.62 109.57 109.58 109.53 109.5 109.54 109.51 109.44 109.38 109.38
107.97 108.02 108.07 108.04 108 108.05 108.12 108.17 108.18 108.21 108.25 108.35 108.41 108.46 108.52 108.63 108.7 108.8 108.92 109.15 109.26 109.36 109.46 109.54 109.6 109.69 109.8 110.08 110.16 110.2 110.26 110.27 110.27 110.33 110.32 110.45 110.48 110.49 110.43 110.45 110.46 110.47 110.5 110.41 110.36 110.38 110.4 110.38 110.35 110.28 110.22 110.22 110.19 110.16 110.09 110.03 109.9 109.87 109.85 109.81 109.74 109.7 109.65 109.61 109.57 109.58 109.52 109.53 109.47 109.46 109.41 109.37 109.38
108.04 108.09 108.13 108.15 108.09 108.13 108.19 108.24 108.26 108.29 108.34 108.44 108.51 108.55 108.64 108.72 108.79 108.88 109 109.21 109.29 109.41 109.48 109.59 109.7 109.79 109.9 110.15 110.25 110.28 110.29 110.36 110.38 110.4 110.45 110.5 110.56 110.55 110.55 110.47 110.52 110.51 110.56 110.51 110.43 110.41 110.38 110.4 110.38 110.31 110.27 110.22 110.22 110.16 110.11 110 109.88 109.84 109.81 109.73 109.7 109.67 109.64 109.57 109.57 109.54 109.52 109.47 109.44 109.44 109.38 109.34 109.34
108.07 108.15 108.2 108.23 108.18 108.22 108.25 108.3 108.34 108.37 108.43 108.51 108.58 108.65 108.72 108.8 108.86 108.96 109.04 109.16 109.32 109.46 109.57 109.67 109.78 109.87 109.97 110.25 110.32 110.38 110.43 110.45 110.47 110.51 110.52 110.62 110.63 110.64 110.61 110.58 110.52 110.58 110.61 110.59 110.53 110.5 110.45 110.42 110.4 110.34 110.3 110.22 110.13 110.18 110.1 109.99 109.89 109.82 109.78 109.73 109.65 109.63 109.57 109.55 109.51 109.53 109.49 109.44 109.4 109.39 109.32 109.26 109.3
108.13 108.22 108.28 108.3 108.25 108.3 108.31 108.35 108.4 108.43 108.49 108.59 108.66 108.69 108.77 108.87 108.94 109.03 109.12 109.25 109.44 109.5 109.6 109.72 109.86 109.92 110.02 110.32 110.41 110.48 110.49 110.55 110.55 110.58 110.62 110.68 110.72 110.68 110.69 110.63 110.54 110.62 110.68 110.64 110.61 110.56 110.51 110.43 110.37 110.35 110.32 110.18 110.08 110.07 110.04 109.95 109.84 109.73 109.72 109.67 109.6 109.6 109.53 109.53 109.49 109.48 109.44 109.39 109.38 109.33 109.27 109.23 109.23
108.18 108.24 108.3 108.36 108.33 108.37 108.39 108.43 108.45 108.52 108.55 108.64 108.7 108.75 108.84 108.96 109.02 109.09 109.16 109.29 109.53 109.64 109.73 109.84 109.93 109.96 110.09 110.38 110.48 110.54 110.56 110.61 110.62 110.63 110.68 110.74 110.77 110.72 110.73 110.7 110.64 110.65 110.71 110.68 110.64 110.58 110.52 110.48 110.39 110.3 110.24 110.19 110.13 110.05 110.01 109.97 109.88 109.75 109.7 109.66 109.57 109.51 109.43 109.42 109.37 109.39 109.35 109.32 109.27 109.23 109.17 109.17 109.16
108.22 108.28 108.33 108.38 108.38 108.43 108.48 108.51 108.55 108.63 108.64 108.73 108.79 108.91 108.99 109.05 109.07 109.12 109.24 109.34 109.59 109.74 109.86 109.93 110.01 110.05 110.19 110.45 110.55 110.6 110.63 110.64 110.61 110.64 110.68 110.79 110.78 110.77 110.74 110.75 110.69 110.64 110.71 110.67 110.64 110.6 110.52 110.48 110.37 110.25 110.16 110.15 110.09 110.03 109.97 109.91 109.83 109.72 109.61 109.55 109.49 109.4 109.34 109.27 109.26 109.22 109.18 109.14 109.08 109.06 108.99 108.96 108.95
108.2 108.28 108.33 108.4 108.45 108.53 108.57 108.62 108.67 108.73 108.74 108.84 108.92 109 109.03 109.15 109.21 109.25 109.39 109.51 109.73 109.83 109.95 110.06 110.1 110.16 110.26 110.47 110.57 110.63 110.66 110.67 110.68 110.71 110.68 110.81 110.79 110.82 110.79 110.77 110.75 110.67 110.64 110.67 110.64 110.57 110.53 110.45 110.32 110.27 110.18 110.12 110.08 110.03 109.95 109.89 109.83 109.71 109.6 109.54 109.47 109.38 109.31 109.23 109.18 109.18 109.11 109.05 109.01 108.96 108.92 108.87 108.83
108.26 108.32 108.41 108.45 108.51 108.57 108.63 108.69 108.76 108.81 108.87 108.96 108.98 109.04 109.17 109.26 109.34 109.43 109.51 109.61 109.83 109.95 110.08 110.16 110.18 110.24 110.32 110.54 110.6 110.64 110.69 110.73 110.74 110.75 110.78 110.87 110.84 110.8 110.8 110.81 110.77 110.7 110.68 110.62 110.61 110.56 110.51 110.4 110.33 110.29 110.22 110.12 110.07 110.02 109.93 109.86 109.79 109.71 109.61 109.48 109.43 109.36 109.3 109.18 109.13 109.1 109.06 109.01 108.95 108.89 108.87 108.83 108.78
108.28 108.38 108.44 108.53 108.53 108.62 108.69 108.74 108.83 108.88 108.94 109.01 109.06 109.15 109.25 109.34 109.46 109.53 109.62 109.73 109.98 110.07 110.14 110.18 110.26 110.3 110.39 110.57 110.64 110.67 110.73 110.72 110.76 110.75 110.78 110.88 110.91 110.87 110.82 110.8 110.77 110.72 110.69 110.65 110.59 110.55 110.46 110.4 110.33 110.26 110.19 110.16 110.06 109.96 109.9 109.84 109.77 109.7 109.58 109.5 109.4 109.31 109.22 109.13 109.08 109.07 109 108.96 108.89 108.83 108.82 108.78 108.73
108.29 108.4 108.49 108.56 108.59 108.64 108.72 108.77 108.87 108.96 109.01 109.11 109.17 109.23 109.32 109.41 109.54 109.65 109.74 109.84 110.03 110.09 110.19 110.25 110.29 110.33 110.4 110.62 110.65 110.69 110.75 110.73 110.78 110.76 110.78 110.87 110.9 110.81 110.85 110.81 110.77 110.73 110.68 110.64 110.52 110.49 110.44 110.38 110.31 110.23 110.16 110.1 110.05 109.93 109.87 109.83 109.74 109.69 109.56 109.47 109.4 109.31 109.19 109.11 109.02 109 108.95 108.91 108.86 108.76 108.74 108.68 108.67
108.31 108.41 108.52 108.6 108.62 108.68 108.79 108.88 108.91 109.01 109.09 109.14 109.26 109.37 109.43 109.49 109.65 109.74 109.81 109.86 110.05 110.16 110.24 110.29 110.34 110.4 110.47 110.65 110.71 110.74 110.75 110.75 110.78 110.76 110.78 110.91 110.87 110.81 110.79 110.81 110.77 110.73 110.68 110.65 110.54 110.47 110.42 110.32 110.25 110.2 110.15 110.08 110.01 109.94 109.85 109.81 109.7 109.63 109.54 109.44 109.34 109.26 109.17 109.1 108.96 108.93 108.87 108.85 108.8 108.73 108.67 108.63 108.57
108.31 108.45 108.56 108.63 108.66 108.75 108.85 108.96 109.02 109.1 109.15 109.19 109.35 109.43 109.54 109.66 109.72 109.82 109.89 109.99 110.15 110.23 110.31 110.35 110.43 110.46 110.52 110.68 110.75 110.77 110.77 110.77 110.79 110.78 110.75 110.92 110.87 110.75 110.77 110.73 110.74 110.68 110.68 110.63 110.57 110.44 110.4 110.3 110.22 110.21 110.15 110.1 110.01 109.92 109.83 109.74 109.67 109.62 109.51 109.45 109.32 109.22 109.13 109.07 108.96 108.91 108.81 108.79 108.71 108.67 108.61 108.56 108.52
108.32 108.42 108.57 108.68 108.73 108.82 108.92 109.01 109.1 109.16 109.27 109.33 109.44 109.52 109.66 109.75 109.83 109.93 109.99 110.06 110.29 110.38 110.4 110.43 110.46 110.53 110.58 110.7 110.74 110.78 110.78 110.78 110.75 110.73 110.75 110.89 110.78 110.73 110.77 110.7 110.66 110.64 110.63 110.61 110.55 110.45 110.35 110.27 110.17 110.17 110.11 110.01 109.94 109.88 109.82 109.73 109.64 109.58 109.47 109.38 109.32 109.22 109.08 108.99 108.94 108.87 108.79 108.74 108.66 108.62 108.55 108.46 108.42
108.3 108.44 108.55 108.68 108.73 108.87 108.97 109.07 109.16 109.25 109.35 109.43 109.57 109.68 109.78 109.89 109.98 110.03 110.13 110.21 110.39 110.46 110.47 110.5 110.53 110.62 110.62 110.68 110.71 110.72 110.72 110.71 110.69 110.68 110.67 110.75 110.64 110.59 110.56 110.5 110.52 110.47 110.44 110.47 110.44 110.37 110.28 110.18 110.11 110 109.97 109.94 109.81 109.79 109.73 109.62 109.54 109.44 109.31 109.25 109.17 109.09 109.02 108.9 108.84 108.76 108.66 108.57 108.51 108.45 108.4 108.31 108.26
108.2 108.34 108.5 108.61 108.77 108.92 109.02 109.13 109.26 109.34 109.45 109.57 109.74 109.85 109.97 110.07 110.16 110.21 110.26 110.37 110.49 110.54 110.58 110.59 110.61 110.63 110.66 110.74 110.73 110.71 110.72 110.71 110.71 110.7 110.67 110.72 110.67 110.58 110.54 110.45 110.42 110.39 110.41 110.44 110.39 110.3 110.24 110.18 110.07 109.94 109.95 109.9 109.81 109.75 109.67 109.58 109.5 109.41 109.3 109.14 109.14 109.07 108.99 108.86 108.75 108.67 108.61 108.51 108.44 108.4 108.32 108.27 108.2
108.2 108.33 108.46 108.61 108.78 108.92 109.05 109.16 109.3 109.4 109.55 109.65 109.77 109.94 109.98 110.11 110.23 110.35 110.4 110.49 110.61 110.65 110.69 110.68 110.66 110.69 110.69 110.77 110.75 110.79 110.7 110.73 110.67 110.61 110.57 110.63 110.64 110.55 110.51 110.47 110.39 110.35 110.37 110.37 110.3 110.28 110.21 110.14 110.05 109.97 109.85 109.82 109.76 109.73 109.6 109.53 109.46 109.35 109.26 109.17 109.06 109 108.95 108.86 108.76 108.65 108.56 108.5 108.42 108.34 108.29 108.21 108.15
108.14 108.29 108.44 108.59 108.8 108.95 109.07 109.17 109.32 109.46 109.59 109.7 109.82 109.93 110.05 110.18 110.32 110.43 110.53 110.58 110.7 110.73 110.75 110.73 110.74 110.75 110.73 110.8 110.78 110.81 110.76 110.73 110.68 110.58 110.53 110.57 110.54 110.52 110.5 110.46 110.4 110.34 110.3 110.31 110.22 110.2 110.18 110.09 110.03 109.94 109.86 109.76 109.72 109.67 109.61 109.52 109.4 109.27 109.24 109.15 109.03 108.92 108.88 108.81 108.72 108.59 108.52 108.47 108.39 108.32 108.24 108.18 108.11
108.11 108.29 108.43 108.58 108.79 108.94 109.09 109.23 109.38 109.49 109.61 109.74 109.87 110 110.11 110.22 110.4 110.54 110.63 110.69 110.78 110.78 110.81 110.8 110.82 110.79 110.77 110.83 110.82 110.78 110.75 110.7 110.65 110.58 110.54 110.6 110.55 110.56 110.49 110.43 110.37 110.34 110.26 110.27 110.2 110.11 110.11 110.08 110.03 109.94 109.87 109.78 109.71 109.61 109.53 109.47 109.39 109.23 109.19 109.11 109.03 108.92 108.8 108.78 108.72 108.59 108.51 108.41 108.35 108.28 108.21 108.13 108.08
