DE_solarradiation/2018_12_solarradiation.asc
NCOLS 654
NROWS 866
XLLCORNER 3280500
YLLCORNER 5237500
CELLSIZE 1000
NODATA_VALUE -999
[rows 420 to 454 of 866, columns 234 to 311 of 654]
11.4 11.42 11.42 11.44 11.44 11.44 11.37 11.35 11.41 11.31 11.23 11.26 11.2 11.16 11.04 10.9 10.88 10.83 10.8 10.75 10.75 10.69 10.66 10.66 10.67 10.66 10.6 10.59 10.56 10.5 10.48 10.61 10.65 10.79 10.69 10.84 10.81 10.7 10.78 10.8 10.84 10.81 10.87 10.65 10.42 10.56 10.87 10.57 10.44 10.72 10.62 10.54 10.31 10.33 10.35 10.39 10.43 10.43 10.41 10.61 10.44 10.47 10.27 10.24 10.35 10.19 10.19 10.21 10.46 10.45 10.51 10.48 10.49 10.53 10.62 10.6 10.55 10.62
11.4 11.41 11.42 11.42 11.44 11.37 11.35 11.46 11.51 11.32 11.21 11.18 11.12 11.13 11.05 10.91 10.88 10.85 10.86 10.82 10.75 10.7 10.68 10.7 10.65 10.63 10.63 10.61 10.65 10.59 10.62 10.53 10.49 10.58 10.72 10.75 10.78 10.74 10.75 10.81 10.78 10.62 10.76 10.5 10.51 10.61 10.73 10.54 10.55 10.59 10.62 10.56 10.38 10.32 10.31 10.39 10.55 10.59 10.6 10.67 10.43 10.29 10.22 10.27 10.25 10.17 10.19 10.19 10.46 10.42 10.45 10.47 10.48 10.51 10.64 10.59 10.62 10.62
11.4 11.41 11.42 11.46 11.38 11.41 11.41 11.45 11.52 11.33 11.24 11.14 11.09 11.08 11.04 10.95 10.88 10.87 10.86 10.86 10.74 10.74 10.76 10.74 10.69 10.66 10.68 10.7 10.68 10.6 10.68 10.67 10.48 10.48 10.48 10.53 10.6 10.55 10.6 10.68 10.61 10.51 10.57 10.43 10.64 10.77 10.57 10.58 10.56 10.57 10.55 10.59 10.48 10.3 10.3 10.27 10.31 10.51 10.63 10.67 10.31 10.32 10.27 10.15 10.29 10.2 10.17 10.26 10.49 10.31 10.47 10.44 10.46 10.52 10.72 10.61 10.72 10.7
11.41 11.41 11.38 11.41 11.38 11.33 11.45 11.4 11.47 11.44 11.29 11.19 11.11 11.06 11.01 10.96 11 10.95 10.89 10.86 10.76 10.81 10.89 10.83 10.74 10.74 10.76 10.79 10.77 10.69 10.71 10.76 10.68 10.37 10.61 10.52 10.49 10.56 10.63 10.5 10.5 10.56 10.44 10.36 10.64 10.74 10.58 10.55 10.52 10.49 10.52 10.52 10.6 10.4 10.4 10.29 10.36 10.74 10.83 10.68 10.5 10.38 10.4 10.29 10.28 10.36 10.26 10.38 10.51 10.34 10.36 10.48 10.58 10.71 10.76 10.84 10.84 10.79
11.5 11.44 11.4 11.36 11.39 11.46 11.37 11.36 11.45 11.61 11.33 11.18 11.13 11.08 11.03 10.99 10.99 10.99 10.89 10.87 10.77 10.9 10.95 10.88 10.76 10.76 10.78 10.78 10.74 10.76 10.65 10.7 10.59 10.38 10.43 10.38 10.58 10.69 10.8 10.58 10.54 10.61 10.42 10.44 10.75 10.62 10.78 10.6 10.46 10.41 10.5 10.55 10.57 10.48 10.31 10.36 10.48 10.51 10.6 10.42 10.7 10.45 10.44 10.4 10.31 10.37 10.24 10.36 10.49 10.38 10.62 10.51 10.68 10.78 10.88 10.95 10.93 10.91
11.46 11.58 11.44 11.37 11.57 11.44 11.33 11.36 11.46 11.48 11.32 11.22 11.14 11.1 11.09 11.02 11 10.97 10.86 10.9 10.92 10.96 10.99 10.92 10.81 10.72 10.74 10.82 10.83 10.72 10.66 10.54 10.4 10.57 10.63 10.63 10.51 10.55 10.54 10.48 10.47 10.46 10.36 10.51 10.72 10.87 10.65 10.6 10.48 10.4 10.43 10.52 10.55 10.59 10.36 10.36 10.45 10.48 10.53 10.52 10.52 10.34 10.36 10.51 10.33 10.32 10.23 10.3 10.52 10.34 10.65 10.7 10.73 10.76 10.93 10.96 11.03 11.01
11.48 11.46 11.56 11.41 11.43 11.37 11.32 11.33 11.35 11.35 11.43 11.18 11.14 11.13 11.05 11.05 10.97 10.93 10.86 10.9 10.9 10.88 10.98 10.96 10.92 10.84 10.77 10.86 10.87 10.72 10.57 10.45 10.37 10.58 10.56 10.5 10.49 10.57 10.6 10.46 10.45 10.38 10.39 10.56 10.93 11.08 10.82 10.57 10.49 10.38 10.46 10.43 10.53 10.44 10.32 10.42 10.39 10.55 10.58 10.66 10.56 10.4 10.41 10.39 10.33 10.25 10.44 10.49 10.33 10.47 10.51 10.71 10.64 10.83 10.92 10.98 11.04 11.08
11.5 11.54 11.51 11.43 11.4 11.35 11.3 11.3 11.29 11.3 11.26 11.19 11.11 11.09 11.04 11.03 11.01 10.89 10.9 10.93 10.89 10.83 10.89 10.87 10.92 10.98 10.85 10.83 10.86 10.66 10.57 10.48 10.44 10.37 10.44 10.49 10.44 10.49 10.46 10.41 10.46 10.38 10.58 10.67 10.98 11.04 10.98 10.65 10.56 10.47 10.46 10.48 10.54 10.49 10.42 10.42 10.43 10.43 10.52 10.52 10.56 10.42 10.36 10.43 10.24 10.42 10.48 10.48 10.49 10.47 10.51 10.52 10.76 10.72 10.91 11.06 11.12 11.13
11.48 11.55 11.62 11.49 11.41 11.38 11.32 11.29 11.28 11.27 11.26 11.19 11.16 11.11 11.06 11.03 10.97 10.89 10.86 10.87 10.93 10.8 10.82 10.93 10.9 10.88 10.79 10.78 10.78 10.53 10.56 10.52 10.49 10.39 10.37 10.37 10.36 10.38 10.36 10.36 10.39 10.44 10.45 10.6 10.92 10.98 10.89 10.62 10.56 10.54 10.51 10.53 10.53 10.54 10.51 10.41 10.4 10.43 10.43 10.4 10.42 10.44 10.44 10.41 10.26 10.52 10.43 10.48 10.71 10.68 10.61 10.78 10.61 10.9 11.01 11.09 11.16 11.18
11.47 11.62 11.6 11.51 11.44 11.34 11.28 11.27 11.27 11.29 11.39 11.27 11.21 11.17 11.12 11.05 11.01 10.91 10.91 10.9 10.97 10.87 10.84 10.83 10.91 10.79 10.78 10.67 10.57 10.53 10.47 10.46 10.43 10.39 10.37 10.39 10.35 10.33 10.34 10.29 10.29 10.5 10.46 10.65 10.84 11.02 10.61 10.59 10.55 10.54 10.55 10.52 10.53 10.52 10.55 10.43 10.49 10.46 10.46 10.46 10.46 10.46 10.47 10.54 10.3 10.32 10.36 10.49 10.65 10.83 10.73 10.83 10.87 10.79 10.92 11.13 11.23 11.25
11.54 11.6 11.7 11.56 11.46 11.4 11.31 11.33 11.33 11.32 11.32 11.3 11.35 11.21 11.1 11.04 11 11.01 10.97 10.88 10.86 10.92 10.79 10.86 10.76 10.69 10.62 10.63 10.71 10.66 10.46 10.53 10.5 10.45 10.49 10.46 10.42 10.41 10.4 10.36 10.34 10.42 10.45 10.48 10.6 10.84 10.64 10.58 10.64 10.51 10.58 10.57 10.61 10.6 10.59 10.53 10.64 10.64 10.57 10.56 10.57 10.56 10.56 10.59 10.59 10.61 10.47 10.52 10.66 10.74 10.97 10.86 10.97 11.09 11.23 11.3 11.37 11.42
11.64 11.61 11.67 11.65 11.54 11.48 11.39 11.42 11.43 11.42 11.37 11.35 11.34 11.28 11.17 11.14 11.03 10.99 11.06 10.93 10.88 10.86 10.81 10.83 10.75 10.84 10.78 10.77 10.71 10.63 10.67 10.62 10.58 10.55 10.6 10.48 10.36 10.36 10.36 10.32 10.37 10.32 10.31 10.48 10.49 10.56 10.58 10.58 10.65 10.55 10.52 10.67 10.66 10.63 10.59 10.57 10.63 10.69 10.67 10.63 10.66 10.69 10.63 10.63 10.63 10.81 10.8 10.57 10.65 10.73 10.8 11.08 11.07 11.09 11.16 11.26 11.42 11.48
11.67 11.62 11.68 11.65 11.61 11.52 11.44 11.42 11.41 11.39 11.42 11.37 11.37 11.35 11.25 11.14 11.11 11.04 11.08 10.98 10.95 10.77 10.81 10.74 10.84 10.94 10.89 10.9 10.77 10.61 10.68 10.52 10.52 10.52 10.54 10.46 10.41 10.42 10.41 10.36 10.39 10.36 10.39 10.33 10.5 10.47 10.52 10.58 10.67 10.74 10.55 10.61 10.73 10.69 10.65 10.63 10.72 10.71 10.75 10.74 10.73 10.68 10.74 10.86 10.93 10.85 10.77 10.78 10.98 11.04 11.09 11.1 11.03 11.09 11.29 11.38 11.45 11.49
11.7 11.66 11.71 11.66 11.6 11.53 11.46 11.43 11.42 11.39 11.39 11.35 11.36 11.34 11.26 11.16 11.05 11.17 11.15 11.22 11.21 10.9 10.79 10.79 10.73 10.77 10.81 10.89 10.65 10.67 10.61 10.46 10.6 10.6 10.5 10.35 10.48 10.47 10.39 10.45 10.59 10.48 10.36 10.44 10.39 10.45 10.58 10.48 10.55 10.7 10.7 10.64 10.71 10.65 10.74 10.63 10.76 10.75 10.84 10.81 10.77 10.8 10.89 10.93 10.88 10.94 10.79 10.82 11.04 11.11 11.17 11.09 11.11 11.17 11.26 11.44 11.42 11.54
11.76 11.69 11.83 11.68 11.67 11.55 11.48 11.46 11.43 11.41 11.4 11.37 11.33 11.31 11.3 11.21 11.17 11.19 11.28 11.24 11.13 11.02 11.04 10.72 10.69 10.86 10.93 10.87 10.65 10.64 10.45 10.61 10.65 10.44 10.37 10.41 10.49 10.39 10.51 10.54 10.57 10.45 10.51 10.45 10.61 10.55 10.44 10.49 10.49 10.55 10.58 10.82 10.94 10.87 10.71 10.69 10.8 10.81 10.88 11.01 10.95 10.9 10.86 10.92 10.91 10.98 10.94 10.86 10.89 11.09 11.09 11.16 11.06 11.26 11.43 11.5 11.53 11.48
11.82 11.68 11.69 11.79 11.71 11.61 11.54 11.55 11.57 11.54 11.5 11.49 11.46 11.38 11.3 11.22 11.16 11.16 11.19 11.23 11.18 11.07 11 10.91 10.71 10.79 10.9 10.68 10.62 10.46 10.55 10.68 10.55 10.34 10.5 10.47 10.36 10.45 10.44 10.56 10.56 10.53 10.51 10.57 10.55 10.52 10.4 10.55 10.67 10.61 10.55 10.6 10.72 10.77 10.74 10.8 10.82 10.82 10.94 11.07 11.17 11.08 10.95 10.98 11.01 10.96 11 10.91 10.92 10.98 11.13 11.13 11.24 11.4 11.25 11.45 11.52 11.61
11.8 11.77 11.65 11.72 11.74 11.69 11.64 11.64 11.61 11.58 11.55 11.55 11.49 11.44 11.31 11.23 11.2 11.28 11.31 11.23 11.22 11.11 10.93 10.75 10.81 10.83 10.68 10.79 10.77 10.64 10.68 10.49 10.36 10.47 10.61 10.31 10.41 10.39 10.42 10.38 10.51 10.4 10.43 10.49 10.55 10.49 10.49 10.73 10.73 10.72 10.55 10.61 10.68 10.73 10.83 10.99 10.92 10.91 11 11.04 11.09 11.03 11.06 11.04 11.02 10.96 11.02 10.96 10.98 11.01 11.02 11.06 11.12 11.33 11.45 11.37 11.58 11.65
11.71 11.72 11.68 11.7 11.69 11.67 11.61 11.63 11.62 11.59 11.58 11.56 11.52 11.47 11.32 11.26 11.28 11.32 11.37 11.29 11.27 11.1 10.94 10.79 10.8 10.77 10.82 10.86 10.83 10.64 10.61 10.41 10.37 10.58 10.57 10.34 10.54 10.45 10.4 10.44 10.47 10.41 10.49 10.49 10.52 10.49 10.58 10.7 10.67 10.63 10.66 10.8 10.8 10.76 10.92 10.91 11.11 11.06 11.04 11.18 11.16 11.19 11.12 11.06 11.03 11.1 11.15 11.21 11.12 11.06 11.16 11.26 11.16 11.28 11.47 11.65 11.75 11.61
11.79 11.88 11.82 11.73 11.73 11.7 11.66 11.63 11.6 11.58 11.56 11.57 11.49 11.48 11.39 11.36 11.39 11.33 11.37 11.36 11.36 11.15 10.97 11.02 10.99 10.96 10.92 10.83 10.77 10.69 10.55 10.42 10.49 10.52 10.49 10.52 10.47 10.42 10.45 10.46 10.61 10.51 10.45 10.49 10.64 10.64 10.69 10.77 10.68 10.72 10.84 10.95 10.98 10.88 10.86 10.98 10.98 11.07 11.08 11.14 11.39 11.35 11.47 11.45 11.44 11.2 11.18 11.33 11.33 11.3 11.32 11.27 11.44 11.32 11.48 11.6 11.67 11.95
12 11.92 11.93 11.85 11.82 11.79 11.73 11.69 11.66 11.63 11.64 11.61 11.54 11.51 11.46 11.57 11.47 11.39 11.43 11.41 11.44 11.13 11.09 10.85 10.81 10.79 10.77 10.68 10.62 10.53 10.46 10.54 10.52 10.46 10.43 10.42 10.46 10.46 10.47 10.55 10.58 10.55 10.49 10.57 10.72 10.75 10.82 10.82 10.86 10.74 10.86 10.83 10.98 11.07 11.04 11.13 11.25 11.11 11.17 11.12 11.22 11.35 11.4 11.49 11.47 11.25 11.31 11.56 11.59 11.39 11.32 11.36 11.63 11.6 11.64 11.76 11.8 11.98
12.16 12.03 11.94 11.92 11.87 11.82 11.76 11.73 11.69 11.66 11.67 11.63 11.58 11.62 11.58 11.56 11.51 11.45 11.4 11.43 11.41 11.26 11.05 10.93 10.93 10.96 10.89 11 10.77 10.8 10.62 10.66 10.64 10.66 10.54 10.49 10.6 10.53 10.56 10.7 10.67 10.63 10.55 10.66 10.76 10.75 10.76 10.81 10.86 10.93 10.88 10.85 10.87 10.93 11.09 11.16 11.26 11.36 11.38 11.26 11.23 11.23 11.29 11.43 11.44 11.5 11.5 11.5 11.51 11.54 11.37 11.55 11.67 11.69 11.53 11.76 11.79 11.88
12.12 12.09 12.03 11.95 11.94 11.92 11.84 11.78 11.74 11.7 11.67 11.64 11.71 11.82 11.69 11.58 11.55 11.46 11.43 11.39 11.34 11.14 10.99 10.89 10.87 11.06 11.2 11.11 11.04 10.77 10.68 10.76 10.78 10.72 10.6 10.58 10.55 10.61 10.59 10.68 10.71 10.67 10.64 10.72 10.8 10.86 10.83 10.81 10.92 11.02 10.89 10.87 11.07 11.08 11 11.11 11.41 11.32 11.37 11.44 11.38 11.38 11.29 11.31 11.37 11.41 11.44 11.39 11.57 11.52 11.41 11.67 11.6 11.62 11.72 11.72 11.88 11.81
12.07 12.15 12.1 11.98 11.98 11.93 11.87 11.84 11.81 11.73 11.7 11.67 11.77 11.8 11.66 11.68 11.55 11.51 11.44 11.4 11.33 11.2 11.08 10.99 10.86 11.06 11.02 10.94 10.97 10.68 10.68 10.75 10.85 10.67 10.68 10.61 10.64 10.59 10.61 10.72 10.75 10.83 10.76 10.73 10.75 10.79 10.87 10.86 10.91 10.89 10.92 10.83 11.08 11.11 11.06 11.15 11.18 11.31 11.41 11.38 11.46 11.44 11.48 11.39 11.3 11.37 11.34 11.44 11.52 11.59 11.45 11.67 11.69 11.73 11.73 11.83 11.81 11.84
12.06 12.07 11.98 11.95 11.96 11.94 11.89 11.87 11.81 11.73 11.7 11.68 11.67 11.69 11.68 11.63 11.66 11.59 11.5 11.45 11.49 11.28 11.01 11.1 10.93 10.88 10.84 10.86 10.85 10.7 10.87 10.84 10.8 10.73 10.69 10.62 10.7 10.75 10.77 10.71 10.72 10.76 10.73 10.74 10.8 10.8 10.79 10.88 10.88 10.89 10.91 10.94 11.17 11.29 11.14 11.08 11.27 11.32 11.41 11.39 11.43 11.47 11.51 11.48 11.45 11.38 11.34 11.44 11.47 11.54 11.58 11.64 11.67 11.67 11.56 11.85 11.93 11.94
11.97 11.96 11.95 11.98 11.93 11.92 11.86 11.83 11.8 11.78 11.79 11.72 11.73 11.76 11.78 11.79 11.7 11.64 11.57 11.52 11.44 11.24 11.17 11.27 11.06 10.98 10.84 10.8 10.74 10.7 10.64 10.67 10.71 10.75 10.72 10.63 10.74 10.81 10.8 10.71 10.77 10.79 10.74 10.7 10.84 10.85 10.82 10.81 10.91 10.89 10.9 10.96 11.11 11.26 11.19 11.14 11.32 11.28 11.4 11.34 11.39 11.52 11.55 11.52 11.55 11.5 11.41 11.42 11.35 11.42 11.54 11.53 11.65 11.49 11.56 11.91 11.93 12.03
12.15 12.05 12.03 11.97 11.96 11.93 11.87 11.84 11.81 11.8 11.84 11.79 11.69 11.71 11.71 11.71 11.74 11.63 11.6 11.44 11.38 11.23 11.36 11.31 11.18 11.19 11.02 10.9 10.83 10.66 10.69 10.6 10.65 10.67 10.63 10.76 10.68 10.84 10.73 10.7 10.72 10.84 10.77 10.79 10.83 10.83 10.83 10.86 10.92 10.87 11.08 11.05 11.17 11.26 11.2 11.26 11.22 11.34 11.3 11.48 11.49 11.55 11.55 11.51 11.48 11.54 11.58 11.55 11.51 11.42 11.42 11.44 11.46 11.63 11.78 12 12.06 12.12
12.26 12.18 12.1 12.07 12 12.03 11.93 11.89 11.86 11.84 11.87 11.81 11.75 11.7 11.65 11.8 11.73 11.68 11.66 11.53 11.51 11.29 11.29 11.31 11.33 11.21 11.07 11.1 10.99 10.8 10.72 10.68 10.7 10.7 10.84 10.77 10.88 10.91 10.78 10.72 10.82 10.97 10.89 10.85 10.89 10.92 10.88 10.91 11.04 10.99 10.97 11.07 11.23 11.24 11.28 11.31 11.22 11.27 11.34 11.52 11.52 11.44 11.51 11.39 11.56 11.53 11.55 11.55 11.59 11.59 11.48 11.46 11.5 11.54 11.68 12 12.08 12.13
12.28 12.17 12.09 12.03 12.03 12.11 11.99 11.94 11.94 11.88 11.91 11.8 11.76 11.78 11.75 11.77 11.61 11.71 11.74 11.55 11.47 11.34 11.23 11.25 11.33 11.27 11.11 11.25 11.06 10.9 10.88 10.78 10.72 10.78 10.78 10.81 11 10.94 10.87 10.77 10.81 10.97 11.02 11 11.06 11.01 10.99 11.06 10.99 11.05 11.09 11.04 11.19 11.35 11.32 11.25 11.28 11.31 11.36 11.58 11.39 11.38 11.33 11.44 11.47 11.47 11.55 11.55 11.52 11.53 11.48 11.46 11.53 11.58 11.8 11.98 12.07 12.16
12.23 12.22 12.1 12.09 12.05 12.11 12.08 11.96 11.95 11.9 11.89 11.81 11.84 11.77 11.64 11.6 11.67 11.72 11.68 11.59 11.5 11.42 11.3 11.3 11.35 11.29 11.27 11.31 11.08 11.01 10.86 10.94 10.78 10.75 10.81 10.93 10.91 10.99 10.96 10.81 10.87 10.99 10.94 10.93 10.97 11 11.09 11.06 11.06 11.17 11.1 11.11 11.26 11.27 11.31 11.3 11.27 11.3 11.39 11.41 11.34 11.3 11.35 11.29 11.37 11.43 11.47 11.6 11.64 11.56 11.5 11.48 11.5 11.63 11.66 11.92 11.97 12.08
12.24 12.2 12.16 12.14 12.08 12.1 12.05 12.07 12.01 11.93 11.91 11.82 11.81 11.8 11.72 11.63 11.61 11.7 11.67 11.63 11.61 11.55 11.29 11.37 11.48 11.35 11.2 11.27 11.21 10.99 10.95 11.01 10.83 10.79 10.81 10.9 11.08 11.07 10.92 10.86 10.84 11.01 10.98 10.89 11.04 11.1 11.16 11.13 11.16 11.14 11.11 11.17 11.32 11.37 11.27 11.33 11.33 11.42 11.48 11.36 11.39 11.38 11.36 11.34 11.32 11.35 11.36 11.55 11.61 11.75 11.67 11.56 11.66 11.66 11.71 11.84 12.01 12.06
12.19 12.23 12.15 12.14 12.15 12.13 12.02 12.04 12.03 12.01 11.91 11.83 11.83 11.89 11.81 11.78 11.69 11.59 11.54 11.55 11.71 11.64 11.46 11.37 11.45 11.36 11.33 11.38 11.3 11.03 11.04 11.03 10.94 10.82 10.87 10.93 10.87 11.04 10.98 10.83 10.92 11.03 10.95 10.99 11.07 11.11 11.12 11.14 11.22 11.22 11.14 11.14 11.33 11.34 11.4 11.36 11.37 11.42 11.44 11.4 11.42 11.43 11.31 11.28 11.28 11.31 11.31 11.41 11.45 11.49 11.47 11.51 11.54 11.76 11.78 11.98 12.07 12.04
12.29 12.22 12.18 12.15 12.15 12.14 12.18 12.12 12 11.95 11.87 11.87 11.87 12 11.77 11.77 11.81 11.78 11.53 11.59 11.68 11.63 11.44 11.32 11.36 11.43 11.41 11.4 11.27 11.3 11.1 11.12 11.19 10.97 10.91 10.87 10.82 10.88 10.91 10.82 10.93 11.02 10.9 10.99 11.07 11.1 11.12 11.17 11.19 11.25 11.22 11.33 11.43 11.45 11.34 11.39 11.39 11.32 11.33 11.33 11.45 11.37 11.29 11.34 11.28 11.36 11.36 11.38 11.41 11.44 11.46 11.56 11.57 11.71 11.81 11.99 11.98 12
12.23 12.25 12.21 12.21 12.16 12.17 12.14 12.14 12.07 12.04 11.91 11.86 11.9 11.83 11.75 11.72 11.77 11.76 11.54 11.63 11.72 11.74 11.46 11.55 11.46 11.39 11.43 11.52 11.49 11.24 11.21 11.2 11.15 11.08 11.1 11.09 10.97 10.86 10.85 10.86 10.93 11.06 10.94 11.03 10.98 11.07 11.16 11.09 11.12 11.25 11.31 11.25 11.32 11.27 11.27 11.36 11.35 11.4 11.45 11.33 11.38 11.36 11.29 11.33 11.49 11.45 11.37 11.51 11.56 11.54 11.62 11.64 11.79 11.65 11.67 11.91 12.02 11.99
12.26 12.24 12.19 12.26 12.22 12.19 12.22 12.16 12.07 12.34 12.03 11.95 11.99 12.08 11.88 11.71 11.8 11.83 11.56 11.76 11.76 11.72 11.53 11.51 11.64 11.49 11.48 11.51 11.41 11.44 11.49 11.38 11.23 11.21 11.13 11.15 11.03 10.99 10.97 10.93 10.94 11 11.09 10.98 11.09 11.19 11.11 11.09 11.16 11.22 11.3 11.37 11.39 11.36 11.26 11.25 11.27 11.44 11.41 11.34 11.3 11.29 11.41 11.47 11.48 11.39 11.43 11.55 11.58 11.68 11.62 11.66 11.75 11.77 11.78 11.88 11.92 11.97
12.27 12.3 12.27 12.29 12.33 12.28 12.19 12.13 12.06 12.09 12.13 12.05 12.13 12.02 11.96 11.76 11.76 11.87 11.64 11.77 11.67 11.67 11.59 11.58 11.65 11.56 11.48 11.54 11.37 11.31 11.43 11.46 11.49 11.31 11.25 11.16 11.2 11.12 11.16 10.99 10.99 11 11.03 11.08 11.09 11.02 11.23 11.18 11.22 11.29 11.3 11.36 11.3 11.42 11.36 11.35 11.32 11.3 11.41 11.35 11.37 11.33 11.33 11.39 11.49 11.43 11.45 11.54 11.61 11.68 11.78 11.77 11.87 11.83 11.73 11.94 11.92 12.12
