DE_solarradiation/2018_04_solarradiation.asc
NCOLS 654
NROWS 866
XLLCORNER 3280500
YLLCORNER 5237500
CELLSIZE 1000
NODATA_VALUE -999
[rows 352 to 383 of 866, columns 216 to 287 of 654]
115.31 115.24 115.04 114.94 114.84 114.75 114.63 114.52 114.52 114.44 114.29 114.27 114.13 114.07 114.02 113.83 113.89 113.96 113.92 113.75 113.45 113.16 113.43 113.41 113.47 113.58 113.65 113.86 114.06 114.3 114.61 114.87 115.04 115.35 115.63 115.95 116.16 116.45 116.55 116.81 117.04 117.23 117.46 117.73 118.03 118.29 118.59 118.83 119.26 119.39 119.44 119.78 119.94 120.27 120.48 120.69 120.89 121.17 121.41 121.66 121.91 121.84 121.88 122.1 122.24 122.52 122.81 122.5 122.7 122.96 123.13 123.35
115.27 115.21 115.02 114.87 114.73 114.66 114.65 114.51 114.47 114.42 114.3 114.31 114.16 114.04 113.97 113.71 113.67 113.67 113.54 113.53 113.38 113.2 113.15 113.22 113.36 113.52 113.7 113.88 114.14 114.28 114.87 115.01 115.15 115.3 115.53 115.75 116.02 116.3 116.77 117.14 117.17 117.42 117.51 117.78 118.09 118.35 118.61 118.86 119.16 119.31 119.48 119.89 120.23 120.51 120.64 120.78 120.91 121.09 121.3 121.52 121.75 121.81 121.93 122.11 122.31 122.51 122.76 122.62 122.76 123.14 123.31 123.33
115.26 115.15 115.05 115.17 114.95 114.68 114.61 114.52 114.52 114.41 114.3 114.29 114.28 114.09 113.96 113.72 113.62 113.66 113.59 113.37 113.27 113.12 113.09 113.21 113.42 113.68 113.82 114.03 114.23 114.46 115.03 115.14 115.44 115.65 115.82 115.8 116.05 116.6 117.03 117.27 117.32 117.54 117.71 117.9 118.19 118.41 118.68 118.91 119.3 119.42 119.6 119.9 120.4 120.5 120.77 121.1 121.1 121.19 121.36 121.53 121.8 121.92 122.02 122.24 122.44 122.68 122.8 122.94 123.12 123.39 123.44 123.6
115.27 115.16 115.03 115.12 114.97 114.71 114.62 114.51 114.53 114.46 114.36 114.33 114.31 114.16 114.09 113.89 113.75 113.74 113.58 113.56 113.52 113.32 113.08 113.42 113.76 114.07 114.01 114.26 114.44 114.82 115.21 115.46 115.71 115.88 116.11 115.99 116.21 116.51 116.85 117.08 117.36 117.61 117.86 118.1 118.38 118.59 118.85 119.13 119.45 119.68 119.84 120.11 120.31 120.71 120.98 121.25 121.45 121.61 121.66 121.8 121.95 122.26 122.38 122.61 122.85 123.11 123.17 123.29 123.27 123.46 123.67 123.73
115.27 115.19 115.04 114.91 114.85 114.76 114.68 114.61 114.56 114.5 114.42 114.37 114.36 114.32 114.15 114.03 113.82 113.72 113.64 113.51 113.43 113.31 113.38 113.51 113.75 114.22 114.43 114.42 114.6 114.83 115.14 115.49 115.67 115.94 115.92 116.07 116.3 116.58 116.85 117.22 117.49 117.75 117.92 118.21 118.46 118.7 118.98 119.54 119.58 119.88 120.04 120.34 120.3 120.75 120.92 121.17 121.41 121.7 121.96 122.04 122.2 122.4 122.62 122.93 123.11 123.33 123.46 123.47 123.44 123.49 123.72 123.9
115.34 115.21 115.1 114.96 114.99 114.77 114.68 114.64 114.65 114.6 114.45 114.46 114.36 114.35 114.27 114.07 113.94 113.83 113.76 113.75 113.61 113.65 113.66 113.75 113.96 114.31 114.42 114.46 114.73 114.91 115.08 115.4 115.55 115.93 115.91 116.12 116.36 116.62 117.01 117.32 117.67 117.92 118.17 118.36 118.59 118.81 119.07 119.64 119.82 119.87 120.13 120.49 120.38 120.71 121 121.27 121.52 121.76 121.9 122.16 122.34 122.52 122.8 123.08 123.39 123.5 123.64 123.77 123.81 123.78 123.76 123.98
115.71 115.23 115.08 115.02 115.02 114.87 114.74 114.67 114.73 114.62 114.56 114.54 114.47 114.35 114.28 114.17 114.05 114 114.04 113.97 113.87 113.9 113.92 113.95 114.02 114.18 114.32 114.54 114.76 115.02 115.28 115.34 115.61 115.73 115.95 116.22 116.46 116.75 117.15 117.48 117.76 118.07 118.3 118.51 118.75 118.97 119.19 119.37 119.67 119.9 120.31 120.34 120.44 120.76 121.05 121.32 121.54 121.78 121.97 122.19 122.36 122.58 122.94 123.14 123.36 123.52 123.84 123.85 123.68 123.75 124.03 124.03
115.64 115.24 115.13 115.08 114.99 114.83 114.81 114.74 114.76 114.68 114.66 114.62 114.53 114.51 114.35 114.26 114.21 114.18 114.12 114.14 114.03 114.09 114.1 114.14 114.24 114.32 114.41 114.62 114.81 114.92 115.17 115.44 115.6 115.82 116.04 116.27 116.52 116.87 117.25 117.61 117.94 118.22 118.42 118.7 118.89 119.07 119.24 119.37 119.75 119.81 120.26 120.32 120.48 120.84 121.11 121.34 121.65 121.86 122.06 122.26 122.45 122.67 122.88 123.07 123.3 123.66 123.73 123.82 123.8 124.01 124.23 124.22
115.59 115.27 115.23 115.13 115.02 115.02 114.89 114.8 114.83 114.77 114.72 114.67 114.6 114.54 114.47 114.34 114.28 114.22 114.24 114.22 114.22 114.21 114.26 114.35 114.37 114.49 114.63 114.85 114.99 115.03 115.22 115.52 115.7 115.91 116.12 116.42 116.67 116.94 117.39 117.7 118.01 118.18 118.4 118.75 118.97 119.18 119.35 119.61 119.65 119.87 120.11 120.49 120.57 120.93 121.22 121.45 121.75 121.87 122.09 122.37 122.62 122.82 123.03 123.21 123.38 123.62 123.86 123.93 123.98 124.13 124.41 124.48
115.55 115.34 115.27 115.13 115.02 114.94 114.88 114.83 114.9 114.87 114.86 114.78 114.75 114.67 114.62 114.54 114.46 114.48 114.43 114.44 114.48 114.47 114.6 114.56 114.58 114.69 114.71 114.95 115.17 115.42 115.55 115.59 115.82 116.02 116.27 116.55 116.76 117.1 117.5 117.85 118.09 118.38 118.6 118.93 119.12 119.17 119.34 119.74 119.88 120 120.16 120.46 120.79 121.08 121.34 121.57 121.83 122.06 122.3 122.53 122.74 123.04 123.22 123.4 123.59 123.77 123.91 124.13 124.38 124.42 124.62 124.73
115.74 115.4 115.25 115.17 115.26 115.02 115.02 114.95 115.04 115.03 115 114.99 115 114.87 114.9 114.76 114.72 114.7 114.68 114.77 114.79 114.69 114.85 114.82 114.89 114.97 114.97 115.04 115.2 115.57 115.8 115.75 115.97 116.17 116.46 116.73 116.98 117.32 117.67 117.99 118.22 118.55 118.77 119.07 119.04 119.34 119.7 119.84 120 120.14 120.3 120.54 120.85 121.41 121.67 121.95 122.21 122.43 122.68 122.91 123.15 123.51 123.76 123.92 124.09 124.27 124.48 124.66 124.98 125.07 125.06 125.19
115.85 115.51 115.41 115.38 115.2 115.24 115.17 115.36 115.4 115.37 115.38 115.36 115.26 115.19 115.21 115.12 115 115 115.03 115.14 115.2 115.14 115.01 115.28 115.14 115.44 115.43 115.42 115.58 115.92 116.11 116 116.18 116.39 116.72 117.01 117.14 117.54 117.83 118.01 118.35 118.66 118.88 118.9 119.17 119.55 119.77 119.9 120.04 120.23 120.42 120.72 121.08 121.66 121.87 122.12 122.35 122.58 122.87 123.12 123.35 123.73 123.98 124.19 124.37 124.52 124.68 124.83 125.03 125.3 125.31 125.53
115.82 115.71 115.49 115.38 115.37 115.41 115.33 115.4 115.55 115.5 115.66 115.6 115.37 115.32 115.41 115.34 115.2 115.18 115.22 115.37 115.42 115.46 115.3 115.55 115.49 115.37 115.46 115.57 115.85 115.84 115.99 116.17 116.35 116.62 116.93 117.25 117.35 117.73 117.99 118.14 118.46 118.72 118.88 119 119.48 119.64 119.85 120.06 120.18 120.29 120.53 120.77 121.24 121.94 122.17 122.31 122.49 122.89 123.06 123.28 123.55 123.93 124.16 124.37 124.56 124.71 124.86 125.01 125.14 125.35 125.55 125.6
115.8 115.99 115.66 115.55 115.51 115.46 115.41 115.51 115.67 115.7 115.66 115.68 115.53 115.53 115.52 115.45 115.39 115.41 115.42 115.56 115.62 115.48 115.5 115.48 115.63 115.89 115.86 115.76 115.9 116.03 116.17 116.34 116.56 116.88 117.2 117.45 117.55 117.87 118.16 118.25 118.52 118.71 119.01 119.22 119.5 119.67 119.91 120.07 120.19 120.39 120.64 120.88 121.19 121.78 122.13 122.43 122.65 123.07 123.31 123.51 123.7 124.1 124.32 124.52 124.75 124.94 125.05 125.16 125.3 125.54 125.63 125.89
115.91 115.93 115.81 115.59 115.54 115.51 115.63 115.53 115.84 115.88 115.89 115.74 115.65 115.65 115.55 115.65 115.65 115.65 115.63 115.8 115.83 115.88 115.98 115.93 115.92 116.18 116.23 116.27 116.17 116.21 116.35 116.51 116.77 117.1 117.37 117.64 117.83 117.83 118.05 118.31 118.54 118.78 119.07 119.31 119.5 119.7 119.99 120.14 120.27 120.49 120.67 121.01 121.4 121.97 122.27 122.56 122.88 123.23 123.65 123.72 123.91 124.26 124.49 124.7 124.91 125.13 125.27 125.36 125.46 125.57 125.72 125.89
115.9 116 116.1 115.89 115.75 115.61 115.72 115.65 115.94 115.95 115.86 115.9 115.78 115.84 115.8 115.77 115.9 115.94 115.93 115.87 115.97 116.21 116.19 116.09 116.34 116.46 116.57 116.55 116.65 116.36 116.53 116.7 117.01 117.3 117.58 117.8 117.97 118.17 118.19 118.39 118.66 118.96 119.15 119.35 119.5 119.7 120.01 120.18 120.37 120.55 120.88 121.24 121.6 122.19 122.47 122.79 122.94 123.31 123.77 124.08 124.11 124.66 124.71 124.88 125.09 125.26 125.43 125.53 125.65 125.73 125.89 126.05
116.07 116.14 116.15 116.07 115.94 115.72 115.68 115.7 115.93 116.11 116.13 116.1 116.07 116.02 116.03 115.98 116.04 116.16 116.08 116.07 116.18 116.4 116.4 116.39 116.54 116.65 116.58 116.79 116.45 116.55 116.69 116.91 117.21 117.47 117.81 117.96 118.12 118.27 118.44 118.45 118.73 119.1 119.21 119.45 119.57 119.71 120.02 120.22 120.46 120.76 121.04 121.43 121.76 122.02 122.52 122.82 123.21 123.45 123.83 124.21 124.52 124.72 125.02 125.15 125.25 125.42 125.59 125.72 125.85 125.92 126.03 126.15
116.18 116.25 116.26 116.03 115.89 115.84 115.85 115.82 116.06 116.19 116.08 116.2 116.24 116.18 116.18 116.15 116.27 116.31 116.26 116.34 116.52 116.67 116.8 116.85 116.86 116.9 116.91 116.74 116.72 116.8 116.98 117.23 117.51 117.77 117.92 118.14 118.31 118.45 118.5 118.61 118.92 119.13 119.3 119.46 119.58 119.72 120.12 120.23 120.59 120.93 121.26 121.54 121.92 122.26 122.72 123.16 123.37 123.63 123.94 124.21 124.53 125.21 125.25 125.57 125.6 125.68 125.83 125.97 126.07 126.14 126.26 126.45
116.37 116.42 116.39 116.28 116.06 115.97 116.03 115.98 116.26 116.33 116.26 116.35 116.37 116.33 116.44 116.58 116.71 116.75 116.83 116.86 117.04 116.93 117.22 117.21 117.26 117.35 117.15 117.27 117.19 117.27 117.34 117.62 117.91 118.12 118.35 118.51 118.63 118.79 118.53 118.76 119.09 119.25 119.42 119.55 119.72 119.86 120.3 120.52 120.87 121.11 121.46 121.77 122.11 122.53 122.94 123.37 123.68 123.93 124.32 124.69 124.85 125.33 125.77 125.87 125.97 126.18 126.31 126.46 126.54 126.61 126.72 126.9
116.57 116.65 116.65 116.42 116.25 116.2 116.2 116.21 116.37 116.48 116.52 116.52 116.66 116.66 116.7 116.82 116.89 116.98 117.11 117.1 117.25 117.27 117.41 117.34 117.48 117.62 117.49 117.39 117.46 117.6 117.6 117.76 118.09 118.34 118.56 118.69 118.8 118.83 118.89 118.76 119 119.27 119.41 119.59 119.86 120.01 120.37 120.72 120.99 121.32 121.61 121.96 122.31 122.51 123.13 123.68 123.85 124.1 124.46 124.91 125.08 125.54 125.83 125.96 126.24 126.41 126.7 126.7 126.78 126.81 126.91 126.99
116.7 116.79 116.79 116.71 116.44 116.42 116.55 116.35 116.51 116.57 116.62 116.67 116.91 116.94 116.91 117.04 117.11 117.27 117.37 117.41 117.32 117.35 117.4 117.48 117.52 117.58 117.59 117.64 117.78 117.84 117.86 118.08 118.32 118.57 118.69 118.85 118.82 119.06 119.07 119.15 119 119.14 119.48 119.67 119.92 120.22 120.5 120.89 121.16 121.5 121.81 122.11 122.42 122.8 123.31 123.79 124.03 124.24 124.53 124.95 125.22 125.74 125.97 126.18 126.39 126.53 126.76 126.85 126.95 126.94 127.05 127.12
116.85 116.88 116.9 116.96 116.72 116.6 116.56 116.65 116.71 116.77 116.97 116.98 117 116.99 117.14 117.28 117.38 117.43 117.55 117.53 117.55 117.72 117.88 117.68 117.74 117.8 117.92 118.04 118.34 118.18 118.2 118.07 118.5 118.7 118.88 118.84 118.99 119.17 118.94 119.29 119.34 119.21 119.51 119.65 120.08 120.37 120.5 121 121.33 121.68 121.72 122.12 122.4 122.8 123.31 123.92 124.19 124.37 124.62 125.07 125.37 125.93 126.07 126.25 126.46 126.66 126.81 126.94 127.05 127.13 127.19 127.26
116.99 117.06 116.96 117.06 116.85 116.82 116.83 116.79 116.93 116.99 117.22 117.24 117.27 117.3 117.31 117.5 117.71 117.69 117.69 117.73 117.85 117.99 118.02 118.04 118.22 118.14 118.29 118.34 118.48 118.37 118.36 118.37 118.62 118.74 118.98 119 119.05 119.15 119.19 119.19 119.24 119.4 119.45 119.69 120.05 120.45 120.67 121.01 121.24 121.57 121.66 122.04 122.47 122.71 123.39 124.04 124.29 124.56 124.74 125.03 125.59 126.07 126.23 126.41 126.56 126.82 126.93 127.04 127.22 127.25 127.34 127.41
117.16 117.18 117.14 117.15 116.9 116.91 116.93 117.02 117.2 117.2 117.33 117.42 117.41 117.44 117.49 117.71 117.96 118.01 117.95 118 118.33 118.32 118.3 118.54 118.43 118.49 118.58 118.67 118.62 118.59 118.55 118.59 118.82 118.97 119.2 119.16 119.22 119.29 119.11 119.18 119.33 119.58 119.6 119.71 119.97 120.29 120.78 120.77 121.15 121.4 121.79 122.1 122.52 122.97 123.53 124.02 124.42 124.76 124.97 125.15 125.59 126.11 126.37 126.51 126.71 126.88 127.05 127.28 127.41 127.37 127.48 127.57
117.68 117.63 117.21 117.06 117.04 117.1 117.03 117.16 117.37 117.5 117.48 117.55 117.67 117.69 117.73 117.89 118.21 118.32 118.4 118.28 118.56 118.6 118.52 118.73 118.76 118.81 118.8 118.82 118.95 118.79 118.8 118.88 118.99 119.22 119.39 119.54 119.57 119.53 119.32 119.4 119.42 119.83 120.03 119.93 120.01 120.27 120.74 120.89 121.18 121.45 121.78 122.2 122.72 123 123.65 124 124.51 124.8 125.16 125.39 125.6 126.28 126.47 126.65 126.87 127.08 127.28 127.51 127.64 127.52 127.63 127.74
117.81 117.83 117.22 117.24 117.4 117.24 117.27 117.32 117.56 117.65 117.74 117.81 117.89 117.97 117.93 118.17 118.49 118.62 118.67 118.77 118.91 119.02 118.97 119.05 119.07 119.2 119.25 119.15 119.29 119.09 119.11 119.19 119.37 119.5 119.62 119.73 119.82 119.86 119.68 119.67 119.82 119.81 120.14 120.27 120.28 120.47 120.8 121.08 121.4 121.64 121.89 122.29 122.76 123.11 123.74 124.31 124.83 125.05 125.23 125.51 125.86 126.56 126.68 126.89 127.1 127.3 127.48 127.75 127.74 127.76 127.87 128.01
118.07 118.07 118.11 117.46 117.59 117.57 117.6 117.57 117.87 117.97 118.12 118.14 118.25 118.32 118.49 118.71 118.91 119.15 119.31 119.33 119.49 119.57 119.61 119.73 119.64 119.64 119.73 119.63 119.63 119.64 119.66 119.66 119.8 119.95 119.99 120.01 120.08 119.85 120.07 120.05 119.97 120.1 120.35 120.72 120.68 120.9 121.17 121.36 121.65 121.92 122.16 122.5 122.82 123.3 124.03 124.43 124.72 125.25 125.61 125.81 125.92 126.67 126.81 127.02 127.24 127.41 127.57 127.91 127.84 127.91 128.06 128.17
118.33 118.25 118.32 117.66 117.74 117.81 117.83 117.84 118.18 118.25 118.34 118.37 118.51 118.51 118.81 118.94 119.28 119.48 119.57 119.68 119.79 119.84 119.95 120.1 120.02 119.95 119.88 120.01 120.26 119.95 119.97 119.92 119.99 119.96 120.16 120.02 120.38 120.2 120.11 120.05 120.17 120.25 120.37 120.76 121.01 121.07 121.31 121.54 121.75 121.99 122.38 122.71 123.27 123.65 124.37 124.59 124.98 125.42 125.66 125.86 126.08 126.64 126.92 127.17 127.35 127.53 127.72 127.89 127.95 128.08 128.22 128.35
118.49 118.55 118.47 118.26 117.84 118 118.01 118.05 118.33 118.5 118.58 118.69 118.74 118.8 119.04 119.17 119.48 119.74 119.79 119.89 119.99 120.1 120.09 120.23 120.19 120.32 120.49 120.51 120.45 120.27 120.25 120.13 120.22 120.34 120.33 120.3 120.57 120.4 120.28 120.27 120.54 120.4 120.55 120.84 121.2 121.36 121.54 121.68 121.89 122.28 122.6 122.89 123.45 123.87 124.47 124.82 125.16 125.49 125.73 125.95 126.22 126.86 127.04 127.25 127.46 127.61 127.8 127.91 128.06 128.31 128.33 128.4
118.66 118.76 118.66 118.44 118 118 118.12 118.31 118.46 118.63 118.8 118.92 118.91 119.05 119.23 119.37 119.81 119.89 119.99 120.08 120.14 120.29 120.38 120.46 120.4 120.56 120.8 120.87 120.91 120.81 120.86 120.59 120.47 120.54 120.57 120.58 120.67 120.75 120.42 120.52 120.53 120.63 120.74 121 121.19 121.42 121.57 121.98 122.18 122.31 122.66 123.03 123.49 123.99 124.71 125 125.34 125.51 125.77 126.05 126.43 127.01 127.09 127.34 127.56 127.7 127.86 128.01 128.15 128.26 128.46 128.63
118.84 118.89 118.88 118.82 118.64 118.19 118.29 118.43 118.85 118.85 118.91 118.99 119.11 119.21 119.4 119.69 120 120.15 120.2 120.27 120.33 120.43 120.57 120.55 120.88 121.01 121.1 121.13 121.1 121.08 120.97 120.84 120.81 120.83 120.84 120.76 120.93 120.81 120.85 120.94 120.99 120.83 120.98 121.13 121.46 121.53 121.75 122.01 122.22 122.47 122.76 123.27 123.83 124.09 124.81 125.02 125.35 125.59 125.84 126.26 126.62 126.97 127.18 127.41 127.63 127.79 127.97 128.11 128.27 128.49 128.46 128.7
119.01 119.04 119 119.08 118.86 118.43 118.6 118.65 118.89 119 119.18 119.29 119.4 119.49 119.7 119.87 120.2 120.33 120.41 120.48 120.52 120.65 120.69 120.88 121.08 121.19 121.31 121.31 121.4 121.39 121.33 121.18 121.02 120.99 120.98 121.11 121.27 121.21 121.35 121.24 121.31 121.07 121.28 121.52 121.68 121.99 122.1 122.33 122.46 122.67 122.98 123.43 123.87 124.06 124.8 125.3 125.45 125.68 125.92 126.24 126.65 127.13 127.36 127.49 127.71 127.87 128.08 128.37 128.55 128.68 128.95 128.92
