DE_solarradiation/2018_07_solarradiation.asc
NCOLS 654
NROWS 866
XLLCORNER 3280500
YLLCORNER 5237500
CELLSIZE 1000
NODATA_VALUE -999
[rows 512 to 543 of 866, columns 360 to 431 of 654]
195.86 195.31 194.47 194.34 194 193.58 193.23 192.95 192.7 192.31 191.31 191.21 191.1 190.8 190.48 190.21 189.67 188.98 188.5 188.22 188.31 188.02 187.67 187.38 187.21 186.99 186.83 186.84 186.84 186.72 186.72 186.7 186.62 186.71 186.74 186.76 186.86 186.86 186.9 187.16 187.31 187.44 187.49 187.62 187.68 187.78 188.08 188.23 188.7 188.82 189.01 188.94 189.03 189.17 189.45 189.82 189.92 190.13 190.24 190.31 190.41 190.55 190.61 190.95 191.2 191.24 191.42 191.57 191.72 191.88 192.37 192.49
196.31 195.95 194.98 194.76 194.3 194.03 193.54 193.03 192.7 192.51 191.56 191.14 191.22 190.92 190.37 190.21 190.05 189 188.54 188.33 188.35 188.18 187.72 187.54 187.39 187.08 186.87 186.81 186.76 186.69 186.76 186.7 186.65 186.74 186.61 186.67 186.82 186.84 186.86 186.97 187.19 187.26 187.36 187.46 187.61 187.77 187.87 187.96 188.45 188.6 188.9 188.85 188.91 189.1 189.45 189.77 189.83 189.9 190.14 190.31 190.28 190.38 190.55 190.92 191.04 191.21 191.37 191.49 191.67 191.85 192.19 192.38
196.64 196.16 195.31 194.86 194.58 194.19 193.66 193.21 192.87 192.85 191.85 191.3 191 190.86 190.49 190.4 189.89 188.96 188.69 188.39 188.39 187.99 187.65 187.52 187.38 187.06 187 186.95 186.75 186.67 186.79 186.69 186.79 186.59 186.77 186.78 186.74 186.84 186.84 186.94 187.22 187.24 187.3 187.45 187.51 187.69 187.76 187.96 188.3 188.45 188.78 188.85 188.84 189.16 189.18 189.51 189.65 189.76 189.94 190.2 190.33 190.4 190.6 190.88 191.06 191.22 191.28 191.43 191.61 191.8 192.17 192.33
196.87 196.39 195.38 194.98 194.8 194.39 194.15 193.66 193.28 192.9 191.93 191.38 191.25 190.92 190.77 190.33 189.87 189.06 188.78 188.44 188.45 188.07 187.74 187.65 187.49 187.01 187.12 186.93 186.82 186.77 186.93 186.77 186.8 186.68 186.79 186.8 186.86 186.96 186.93 187.01 187.17 187.2 187.31 187.46 187.6 187.61 187.83 187.99 188.22 188.43 188.64 188.83 188.95 188.98 189.14 189.42 189.54 189.72 189.85 190.07 190.23 190.29 190.49 190.87 191.06 191.11 191.26 191.45 191.59 191.82 192.13 192.3
197.1 196.66 195.56 195.19 194.95 194.52 194.21 193.89 193.61 193.09 192.04 191.44 191.33 191.09 190.64 190.6 190.21 189.17 188.88 188.81 188.47 188.22 187.84 187.72 187.58 187.25 187.17 186.99 186.92 186.84 186.82 186.82 186.71 186.74 186.82 186.77 186.93 186.8 186.94 187.01 187.25 187.26 187.32 187.39 187.52 187.72 187.83 188.07 188.34 188.48 188.71 188.65 188.85 188.85 189.03 189.39 189.48 189.66 189.91 190.02 190.22 190.44 190.42 190.83 190.98 191.12 191.27 191.37 191.58 191.81 192.16 192.28
197.19 196.89 195.92 195.43 195.06 194.82 194.38 194.08 193.84 193.32 192.41 191.83 191.45 191.18 190.83 190.7 190.17 189.41 188.9 188.97 188.55 188.36 188.04 187.81 187.8 187.49 187.35 187.01 187.01 187.07 187.09 186.98 186.84 186.78 186.92 186.85 187.07 186.94 187.12 187.16 187.23 187.26 187.32 187.33 187.52 187.64 187.75 187.84 188.19 188.38 188.6 188.6 188.77 188.84 189 189.31 189.43 189.59 189.78 189.96 190.25 190.35 190.5 190.79 190.99 191.11 191.3 191.4 191.62 191.76 192.09 192.26
197.41 197.07 196.12 195.69 195.18 195.07 194.75 194.44 193.98 193.47 192.56 191.97 191.63 191.51 190.98 191.06 190.35 189.6 189.18 189.13 188.75 188.57 188.3 188.13 188 187.69 187.38 187.23 187.15 187.24 187.15 187.02 187.07 186.92 187.05 187.02 187.09 187.05 187.24 187.11 187.23 187.32 187.29 187.39 187.45 187.57 187.72 187.82 188.16 188.35 188.57 188.69 188.79 188.74 188.94 189.33 189.47 189.58 189.82 189.88 190.06 190.41 190.59 190.84 190.97 191.13 191.29 191.42 191.56 191.75 192.05 192.21
197.59 197.33 196.41 195.92 195.64 195.21 194.86 194.64 194.33 193.72 192.76 192.6 192.24 191.82 191.49 191.2 190.68 190.27 189.55 189.39 189.24 188.91 188.75 188.56 188.27 187.92 187.64 187.77 187.41 187.59 187.54 187.28 187.25 187.16 187.12 187.3 187.37 187.21 187.4 187.23 187.36 187.42 187.46 187.53 187.47 187.69 187.83 187.96 188.25 188.44 188.55 188.64 188.7 188.85 189.15 189.23 189.48 189.58 189.73 189.88 190.01 190.24 190.48 190.87 191.07 191.15 191.27 191.44 191.6 191.72 192.07 192.21
198.14 197.86 197.04 196.54 196.28 195.92 195.46 195.2 194.99 194.62 193.7 193.25 192.93 192.57 192.22 191.75 191.7 191.21 190.26 190.16 190.03 189.72 189.31 189.34 189.08 188.47 188.28 188.02 188 187.94 188.08 187.86 187.8 187.62 187.48 187.47 187.58 187.59 187.67 187.63 187.58 187.7 187.61 187.56 187.58 187.69 187.86 187.99 188.26 188.4 188.59 188.73 188.86 188.88 188.94 189.3 189.44 189.54 189.7 189.88 190.06 190.23 190.48 190.89 191.02 191.22 191.35 191.5 191.57 191.7 192.02 192.15
198.44 198.04 197.32 196.89 196.6 196.2 195.83 195.62 195.19 194.94 194.02 193.6 193.27 192.98 192.66 192.41 192.11 191.75 190.79 190.5 190.14 190.2 189.87 189.45 189.5 188.99 188.59 188.48 188.37 188.46 188.14 188.05 188.04 187.85 187.75 187.79 187.89 187.79 187.88 187.8 187.64 187.65 187.79 187.75 187.71 187.77 187.89 188.05 188.34 188.38 188.49 188.59 188.86 188.86 188.99 189.33 189.52 189.69 189.71 189.9 190.1 190.31 190.44 190.93 191.03 191.17 191.41 191.49 191.67 191.83 192.03 192.09
198.7 198.25 197.46 197.15 196.85 196.53 196.1 195.73 195.6 195.19 194.28 193.88 193.55 193.27 193.01 192.73 192.43 192.06 191.27 190.86 190.54 190.45 190.2 189.94 189.86 189.29 189 188.74 188.6 188.61 188.43 188.49 188.34 188.01 188.09 187.95 188.02 188.15 188.08 187.96 187.86 187.86 187.79 187.85 187.89 187.88 187.94 188.16 188.37 188.44 188.47 188.67 188.94 189 189.11 189.33 189.61 189.72 189.82 190.05 190.07 190.33 190.58 190.91 191.05 191.26 191.43 191.56 191.67 191.81 191.99 192.08
199.05 198.46 197.62 197.33 197.1 196.66 196.31 195.98 195.83 195.47 194.57 194.16 193.82 193.58 193.3 193.03 192.71 192.34 191.65 191.3 190.95 190.72 190.58 190.38 190.09 189.58 189.3 189.19 189.17 188.75 188.7 188.68 188.48 188.33 188.27 188.22 188.34 188.29 188.35 188.18 188.2 188.17 188.17 187.99 187.92 188.02 187.99 188.11 188.31 188.54 188.67 188.77 188.98 189.08 189.2 189.51 189.71 189.77 189.83 190.03 190.2 190.43 190.53 190.97 191.09 191.26 191.41 191.58 191.74 191.87 192.07 192.16
199.2 198.67 197.9 197.54 197.32 196.86 196.6 196.3 196.12 195.75 194.83 194.4 193.85 193.87 193.62 193.34 193.02 192.72 191.96 191.67 191.39 191.06 190.97 190.74 190.38 189.96 189.57 189.62 189.41 189.14 189.2 188.94 188.81 188.76 188.66 188.53 188.5 188.63 188.44 188.33 188.34 188.1 188.05 188.15 188.01 188.01 188.07 188.31 188.52 188.61 188.71 188.92 188.99 189.03 189.24 189.68 189.72 189.89 190.03 190.08 190.23 190.48 190.6 190.97 191.12 191.31 191.49 191.65 191.78 191.84 192.05 192.24
199.39 198.86 198.2 197.65 197.48 197.07 196.8 196.73 196.41 196.02 195.12 194.7 194.45 194.19 193.91 193.67 193.37 193.07 192.33 192.08 191.76 191.49 191.36 191.14 190.68 190.28 189.92 189.98 189.57 189.75 189.49 189.34 189.13 189.12 189.08 188.88 188.94 188.84 188.5 188.46 188.36 188.49 188.51 188.23 188.3 188.3 188.28 188.36 188.56 188.75 188.94 189 189.08 189.08 189.33 189.74 189.82 189.97 190.02 190.1 190.34 190.55 190.72 191.06 191.17 191.41 191.5 191.69 191.82 191.94 192.16 192.25
199.66 199.2 198.41 198.02 197.82 197.41 197.27 197.04 196.75 196.36 195.44 195.06 194.81 194.54 194.28 194.03 193.76 193.5 192.77 192.53 192.32 192.03 191.88 191.64 191.24 190.86 190.33 190.45 190.24 189.95 189.83 189.89 189.53 189.54 189.28 189.41 189.12 188.99 188.87 188.88 188.81 188.77 188.48 188.51 188.56 188.54 189.01 189.12 189.39 189.36 189.54 189.51 189.68 189.87 189.46 189.83 189.86 190.07 190.14 190.25 190.42 190.55 190.76 191.12 191.33 191.51 191.67 191.77 191.89 192.03 192.22 192.27
199.94 199.55 198.76 198.42 198.12 197.88 197.57 197.14 197.04 196.69 195.81 195.49 195.25 194.98 194.77 194.5 194.25 193.95 193.32 193.01 193.41 193.2 192.98 192.79 192.51 191.85 191.44 191.38 191.46 191.07 191.1 190.99 190.7 190.28 190.39 190.21 190.06 189.79 190.15 190.17 189.81 189.68 189.68 189.73 189.65 189.54 189.53 189.56 189.67 189.72 189.74 189.83 189.99 190.14 189.8 189.95 190.1 190.28 190.36 190.47 190.56 190.71 190.95 191.28 191.47 191.61 191.79 191.9 192.1 192.14 192.2 192.3
200.39 200.08 199.37 199.04 198.77 198.54 198.29 197.92 197.64 197.28 196.73 196.42 196.23 195.99 195.78 195.51 195.26 195.01 194.41 194.11 193.9 193.8 193.49 193.33 193.05 192.43 191.95 191.92 191.98 191.58 191.91 191.6 191.61 191.33 190.99 190.98 190.86 190.56 190.58 190.47 190.1 190.17 189.94 189.82 189.79 189.83 189.77 189.72 189.66 189.74 189.89 189.99 190.19 190.28 189.96 190.11 190.24 190.39 190.51 190.55 190.74 190.86 191.09 191.55 191.6 191.75 191.85 191.93 192.13 192.07 192.26 192.28
200.63 200.3 199.63 199.3 199.02 198.78 198.53 198.21 197.98 197.65 196.98 196.71 196.51 196.42 196.2 195.96 195.78 195.49 194.86 194.58 194.39 194.19 194.2 194.05 193.79 193.22 192.93 192.68 192.75 192.38 192.38 192.27 192.01 191.62 191.46 191.3 191.04 190.88 190.95 190.74 190.56 190.26 190.1 190.07 190.05 190.06 189.92 190.05 189.86 189.9 190.1 190.12 190.22 190.36 190.04 190.35 190.4 190.43 190.56 190.71 190.88 191.08 191.22 191.56 191.72 191.79 191.92 192.05 192.2 192.24 192.29 192.27
200.78 200.5 199.9 199.55 199.27 199 198.72 198.55 198.3 197.97 197.42 197.14 196.91 196.69 196.56 196.36 196.13 195.86 195.22 194.91 194.73 194.54 194.33 194.24 194.17 193.49 193.33 193.1 193.09 192.94 192.74 192.67 192.32 191.73 191.52 191.58 191.57 191.41 191.33 191.18 190.58 190.53 190.52 190.36 190.28 190.26 190.24 190.09 190.06 190.1 190.18 190.33 190.42 189.95 190.27 190.46 190.53 190.6 190.69 190.88 190.99 191.16 191.32 191.61 191.77 191.79 191.93 192.1 192.2 192.23 192.36 192.37
200.93 200.66 200.24 199.66 199.41 199.19 198.95 198.7 198.48 198.24 197.67 197.42 197.17 196.9 196.73 196.67 196.45 196.19 195.55 195.42 195.26 194.87 194.87 194.69 194.54 193.86 193.69 193.6 193.4 193.22 193.18 192.78 192.62 192.27 191.73 191.5 191.81 191.45 191.34 191.19 190.86 190.72 190.66 190.69 190.52 190.3 190.38 190.47 190.38 190.28 190.33 190.44 190.55 190.13 190.32 190.57 190.62 190.74 190.78 190.92 191.06 191.26 191.36 191.69 191.74 191.94 192.1 192.22 192.28 192.34 192.32 192.38
200.96 200.58 200.37 199.83 199.55 199.33 199.19 198.89 198.72 198.51 197.9 197.59 197.37 197.22 197.05 196.93 196.77 196.51 196.06 195.8 195.56 195.15 195.11 194.88 194.73 194.33 194.13 193.73 193.7 193.61 193.5 193.27 192.68 192.19 192.12 191.75 191.94 191.62 191.51 191.54 191.19 190.87 190.76 190.76 190.57 190.51 190.47 190.46 190.35 190.4 190.54 190.61 190.62 190.29 190.43 190.7 190.76 190.77 190.93 191 191.18 191.3 191.46 191.75 191.86 192.04 192.12 192.22 192.34 192.41 192.44 192.42
201.07 200.78 200.63 200.02 199.81 199.6 199.37 199.15 198.97 198.71 198.15 197.92 197.65 197.54 197.33 197.07 197.08 196.9 196.35 196.1 195.9 195.51 195.37 195.28 195.2 194.66 194.47 194.06 194.01 194.01 193.79 193.62 193.17 192.49 192.52 192.22 191.98 191.97 191.83 191.79 191.39 191.16 191.03 190.9 190.92 190.77 190.73 190.68 190.59 190.63 190.68 190.62 190.73 190.5 190.59 190.85 190.91 190.93 191.11 191.2 191.35 191.46 191.5 191.88 191.96 192.1 192.19 192.33 192.37 192.44 192.5 192.43
201.26 201.03 200.67 200.18 199.99 199.83 199.63 199.41 199.25 198.98 198.44 198.19 197.97 197.85 197.71 197.56 197.52 197.13 196.49 196.44 196.09 195.93 195.71 195.67 195.5 195.11 194.87 194.57 194.48 194.23 194.11 194.03 193.75 193.11 192.83 192.48 192.44 192.39 192.24 192.03 191.62 191.43 191.21 191.22 191.26 191.21 190.97 190.94 190.84 190.77 190.87 190.91 191.01 190.72 190.79 191.03 191.08 191.1 191.28 191.41 191.52 191.57 191.71 191.99 192.1 192.21 192.26 192.36 192.44 192.53 192.56 192.49
201.36 201.16 200.88 200.56 200.44 200.21 200.06 199.81 199.67 199.5 199.05 198.83 198.55 198.41 198.39 198.19 198.06 197.91 197.41 197.07 196.8 196.71 196.53 196.4 196.35 195.92 195.69 195.58 195.35 195.12 194.92 194.77 194.65 194.04 193.73 193.49 193.29 193.22 193.09 192.85 192.25 192.14 192 191.95 191.84 191.67 191.62 191.57 191.26 191.18 191.21 191.32 191.38 191.12 191.21 191.32 191.39 191.43 191.59 191.67 191.81 191.9 192.04 192.2 192.3 192.31 192.39 192.48 192.55 192.54 192.61 192.61
201.49 201.26 201.11 200.78 200.5 200.36 200.24 200.09 199.97 199.77 199.31 199.08 198.9 198.79 198.69 198.52 198.4 198.24 197.68 197.37 197.29 197.09 196.98 196.83 196.8 196.07 195.93 195.78 195.73 195.5 195.27 195.08 194.92 194.47 194.24 194.06 193.64 193.62 193.41 193.1 192.7 192.48 192.28 192.36 192.02 191.95 192.01 191.73 191.56 191.47 191.49 191.52 191.54 191.29 191.35 191.47 191.56 191.59 191.72 191.78 191.91 192.06 192.11 192.23 192.36 192.45 192.5 192.49 192.54 192.59 192.63 192.61
201.5 201.33 201.11 200.78 200.58 200.5 200.42 200.27 200.13 199.93 199.48 199.29 199.21 199.03 198.93 198.77 198.62 198.49 198 197.76 197.61 197.47 197.34 197.25 197.03 196.31 196.22 195.93 195.8 195.74 195.58 195.37 195.14 194.68 194.51 194.34 194.05 193.89 193.56 193.42 192.96 192.94 192.52 192.62 192.38 192.15 192.1 192.01 191.82 191.7 191.69 191.74 191.75 191.41 191.51 191.64 191.78 191.84 191.9 191.97 192.05 192.1 192.22 192.28 192.42 192.48 192.51 192.6 192.58 192.65 192.67 192.7
201.56 201.33 201.15 200.89 200.69 200.55 200.49 200.39 200.26 200.01 199.6 199.49 199.33 199.21 199.08 198.98 198.84 198.64 198.18 197.95 197.83 197.7 197.57 197.44 197.2 196.73 196.49 196.2 196.04 196.02 195.87 195.56 195.3 194.88 194.69 194.58 194.48 193.99 193.9 193.74 193.31 193.22 192.89 192.79 192.63 192.45 192.36 192.3 192.01 191.98 191.89 191.87 191.9 191.6 191.71 191.86 191.82 191.93 192.01 192.14 192.16 192.21 192.29 192.38 192.46 192.49 192.56 192.57 192.56 192.65 192.65 192.72
201.51 201.42 201.27 200.94 200.7 200.58 200.57 200.45 200.31 200.01 199.82 199.64 199.42 199.29 199.22 199.1 198.98 198.77 198.22 198.1 198.05 197.92 197.73 197.52 197.31 196.67 196.5 196.48 196.17 196.04 195.92 195.94 195.52 195.07 194.91 194.79 194.72 194.41 194.23 194.08 193.54 193.13 193.11 193.12 192.83 192.77 192.6 192.41 192.23 192.19 192.09 192.09 192.05 191.8 191.85 191.93 192 192.06 192.13 192.17 192.23 192.3 192.39 192.37 192.49 192.57 192.47 192.55 192.5 192.57 192.54 192.69
201.56 201.42 201.22 200.93 200.79 200.72 200.68 200.54 200.47 200.31 199.9 199.73 199.56 199.45 199.28 199.2 199.09 198.89 198.5 198.31 198.13 197.99 197.84 197.65 197.46 196.95 196.63 196.58 196.39 196.35 196.03 195.96 195.79 195.21 195.09 194.98 194.89 194.85 194.42 194.07 193.59 193.36 193.32 193.14 192.99 192.89 192.81 192.72 192.44 192.4 192.28 192.22 192.21 191.93 191.98 192.05 192.14 192.19 192.24 192.32 192.34 192.41 192.42 192.52 192.54 192.54 192.49 192.46 192.54 192.6 192.7 192.72
201.52 201.42 201.3 200.99 200.84 200.76 200.75 200.65 200.53 200.39 200.01 199.85 199.67 199.56 199.38 199.25 199.19 198.99 198.6 198.36 198.1 198 197.92 197.72 197.55 197.07 196.83 196.8 196.46 196.37 196.33 196.24 195.98 195.63 195.27 195.15 195.09 195.05 194.91 194.63 193.84 193.63 193.58 193.4 193.19 193.22 193.14 193.02 192.72 192.62 192.57 192.55 192.47 192.23 192.23 192.24 192.3 192.32 192.29 192.32 192.41 192.51 192.47 192.71 192.47 192.4 192.41 192.41 192.59 192.71 192.74 192.78
201.49 201.38 201.24 201.06 200.98 200.79 200.77 200.72 200.64 200.47 200.09 199.93 199.7 199.65 199.53 199.39 199.23 198.99 198.61 198.22 198.15 198.04 197.98 197.79 197.63 197.13 197.1 196.89 196.83 196.62 196.52 196.48 196.38 195.98 195.75 195.58 195.45 195.36 195.39 195.14 194.61 194.26 194.19 193.95 193.82 193.75 193.66 193.59 193.22 193.09 192.96 193.01 192.93 192.69 192.64 192.54 192.49 192.57 192.59 192.62 192.62 192.67 192.63 192.45 192.36 192.27 192.43 192.57 192.7 192.79 192.78 192.71
201.49 201.32 201.27 201.15 201.02 200.93 200.89 200.81 200.67 200.54 200.15 200 199.86 199.72 199.62 199.48 199.35 199.08 198.65 198.4 198.21 198.1 198 197.91 197.75 197.4 197.15 197.14 197.12 196.9 196.76 196.63 196.42 196.05 196.02 195.78 195.64 195.51 195.53 195.41 194.92 194.5 194.49 194.24 194.07 194.03 193.95 193.88 193.45 193.27 193.26 193.18 193.07 192.97 192.87 192.76 192.64 192.67 192.72 192.74 192.71 192.74 192.6 192.41 192.44 192.44 192.46 192.63 192.79 192.72 192.81 192.81
