DE_solarradiation/2018_07_solarradiation.asc
NCOLS 654
NROWS 866
XLLCORNER 3280500
YLLCORNER 5237500
CELLSIZE 1000
NODATA_VALUE -999
[rows 384 to 415 of 866, columns 432 to 503 of 654]
201.91 201.95 201.97 201.98 201.98 202.11 202.09 202.1 202.05 202.04 201.99 201.92 201.85 201.75 201.65 201.56 201.47 201.41 201.3 201.19 201 200.86 200.75 200.64 200.55 200.46 200.34 200.2 199.87 199.7 199.6 199.51 199.39 199.31 199.2 199.06 198.74 198.64 198.54 198.46 198.42 198.36 198.3 198.08 198.02 197.99 198 198 198.04 198.03 198.04 197.98 197.99 198.03 198.1 198.3 198.38 198.43 198.5 198.55 198.59 198.66 198.73 198.78 198.84 198.9 198.9 198.97 199.03 199.12 199.18 199.27
201.77 201.81 201.85 201.84 201.89 201.99 201.98 201.99 201.94 201.93 201.88 201.83 201.76 201.66 201.56 201.49 201.4 201.31 201.22 201.11 200.9 200.8 200.67 200.61 200.52 200.4 200.3 200.17 199.85 199.72 199.58 199.48 199.39 199.31 199.19 199.09 198.79 198.65 198.59 198.51 198.44 198.42 198.33 198.11 198.06 198.02 198.03 198.04 198.05 198.06 198.07 197.98 198.02 198.07 198.27 198.32 198.37 198.42 198.5 198.54 198.59 198.66 198.7 198.75 198.81 198.88 198.92 198.98 199.05 199.11 199.21 199.3
201.66 201.69 201.74 201.73 201.76 201.85 201.85 201.86 201.83 201.78 201.77 201.72 201.64 201.54 201.46 201.4 201.3 201.24 201.15 201.03 200.83 200.72 200.62 200.52 200.43 200.33 200.26 200.11 199.78 199.68 199.56 199.5 199.4 199.32 199.21 199.09 198.77 198.67 198.6 198.57 198.5 198.44 198.39 198.17 198.13 198.07 198.08 198.09 198.1 198.11 198.08 198.02 198.03 198.08 198.28 198.33 198.39 198.44 198.49 198.54 198.58 198.66 198.7 198.73 198.81 198.86 198.89 198.96 199.04 199.14 199.2 199.29
201.54 201.56 201.58 201.61 201.6 201.72 201.76 201.73 201.7 201.67 201.66 201.6 201.52 201.41 201.34 201.27 201.2 201.14 201.04 200.96 200.75 200.63 200.53 200.46 200.37 200.31 200.19 200.08 199.76 199.66 199.56 199.47 199.39 199.34 199.22 199.11 198.79 198.69 198.65 198.59 198.54 198.5 198.42 198.21 198.16 198.14 198.13 198.14 198.11 198.12 198.13 198.04 198.06 198.12 198.3 198.35 198.41 198.46 198.52 198.53 198.58 198.66 198.71 198.75 198.83 198.86 198.91 198.98 199.05 199.13 199.23 199.32
201.4 201.42 201.47 201.45 201.47 201.58 201.64 201.59 201.59 201.53 201.51 201.45 201.4 201.32 201.24 201.16 201.09 201.03 200.97 200.85 200.67 200.55 200.48 200.41 200.31 200.25 200.16 200.05 199.73 199.63 199.54 199.48 199.39 199.34 199.23 199.13 198.84 198.74 198.71 198.65 198.6 198.57 198.49 198.28 198.24 198.19 198.18 198.2 198.17 198.18 198.17 198.11 198.11 198.29 198.35 198.37 198.43 198.48 198.51 198.55 198.6 198.66 198.72 198.76 198.8 198.88 198.89 198.97 199.05 199.15 199.25 199.35
201.25 201.28 201.32 201.3 201.31 201.46 201.46 201.46 201.45 201.42 201.37 201.34 201.28 201.2 201.12 201.04 200.99 200.92 200.86 200.77 200.59 200.5 200.39 200.32 200.25 200.19 200.1 199.99 199.7 199.6 199.54 199.49 199.43 199.34 199.27 199.18 198.89 198.79 198.76 198.74 198.67 198.62 198.59 198.39 198.31 198.3 198.29 198.27 198.28 198.27 198.27 198.18 198.18 198.37 198.4 198.46 198.49 198.51 198.57 198.6 198.62 198.67 198.75 198.8 198.84 198.89 198.94 198.98 199.09 199.17 199.29 199.37
201.13 201.11 201.14 201.16 201.17 201.28 201.31 201.3 201.29 201.25 201.22 201.19 201.14 201.05 200.99 200.94 200.86 200.82 200.75 200.69 200.6 200.42 200.34 200.26 200.22 200.16 200.07 199.99 199.72 199.63 199.57 199.51 199.46 199.41 199.35 199.28 199 198.91 198.88 198.86 198.81 198.78 198.72 198.52 198.45 198.45 198.44 198.43 198.4 198.4 198.4 198.32 198.44 198.47 198.51 198.54 198.57 198.6 198.64 198.66 198.68 198.73 198.77 198.83 198.88 198.94 198.94 199 199.11 199.21 199.32 199.42
200.84 200.85 200.88 200.89 200.9 201.07 201.08 201.08 201.06 201.02 200.98 200.95 200.92 200.93 200.87 200.81 200.76 200.71 200.64 200.59 200.52 200.46 200.4 200.32 200.29 200.21 200.16 200.11 199.95 199.88 199.81 199.79 199.74 199.7 199.67 199.6 199.42 199.37 199.33 199.32 199.3 199.26 199.19 198.96 198.91 198.9 198.89 198.86 198.87 198.87 198.86 198.64 198.8 198.8 198.84 198.87 198.9 198.91 198.95 198.81 198.84 198.86 198.9 198.95 198.98 199.08 199.08 199.13 199.22 199.33 199.42 199.53
200.68 200.7 200.71 200.71 200.75 200.89 200.93 200.92 200.91 200.86 200.82 200.82 200.78 200.78 200.74 200.69 200.63 200.58 200.54 200.47 200.43 200.37 200.32 200.27 200.23 200.19 200.13 200.08 199.94 199.87 199.85 199.82 199.77 199.76 199.7 199.68 199.49 199.43 199.42 199.44 199.43 199.39 199.32 199.11 199.05 199.04 199 198.99 198.99 199.01 198.97 198.77 198.9 198.91 198.95 198.95 198.99 199 199.01 198.89 198.88 198.94 198.95 199.01 199.02 199.11 199.1 199.19 199.25 199.31 199.43 199.55
200.55 200.57 200.57 200.57 200.57 200.74 200.78 200.77 200.75 200.7 200.68 200.64 200.63 200.62 200.6 200.56 200.5 200.45 200.4 200.36 200.29 200.26 200.22 200.17 200.13 200.09 200.03 199.98 199.87 199.83 199.8 199.79 199.72 199.73 199.71 199.68 199.55 199.49 199.51 199.51 199.47 199.46 199.4 199.19 199.13 199.13 199.05 199.07 199.08 199.1 199.05 198.98 198.96 198.98 199 199.04 199.05 199.05 199.07 198.91 198.95 198.98 199.01 199.03 199.07 199.11 199.18 199.2 199.24 199.36 199.42 199.58
200.42 200.44 200.43 200.42 200.43 200.6 200.64 200.61 200.59 200.57 200.51 200.5 200.45 200.48 200.47 200.4 200.34 200.31 200.26 200.22 200.18 200.14 200.11 200.05 200.01 199.99 199.96 199.89 199.77 199.74 199.73 199.71 199.69 199.69 199.67 199.65 199.52 199.51 199.49 199.54 199.54 199.52 199.48 199.24 199.22 199.19 199.15 199.14 199.16 199.17 199.13 198.93 199.05 199.06 199.06 199.07 199.08 199.08 199.1 198.96 198.97 199.04 199.05 199.09 199.13 199.18 199.2 199.26 199.33 199.4 199.46 199.64
200.3 200.32 200.3 200.3 200.29 200.45 200.49 200.46 200.43 200.42 200.38 200.32 200.31 200.32 200.32 200.24 200.22 200.15 200.13 200.08 200.03 200.02 199.98 199.93 199.91 199.86 199.83 199.8 199.7 199.69 199.65 199.63 199.65 199.64 199.62 199.61 199.52 199.51 199.55 199.55 199.59 199.56 199.54 199.32 199.24 199.21 199.23 199.23 199.2 199.24 199.22 198.98 198.94 199.1 199.11 199.13 199.14 199.14 199.03 198.98 199.01 199.06 199.08 199.12 199.15 199.22 199.23 199.24 199.35 199.45 199.54 199.72
200.19 200.2 200.2 200.17 200.15 200.3 200.33 200.31 200.28 200.26 200.23 200.2 200.16 200.17 200.13 200.08 200.04 200.02 199.96 199.94 199.89 199.88 199.83 199.8 199.78 199.74 199.72 199.69 199.63 199.59 199.6 199.58 199.6 199.6 199.6 199.6 199.53 199.55 199.56 199.59 199.6 199.62 199.59 199.35 199.28 199.26 199.28 199.3 199.27 199.31 199.28 198.97 198.98 198.99 199.19 199.23 199.24 199.24 199.22 199.06 199.07 199.11 199.13 199.18 199.19 199.26 199.23 199.27 199.39 199.5 199.63 199.75
200.07 200.06 200.06 200.05 200.03 200.17 200.16 200.17 200.14 200.11 200.08 200.04 200.01 200 199.98 199.93 199.9 199.87 199.8 199.77 199.75 199.73 199.68 199.64 199.62 199.6 199.58 199.57 199.52 199.52 199.51 199.54 199.57 199.61 199.59 199.62 199.51 199.5 199.52 199.6 199.64 199.64 199.63 199.44 199.39 199.38 199.38 199.4 199.41 199.38 199.35 199.09 199.07 199.12 199.14 199.34 199.36 199.34 199.31 199.16 199.14 199.17 199.19 199.22 199.28 199.29 199.34 199.39 199.43 199.59 199.68 199.81
199.94 199.94 199.88 199.9 199.88 200.03 200.04 200 199.96 199.92 199.89 199.85 199.81 199.78 199.8 199.75 199.65 199.67 199.58 199.54 199.52 199.56 199.53 199.5 199.47 199.45 199.44 199.45 199.47 199.5 199.53 199.55 199.59 199.63 199.65 199.68 199.63 199.64 199.64 199.67 199.75 199.79 199.79 199.66 199.66 199.65 199.67 199.69 199.72 199.7 199.65 199.47 199.4 199.42 199.4 199.44 199.65 199.62 199.6 199.42 199.42 199.43 199.45 199.47 199.5 199.56 199.54 199.6 199.68 199.8 199.91 200.01
199.74 199.72 199.66 199.67 199.66 199.77 199.76 199.73 199.69 199.65 199.61 199.57 199.53 199.58 199.55 199.52 199.48 199.43 199.39 199.35 199.35 199.37 199.35 199.34 199.3 199.28 199.31 199.32 199.37 199.4 199.45 199.48 199.51 199.57 199.59 199.58 199.57 199.61 199.67 199.73 199.74 199.83 199.83 199.71 199.74 199.74 199.76 199.79 199.79 199.83 199.79 199.54 199.51 199.53 199.56 199.54 199.81 199.8 199.8 199.62 199.61 199.65 199.65 199.67 199.73 199.76 199.75 199.82 199.88 200.03 200.18 200.31
199.62 199.59 199.56 199.49 199.5 199.58 199.6 199.55 199.51 199.47 199.42 199.37 199.34 199.39 199.34 199.32 199.27 199.22 199.21 199.16 199.12 199.18 199.15 199.13 199.13 199.12 199.14 199.15 199.22 199.27 199.31 199.35 199.39 199.45 199.51 199.5 199.5 199.53 199.61 199.67 199.74 199.81 199.84 199.73 199.76 199.76 199.79 199.83 199.85 199.85 199.82 199.58 199.56 199.6 199.61 199.88 199.88 199.9 199.88 199.69 199.66 199.69 199.72 199.75 199.81 199.88 199.86 199.88 200.02 200.1 200.26 200.37
199.55 199.49 199.46 199.42 199.39 199.5 199.48 199.43 199.38 199.33 199.27 199.21 199.19 199.25 199.21 199.17 199.1 199.07 199.02 199 198.95 199 198.98 198.96 198.96 198.97 198.96 199.01 199.08 199.11 199.18 199.2 199.22 199.31 199.36 199.4 199.37 199.45 199.54 199.6 199.67 199.73 199.8 199.71 199.72 199.76 199.8 199.84 199.87 199.85 199.82 199.59 199.61 199.62 199.9 199.9 199.94 199.93 199.93 199.75 199.74 199.76 199.81 199.85 199.9 199.95 199.91 199.99 200.11 200.19 200.32 200.44
199.5 199.45 199.4 199.33 199.3 199.39 199.36 199.31 199.25 199.2 199.16 199.1 199.08 199.15 199.1 199.03 198.98 198.91 198.87 198.82 198.8 198.85 198.82 198.8 198.78 198.78 198.8 198.83 198.9 198.93 199 199.07 199.11 199.18 199.24 199.29 199.26 199.33 199.41 199.5 199.58 199.68 199.76 199.68 199.7 199.75 199.79 199.82 199.86 199.88 199.84 199.63 199.62 199.85 199.92 199.96 199.96 200 200 199.81 199.84 199.85 199.9 199.91 199.96 200.05 200.01 200.07 200.18 200.31 200.44 200.53
199.43 199.38 199.35 199.29 199.26 199.33 199.29 199.27 199.21 199.15 199.08 199.03 199.01 199.06 199.01 198.92 198.85 198.78 198.72 198.67 198.66 198.67 198.66 198.63 198.61 198.61 198.61 198.63 198.69 198.78 198.85 198.89 199 199.09 199.16 199.19 199.22 199.25 199.33 199.43 199.53 199.6 199.69 199.63 199.68 199.73 199.78 199.81 199.85 199.89 199.88 199.68 199.65 199.91 199.95 199.99 200.03 200.02 199.99 199.89 199.89 199.91 199.96 200 200.06 200.11 200.12 200.21 200.26 200.41 200.52 200.66
199.39 199.34 199.27 199.22 199.2 199.26 199.24 199.18 199.12 199.06 199 198.94 198.88 198.95 198.89 198.84 198.74 198.66 198.57 198.52 198.47 198.51 198.5 198.46 198.43 198.4 198.41 198.44 198.51 198.59 198.66 198.73 198.83 198.92 199.04 199.11 199.13 199.2 199.24 199.34 199.42 199.54 199.62 199.61 199.64 199.69 199.77 199.82 199.86 199.9 199.9 199.72 199.92 199.96 200 200.03 200.07 200.06 200.09 199.94 199.97 200 200.05 200.11 200.16 200.2 200.18 200.25 200.35 200.51 200.62 200.76
199.34 199.28 199.19 199.14 199.1 199.17 199.14 199.08 199.01 198.95 198.89 198.8 198.77 198.8 198.77 198.7 198.61 198.55 198.45 198.4 198.34 198.33 198.31 198.27 198.24 198.2 198.18 198.21 198.28 198.37 198.46 198.53 198.65 198.76 198.86 198.98 198.99 199.07 199.15 199.25 199.36 199.47 199.54 199.53 199.61 199.67 199.71 199.79 199.84 199.89 199.92 199.94 199.94 199.98 200.02 200.1 200.14 200.16 200.19 200.04 200.03 200.09 200.14 200.2 200.26 200.32 200.32 200.39 200.5 200.62 200.76 200.86
199.25 199.19 199.14 199.05 199.01 199.02 198.99 198.93 198.86 198.79 198.7 198.63 198.6 198.62 198.55 198.48 198.38 198.33 198.22 198.16 198.1 198.11 198.06 198 197.95 197.92 197.9 197.89 197.96 198.03 198.13 198.25 198.39 198.51 198.63 198.75 198.82 198.9 198.99 199.08 199.17 199.29 199.38 199.4 199.46 199.54 199.64 199.71 199.76 199.85 200.06 200.03 200.06 200.09 200.17 200.21 200.24 200.28 200.32 200.23 200.19 200.28 200.36 200.41 200.5 200.55 200.62 200.67 200.79 200.9 200.99 201.14
199.2 199.15 199.03 198.98 198.93 198.97 198.9 198.83 198.76 198.68 198.58 198.51 198.47 198.49 198.43 198.33 198.26 198.19 198.1 198.03 197.96 197.96 197.91 197.83 197.76 197.7 197.66 197.68 197.74 197.83 197.94 198.08 198.2 198.36 198.5 198.6 198.67 198.81 198.9 198.99 199.08 199.22 199.28 199.3 199.36 199.47 199.57 199.67 199.73 200 200.08 200.03 200.09 200.14 200.21 200.25 200.29 200.34 200.34 200.29 200.29 200.37 200.46 200.53 200.58 200.68 200.73 200.81 200.9 201.02 201.16 201.27
199.2 199.09 199.01 198.93 198.87 198.9 198.83 198.76 198.66 198.59 198.51 198.44 198.37 198.4 198.32 198.26 198.15 198.08 197.98 197.91 197.84 197.83 197.76 197.67 197.58 197.48 197.43 197.45 197.49 197.59 197.72 197.89 198.03 198.2 198.35 198.49 198.57 198.68 198.78 198.9 198.98 199.07 199.17 199.21 199.27 199.37 199.46 199.6 199.92 199.98 200.04 200.01 200.06 200.15 200.18 200.25 200.29 200.35 200.41 200.32 200.34 200.44 200.52 200.58 200.63 200.74 200.81 200.88 201 201.12 201.23 201.37
199.16 199.05 198.97 198.88 198.83 198.85 198.78 198.71 198.62 198.55 198.47 198.36 198.33 198.33 198.28 198.18 198.1 197.99 197.91 197.8 197.73 197.71 197.63 197.52 197.41 197.27 197.19 197.17 197.27 197.4 197.57 197.75 197.91 198.06 198.22 198.37 198.45 198.57 198.72 198.83 198.96 199.01 199.12 199.13 199.19 199.3 199.4 199.55 199.86 199.96 199.98 199.98 200.04 200.12 200.19 200.27 200.36 200.4 200.44 200.36 200.42 200.46 200.53 200.63 200.74 200.81 200.84 200.94 201.04 201.14 201.28 201.45
199.13 199.05 198.94 198.88 198.83 198.82 198.75 198.68 198.59 198.52 198.44 198.33 198.26 198.28 198.22 198.13 198.03 197.95 197.84 197.72 197.64 197.62 197.53 197.39 197.24 197.1 196.96 196.89 197.01 197.24 197.42 197.62 197.79 197.98 198.14 198.27 198.36 198.51 198.62 198.76 198.89 198.96 199.05 199.06 199.16 199.26 199.39 199.69 199.82 199.91 199.99 199.97 200.02 200.12 200.19 200.26 200.37 200.39 200.43 200.41 200.44 200.54 200.57 200.67 200.76 200.83 200.83 200.9 201.01 201.21 201.36 201.53
199.13 199.04 198.93 198.88 198.81 198.81 198.73 198.66 198.56 198.49 198.41 198.31 198.23 198.26 198.19 198.08 198 197.89 197.77 197.7 197.59 197.56 197.46 197.33 197.15 196.99 196.78 196.54 196.86 197.11 197.34 197.52 197.73 197.9 198.06 198.19 198.28 198.44 198.56 198.71 198.83 198.93 199 199 199.09 199.2 199.49 199.65 199.78 199.89 199.96 199.95 200.03 200.12 200.2 200.3 200.36 200.42 200.46 200.42 200.5 200.57 200.66 200.7 200.81 200.93 200.96 201.06 201.2 201.34 201.45 201.6
199.11 199.02 198.91 198.84 198.78 198.8 198.71 198.64 198.55 198.47 198.37 198.29 198.22 198.22 198.14 198.07 197.96 197.84 197.74 197.66 197.56 197.53 197.4 197.27 197.14 196.96 196.8 196.76 196.89 197.1 197.28 197.48 197.64 197.81 197.97 198.13 198.23 198.35 198.5 198.62 198.73 198.88 198.98 198.96 199.06 199.33 199.44 199.59 199.69 199.85 199.91 199.93 200.01 200.09 200.2 200.24 200.35 200.42 200.49 200.45 200.53 200.63 200.73 200.79 200.88 200.97 201.05 201.12 201.29 201.44 201.57 201.72
199.07 199.01 198.9 198.8 198.74 198.74 198.68 198.62 198.54 198.45 198.37 198.26 198.19 198.19 198.12 198.03 197.93 197.82 197.72 197.62 197.55 197.5 197.39 197.27 197.13 197.02 196.91 196.86 196.96 197.11 197.24 197.43 197.59 197.75 197.91 198.03 198.13 198.25 198.4 198.52 198.67 198.77 198.86 198.87 199.1 199.21 199.36 199.45 199.6 199.77 199.86 199.84 199.97 200.04 200.14 200.22 200.33 200.43 200.5 200.5 200.57 200.66 200.75 200.84 200.92 201.02 201.15 201.25 201.41 201.53 201.69 201.86
199.03 198.94 198.83 198.76 198.71 198.71 198.65 198.58 198.47 198.41 198.31 198.24 198.14 198.14 198.03 197.96 197.86 197.76 197.66 197.57 197.47 197.37 197.27 197.18 197.04 196.95 196.85 196.83 196.86 196.99 197.11 197.27 197.41 197.53 197.67 197.84 197.86 198.01 198.12 198.24 198.38 198.49 198.58 198.61 198.81 198.93 199.08 199.21 199.36 199.49 199.61 199.68 199.77 199.89 199.97 200.1 200.2 200.32 200.41 200.48 200.56 200.71 200.8 200.91 201 201.11 201.28 201.33 201.48 201.63 201.8 201.95
199 198.89 198.83 198.74 198.68 198.71 198.65 198.56 198.49 198.39 198.33 198.23 198.16 198.13 198.06 197.96 197.87 197.77 197.68 197.59 197.48 197.4 197.3 197.22 197.12 197.03 196.97 196.96 196.94 197.04 197.14 197.24 197.34 197.52 197.64 197.77 197.82 197.94 198.05 198.19 198.3 198.37 198.49 198.59 198.69 198.83 198.98 199.11 199.24 199.34 199.52 199.63 199.67 199.8 199.89 199.99 200.13 200.23 200.38 200.48 200.59 200.7 200.84 200.94 201.08 201.22 201.33 201.41 201.54 201.72 201.84 202.03
