DE_solarradiation/2018_01_solarradiation.asc
NCOLS 654
NROWS 866
XLLCORNER 3280500
YLLCORNER 5237500
CELLSIZE 1000
NODATA_VALUE -999
[rows 595 to 629 of 866, columns 156 to 233 of 654]
20.03 20.02 19.97 19.86 19.87 19.91 19.83 19.77 19.78 19.7 19.7 19.66 19.64 19.71 19.69 19.67 19.65 19.66 19.64 19.59 19.57 19.55 19.53 19.51 19.49 19.47 19.46 19.35 19.3 19.28 19.24 19.22 19.19 19.13 19 18.94 18.99 19.11 19.02 19 18.94 18.96 18.88 19.1 19.11 19.08 19.14 19.15 19.11 18.89 18.86 18.81 18.83 18.82 19.02 19.16 19.41 19.4 19.28 19.23 19.29 19.34 19.38 19.41 19.56 19.62 19.69 19.67 19.89 19.96 19.94 19.87 19.74 20 20.07 19.79 19.83 19.75
20.01 19.98 19.92 19.88 19.82 19.81 19.77 19.75 19.78 19.75 19.74 19.7 19.67 19.74 19.7 19.66 19.64 19.65 19.62 19.58 19.56 19.53 19.52 19.53 19.52 19.47 19.45 19.34 19.29 19.28 19.23 19.22 19.17 19.13 19 18.93 18.92 19.07 19.01 19.03 19.17 19.09 19.1 19.25 19.12 18.96 19.03 19.22 19 18.87 18.77 18.87 18.93 18.85 19.01 19.13 19.31 19.3 19.31 19.3 19.21 19.23 19.29 19.19 19.51 19.7 19.58 19.68 19.74 19.94 19.86 19.79 19.71 19.85 20.06 20.05 20.03 20.09
20 19.99 19.97 19.89 19.91 19.88 19.85 19.84 19.77 19.76 19.72 19.72 19.68 19.73 19.71 19.65 19.66 19.64 19.62 19.57 19.55 19.52 19.54 19.53 19.51 19.46 19.44 19.33 19.32 19.27 19.26 19.22 19.17 19.13 18.99 18.95 18.97 19 19.05 18.99 18.95 18.92 19.08 19.2 19.07 18.99 18.85 18.94 18.91 18.71 18.75 18.79 18.89 18.75 18.89 19.03 19.15 19.19 19.21 19.27 19.22 19.25 19.14 19.11 19.29 19.57 19.61 19.67 19.73 19.92 19.93 19.95 19.96 19.71 19.83 19.95 20.12 20.1
20 20.01 20.02 19.97 19.98 19.89 19.86 19.83 19.78 19.73 19.74 19.7 19.67 19.74 19.68 19.68 19.66 19.63 19.65 19.59 19.57 19.56 19.54 19.52 19.5 19.48 19.43 19.36 19.31 19.29 19.25 19.21 19.19 19.15 18.98 18.94 18.92 18.97 19.01 18.94 18.96 19.15 19.21 19.25 19.26 18.92 18.71 18.9 18.79 18.72 18.76 18.8 18.78 18.73 18.82 18.86 19.2 19.09 19.14 19.19 19.09 19.12 19.11 19.08 19.27 19.46 19.58 19.77 19.87 19.91 19.88 19.92 19.98 19.82 19.73 19.74 20.03 19.91
20 20.01 20.02 19.94 19.98 19.91 19.82 19.81 19.77 19.73 19.72 19.68 19.64 19.7 19.71 19.67 19.65 19.66 19.64 19.58 19.57 19.55 19.53 19.51 19.49 19.48 19.43 19.35 19.3 19.29 19.25 19.24 19.19 19.14 19.01 18.93 18.9 19.01 18.96 19.01 19.18 19.24 19.15 19.03 19.05 18.8 18.73 18.75 18.68 18.65 18.79 18.95 18.73 18.82 18.86 19.02 19.1 19.14 19.13 19.2 19.14 19.13 19.09 19.06 19.24 19.41 19.61 19.77 19.88 19.88 19.95 19.77 19.83 19.9 19.89 19.81 19.71 19.67
20 20.01 19.98 19.97 19.98 19.86 19.79 19.76 19.75 19.75 19.7 19.74 19.68 19.75 19.74 19.67 19.64 19.65 19.63 19.58 19.56 19.54 19.52 19.5 19.49 19.47 19.42 19.34 19.29 19.29 19.24 19.22 19.18 19.13 19 18.96 18.92 18.91 19.03 19.15 19.09 19.2 18.97 19.03 18.76 18.73 18.67 18.7 18.65 18.62 18.84 18.86 18.79 18.83 19 19.06 19.06 19.09 19.04 19.13 19.09 19.2 19.09 19.08 19.25 19.49 19.56 19.57 19.81 19.92 19.89 19.94 19.98 19.79 19.81 19.77 19.99 20.1
19.87 19.94 19.96 19.95 19.96 19.82 19.81 19.77 19.79 19.8 19.78 19.77 19.72 19.76 19.74 19.66 19.64 19.64 19.62 19.57 19.55 19.53 19.51 19.5 19.48 19.46 19.41 19.33 19.29 19.28 19.22 19.22 19.18 19.14 18.99 18.95 18.9 18.92 18.97 19.11 19.12 19.13 18.93 18.81 18.72 18.69 18.67 18.66 18.6 18.65 18.9 18.91 18.93 19.04 18.93 18.89 19.04 19.03 18.96 19.13 19.12 19.11 19.02 19.08 19.23 19.28 19.53 19.65 19.87 19.88 19.84 19.9 20 20.03 19.98 20.08 20.09 19.87
19.75 19.77 19.78 19.79 19.84 19.82 19.82 19.79 19.8 19.8 19.76 19.75 19.68 19.72 19.72 19.66 19.64 19.64 19.62 19.56 19.54 19.52 19.51 19.49 19.47 19.45 19.4 19.32 19.28 19.27 19.25 19.22 19.17 19.12 18.98 18.94 18.9 18.86 18.93 18.91 18.93 18.91 18.89 18.72 18.66 18.62 18.63 18.59 18.61 18.74 18.86 18.87 18.98 18.94 18.99 18.84 19.04 18.93 18.91 19.03 19.14 19.11 19.02 19.08 19.26 19.47 19.51 19.62 19.84 19.83 19.66 19.63 20.01 20.01 19.98 19.82 20.08 19.85
19.78 19.92 19.84 19.78 19.76 19.78 19.76 19.76 19.74 19.73 19.71 19.71 19.64 19.72 19.68 19.66 19.64 19.65 19.63 19.56 19.54 19.52 19.5 19.48 19.46 19.44 19.4 19.32 19.27 19.26 19.25 19.21 19.18 19.11 18.98 18.93 18.9 18.86 18.94 19.03 19.06 18.92 18.98 18.75 18.8 18.63 18.59 18.58 18.66 18.97 18.98 18.92 18.94 18.93 18.94 18.93 18.84 18.95 18.94 19.01 19.1 19.11 19.12 19.02 19.29 19.46 19.51 19.74 19.83 19.84 19.73 19.79 19.66 19.92 20.02 19.85 19.76 19.89
19.86 19.95 19.96 19.91 19.82 19.81 19.79 19.78 19.74 19.75 19.75 19.74 19.68 19.74 19.7 19.67 19.64 19.64 19.62 19.55 19.5 19.48 19.49 19.47 19.45 19.43 19.39 19.31 19.26 19.25 19.21 19.19 19.16 19.1 18.97 18.92 18.89 18.89 19.03 19.04 19.2 19.14 18.96 18.84 18.68 18.61 18.57 18.63 18.7 18.99 18.97 18.87 18.91 18.81 18.92 18.87 18.79 18.85 18.99 18.93 19.13 19.06 19.05 19.04 19.21 19.37 19.66 19.72 19.78 19.85 19.89 19.92 19.76 19.67 19.76 20.1 19.89 20.11
19.92 19.96 19.94 19.91 19.8 19.81 19.77 19.75 19.74 19.74 19.74 19.71 19.66 19.7 19.69 19.65 19.6 19.58 19.56 19.51 19.49 19.47 19.45 19.43 19.41 19.4 19.35 19.27 19.25 19.24 19.19 19.18 19.14 19.1 18.99 18.94 18.9 18.86 18.9 19.1 19.06 19.15 18.84 18.78 18.74 18.59 18.63 18.61 18.81 18.89 18.92 18.78 18.84 18.8 19.04 18.9 18.86 18.77 18.82 18.86 18.97 19.08 19.02 19.01 19.32 19.49 19.66 19.64 19.61 19.81 19.87 19.91 19.74 19.76 19.87 19.82 19.71 19.72
19.89 19.95 19.87 19.88 19.77 19.76 19.74 19.75 19.75 19.72 19.72 19.69 19.63 19.66 19.63 19.6 19.6 19.57 19.55 19.47 19.45 19.43 19.41 19.39 19.37 19.36 19.34 19.26 19.24 19.2 19.19 19.18 19.13 19.09 18.99 18.94 18.9 18.86 18.85 18.99 19.05 19.06 18.83 18.74 18.69 18.58 18.59 18.62 18.71 18.94 18.9 18.7 18.79 18.76 19.04 18.88 18.84 18.8 18.87 19.06 18.97 18.86 19.05 19.15 19.21 19.61 19.63 19.66 19.5 19.75 19.83 19.7 19.79 19.73 19.63 19.75 19.87 19.93
19.89 19.94 19.97 19.87 19.78 19.77 19.78 19.78 19.78 19.74 19.74 19.71 19.65 19.68 19.64 19.59 19.56 19.58 19.52 19.46 19.44 19.42 19.4 19.38 19.37 19.35 19.3 19.26 19.21 19.2 19.18 19.14 19.12 19.08 18.98 18.93 18.89 18.85 18.85 19.1 19.14 19.04 18.76 18.65 18.58 18.58 18.6 18.63 18.74 19.03 18.83 18.74 18.73 18.73 18.85 18.86 18.92 18.94 19 19.07 19.02 19.02 19.05 18.97 19.21 19.49 19.55 19.66 19.47 19.75 19.79 19.84 19.77 19.9 19.72 19.82 20.15 19.9
19.89 19.93 19.82 19.81 19.79 19.75 19.75 19.78 19.75 19.74 19.74 19.71 19.65 19.66 19.63 19.58 19.56 19.54 19.51 19.42 19.4 19.38 19.36 19.34 19.36 19.31 19.29 19.22 19.2 19.19 19.15 19.13 19.11 19.07 18.97 18.92 18.9 18.84 18.84 18.9 18.99 18.9 18.77 18.65 18.67 18.57 18.6 18.76 18.72 18.93 18.84 18.72 18.7 18.72 18.9 18.84 18.85 18.91 19 18.96 19.08 19.09 19.01 19.1 19.17 19.36 19.5 19.46 19.6 19.7 19.61 19.78 19.92 19.76 19.76 19.87 20.17 20.11
19.81 19.91 19.68 19.74 19.73 19.76 19.79 19.76 19.76 19.74 19.7 19.66 19.61 19.61 19.57 19.57 19.54 19.52 19.5 19.42 19.4 19.38 19.36 19.34 19.32 19.31 19.29 19.21 19.16 19.15 19.13 19.12 19.1 19.06 18.96 18.88 18.88 18.84 18.83 18.99 19.05 18.86 18.71 18.58 18.6 18.66 18.71 18.78 18.83 18.86 18.72 18.65 18.65 18.89 18.9 18.82 18.83 18.9 18.86 18.87 19.01 18.97 18.99 19.08 19.4 19.41 19.53 19.41 19.5 19.7 19.75 19.82 19.66 19.65 19.84 20.13 20.18 20.14
19.67 19.69 19.81 19.72 19.73 19.73 19.74 19.74 19.72 19.69 19.67 19.65 19.58 19.59 19.56 19.54 19.51 19.48 19.46 19.41 19.36 19.34 19.32 19.3 19.31 19.26 19.24 19.17 19.15 19.14 19.12 19.08 19.06 19.03 18.92 18.87 18.86 18.83 18.79 18.98 19.04 18.86 18.67 18.7 18.63 18.74 18.75 18.72 18.68 18.77 18.65 18.6 18.67 18.78 18.78 18.75 18.76 18.84 18.83 18.79 18.99 19.03 19.06 19.12 19.35 19.42 19.45 19.5 19.6 19.65 19.81 19.75 19.86 19.71 19.87 20.01 20.2 20.24
19.8 19.89 19.76 19.7 19.74 19.74 19.75 19.76 19.7 19.65 19.65 19.63 19.57 19.57 19.55 19.52 19.5 19.48 19.45 19.37 19.35 19.33 19.31 19.29 19.27 19.26 19.21 19.16 19.11 19.1 19.08 19.07 19.05 19.02 18.92 18.87 18.83 18.83 18.79 18.81 19.07 18.88 18.6 18.63 18.66 18.77 18.75 18.84 18.81 18.67 18.73 18.61 18.56 18.83 18.69 18.73 18.65 18.82 18.78 18.8 19.03 19.03 19.06 19.31 19.35 19.32 19.35 19.49 19.4 19.65 19.64 19.64 19.71 19.79 20.07 20.14 20.22 20.26
19.87 19.85 19.71 19.7 19.71 19.74 19.78 19.72 19.64 19.65 19.62 19.59 19.54 19.54 19.51 19.49 19.47 19.44 19.41 19.33 19.31 19.29 19.27 19.25 19.24 19.22 19.2 19.12 19.1 19.09 19.08 19.03 19.02 19.01 18.91 18.87 18.83 18.82 18.78 18.79 18.83 18.86 18.63 18.81 18.85 18.82 18.84 18.9 18.92 18.8 18.71 18.71 18.49 18.71 18.62 18.65 18.66 18.74 18.64 18.85 18.99 19 19.07 19.27 19.2 19.35 19.51 19.4 19.59 19.31 19.63 19.78 19.82 20.06 20.05 20.17 20.21 20.25
19.8 19.7 19.66 19.66 19.65 19.72 19.7 19.67 19.65 19.64 19.65 19.61 19.51 19.51 19.48 19.45 19.43 19.38 19.35 19.26 19.24 19.22 19.2 19.18 19.17 19.15 19.13 19.05 19.03 19.01 19 18.99 18.98 18.94 18.87 18.83 18.79 18.78 18.74 18.82 18.89 18.89 18.82 18.79 18.85 18.84 18.84 18.99 18.92 18.87 18.75 18.81 18.57 18.58 18.56 18.67 18.48 18.7 18.64 18.88 18.88 18.83 19.09 19.27 19.18 19.17 19.35 19.37 19.59 19.5 19.53 19.62 19.75 20.11 20.1 20.19 20.25 20.29
19.75 19.79 19.64 19.63 19.68 19.67 19.66 19.67 19.66 19.65 19.61 19.56 19.48 19.46 19.44 19.41 19.39 19.36 19.31 19.22 19.2 19.18 19.16 19.14 19.12 19.11 19.09 19.01 18.99 18.97 18.97 18.95 18.94 18.9 18.83 18.82 18.78 18.77 18.73 18.83 18.85 18.82 18.72 18.62 18.65 18.77 18.9 18.96 18.89 18.98 18.59 18.87 18.65 18.35 18.62 18.76 18.56 18.58 18.66 18.85 18.89 18.83 19.02 19.23 19.04 19.3 19.18 19.26 19.43 19.32 19.53 19.66 20.02 20.06 20.13 20.24 20.24 20.24
19.75 19.75 19.61 19.61 19.63 19.67 19.68 19.67 19.67 19.62 19.61 19.56 19.47 19.45 19.4 19.38 19.35 19.33 19.3 19.22 19.16 19.14 19.12 19.1 19.09 19.07 19.05 19 18.95 18.93 18.92 18.91 18.9 18.89 18.82 18.78 18.77 18.73 18.73 18.77 18.92 18.96 18.81 18.75 18.61 18.57 18.63 18.83 18.81 18.79 18.62 18.73 18.58 18.34 18.54 18.65 18.54 18.41 18.67 18.91 18.77 18.8 19.09 19.06 19 19.15 19.21 19.12 19.2 19.47 19.72 19.58 19.97 20.09 20.16 20.23 20.26 20.27
19.76 19.75 19.61 19.63 19.68 19.59 19.58 19.57 19.57 19.57 19.54 19.52 19.43 19.42 19.39 19.37 19.35 19.32 19.26 19.18 19.16 19.13 19.11 19.09 19.07 19.06 19.04 18.96 18.94 18.92 18.9 18.89 18.89 18.88 18.81 18.77 18.73 18.73 18.69 18.75 18.98 18.87 18.81 18.76 18.6 18.7 18.8 18.86 18.75 18.92 18.65 18.75 18.58 18.31 18.53 18.63 18.54 18.51 18.74 18.71 18.72 18.73 19.02 18.93 18.88 19.08 19.24 19.12 19.43 19.55 19.62 19.7 19.98 20.1 20.19 20.18 20.24 20.28
19.82 19.66 19.62 19.63 19.59 19.57 19.56 19.55 19.55 19.53 19.54 19.51 19.43 19.41 19.39 19.33 19.31 19.28 19.26 19.17 19.12 19.1 19.08 19.06 19.03 19.01 19 18.95 18.9 18.88 18.86 18.89 18.88 18.84 18.77 18.77 18.73 18.72 18.7 18.81 18.84 18.84 18.74 18.74 18.67 18.71 18.83 18.79 18.88 18.81 18.62 18.53 18.44 18.36 18.63 18.56 18.29 18.59 18.84 18.76 18.82 18.71 18.97 18.93 18.93 19.2 19.01 19.24 19.33 19.55 19.84 19.88 20 20.09 20.16 20.18 20.24 20.31
19.74 19.73 19.6 19.62 19.54 19.57 19.52 19.55 19.54 19.55 19.5 19.49 19.4 19.37 19.35 19.33 19.3 19.28 19.22 19.2 19.11 19.09 19.07 19.05 19.03 19.01 18.96 18.92 18.9 18.88 18.85 18.85 18.84 18.84 18.8 18.73 18.72 18.69 18.68 18.77 18.97 18.87 18.77 18.93 18.83 18.86 18.86 18.75 18.85 18.58 18.71 18.58 18.26 18.68 18.66 18.47 18.3 18.61 18.72 18.62 18.49 18.73 19.05 19.03 18.85 19.08 19.02 19.2 19.44 19.41 19.69 19.91 20.03 20.13 20.14 20.21 20.27 20.36
19.73 19.57 19.57 19.48 19.49 19.52 19.53 19.52 19.48 19.49 19.5 19.47 19.39 19.36 19.34 19.32 19.27 19.25 19.22 19.19 19.08 19.06 19.03 19.02 19 18.98 18.96 18.9 18.86 18.85 18.86 18.85 18.84 18.83 18.8 18.73 18.69 18.68 18.69 18.76 19.02 19.06 18.85 18.83 18.61 18.82 18.87 18.62 18.68 18.58 18.53 18.28 18.39 18.53 18.61 18.5 18.25 18.69 18.84 18.67 18.48 18.77 19.06 18.96 18.96 19.07 19.1 19.05 19.39 19.68 19.49 19.69 20.03 20.07 20.23 20.27 20.33 20.36
19.79 19.6 19.61 19.43 19.42 19.43 19.47 19.48 19.48 19.49 19.47 19.44 19.35 19.33 19.3 19.28 19.26 19.24 19.21 19.15 19.07 19.03 19.01 18.98 18.96 18.94 18.92 18.87 18.85 18.84 18.82 18.81 18.81 18.8 18.76 18.69 18.69 18.65 18.67 18.69 19.06 18.84 18.76 18.69 18.71 18.82 18.98 18.68 18.56 18.69 18.29 18.28 18.59 18.63 18.61 18.54 18.21 18.54 18.8 18.77 18.68 18.69 18.85 18.76 18.65 19.08 19.08 19.26 19.26 19.63 19.82 19.92 19.92 20.15 20.2 20.31 20.35 20.44
19.64 19.51 19.36 19.33 19.3 19.36 19.4 19.41 19.44 19.43 19.43 19.41 19.31 19.29 19.27 19.24 19.22 19.2 19.17 19.12 19.04 18.98 18.96 18.95 18.93 18.91 18.89 18.83 18.82 18.81 18.79 18.81 18.8 18.8 18.75 18.69 18.66 18.65 18.62 18.68 18.71 18.66 18.58 18.63 18.62 18.74 18.82 18.59 18.46 18.64 18.52 18.21 18.32 18.45 18.42 18.42 18.4 18.64 18.73 18.62 18.66 18.77 18.48 18.64 19.03 19.36 19.42 19.45 19.64 19.43 19.72 19.97 20.12 20.18 20.23 20.27 20.34 20.39
19.3 19.34 19.43 19.25 19.3 19.39 19.39 19.44 19.44 19.41 19.39 19.37 19.31 19.28 19.26 19.24 19.19 19.16 19.14 19.11 19.01 18.99 18.97 18.95 18.93 18.91 18.89 18.84 18.82 18.81 18.79 18.79 18.77 18.77 18.76 18.69 18.66 18.65 18.61 18.65 19.09 18.99 18.81 18.72 18.67 18.92 18.45 18.71 18.57 18.45 18.65 18.5 18.5 18.16 18.47 18.32 18.29 18.68 18.73 18.42 18.41 18.44 18.41 18.75 18.97 19.39 19.51 19.55 19.68 19.71 19.73 19.9 20.1 20.19 20.26 20.22 20.31 20.3
19.17 19.27 19.34 19.3 19.32 19.39 19.42 19.41 19.4 19.4 19.4 19.36 19.28 19.25 19.22 19.2 19.18 19.19 19.17 19.11 19 18.98 18.96 18.94 18.92 18.91 18.89 18.84 18.82 18.81 18.8 18.79 18.78 18.77 18.76 18.69 18.65 18.64 18.62 18.63 18.72 18.87 18.96 19 18.98 18.83 18.96 18.87 18.82 18.34 18.4 18.7 18.66 18.38 18.15 18.46 18.44 18.43 18.53 18.5 18.31 18.55 18.49 18.68 18.85 19.12 19.46 19.57 19.68 19.71 19.81 19.92 20.08 20.12 20.18 20.2 20.28 20.28
19.27 19.37 19.46 19.35 19.29 19.34 19.37 19.37 19.4 19.4 19.37 19.34 19.29 19.24 19.22 19.23 19.21 19.18 19.16 19.1 19.02 18.96 18.94 18.92 18.89 18.9 18.85 18.84 18.79 18.81 18.8 18.79 18.78 18.77 18.72 18.65 18.65 18.62 18.61 18.59 18.69 19 19.02 19.03 18.7 18.66 18.84 18.84 18.63 18.35 18.55 18.6 18.63 18.55 18.32 18.21 18.17 18.38 18.25 18.46 18.41 18.63 18.85 18.51 18.9 19.25 19.36 19.53 19.65 19.64 19.79 19.9 20.01 20.1 20.09 20.21 20.26 20.33
19.47 19.47 19.44 19.36 19.25 19.33 19.35 19.34 19.35 19.35 19.36 19.33 19.27 19.25 19.25 19.22 19.2 19.17 19.15 19.1 19.01 18.96 18.94 18.91 18.89 18.87 18.85 18.8 18.78 18.78 18.8 18.8 18.78 18.77 18.73 18.66 18.65 18.61 18.61 18.61 18.59 18.85 18.72 19 18.66 18.53 18.85 18.57 18.51 18.49 18.37 18.26 18.51 18.62 18.61 18.28 18.3 18.23 18.47 18.74 18.47 18.91 19.02 18.76 18.88 19.25 19.42 19.54 19.61 19.73 19.76 19.86 20 20.05 20.14 20.1 20.26 20.33
19.4 19.3 19.47 19.41 19.25 19.26 19.3 19.34 19.34 19.35 19.35 19.33 19.27 19.25 19.24 19.22 19.19 19.17 19.11 19.09 19.01 18.95 18.93 18.91 18.89 18.87 18.85 18.79 18.78 18.77 18.79 18.78 18.78 18.77 18.73 18.66 18.65 18.61 18.61 18.61 18.59 18.66 18.67 18.78 18.64 18.51 18.64 18.6 18.78 18.44 18.44 18.49 18.59 18.51 18.56 18.37 18.46 18.57 18.75 18.71 18.47 18.77 19.07 18.72 18.86 19.34 19.43 19.51 19.56 19.68 19.6 19.81 19.89 20.11 20.13 20.08 20.23 20.32
19.6 19.47 19.45 19.34 19.21 19.27 19.31 19.31 19.35 19.35 19.33 19.34 19.27 19.24 19.24 19.21 19.18 19.16 19.11 19.08 19 18.95 18.92 18.9 18.91 18.9 18.85 18.79 18.78 18.77 18.79 18.78 18.78 18.76 18.72 18.65 18.65 18.61 18.6 18.61 18.57 18.68 18.67 18.55 18.44 18.49 18.47 18.44 18.71 18.36 18.71 18.65 18.55 18.61 18.4 18.21 18.64 18.85 18.79 18.67 18.63 18.95 19.06 18.7 19.09 18.99 19.16 19.5 19.57 19.66 19.5 19.72 20.07 20.12 20.18 20.27 20.35 20.41
19.33 19.22 19.37 19.17 19.11 19.23 19.29 19.3 19.31 19.32 19.32 19.32 19.24 19.22 19.24 19.21 19.18 19.16 19.1 19.08 18.99 18.97 18.95 18.93 18.91 18.89 18.87 18.8 18.78 18.77 18.76 18.78 18.77 18.76 18.72 18.65 18.64 18.63 18.6 18.6 18.56 18.55 18.42 18.71 18.55 18.52 18.43 18.44 18.9 18.45 18.32 18.3 18.51 18.44 18.22 18.41 18.77 18.84 18.79 18.8 18.82 18.98 19.04 19.08 19 19.28 19.04 19.28 19.57 19.63 19.57 19.83 20.01 20.08 20.19 20.28 20.35 20.42
19.4 19.35 19.25 19.12 19.14 19.23 19.27 19.3 19.31 19.32 19.32 19.33 19.23 19.21 19.24 19.21 19.18 19.16 19.13 19.08 19.03 18.98 18.95 18.93 18.91 18.89 18.87 18.82 18.78 18.77 18.76 18.78 18.77 18.76 18.72 18.65 18.64 18.63 18.6 18.59 18.58 18.72 18.82 18.97 19.09 18.95 18.93 18.34 18.79 18.45 18.55 18.31 18.27 18.25 18.46 18.52 18.72 18.84 18.87 18.89 18.89 18.96 19.05 19.12 19.2 19.34 19.3 19.17 19.34 19.47 19.74 19.91 20.07 20.13 20.2 20.31 20.34 20.35
