DE_solarradiation/2018_04_solarradiation.asc
NCOLS 654
NROWS 866
XLLCORNER 3280500
YLLCORNER 5237500
CELLSIZE 1000
NODATA_VALUE -999
[rows 768 to 799 of 866, columns 360 to 431 of 654]
161.24 161.39 161.5 161.63 161.77 162.05 162.18 162.3 162.42 162.55 162.68 162.83 162.97 163.08 163.16 163.23 163.3 163.38 163.39 163.47 163.5 163.57 163.54 163.6 163.79 163.83 163.83 163.98 163.98 164.01 164.04 164.1 164.16 164.12 164.19 164.25 164.25 164.26 164.26 164.26 164.23 164.19 164.1 164.07 164 163.94 163.89 163.83 163.72 163.54 163.44 163.34 163.27 163.17 163.11 162.98 162.81 162.64 162.5 162.34 162.21 162.09 161.95 161.76 161.36 161.17 161.01 160.88 160.75 160.62 160.45 160.25
161.48 161.61 161.74 161.84 161.97 162.2 162.41 162.58 162.64 162.77 162.88 162.98 163.14 163.26 163.34 163.4 163.47 163.42 163.46 163.51 163.58 163.66 163.73 163.8 163.82 163.89 163.89 164.02 164.07 164.1 164.17 164.2 164.21 164.22 164.29 164.31 164.34 164.34 164.31 164.32 164.3 164.24 164.18 164.12 164.08 164.02 163.94 163.91 163.79 163.61 163.52 163.44 163.34 163.27 163.17 163.04 162.88 162.72 162.56 162.42 162.29 162.17 162.01 161.82 161.42 161.23 161.07 160.94 160.78 160.66 160.52 160.33
161.7 161.81 161.92 162.07 162.2 162.45 162.58 162.68 162.81 162.9 163.05 163.14 163.32 163.43 163.48 163.53 163.59 163.53 163.56 163.64 163.79 163.8 163.81 163.93 163.9 163.95 163.98 164.05 164.16 164.17 164.24 164.32 164.27 164.28 164.35 164.39 164.41 164.41 164.4 164.39 164.36 164.33 164.23 164.2 164.14 164.09 164.03 163.96 163.89 163.65 163.55 163.52 163.42 163.32 163.25 163.12 162.96 162.8 162.65 162.5 162.37 162.26 162.1 161.91 161.51 161.32 161.13 161 160.87 160.75 160.58 160.38
161.88 162.02 162.13 162.25 162.44 162.63 162.75 162.88 162.97 163.12 163.19 163.3 163.47 163.54 163.6 163.63 163.7 163.67 163.68 163.78 163.92 163.9 163.95 164.06 164.05 164.07 164.09 164.15 164.23 164.26 164.27 164.33 164.37 164.35 164.41 164.45 164.45 164.45 164.42 164.43 164.42 164.39 164.29 164.25 164.19 164.15 164.09 164.04 163.92 163.77 163.67 163.58 163.5 163.4 163.3 163.17 163 162.85 162.71 162.58 162.45 162.3 162.17 161.98 161.55 161.36 161.19 161.06 160.93 160.8 160.65 160.47
162.11 162.18 162.33 162.46 162.6 162.8 162.95 163.05 163.16 163.27 163.38 163.43 163.64 163.71 163.73 163.73 163.75 163.78 163.8 163.88 163.95 164.04 164.04 164.12 164.13 164.12 164.2 164.23 164.32 164.33 164.37 164.38 164.44 164.44 164.5 164.51 164.52 164.52 164.51 164.51 164.48 164.45 164.35 164.32 164.24 164.2 164.14 164.1 163.99 163.8 163.72 163.63 163.55 163.45 163.34 163.24 163.08 162.93 162.77 162.65 162.49 162.36 162.23 162.04 161.61 161.42 161.26 161.13 161 160.86 160.71 160.53
162.3 162.4 162.53 162.69 162.81 163.03 163.15 163.26 163.37 163.45 163.55 163.6 163.72 163.83 163.88 163.9 163.93 163.92 163.96 163.99 164.06 164.13 164.18 164.18 164.21 164.23 164.29 164.33 164.33 164.43 164.43 164.47 164.48 164.54 164.57 164.57 164.58 164.59 164.55 164.58 164.53 164.5 164.4 164.37 164.29 164.25 164.19 164.16 164.05 163.84 163.78 163.68 163.6 163.49 163.42 163.27 163.11 162.97 162.84 162.68 162.56 162.43 162.32 162.13 161.72 161.5 161.34 161.21 161.08 160.95 160.8 160.63
162.7 162.83 162.95 163.08 163.18 163.37 163.52 163.63 163.72 163.83 163.88 163.92 163.98 164.04 164.08 164.19 164.16 164.15 164.16 164.21 164.25 164.32 164.35 164.39 164.38 164.41 164.44 164.46 164.46 164.53 164.57 164.57 164.62 164.62 164.63 164.62 164.65 164.58 164.63 164.63 164.6 164.56 164.49 164.42 164.38 164.3 164.26 164.2 164.13 163.87 163.81 163.71 163.64 163.53 163.46 163.32 163.18 163.1 162.94 162.81 162.68 162.57 162.41 162.25 161.85 161.66 161.49 161.36 161.23 161.11 160.96 160.8
162.93 163.04 163.18 163.32 163.4 163.59 163.7 163.81 163.92 163.98 164.06 164.17 164.13 164.19 164.21 164.24 164.26 164.29 164.31 164.31 164.41 164.43 164.44 164.42 164.49 164.5 164.52 164.52 164.54 164.64 164.63 164.63 164.68 164.67 164.7 164.69 164.7 164.64 164.69 164.66 164.62 164.58 164.53 164.48 164.4 164.36 164.29 164.25 164.15 163.94 163.86 163.76 163.68 163.57 163.5 163.36 163.23 163.14 162.98 162.89 162.76 162.63 162.49 162.33 161.93 161.74 161.58 161.44 161.31 161.18 161.07 160.91
163.08 163.23 163.3 163.43 163.55 163.74 163.88 163.99 164.06 164.11 164.18 164.23 164.28 164.29 164.33 164.36 164.39 164.38 164.4 164.48 164.52 164.4 164.5 164.52 164.53 164.58 164.59 164.52 164.59 164.63 164.72 164.7 164.71 164.74 164.73 164.73 164.67 164.73 164.73 164.73 164.68 164.64 164.55 164.5 164.46 164.39 164.35 164.28 164.19 163.99 163.87 163.77 163.69 163.62 163.51 163.4 163.27 163.19 163.06 162.93 162.81 162.69 162.56 162.36 161.99 161.8 161.64 161.52 161.38 161.29 161.15 160.98
163.23 163.35 163.46 163.56 163.68 163.85 164 164.14 164.18 164.24 164.23 164.33 164.37 164.44 164.43 164.48 164.44 164.47 164.49 164.55 164.62 164.49 164.54 164.6 164.64 164.58 164.56 164.56 164.74 164.68 164.74 164.72 164.75 164.7 164.77 164.76 164.75 164.78 164.77 164.73 164.7 164.67 164.57 164.53 164.49 164.41 164.38 164.18 164.18 164.01 163.9 163.8 163.71 163.64 163.54 163.41 163.28 163.23 163.08 162.98 162.85 162.72 162.61 162.45 162.04 161.87 161.71 161.59 161.48 161.37 161.26 161.07
163.38 163.48 163.61 163.71 163.81 163.99 164.14 164.28 164.27 164.33 164.4 164.46 164.48 164.54 164.6 164.57 164.53 164.56 164.55 164.65 164.67 164.63 164.63 164.66 164.61 164.58 164.62 164.7 164.74 164.73 164.77 164.79 164.81 164.8 164.8 164.83 164.85 164.87 164.8 164.76 164.7 164.67 164.61 164.56 164.46 164.43 164.35 164.29 164.2 164.01 163.91 163.81 163.74 163.65 163.54 163.42 163.29 163.24 163.11 162.98 162.89 162.76 162.64 162.48 162.1 161.91 161.78 161.64 161.55 161.43 161.33 161.2
163.52 163.61 163.69 163.81 163.94 164.12 164.22 164.33 164.42 164.43 164.38 164.57 164.56 164.65 164.65 164.64 164.59 164.62 164.64 164.75 164.79 164.73 164.74 164.61 164.68 164.77 164.82 164.83 164.78 164.82 164.81 164.8 164.8 164.85 164.85 164.84 164.77 164.88 164.85 164.8 164.73 164.69 164.64 164.56 164.5 164.44 164.23 164.31 164.22 164.02 163.89 163.82 163.75 163.63 163.56 163.44 163.33 163.26 163.13 163.03 162.9 162.81 162.68 162.51 162.15 161.98 161.85 161.74 161.62 161.55 161.43 161.29
163.63 163.76 163.86 163.98 164.07 164.24 164.36 164.45 164.48 164.55 164.57 164.65 164.61 164.7 164.75 164.68 164.68 164.71 164.7 164.81 164.82 164.77 164.68 164.66 164.81 164.84 164.85 164.87 164.84 164.88 164.84 164.85 164.85 164.84 164.89 164.84 164.76 164.77 164.83 164.8 164.76 164.7 164.66 164.59 164.49 164.3 164.33 164.3 164.2 164.04 163.92 163.84 163.76 163.63 163.57 163.45 163.34 163.3 163.16 163.07 162.93 162.85 162.75 162.58 162.24 162.08 161.93 161.84 161.73 161.63 161.51 161.39
163.76 163.89 163.99 164.13 164.22 164.38 164.5 164.6 164.59 164.67 164.71 164.77 164.88 164.82 164.84 164.82 164.77 164.8 164.79 164.84 164.88 164.84 164.74 164.9 164.97 164.95 164.94 164.91 164.95 164.94 164.92 164.93 164.91 164.9 164.9 164.72 164.75 164.76 164.83 164.76 164.75 164.7 164.6 164.54 164.42 164.38 164.34 164.26 164.17 164 163.91 163.83 163.75 163.66 163.56 163.47 163.32 163.31 163.21 163.11 163.01 162.92 162.78 162.65 162.43 162.25 162.15 162.06 161.98 161.88 161.76 161.59
163.9 164.12 164.25 164.33 164.48 164.62 164.7 164.83 164.83 164.86 164.89 164.98 165.02 165 165 164.95 164.92 164.95 164.94 164.94 164.91 164.85 164.84 165.06 165.07 165.04 165.1 165.02 165.05 164.96 164.92 164.93 164.92 164.91 164.77 164.69 164.69 164.81 164.81 164.82 164.82 164.77 164.6 164.51 164.45 164.25 164.32 164.23 164.18 164.02 163.89 163.81 163.72 163.64 163.55 163.47 163.34 163.37 163.22 163.15 163.05 162.95 162.85 162.72 162.49 162.35 162.25 162.16 162.1 162 161.86 161.72
164.02 164.28 164.4 164.49 164.61 164.74 164.8 164.91 164.98 164.97 165.06 165.11 165.17 165.17 165.1 165.06 165.01 165.04 165.04 165.03 164.95 164.91 164.99 165.11 165.08 165.03 165.13 165.11 165.01 164.98 164.98 164.95 164.88 164.76 164.72 164.67 164.7 164.68 164.78 164.8 164.77 164.74 164.56 164.48 164.25 164.24 164.32 164.22 164.15 164.02 163.91 163.83 163.74 163.65 163.57 163.49 163.61 163.37 163.26 163.17 163.08 163 162.89 162.78 162.56 162.42 162.31 162.28 162.21 162.1 161.96 161.83
164.26 164.39 164.51 164.6 164.72 164.84 164.89 164.96 165 165.04 165.15 165.19 165.24 165.28 165.23 165.12 165.11 165.1 165.1 165.09 165.01 165 165.08 165.22 165.21 165.16 165.14 165.13 165.06 164.94 164.94 164.91 164.87 164.82 164.69 164.68 164.72 164.74 164.75 164.74 164.79 164.75 164.53 164.43 164.22 164.37 164.3 164.25 164.17 163.98 163.91 163.83 163.76 163.66 163.58 163.51 163.61 163.38 163.28 163.2 163.1 163.04 162.93 162.82 162.62 162.47 162.36 162.34 162.27 162.2 162.02 161.9
164.37 164.48 164.62 164.71 164.83 164.95 164.98 165.05 165.09 165.15 165.24 165.28 165.35 165.35 165.32 165.2 165.17 165.17 165.16 165.15 165.05 165.14 165.35 165.26 165.23 165.16 165.18 165.06 165.02 164.94 164.92 164.88 164.86 164.85 164.7 164.65 164.76 164.69 164.74 164.71 164.73 164.68 164.52 164.35 164.19 164.34 164.3 164.24 164.13 164 163.92 163.84 163.74 163.67 163.6 163.51 163.62 163.43 163.31 163.24 163.13 163.07 163 162.89 162.66 162.54 162.43 162.43 162.37 162.22 162.1 161.95
164.5 164.63 164.71 164.82 164.92 165.08 165.13 165.2 165.23 165.27 165.34 165.39 165.44 165.47 165.4 165.32 165.24 165.23 165.22 165.2 165.21 165.24 165.33 165.33 165.31 165.31 165.2 165.11 165.01 164.94 164.96 164.95 164.83 164.71 164.67 164.68 164.7 164.66 164.7 164.68 164.71 164.64 164.37 164.25 164.15 164.3 164.22 164.16 164.13 164.02 163.9 163.85 163.78 163.69 163.61 163.52 163.63 163.43 163.36 163.25 163.18 163.11 163.03 162.92 162.72 162.62 162.49 162.44 162.4 162.31 162.17 162.07
164.55 164.68 164.81 164.92 165.06 165.16 165.23 165.29 165.35 165.37 165.49 165.5 165.55 165.51 165.5 165.42 165.31 165.29 165.28 165.26 165.29 165.29 165.37 165.37 165.39 165.33 165.3 165.09 164.99 165 165.03 164.91 164.74 164.72 164.68 164.74 164.71 164.65 164.64 164.67 164.62 164.47 164.18 164.13 164.25 164.25 164.17 164.17 164.14 164.02 163.93 163.83 163.77 163.69 163.62 163.52 163.65 163.47 163.36 163.28 163.21 163.15 163.07 162.99 162.79 162.68 162.59 162.52 162.5 162.42 162.29 162.18
164.74 164.88 164.97 165.06 165.19 165.29 165.37 165.42 165.47 165.47 165.57 165.62 165.65 165.65 165.55 165.52 165.42 165.38 165.37 165.32 165.33 165.42 165.44 165.43 165.43 165.37 165.32 165.16 165.05 165.02 165.03 164.86 164.74 164.7 164.65 164.79 164.7 164.63 164.59 164.58 164.59 164.28 164.15 164.11 164.2 164.17 164.06 164.14 164.07 164.02 163.96 163.87 163.77 163.7 163.63 163.54 163.69 163.48 163.4 163.33 163.25 163.22 163.13 163.03 162.85 162.74 162.65 162.58 162.59 162.48 162.41 162.2
165 165.12 165.21 165.33 165.46 165.48 165.54 165.58 165.64 165.68 165.76 165.77 165.8 165.7 165.67 165.63 165.54 165.48 165.46 165.41 165.39 165.46 165.57 165.51 165.47 165.44 165.37 165.15 165.04 164.97 164.94 164.76 164.68 164.64 164.73 164.65 164.58 164.54 164.52 164.54 164.42 164.17 164.1 164.14 164.15 164.09 163.99 163.99 163.99 163.97 163.92 163.84 163.73 163.67 163.62 163.54 163.67 163.58 163.5 163.42 163.37 163.31 163.23 163.15 163 162.92 162.83 162.76 162.76 162.66 162.55 162.42
165.13 165.25 165.36 165.45 165.58 165.62 165.7 165.72 165.78 165.83 165.84 165.91 165.91 165.8 165.81 165.76 165.62 165.57 165.52 165.5 165.38 165.4 165.48 165.59 165.52 165.45 165.41 165.16 165.08 164.99 164.89 164.73 164.69 164.61 164.67 164.59 164.56 164.49 164.43 164.47 164.34 164.14 164.06 164.13 164.16 164.05 163.93 163.94 163.91 163.81 163.84 163.8 163.75 163.68 163.62 163.53 163.71 163.59 163.5 163.45 163.41 163.35 163.29 163.2 163.05 162.96 162.91 162.75 162.81 162.67 162.6 162.47
165.06 165.37 165.48 165.59 165.66 165.72 165.78 165.8 165.88 165.96 165.98 165.98 165.91 165.84 165.8 165.76 165.68 165.63 165.61 165.56 165.43 165.45 165.58 165.61 165.45 165.5 165.42 165.21 165.14 165.1 164.84 164.7 164.66 164.61 164.63 164.59 164.51 164.47 164.44 164.44 164.17 164.11 164.05 164.13 164.09 164.11 163.9 163.87 163.86 163.76 163.73 163.8 163.75 163.72 163.62 163.54 163.73 163.6 163.54 163.48 163.41 163.37 163.3 163.2 163.09 163.02 162.94 162.77 162.89 162.68 162.66 162.45
165.16 165.31 165.51 165.56 165.65 165.79 165.88 165.89 165.98 166.03 166.07 165.99 166.02 165.85 165.84 165.82 165.73 165.7 165.67 165.62 165.48 165.48 165.52 165.62 165.58 165.56 165.35 165.21 165.12 165.04 164.75 164.7 164.65 164.58 164.6 164.54 164.53 164.47 164.5 164.38 164.13 164.08 164.01 164.05 164.05 164.02 163.85 163.88 163.8 163.73 163.72 163.69 163.74 163.74 163.63 163.57 163.74 163.62 163.54 163.5 163.45 163.37 163.33 163.24 163.14 163.06 163 162.83 162.92 162.88 162.56 162.48
165.29 165.34 165.41 165.66 165.76 165.85 165.96 165.98 166.03 166.16 166.15 166.06 166 165.96 165.94 165.87 165.84 165.78 165.73 165.68 165.54 165.48 165.49 165.57 165.53 165.52 165.46 165.23 165.08 164.86 164.75 164.7 164.62 164.57 164.6 164.51 164.5 164.47 164.42 164.27 164.12 164.04 163.96 163.96 164.02 163.94 163.8 163.85 163.78 163.69 163.71 163.72 163.55 163.59 163.58 163.51 163.77 163.62 163.59 163.54 163.47 163.41 163.37 163.27 163.15 163.08 163.02 162.82 162.95 162.69 162.61 162.48
165.38 165.48 165.48 165.61 165.85 165.88 166 166.07 166.16 166.22 166.27 166.26 166.06 166.01 165.95 166 165.91 165.84 165.8 165.73 165.59 165.51 165.49 165.57 165.51 165.42 165.36 165.25 165 164.82 164.74 164.66 164.61 164.53 164.58 164.55 164.48 164.4 164.32 164.16 164.08 164.01 163.94 163.89 163.89 163.79 163.76 163.72 163.71 163.66 163.66 163.68 163.65 163.57 163.51 163.45 163.81 163.66 163.59 163.51 163.41 163.44 163.35 163.31 163.18 163.11 163.05 162.89 162.95 162.91 162.64 162.63
165.46 165.56 165.67 165.73 165.91 166 166.03 166.11 166.21 166.33 166.36 166.36 166.18 166.1 166.1 166.08 165.95 165.92 165.85 165.78 165.63 165.55 165.53 165.48 165.49 165.41 165.31 165.11 164.93 164.82 164.74 164.66 164.6 164.52 164.55 164.49 164.45 164.4 164.38 164.08 164 163.97 163.95 163.84 163.8 163.75 163.72 163.67 163.77 163.7 163.68 163.67 163.6 163.54 163.51 163.45 163.74 163.62 163.59 163.53 163.45 163.42 163.33 163.29 163.16 163.13 163.07 163 163 162.91 162.72 162.6
165.51 165.55 165.71 165.92 166 166.11 166.18 166.23 166.36 166.46 166.5 166.39 166.22 166.16 166.18 166.17 166.05 165.98 166 165.9 165.75 165.65 165.63 165.6 165.52 165.47 165.36 165.09 164.91 164.79 164.7 164.64 164.56 164.48 164.53 164.37 164.41 164.36 164.31 163.97 163.92 163.91 163.84 163.71 163.66 163.6 163.56 163.66 163.7 163.67 163.63 163.55 163.52 163.52 163.49 163.41 163.36 163.59 163.52 163.48 163.43 163.37 163.28 163.24 163.22 163.2 163.13 162.98 162.98 162.95 162.93 162.81
165.67 165.79 165.79 165.91 166.16 166.24 166.31 166.44 166.5 166.62 166.57 166.52 166.35 166.31 166.34 166.28 166.18 166.14 166.05 165.97 165.79 165.72 165.73 165.7 165.56 165.52 165.35 165.07 164.92 164.82 164.68 164.6 164.52 164.43 164.46 164.34 164.36 164.31 164.23 163.92 163.87 163.83 163.76 163.66 163.61 163.56 163.51 163.5 163.62 163.61 163.54 163.51 163.44 163.46 163.46 163.39 163.29 163.19 163.52 163.45 163.38 163.34 163.34 163.24 163.21 163.18 163.16 163.09 162.98 162.96 162.93 162.85
165.79 165.87 165.93 166.06 166.22 166.32 166.44 166.49 166.62 166.64 166.73 166.77 166.53 166.38 166.39 166.35 166.29 166.17 166.09 166.02 165.83 165.74 165.73 165.73 165.62 165.47 165.39 165.07 164.93 164.86 164.72 164.58 164.5 164.41 164.39 164.29 164.26 164.27 164.17 164.01 163.81 163.78 163.68 163.64 163.57 163.47 163.43 163.42 163.39 163.54 163.51 163.48 163.42 163.37 163.36 163.26 163.28 163.1 163.13 163.44 163.35 163.3 163.28 163.23 163.22 163.18 163.18 163.21 163.17 162.83 162.93 162.93
165.81 165.93 166.08 166.18 166.16 166.38 166.51 166.65 166.66 166.76 166.87 166.93 166.89 166.59 166.42 166.43 166.38 166.27 166.15 166.06 165.86 165.75 165.68 165.64 165.62 165.49 165.31 165.09 164.96 164.81 164.76 164.59 164.44 164.36 164.27 164.13 164.15 164.16 164.1 163.96 163.74 163.76 163.66 163.56 163.49 163.44 163.38 163.4 163.33 163.43 163.41 163.25 163.21 163.22 163.26 163.25 163.24 163.02 163.08 163.04 163.37 163.28 163.25 163.2 163.16 163.22 163.26 163.05 162.97 162.96 162.74 162.89
