DE_solarradiation/2018_07_solarradiation.asc
NCOLS 654
NROWS 866
XLLCORNER 3280500
YLLCORNER 5237500
CELLSIZE 1000
NODATA_VALUE -999
[rows 640 to 671 of 866, columns 216 to 287 of 654]
199.32 199.25 199.15 199.15 199.08 198.77 198.55 198.49 198.32 198.18 198.34 198.21 197.96 197.83 197.74 197.42 197.3 197.18 197.17 197.03 196.84 196.8 196.62 196.67 196.67 196.71 196.72 197.43 197.52 197.56 197.47 197.43 197.45 197.56 197.62 197.84 197.97 197.92 197.75 197.7 197.72 197.75 197.56 197.42 197.37 197.25 197.22 197.15 197.27 197.12 196.84 196.46 196.35 196.34 196.22 196.07 195.96 195.79 195.62 195.7 195.55 195.51 195.63 195.6 195.33 195.17 195.21 195.03 194.97 194.86 194.8 194.72
199.52 199.42 199.28 199.19 199.09 198.91 198.74 198.55 198.47 198.35 198.48 198.37 198.08 198.02 197.89 197.68 197.52 197.39 197.35 197.21 196.96 196.97 196.96 196.84 196.84 196.89 196.92 196.97 196.87 196.91 196.82 197.42 197.52 197.5 197.56 197.69 197.78 197.69 197.69 197.63 197.66 197.79 197.64 197.5 197.44 197.35 197.16 197.04 197.11 196.9 196.53 196.35 196.41 196.06 195.99 195.97 195.77 195.55 195.43 195.39 195.27 195.23 195.2 195.13 195.25 194.76 194.64 194.56 194.6 194.5 194.43 194.3
199.92 199.79 199.78 199.63 199.5 199.25 199.16 199.09 198.96 198.74 198.94 198.79 198.38 198.46 198.28 198.17 197.9 197.76 197.7 197.61 197.33 197.22 197.24 197.2 197.22 197.05 197 197.08 196.94 196.92 196.93 196.94 196.96 197 197.07 197.63 197.59 197.75 197.58 197.57 197.76 197.45 197.24 197.18 197.3 197.05 196.95 196.86 196.73 196.72 196.25 196.11 196.05 196.18 195.99 195.77 195.67 195.43 195.31 195.24 195.15 195.11 195.02 194.99 194.99 194.72 194.54 194.41 194.34 194.26 194.18 194.09
199.93 199.94 199.87 199.85 199.59 199.41 199.23 199.13 199.05 198.93 199.05 199.02 198.84 198.39 198.42 198.3 198.16 197.97 197.87 197.74 197.56 197.37 197.31 197.25 197.15 197.14 197.09 197.06 196.94 196.95 196.98 196.97 196.98 197.04 197.06 197.06 197.22 197.5 197.66 197.69 197.53 197.42 197.34 197.11 197.03 197.12 196.86 196.79 196.69 196.52 196.23 196.01 195.92 196.11 195.99 196.01 195.91 195.53 195.4 195.11 195.04 194.98 194.9 194.87 194.95 194.45 194.32 194.27 194.17 194.15 194.05 193.97
199.95 199.97 199.89 199.92 199.71 199.43 199.31 199.21 199.14 199.04 199.15 199.06 198.86 198.49 198.54 198.36 198.18 198.08 197.97 197.93 197.56 197.49 197.28 197.25 197.22 197.17 197.13 197.13 197.01 196.94 196.99 196.99 197.03 197.05 197 197.02 197.17 197.02 197.45 197.39 197.53 197.44 197.3 197.08 196.96 196.87 196.84 196.79 196.66 196.53 196.12 195.95 195.91 195.83 195.78 195.68 195.56 195.71 195.35 195.27 195.08 194.94 194.85 194.75 194.92 194.49 194.22 194.11 194.06 194 193.95 193.87
200.02 199.94 199.9 199.91 199.71 199.56 199.37 199.29 199.18 199.08 199.23 199.12 198.96 198.56 198.57 198.41 198.24 198.1 198.04 197.97 197.55 197.44 197.37 197.43 197.36 197.29 197.21 197.13 197.04 196.97 197 196.96 197.02 197.01 197 196.96 197.03 196.97 196.92 197.38 197.34 197.29 197.37 196.99 196.93 196.87 196.77 196.74 196.6 196.46 196.09 195.94 195.85 195.75 195.68 195.59 195.48 195.45 195.28 195.01 194.88 194.86 194.75 194.63 194.81 194.42 194.13 193.99 193.98 193.89 193.84 193.76
200.03 200.02 199.96 199.84 199.75 199.51 199.42 199.3 199.22 199.15 199.1 199.17 199.03 198.64 198.5 198.49 198.32 198.22 198.15 197.97 197.65 197.54 197.49 197.38 197.34 197.33 197.26 197.19 197.03 196.97 197.04 197.01 197.01 197.03 197.16 197.05 197 196.94 196.94 196.83 197.33 197.3 197.17 196.98 196.83 196.82 196.7 196.62 196.57 196.46 196.12 195.9 195.79 195.75 195.64 195.55 195.46 195.32 195.04 195.23 195.05 194.75 194.67 194.56 194.66 194.41 194.07 193.93 193.96 193.82 193.77 193.7
200.05 200.01 199.95 199.83 199.77 199.51 199.43 199.38 199.28 199.21 199.13 199.22 199.03 198.7 198.58 198.5 198.4 198.32 198.17 198.04 197.72 197.59 197.49 197.39 197.31 197.28 197.32 197.25 197.13 197.09 197.09 197.06 197.08 197.06 196.94 196.96 196.89 196.94 196.78 196.79 196.77 197.16 197.11 196.87 196.79 196.7 196.68 196.57 196.44 196.31 195.97 195.85 195.73 195.64 195.55 195.5 195.38 195.22 194.95 195.09 194.76 194.65 194.58 194.48 194.33 194.26 193.99 193.85 193.83 193.78 193.9 193.71
200.16 199.98 199.92 199.91 199.8 199.54 199.43 199.31 199.25 199.2 199.09 199.2 199.06 198.69 198.52 198.54 198.45 198.34 198.2 198.06 197.73 197.52 197.45 197.39 197.28 197.25 197.18 197.2 197.1 197 196.97 196.98 196.95 196.96 196.92 196.84 196.77 196.85 196.7 196.73 196.7 196.64 197.02 196.84 196.68 196.61 196.56 196.44 196.37 196.23 195.88 195.72 195.62 195.62 195.5 195.4 195.29 195.17 194.85 194.93 194.68 194.56 194.47 194.36 194.26 194.12 194.14 193.88 193.78 193.81 193.63 193.51
200.08 200.01 199.98 199.91 199.77 199.55 199.44 199.37 199.11 199.23 199.21 199.25 199.11 198.74 198.61 198.51 198.4 198.31 198.31 198.18 197.76 197.59 197.49 197.41 197.3 197.3 197.26 197.19 196.96 196.95 196.93 196.94 196.89 196.88 196.8 196.67 196.61 196.65 196.56 196.59 196.56 196.52 196.41 196.65 196.57 196.48 196.4 196.32 196.21 196.04 195.72 195.59 195.5 195.42 195.35 195.26 195.14 195.01 194.9 194.86 194.74 194.45 194.31 194.27 194.09 193.81 193.73 193.75 193.59 193.59 193.45 193.38
200.16 200.06 199.98 199.92 199.81 199.56 199.45 199.38 199.34 199.3 199.22 199.28 199.09 198.76 198.63 198.49 198.43 198.35 198.3 198.12 197.73 197.57 197.44 197.36 197.28 197.27 197.2 197.09 196.91 196.92 196.86 196.82 196.8 196.84 196.74 196.61 196.51 196.52 196.55 196.55 196.45 196.41 196.3 196.08 196.44 196.37 196.27 196.17 196.08 195.93 195.6 195.48 195.38 195.31 195.29 195.18 195.06 194.91 194.71 194.52 194.64 194.34 194.32 194.2 194.06 193.76 193.62 193.52 193.46 193.41 193.55 193.48
200.13 200.02 199.97 199.9 199.78 199.55 199.45 199.36 199.29 199.21 199.14 199.23 199.14 198.74 198.59 198.47 198.39 198.3 198.27 198.15 197.72 197.54 197.43 197.26 197.24 197.06 196.99 196.88 196.85 196.64 196.65 196.76 196.7 196.69 196.7 196.52 196.46 196.43 196.38 196.44 196.39 196.3 196.23 196 195.87 196.31 196.22 196.13 195.98 195.86 195.53 195.37 195.29 195.23 195.17 195.07 194.97 194.84 194.54 194.45 194.67 194.51 194.19 194.13 194.07 193.68 193.57 193.48 193.38 193.33 193.3 193.31
200.05 199.95 199.93 199.83 199.72 199.43 199.38 199.24 199.2 199.14 199.09 199.18 199.01 198.72 198.59 198.44 198.37 198.27 198.21 198.1 197.66 197.42 197.32 197.23 197.01 196.97 197.02 196.81 196.64 196.69 196.5 196.47 196.53 196.57 196.53 196.47 196.36 196.34 196.28 196.28 196.28 196.18 196.12 195.91 195.76 195.67 196.08 195.99 195.82 195.65 195.25 195.26 195.2 195.13 195.1 194.97 194.87 194.74 194.49 194.34 194.27 194.5 194.15 194.16 193.98 193.61 193.51 193.41 193.36 193.32 193.34 193.28
199.9 199.91 199.87 199.75 199.64 199.39 199.28 199.2 199.14 199.04 198.98 199.07 198.96 198.61 198.52 198.4 198.33 198.24 198.16 197.97 197.59 197.46 197.28 197.21 197.02 197.01 197 196.82 196.66 196.47 196.43 196.5 196.47 196.44 196.36 196.3 196.23 196.21 196.11 196.16 196.13 196.01 195.96 195.72 195.63 195.55 195.44 195.84 195.45 195.41 195.07 194.99 195 195.02 194.95 194.86 194.77 194.62 194.38 194.24 194.22 194.39 194.25 194.03 193.97 193.59 193.45 193.42 193.36 193.3 193.25 193.19
199.86 199.83 199.77 199.68 199.53 199.3 199.24 199.12 199.05 198.97 198.92 199.04 198.89 198.49 198.37 198.29 198.22 198.11 198.08 197.95 197.51 197.38 197.14 197.11 197.04 196.99 196.9 196.84 196.61 196.5 196.35 196.34 196.37 196.34 196.3 196.18 196.11 195.9 196.03 195.96 195.98 195.85 195.84 195.56 195.51 195.29 195.08 194.94 195.31 195.22 194.95 194.82 194.92 194.89 194.84 194.74 194.67 194.56 194.29 194.24 194.45 194.1 194 193.97 193.89 193.58 193.45 193.38 193.29 193.25 193.21 193.15
199.73 199.68 199.6 199.52 199.43 199.18 199.1 199.03 198.92 198.85 198.78 198.72 198.78 198.45 198.28 198.21 198.1 198.04 197.97 197.81 197.31 197.23 197.17 197.04 196.92 196.91 196.73 196.51 196.3 196.18 196.24 196.24 196.2 196.2 196.13 196.03 195.88 195.78 195.77 195.78 195.7 195.68 195.62 195.33 195.28 195.18 195.04 195 194.69 195.01 194.81 194.69 194.49 194.68 194.66 194.61 194.54 194.41 194.21 194.1 194.22 194.3 193.99 193.91 193.85 193.52 193.41 193.37 193.29 193.26 193.21 193.17
199.69 199.6 199.51 199.4 199.31 199.05 198.93 198.88 198.79 198.71 198.65 198.58 198.62 198.31 198.17 198.05 198.02 197.87 197.82 197.69 197.14 197.06 196.98 196.84 196.86 196.71 196.61 196.54 196.27 196.12 195.99 195.93 195.97 195.99 195.9 195.73 195.71 195.61 195.35 195.43 195.33 195.05 195.08 194.77 194.66 194.47 194.35 194.27 194.22 194.1 194.48 194.27 194.28 194.35 194.34 194.31 194.38 194.31 194.25 194.1 194.07 193.83 193.82 193.97 193.66 193.45 193.38 193.36 193.36 193.29 193.23 193.19
199.45 199.33 199.28 199.2 199.07 198.8 198.72 198.59 198.59 198.48 198.44 198.34 198.41 198.09 197.95 197.87 197.76 197.68 197.64 197.46 197.06 196.81 196.69 196.65 196.58 196.5 196.42 196.32 195.93 195.77 195.7 195.55 195.58 195.56 195.49 195.24 195.17 195.12 195.07 194.93 194.76 194.69 194.79 194.64 194.5 194.3 194.31 194.16 193.99 193.9 193.81 194.16 193.98 194.22 194.21 194.19 194.14 194.15 193.86 193.79 193.89 193.74 193.68 193.71 193.78 193.45 193.4 193.44 193.28 193.27 193.25 193.18
199.28 199.23 199.15 199.05 198.97 198.66 198.54 198.49 198.42 198.37 198.3 198.21 198.28 197.97 197.84 197.71 197.61 197.57 197.49 197.31 196.93 196.7 196.55 196.41 196.33 196.35 196.19 196.11 195.78 195.69 195.52 195.47 195.45 195.36 195.18 195.02 194.93 194.84 194.8 194.68 194.68 194.39 194.32 194.23 194.22 194.24 193.96 193.83 193.78 193.71 193.5 193.43 193.86 194.05 194.04 194.02 194.04 193.9 193.71 193.7 193.66 193.63 193.62 193.6 193.55 193.63 193.37 193.33 193.29 193.26 193.24 193.19
199.1 199.04 198.96 198.93 198.84 198.54 198.41 198.31 198.22 198.19 198.06 198.02 198.05 197.76 197.64 197.55 197.45 197.41 197.34 197.14 196.71 196.52 196.38 196.14 196.22 196.1 196.07 195.97 195.55 195.46 195.39 195.35 195.18 195.03 194.94 194.72 194.53 194.63 194.51 194.34 194.38 194.12 194.02 193.88 193.96 193.99 193.7 193.65 193.57 193.5 193.33 193.31 193.65 193.63 193.86 193.89 193.94 193.97 193.61 193.54 193.58 193.58 193.55 193.54 193.48 193.37 193.54 193.32 193.3 193.27 193.28 193.24
198.93 198.89 198.79 198.77 198.63 198.32 198.15 198.1 198.03 197.87 197.78 197.82 197.9 197.58 197.46 197.38 197.38 197.28 197.15 196.97 196.55 196.31 196.23 196 195.92 195.91 195.86 195.77 195.34 195.23 195.19 195.1 195.05 194.87 194.68 194.41 194.3 194.29 194.12 194.05 193.97 194.17 193.88 193.58 193.59 193.71 193.55 193.43 193.39 193.32 193.15 193.26 193.07 193.57 193.65 193.7 193.7 193.77 193.53 193.47 193.48 193.48 193.52 193.53 193.46 193.37 193.3 193.28 193.3 193.34 193.25 193.14
198.82 198.73 198.7 198.57 198.38 198.02 197.87 197.76 197.82 197.86 197.81 197.71 197.74 197.42 197.33 197.31 197.22 197.07 196.95 196.78 196.28 196.04 195.91 195.77 195.77 195.63 195.56 195.44 195.17 195 194.98 194.88 194.77 194.62 194.41 194.18 193.96 193.89 193.89 193.67 193.78 193.74 193.65 193.35 193.27 193.23 193.27 193.37 193.15 193.09 193.03 193.07 193.02 192.89 193.46 193.5 193.5 193.63 193.4 193.36 193.37 193.35 193.39 193.41 193.43 193.3 193.31 193.28 193.3 193.24 193.27 193.2
198.56 198.58 198.54 198.4 198.15 197.87 197.79 197.66 197.54 197.6 197.61 197.53 197.58 197.33 197.22 197.14 197.03 196.9 196.81 196.6 196.22 195.9 195.76 195.67 195.66 195.5 195.37 195.27 194.75 194.65 194.62 194.59 194.54 194.26 194.04 193.7 193.69 193.61 193.42 193.43 193.38 193.46 193.5 193.18 193 192.95 192.93 192.96 193.05 192.85 192.68 192.8 192.85 192.8 192.84 193.4 193.41 193.48 193.39 193.21 193.25 193.25 193.21 193.32 193.31 193.25 193.28 193.28 193.36 193.21 193.24 193.22
198.42 198.41 198.29 198.06 198.07 197.77 197.68 197.58 197.52 197.47 197.39 197.31 197.34 197.06 196.98 196.89 196.81 196.63 196.55 196.44 196.01 195.82 195.59 195.55 195.38 195.27 195.21 195.11 194.65 194.36 194.36 194.29 193.99 193.99 193.7 193.35 193.27 193.21 193.14 193.08 193.05 193.06 192.97 192.84 192.68 192.64 192.61 192.6 192.58 192.59 192.36 192.5 192.59 192.56 193.09 193.14 193.18 193.26 193.12 193.13 193.11 193.01 193.13 193.24 193.28 193.21 193.24 193.36 193.3 193.18 193.11 193.2
198.22 198.12 197.94 197.98 197.85 197.59 197.5 197.41 197.13 197.09 196.99 196.92 196.79 196.64 196.54 196.53 196.42 196.32 196.11 196 195.6 195.35 195.27 195.22 195.1 195.02 194.82 194.67 194.18 193.96 193.72 193.7 193.42 193.27 193.17 192.85 192.48 192.52 192.49 192.42 192.39 192.27 192.28 192.1 192.04 191.96 191.95 191.91 191.88 191.88 191.75 191.91 191.97 192 192.54 192.57 192.6 192.66 192.73 192.74 192.74 192.67 192.81 192.84 192.91 193.08 193.1 193.13 193.26 193.14 193.25 193.1
197.74 197.65 197.56 197.53 197.47 197.23 197.07 196.95 196.94 196.84 196.8 196.74 196.57 196.43 196.46 196.36 196.19 196.06 195.91 195.75 195.33 195.21 195.09 195.03 194.91 194.82 194.7 194.46 193.91 193.7 193.51 193.32 193.18 193.08 192.91 192.5 192.21 192.2 192.12 192.11 192.07 192.03 191.89 191.78 191.64 191.63 191.64 191.59 191.58 191.57 191.51 191.63 191.68 192.22 192.24 192.29 192.31 192.45 192.62 192.55 192.53 192.54 192.62 192.73 192.71 192.84 193.01 193.04 193.13 193.14 193.18 193.06
197.48 197.41 197.43 197.34 197.27 196.99 196.9 196.8 196.76 196.72 196.63 196.54 196.39 196.33 196.19 196.15 195.98 195.9 195.8 195.6 195.16 195.03 194.96 194.88 194.76 194.69 194.49 194.19 193.63 193.43 193.37 193.14 192.96 192.79 192.83 192.22 192.14 191.92 191.9 191.85 191.81 191.82 191.65 191.47 191.38 191.38 191.38 191.36 191.35 191.35 191.38 191.35 191.45 192.01 192.04 192.1 192.12 192.21 192.45 192.41 192.37 192.42 192.49 192.61 192.64 192.8 192.92 193.01 193.06 193.13 193.08 193.06
197.42 197.36 197.26 197.19 197.08 196.78 196.7 196.59 196.55 196.52 196.47 196.35 196.21 196.2 196.08 195.94 195.93 195.69 195.64 195.46 195.07 194.91 194.84 194.77 194.59 194.45 194.3 194.1 193.54 193.35 193.19 192.9 192.9 192.65 192.59 192.13 192.02 191.72 191.66 191.56 191.58 191.58 191.51 191.25 191.2 191.19 191.2 191.12 191.16 191.26 191.04 191.01 191.22 191.79 191.83 191.95 191.96 192.04 192.19 192.16 192.18 192.19 192.33 192.38 192.55 192.73 192.82 192.91 192.94 193.05 193.05 193.11
197.12 197.09 197 196.94 196.83 196.57 196.43 196.4 196.32 196.31 196.24 196.19 196.04 195.89 195.8 195.77 195.78 195.57 195.48 195.35 194.91 194.84 194.7 194.62 194.48 194.32 194.18 193.97 193.5 193.2 192.98 192.94 192.64 192.6 192.33 192.03 191.96 191.58 191.55 191.54 191.33 191.33 191.28 191.04 191 191 190.99 190.92 190.96 191.07 190.82 190.82 191.3 191.48 191.55 191.72 191.81 191.96 191.99 192.02 192.06 192.04 192.16 192.27 192.37 192.61 192.7 192.76 192.89 192.9 192.96 192.91
196.76 196.67 196.68 196.62 196.55 196.31 196.18 196.02 196.08 196.09 196.06 196 196.05 195.82 195.73 195.7 195.56 195.43 195.28 195.2 194.73 194.64 194.53 194.46 194.38 194.19 194.1 193.9 193.38 193.04 193 192.76 192.58 192.39 192.24 191.88 191.7 191.48 191.28 191.46 191.26 191.12 191 190.8 190.76 190.72 190.7 190.77 190.74 190.87 190.66 190.66 191.12 191.19 191.33 191.34 191.38 191.74 191.65 191.9 192 191.93 191.94 192.14 192.29 192.46 192.6 192.66 192.73 192.86 192.86 192.96
196.52 196.45 196.32 196.12 196.27 195.99 195.8 195.84 195.89 196.09 196.02 195.97 195.94 195.69 195.54 195.4 195.38 195.27 195.11 194.99 194.57 194.44 194.34 194.29 194.2 194.09 193.99 193.81 193.32 193.08 192.85 192.6 192.35 192.14 192.09 191.58 191.64 191.44 191.34 191.22 191.14 190.99 190.86 190.57 190.44 190.52 190.47 190.53 190.52 190.59 190.55 190.56 190.99 190.92 190.99 191.07 191.31 191.49 191.67 191.7 191.73 191.72 191.73 191.87 192.08 192.26 192.44 192.56 192.59 192.66 192.75 192.66
196.28 196.19 196.12 195.94 195.86 195.64 195.63 195.76 195.82 195.82 195.76 195.71 195.64 195.36 195.33 195.16 195.12 195.03 194.9 194.79 194.47 194.26 194.26 194.13 194.05 194.02 193.84 193.73 193.15 192.88 192.75 192.59 192.25 192.19 191.95 191.51 191.55 191.08 191.02 191.04 190.88 190.73 190.65 190.25 190.17 190.17 190.08 190 190.07 190.12 190 190.67 190.47 190.57 190.62 190.57 190.89 191.02 191.21 191.27 191.37 191.21 191.29 191.44 191.58 191.89 192.05 192.2 192.3 192.32 192.42 192.52
