DE_solarradiation/2018_09_solarradiation.asc
NCOLS 654
NROWS 866
XLLCORNER 3280500
YLLCORNER 5237500
CELLSIZE 1000
NODATA_VALUE -999
[rows 800 to 831 of 866, columns 438 to 510 of 654]
120.28 120.28 120.32 120.31 120.29 120.32 120.3 120.28 120.26 120.18 120.17 120.15 120.16 120.14 120.15 120.16 120.18 120.19 120.17 120.17 120.18 120.16 120.19 120.16 120.11 120.08 120.08 120.09 120.04 120.07 120.05 120.07 120.03 120.04 120.07 120.05 120.06 120.01 119.96 119.94 119.91 119.83 119.85 119.83 119.74 119.69 119.5 119.42 119.37 119.27 119.21 119.16 119.07 118.92 118.8 118.83 118.74 118.71 118.73 118.69 118.64 118.52 118.39 118.42 118.39 118.44 118.48 118.54 118.65 118.65 118.71 118.73 118.72
120.24 120.22 120.2 120.23 120.25 120.23 120.22 120.2 120.18 120.1 120.08 120.06 120.08 120.05 120.07 120.08 120.1 120.11 120.12 120.11 120.12 120.13 120.13 120.09 120.05 120.04 120.05 120.02 120 120.02 119.98 119.98 119.97 119.99 119.97 119.98 119.97 119.95 119.9 119.85 119.83 119.81 119.76 119.74 119.7 119.61 119.41 119.33 119.28 119.18 119.15 119.1 118.97 118.82 118.76 118.69 118.6 118.56 118.58 118.59 118.52 118.4 118.44 118.32 118.23 118.28 118.36 118.39 118.47 118.42 118.54 118.63 118.61
120.13 120.11 120.09 120.12 120.12 120.12 120.1 120.08 120.04 119.96 119.97 119.94 119.96 119.94 119.95 119.97 120.01 120.02 120.03 120.06 120.06 120.05 120.02 120.04 119.96 119.97 119.97 119.94 119.95 119.92 119.91 119.89 119.85 119.83 119.87 119.86 119.82 119.83 119.78 119.76 119.71 119.69 119.67 119.62 119.57 119.49 119.3 119.16 119.04 119.04 118.97 118.85 118.76 118.66 118.61 118.53 118.44 118.37 118.39 118.4 118.41 118.31 118.28 118.25 118.14 118.16 118.24 118.22 118.21 118.22 118.33 118.42 118.47
119.98 119.97 119.95 119.97 119.97 119.94 119.93 119.91 119.71 119.69 119.79 119.68 119.66 119.68 119.69 119.73 119.8 119.81 119.85 119.85 119.86 119.86 119.85 119.86 119.84 119.8 119.8 119.75 119.73 119.74 119.74 119.65 119.6 119.52 119.49 119.53 119.53 119.44 119.45 119.49 119.44 119.42 119.4 119.35 119.25 119.07 118.86 118.76 118.81 118.62 118.59 118.5 118.46 118.2 118.27 118.2 118.07 117.93 118.04 117.97 118.04 117.99 118 117.97 117.98 117.93 117.92 117.84 117.8 117.81 117.86 117.96 118.09
119.67 119.6 119.59 119.6 119.61 119.6 119.57 119.56 119.54 119.52 119.52 119.54 119.55 119.56 119.57 119.62 119.69 119.73 119.76 119.75 119.72 119.73 119.72 119.73 119.72 119.72 119.66 119.61 119.53 119.59 119.65 119.54 119.43 119.38 119.32 119.34 119.33 119.24 119.2 119.37 119.33 119.31 119.28 119.16 119.02 118.85 118.61 118.7 118.61 118.47 118.42 118.32 118.25 118 118.12 118.05 117.91 117.87 117.83 117.74 117.86 117.85 117.83 117.83 117.84 117.74 117.68 117.65 117.63 117.62 117.72 117.78 117.85
119.5 119.37 119.36 119.36 119.36 119.41 119.4 119.41 119.39 119.4 119.38 119.39 119.43 119.45 119.49 119.53 119.6 119.63 119.64 119.65 119.58 119.59 119.66 119.68 119.63 119.6 119.53 119.49 119.5 119.54 119.56 119.46 119.34 119.26 119.24 119.22 119.16 119.11 119.17 119.24 119.24 119.22 119.06 118.97 118.86 118.75 118.61 118.55 118.27 118.28 118.28 118.3 118.22 117.96 118 117.95 117.8 117.75 117.77 117.73 117.72 117.73 117.7 117.67 117.69 117.39 117.34 117.24 117.19 117.33 117.68 117.42 117.44
119.35 119.28 119.21 119.17 119.16 119.15 119.27 119.25 119.27 119.25 119.27 119.31 119.32 119.36 119.41 119.45 119.55 119.59 119.59 119.49 119.56 119.61 119.61 119.6 119.54 119.5 119.44 119.32 119.4 119.41 119.5 119.36 119.2 119.11 118.99 118.93 119.03 118.99 118.97 119.14 119.14 119.13 118.97 118.78 118.75 118.59 118.46 118.4 118.21 118.11 118.16 118.07 118.08 117.95 117.9 117.84 117.78 117.75 117.7 117.66 117.62 117.6 117.49 117.48 117.37 117.35 117.31 117.31 117.38 117.39 117.48 117.5 117.55
119.23 119.14 119.08 119.02 119 119.08 119.09 119.12 119.14 119.14 119.15 119.19 119.23 119.27 119.32 119.36 119.46 119.48 119.5 119.51 119.53 119.57 119.55 119.5 119.39 119.37 119.2 119.26 119.27 119.36 119.41 119.12 119.02 118.88 118.89 118.96 118.91 119.08 119.06 119.08 119.06 119.04 118.88 118.69 118.52 118.42 118.3 118.31 118.09 118.02 118.1 118.05 118.06 117.89 117.78 117.74 117.69 117.61 117.52 117.51 117.43 117.5 117.36 117.44 117.24 117.27 117.4 117.35 117.37 117.45 117.46 117.56 117.58
119.09 118.99 118.93 118.86 118.87 118.87 118.84 118.93 118.94 118.96 118.92 118.94 119.07 119.16 119.2 119.28 119.38 119.44 119.45 119.41 119.52 119.5 119.47 119.37 119.28 119.11 119.24 119.08 119.28 119.39 119.28 118.95 118.84 118.87 118.96 118.89 118.94 119.12 119.03 119.02 118.97 118.94 118.84 118.74 118.58 118.34 118.2 118.23 118.04 118 118.03 118.09 117.97 117.7 117.6 117.62 117.59 117.35 117.25 117.22 117.18 117.21 117.37 117.42 117.35 117.38 117.34 117.26 117.27 117.32 117.42 117.45 117.46
118.96 118.83 118.79 118.67 118.67 118.55 118.63 118.77 118.71 118.62 118.72 118.8 118.92 119.04 119.11 119.19 119.29 119.36 119.42 119.4 119.35 119.38 119.38 119.24 119.22 -999 119.05 119.16 119.2 119.33 119.11 118.94 118.88 118.89 118.91 118.92 119.04 119 118.91 118.94 118.88 118.85 118.77 118.51 118.48 118.35 118.21 118.23 118.1 118.07 118.08 117.95 117.69 117.42 117.38 117.46 117.5 117.14 117.09 117.05 117.07 117.1 117.17 117.19 117.29 117.2 117.21 117.12 117.27 117.27 117.3 117.33 117.32
118.71 118.63 118.59 118.55 118.52 118.45 118.39 118.55 118.38 118.43 118.6 118.59 118.77 118.91 119 119.07 119.21 119.31 119.33 119.31 119.17 119.22 119.31 119.15 119.17 -999 118.98 119.13 119.19 119.23 119.01 118.87 118.81 118.78 118.83 118.86 118.94 118.82 118.78 118.63 118.74 118.76 118.69 118.53 118.46 118.35 118.01 118.07 118.08 117.99 117.71 117.67 117.63 117.45 117.44 117.42 117.34 117.25 117.18 117.14 117.09 117.12 117.05 117.05 117.07 117.15 117.04 117.15 116.95 117.01 117.13 117.21 117.02
118.24 118.18 118.15 118.09 118.03 118 117.98 118.12 118.14 118.11 118.11 118.22 118.45 118.59 118.67 118.77 119.09 119.17 119.24 119.24 119.07 119.14 119.2 119.04 -999 118.99 118.98 119.07 119.13 118.97 118.68 118.39 118.47 118.53 118.63 118.7 118.7 118.55 118.41 118.43 118.48 118.52 118.51 118.44 118.28 118.13 117.92 117.9 117.87 117.68 117.47 117.48 117.5 117.35 117.25 117.21 117.15 117.1 116.97 116.9 116.78 116.8 116.77 116.71 116.74 116.59 116.83 116.68 116.63 116.69 116.92 116.7 116.57
118 117.98 117.95 117.89 117.78 117.62 117.72 117.89 117.87 117.83 118.08 118.14 118.37 118.38 118.34 118.57 118.85 119.11 119.18 119.2 119.19 119.09 119.17 -999 -999 118.86 118.97 119.1 118.95 118.88 118.71 118.32 118.3 118.47 118.54 118.63 118.63 118.46 118.37 118.33 118.34 118.36 118.45 118.25 118.17 118.11 117.78 117.71 117.8 117.54 117.41 117.43 117.46 117.2 117.09 117.13 116.96 116.86 116.81 116.76 116.57 116.57 116.54 116.52 116.49 116.38 116.7 116.68 116.53 116.67 116.75 116.62 116.39
117.81 117.81 117.77 117.75 117.72 117.52 117.64 117.57 117.68 117.73 117.81 117.93 118.25 118.24 118.15 118.36 118.8 119.02 119.16 119.16 118.93 -999 -999 -999 -999 118.84 118.95 119.09 118.81 118.66 118.56 118.32 118.37 118.45 118.58 118.6 118.52 118.25 118.28 118.26 118.26 118.29 118.28 118.26 118.23 118.13 117.9 117.8 117.7 117.59 117.62 117.57 117.44 117.05 117.06 117.02 116.72 116.8 116.66 116.52 116.6 116.45 116.55 116.53 116.58 116.58 116.61 116.6 116.67 116.68 116.33 116.44 116.47
117.74 117.69 117.67 117.61 117.61 117.47 117.4 117.26 117.48 117.58 117.77 117.91 118.02 118.27 118.15 118.3 118.78 118.97 119.13 119.14 -999 -999 -999 -999 -999 118.81 118.96 119.07 118.89 118.8 -999 -999 118.35 118.55 118.31 118.49 118.49 118.33 -999 -999 118.29 118.29 118.28 118.23 118.25 118.04 117.83 117.75 117.78 117.7 117.53 117.34 117.32 116.98 116.87 117 116.65 116.78 116.63 116.49 116.55 116.55 116.56 116.57 116.49 116.62 116.48 116.51 116.56 116.43 116.23 116.28 116.36
117.51 117.39 117.47 117.53 117.53 117.48 117.39 117.4 117.4 117.59 117.73 117.83 118.02 118.14 118.12 118.31 118.64 118.8 119.11 119.17 -999 -999 -999 -999 -999 118.82 118.93 119.04 -999 -999 -999 -999 -999 -999 -999 -999 -999 -999 -999 -999 118.35 118.36 118.34 118.3 118.21 118.06 117.74 117.81 117.71 117.55 117.38 117.18 117.14 116.77 116.8 116.94 116.62 -999 -999 -999 -999 -999 -999 116.61 116.57 116.49 116.46 116.4 116.29 116.47 116.28 116.14 116.22
117.38 117.07 117.23 117.37 117.39 117.43 117.38 117.45 117.42 117.59 117.7 117.82 117.95 118.08 118.11 118.3 118.6 118.77 119.1 119.18 -999 -999 -999 -999 -999 -999 -999 -999 -999 -999 -999 -999 -999 -999 -999 -999 -999 -999 -999 -999 118.36 118.33 118.3 118.23 118.2 118.04 117.77 117.84 117.62 117.5 117.38 117.21 -999 -999 -999 -999 -999 -999 -999 -999 -999 -999 -999 -999 116.36 116.34 116.27 116.12 115.97 116.17 116.34 116.07 116.08
117.05 116.98 117.12 117.22 117.25 117.29 117.36 117.45 117.48 117.52 117.63 117.84 117.94 118.13 118.29 118.4 118.7 118.91 118.98 119.21 119.25 -999 -999 -999 -999 -999 -999 -999 -999 -999 -999 -999 -999 -999 -999 -999 -999 -999 -999 -999 -999 118.26 118.27 118.22 118.09 118.1 117.96 117.84 117.62 117.54 117.44 117.35 -999 -999 -999 -999 -999 -999 -999 -999 -999 -999 -999 -999 116.19 116.17 116.07 115.92 115.9 116.09 116.25 115.95 115.94
116.65 116.69 116.78 116.88 116.94 116.76 116.89 117.17 117.27 117.41 117.6 117.78 117.84 117.98 118.26 118.48 118.85 119.02 119.16 119.28 119.35 -999 -999 -999 -999 -999 -999 -999 -999 -999 -999 -999 -999 -999 -999 -999 -999 -999 -999 -999 -999 118.25 118.25 118.22 118.11 118.06 117.91 117.94 117.8 117.68 117.55 -999 -999 -999 -999 -999 -999 -999 -999 -999 -999 -999 -999 -999 116.1 116.07 115.84 115.87 115.84 115.94 116.1 116.01 115.94
116.46 116.48 116.4 116.62 116.88 116.88 116.81 117.09 117.13 117.36 117.44 117.67 117.76 117.89 118.14 118.46 118.89 119 119.19 119.31 119.38 119.42 -999 -999 -999 -999 -999 -999 -999 -999 -999 -999 -999 -999 -999 -999 -999 -999 -999 -999 -999 -999 -999 118.25 118.06 118.05 117.89 117.78 117.75 117.72 117.58 -999 -999 -999 -999 -999 -999 -999 -999 -999 -999 -999 -999 -999 -999 115.8 115.86 115.84 115.69 115.75 115.73 115.99 116.01
116.37 116.36 116.37 116.49 116.58 116.68 116.83 117.06 117.02 117.26 117.53 117.68 117.88 118.04 118.17 118.44 118.8 118.95 119.19 119.34 119.45 119.49 119.53 -999 -999 -999 -999 -999 -999 -999 -999 -999 -999 -999 -999 -999 -999 -999 -999 -999 -999 -999 -999 -999 118.1 117.95 117.88 -999 -999 -999 -999 -999 -999 -999 -999 -999 -999 -999 -999 -999 -999 -999 -999 -999 -999 -999 -999 115.8 115.68 115.59 115.5 115.8 115.94
116.47 116.45 116.37 116.47 116.58 116.76 116.88 117.13 117.07 117.33 117.56 117.74 117.9 118.23 118.33 118.53 119 119.22 119.28 119.44 119.52 119.59 119.59 -999 -999 -999 -999 -999 -999 -999 -999 -999 -999 -999 -999 -999 -999 -999 -999 -999 -999 -999 -999 -999 -999 -999 -999 -999 -999 -999 -999 -999 -999 -999 -999 -999 -999 -999 -999 -999 -999 -999 -999 -999 -999 -999 -999 115.65 115.5 115.5 115.79 115.95 116
116.5 116.46 116.43 116.66 116.73 116.82 116.91 117.14 117.22 117.55 117.7 117.86 117.96 118.19 118.35 118.64 119.02 119.2 119.37 119.44 119.58 119.65 119.66 -999 -999 -999 -999 -999 -999 -999 -999 -999 -999 -999 -999 -999 -999 -999 -999 -999 -999 -999 -999 -999 -999 -999 -999 -999 -999 -999 -999 -999 -999 -999 -999 -999 -999 -999 -999 -999 -999 -999 -999 -999 -999 -999 115.59 115.62 115.7 115.88 115.86 115.99 115.94
116.53 116.55 116.53 116.6 116.69 116.9 116.98 -999 117.29 117.62 117.87 117.81 118.06 118.2 118.38 118.55 119 119.39 119.54 119.62 119.67 119.74 119.76 -999 -999 -999 -999 -999 -999 -999 -999 -999 -999 -999 -999 -999 -999 -999 -999 -999 -999 -999 -999 -999 -999 -999 -999 -999 -999 -999 -999 -999 -999 -999 -999 -999 -999 -999 -999 -999 -999 -999 -999 -999 -999 -999 115.96 115.55 115.52 115.86 115.99 115.82 115.6
116.52 116.57 116.4 -999 -999 -999 -999 -999 117.39 117.72 -999 -999 -999 118.32 118.51 118.67 119.16 119.52 119.7 -999 119.8 119.87 119.91 -999 -999 -999 -999 -999 -999 -999 -999 -999 -999 -999 -999 -999 -999 -999 -999 -999 -999 -999 -999 -999 -999 -999 -999 -999 -999 -999 -999 -999 -999 -999 -999 -999 -999 -999 -999 -999 -999 -999 -999 -999 -999 -999 115.87 115.95 115.94 116.05 115.95 115.74 115.47
-999 -999 -999 -999 -999 -999 -999 -999 -999 -999 -999 -999 -999 -999 -999 -999 -999 -999 -999 -999 -999 -999 -999 -999 -999 -999 -999 -999 -999 -999 -999 -999 -999 -999 -999 -999 -999 -999 -999 -999 -999 -999 -999 -999 -999 -999 -999 -999 -999 -999 -999 -999 -999 -999 -999 -999 -999 -999 -999 -999 -999 -999 -999 -999 -999 -999 115.94 116.17 116.05 115.95 115.86 115.6 115.3
-999 -999 -999 -999 -999 -999 -999 -999 -999 -999 -999 -999 -999 -999 -999 -999 -999 -999 -999 -999 -999 -999 -999 -999 -999 -999 -999 -999 -999 -999 -999 -999 -999 -999 -999 -999 -999 -999 -999 -999 -999 -999 -999 -999 -999 -999 -999 -999 -999 -999 -999 -999 -999 -999 -999 -999 -999 -999 -999 -999 -999 -999 -999 -999 -999 -999 116.32 116.33 116.09 115.9 115.87 115.67 115.7
-999 -999 -999 -999 -999 -999 -999 -999 -999 -999 -999 -999 -999 -999 -999 -999 -999 -999 -999 -999 -999 -999 -999 -999 -999 -999 -999 -999 -999 -999 -999 -999 -999 -999 -999 -999 -999 -999 -999 -999 -999 -999 -999 -999 -999 -999 -999 -999 -999 -999 -999 -999 -999 -999 -999 -999 -999 -999 -999 -999 -999 -999 -999 -999 -999 -999 -999 116.47 116.18 115.94 115.76 115.73 115.89
-999 -999 -999 -999 -999 -999 -999 -999 -999 -999 -999 -999 -999 -999 -999 -999 -999 -999 -999 -999 -999 -999 -999 -999 -999 -999 -999 -999 -999 -999 -999 -999 -999 -999 -999 -999 -999 -999 -999 -999 -999 -999 -999 -999 -999 -999 -999 -999 -999 -999 -999 -999 -999 -999 -999 -999 -999 -999 -999 -999 -999 -999 -999 -999 -999 -999 -999 116.56 116.07 115.99 115.71 115.69 116.03
-999 -999 -999 -999 -999 -999 -999 -999 -999 -999 -999 -999 -999 -999 -999 -999 -999 -999 -999 -999 -999 -999 -999 -999 -999 -999 -999 -999 -999 -999 -999 -999 -999 -999 -999 -999 -999 -999 -999 -999 -999 -999 -999 -999 -999 -999 -999 -999 -999 -999 -999 -999 -999 -999 -999 -999 -999 -999 -999 -999 -999 -999 -999 -999 -999 -999 -999 -999 -999 -999 -999 115.81 116.09
-999 -999 -999 -999 -999 -999 -999 -999 -999 -999 -999 -999 -999 -999 -999 -999 -999 -999 -999 -999 -999 -999 -999 -999 -999 -999 -999 -999 -999 -999 -999 -999 -999 -999 -999 -999 -999 -999 -999 -999 -999 -999 -999 -999 -999 -999 -999 -999 -999 -999 -999 -999 -999 -999 -999 -999 -999 -999 -999 -999 -999 -999 -999 -999 -999 -999 -999 -999 -999 -999 -999 116.12 115.89
-999 -999 -999 -999 -999 -999 -999 -999 -999 -999 -999 -999 -999 -999 -999 -999 -999 -999 -999 -999 -999 -999 -999 -999 -999 -999 -999 -999 -999 -999 -999 -999 -999 -999 -999 -999 -999 -999 -999 -999 -999 -999 -999 -999 -999 -999 -999 -999 -999 -999 -999 -999 -999 -999 -999 -999 -999 -999 -999 -999 -999 -999 -999 -999 -999 -999 -999 -999 -999 -999 -999 -999 -999
