DE_solarradiation/2018_11_solarradiation.asc
NCOLS 654
NROWS 866
XLLCORNER 3280500
YLLCORNER 5237500
CELLSIZE 1000
NODATA_VALUE -999
[rows 105 to 139 of 866, columns 234 to 311 of 654]
22.16 22.08 22.08 22.04 22.04 22.01 22.01 22.01 21.98 21.98 21.99 21.99 21.98 21.97 21.95 21.95 21.92 21.92 21.92 21.9 21.9 21.88 21.89 21.85 21.85 21.83 21.83 21.84 21.84 21.85 21.87 21.86 21.85 21.85 21.83 21.83 21.83 21.83 21.84 21.83 21.83 21.83 21.83 21.83 21.84 21.84 21.84 21.98 21.99 21.99 22 22 22 22.04 22.05 22.09 22.09 22.1 22.11 22.12 22.13 22.13 22.14 22.14 22.14 22.13 22.15 22.14 22.16 22.14 22.14 22.15 22.16 22.17 22.15 22.16 22.02 22
22.2 22.13 22.1 22.09 22.07 22.07 22.06 22.03 22.04 22.03 22.03 22.01 21.99 21.98 21.99 22.01 21.97 21.96 21.96 21.95 21.92 21.91 21.91 21.91 21.88 21.85 21.85 21.87 21.88 21.89 21.88 21.88 21.86 21.86 21.85 21.85 21.85 21.85 21.86 21.86 21.86 21.86 21.86 21.86 21.86 21.86 21.86 22 22.01 22.02 22.03 22.03 22.06 22.07 22.07 22.11 22.12 22.12 22.13 22.14 22.15 22.16 22.16 22.17 22.17 22.17 22.18 22.17 22.16 22.16 22.17 22.15 22.16 22.17 22.17 22.16 22.05 22
22.21 22.18 22.15 22.11 22.11 22.12 22.08 22.08 22.08 22.05 22.05 22.06 22.05 22.02 22.03 22.04 22.03 22 21.98 21.98 21.98 21.94 21.94 21.94 21.9 21.88 21.88 21.9 21.93 21.92 21.91 21.88 21.88 21.88 21.88 21.88 21.88 21.88 21.89 21.88 21.88 21.88 21.88 21.89 21.9 21.89 21.89 21.92 22.03 22.04 22.05 22.05 22.09 22.1 22.1 22.14 22.14 22.15 22.16 22.17 22.18 22.18 22.2 22.2 22.2 22.2 22.2 22.17 22.17 22.19 22.17 22.18 22.18 22.18 22.14 22.03 22.03 22.02
22.26 22.2 22.2 22.17 22.16 22.14 22.14 22.13 22.1 22.1 22.09 22.08 22.07 22.07 22.08 22.06 22.06 22.04 22.02 22.01 22.01 22 21.97 21.96 21.93 21.94 21.91 21.92 21.94 21.94 21.91 21.91 21.91 21.91 21.92 21.93 21.91 21.91 21.91 21.91 21.91 21.91 21.91 21.92 21.92 21.92 21.95 21.95 21.95 22.07 22.11 22.11 22.11 22.12 22.12 22.16 22.17 22.17 22.21 22.22 22.23 22.24 22.21 22.22 22.22 22.22 22.22 22.2 22.2 22.22 22.2 22.21 22.2 22.17 22.17 22.06 22.05 22.04
22.34 22.28 22.25 22.25 22.21 22.21 22.18 22.18 22.15 22.15 22.15 22.13 22.13 22.13 22.14 22.12 22.11 22.06 22.07 22.07 22.04 22.03 22.03 22 21.96 21.96 21.97 21.95 21.96 21.98 21.94 21.93 21.95 21.96 21.96 21.97 21.94 21.94 21.94 21.94 21.94 21.94 21.94 21.95 21.95 21.98 21.98 21.98 22.01 22.16 22.16 22.17 22.17 22.21 22.21 22.25 22.26 22.26 22.27 22.28 22.28 22.29 22.3 22.27 22.29 22.29 22.28 22.26 22.27 22.29 22.26 22.24 22.23 22.24 22.24 22.08 22.1 22.1
22.48 22.43 22.4 22.36 22.35 22.32 22.31 22.29 22.29 22.26 22.26 22.24 22.26 22.25 22.23 22.22 22.19 22.16 22.16 22.12 22.11 22.12 22.09 22.09 22.05 22.02 22.03 22.04 22.03 22.03 21.99 21.99 21.99 22.01 22.04 22.04 22.02 22 21.99 21.99 22 22 22 22.03 22.03 22.04 22.03 22.03 22.07 22.07 22.18 22.19 22.23 22.23 22.24 22.28 22.28 22.29 22.29 22.3 22.31 22.31 22.32 22.3 22.3 22.31 22.32 22.3 22.31 22.32 22.28 22.26 22.27 22.26 22.24 22.11 22.11 22.08
22.54 22.48 22.44 22.43 22.4 22.4 22.37 22.37 22.34 22.32 22.31 22.29 22.31 22.32 22.28 22.27 22.21 22.2 22.18 22.17 22.16 22.14 22.14 22.12 22.09 22.08 22.06 22.06 22.06 22.05 22.05 22.03 22.06 22.06 22.05 22.06 22.04 22.02 22.02 22.02 22.02 22.02 22.02 22.06 22.06 22.06 22.06 22.06 22.09 22.09 22.21 22.22 22.23 22.26 22.27 22.3 22.31 22.32 22.32 22.33 22.34 22.34 22.35 22.33 22.33 22.34 22.32 22.33 22.34 22.32 22.29 22.29 22.28 22.27 22.26 22.14 22.1 22.1
22.58 22.52 22.48 22.45 22.45 22.42 22.42 22.39 22.4 22.36 22.34 22.35 22.33 22.33 22.32 22.28 22.25 22.22 22.2 22.19 22.18 22.16 22.17 22.14 22.11 22.12 22.09 22.09 22.09 22.08 22.06 22.08 22.08 22.1 22.1 22.08 22.07 22.06 22.04 22.04 22.04 22.05 22.05 22.05 22.05 22.06 22.09 22.09 22.09 22.1 22.13 22.25 22.25 22.26 22.29 22.3 22.31 22.34 22.35 22.35 22.36 22.37 22.34 22.35 22.36 22.34 22.35 22.36 22.33 22.34 22.31 22.32 22.28 22.28 22.29 22.13 22.13 22.13
22.63 22.57 22.53 22.5 22.47 22.47 22.44 22.44 22.41 22.39 22.39 22.37 22.38 22.34 22.34 22.3 22.27 22.25 22.22 22.21 22.21 22.18 22.19 22.16 22.14 22.1 22.11 22.11 22.12 22.1 22.1 22.1 22.12 22.09 22.08 22.07 22.06 22.06 22.07 22.07 22.07 22.07 22.08 22.08 22.08 22.08 22.09 22.12 22.12 22.12 22.13 22.13 22.28 22.29 22.29 22.33 22.34 22.34 22.35 22.36 22.36 22.37 22.38 22.35 22.36 22.37 22.37 22.35 22.36 22.35 22.33 22.3 22.31 22.32 22.29 22.15 22.16 22.14
22.69 22.59 22.55 22.55 22.52 22.49 22.49 22.47 22.47 22.44 22.42 22.43 22.42 22.4 22.36 22.32 22.3 22.27 22.26 22.23 22.23 22.21 22.22 22.19 22.16 22.13 22.12 22.14 22.12 22.12 22.13 22.14 22.11 22.12 22.1 22.09 22.09 22.09 22.07 22.07 22.07 22.07 22.08 22.08 22.11 22.11 22.11 22.11 22.12 22.15 22.15 22.16 22.28 22.29 22.32 22.33 22.33 22.37 22.38 22.38 22.39 22.4 22.4 22.38 22.39 22.36 22.37 22.37 22.38 22.35 22.32 22.32 22.3 22.31 22.32 22.2 22.19 22.17
22.7 22.63 22.6 22.57 22.57 22.54 22.54 22.52 22.49 22.46 22.45 22.45 22.43 22.42 22.37 22.38 22.32 22.29 22.29 22.26 22.26 22.23 22.21 22.21 22.18 22.15 22.15 22.14 22.14 22.14 22.14 22.12 22.13 22.12 22.12 22.11 22.1 22.11 22.09 22.1 22.1 22.1 22.1 22.11 22.11 22.11 22.11 22.14 22.15 22.15 22.15 22.16 22.2 22.33 22.34 22.36 22.36 22.37 22.37 22.38 22.38 22.39 22.39 22.4 22.38 22.39 22.39 22.4 22.38 22.37 22.36 22.38 22.34 22.36 22.36 22.19 22.21 22.21
22.74 22.69 22.65 22.62 22.62 22.59 22.57 22.57 22.53 22.51 22.48 22.5 22.47 22.44 22.42 22.4 22.33 22.34 22.32 22.27 22.28 22.26 22.27 22.24 22.21 22.18 22.17 22.19 22.16 22.16 22.16 22.17 22.14 22.13 22.13 22.13 22.13 22.14 22.12 22.12 22.12 22.13 22.13 22.13 22.14 22.14 22.14 22.17 22.18 22.18 22.18 22.19 22.19 22.37 22.38 22.36 22.4 22.41 22.4 22.41 22.41 22.42 22.43 22.4 22.41 22.41 22.42 22.42 22.4 22.4 22.38 22.39 22.37 22.38 22.39 22.23 22.21 22.21
22.84 22.78 22.71 22.7 22.67 22.64 22.65 22.62 22.59 22.56 22.54 22.55 22.53 22.5 22.48 22.44 22.39 22.36 22.37 22.33 22.3 22.31 22.29 22.26 22.23 22.22 22.23 22.24 22.24 22.2 22.21 22.23 22.21 22.19 22.18 22.17 22.18 22.17 22.18 22.15 22.15 22.15 22.16 22.16 22.16 22.17 22.2 22.2 22.21 22.21 22.21 22.22 22.23 22.28 22.4 22.38 22.42 22.42 22.43 22.43 22.43 22.44 22.45 22.46 22.46 22.47 22.47 22.49 22.45 22.46 22.43 22.44 22.45 22.43 22.43 22.28 22.28 22.27
22.99 22.93 22.9 22.84 22.81 22.78 22.78 22.76 22.73 22.67 22.65 22.65 22.63 22.6 22.6 22.57 22.48 22.44 22.44 22.42 22.4 22.39 22.37 22.34 22.28 22.28 22.26 22.27 22.26 22.23 22.23 22.24 22.23 22.21 22.2 22.2 22.2 22.2 22.21 22.21 22.18 22.18 22.18 22.19 22.19 22.19 22.19 22.2 22.23 22.24 22.24 22.24 22.26 22.28 22.29 22.42 22.41 22.42 22.42 22.43 22.46 22.47 22.48 22.49 22.49 22.5 22.5 22.51 22.48 22.49 22.45 22.46 22.47 22.48 22.33 22.3 22.31 22.31
23.04 22.97 22.92 22.89 22.89 22.86 22.83 22.8 22.78 22.72 22.69 22.7 22.68 22.65 22.61 22.58 22.52 22.5 22.47 22.48 22.45 22.42 22.42 22.4 22.33 22.31 22.32 22.29 22.29 22.26 22.26 22.27 22.25 22.22 22.22 22.22 22.22 22.23 22.23 22.2 22.21 22.21 22.21 22.22 22.22 22.22 22.22 22.23 22.24 22.24 22.26 22.26 22.25 22.28 22.29 22.4 22.41 22.44 22.45 22.45 22.46 22.47 22.47 22.51 22.52 22.52 22.5 22.5 22.49 22.5 22.48 22.49 22.49 22.5 22.35 22.32 22.32 22.32
23.09 23 22.97 22.94 22.91 22.91 22.88 22.86 22.83 22.77 22.75 22.72 22.7 22.7 22.66 22.63 22.58 22.56 22.53 22.5 22.47 22.44 22.44 22.41 22.36 22.33 22.34 22.31 22.3 22.28 22.28 22.29 22.27 22.25 22.25 22.25 22.25 22.22 22.24 22.24 22.24 22.25 22.24 22.25 22.25 22.22 22.22 22.25 22.26 22.27 22.29 22.29 22.27 22.28 22.28 22.31 22.43 22.44 22.44 22.45 22.49 22.49 22.5 22.51 22.52 22.52 22.53 22.53 22.53 22.54 22.51 22.51 22.51 22.52 22.38 22.37 22.35 22.34
23.11 23.05 23.02 22.99 22.96 22.93 22.94 22.91 22.88 22.79 22.76 22.78 22.75 22.71 22.68 22.66 22.61 22.57 22.55 22.52 22.5 22.5 22.47 22.44 22.38 22.35 22.36 22.33 22.33 22.3 22.31 22.31 22.29 22.29 22.27 22.28 22.25 22.26 22.27 22.27 22.27 22.25 22.25 22.24 22.25 22.25 22.25 22.26 22.26 22.28 22.3 22.27 22.27 22.27 22.3 22.31 22.31 22.43 22.47 22.48 22.51 22.49 22.5 22.53 22.54 22.56 22.56 22.56 22.56 22.56 22.54 22.54 22.56 22.57 22.4 22.41 22.41 22.37
23.16 23.1 23.07 23.04 23.01 22.98 22.96 22.93 22.9 22.84 22.81 22.79 22.79 22.77 22.74 22.72 22.64 22.6 22.58 22.59 22.55 22.52 22.49 22.46 22.4 22.38 22.38 22.35 22.35 22.32 22.33 22.33 22.32 22.31 22.3 22.27 22.28 22.29 22.29 22.29 22.26 22.28 22.27 22.28 22.28 22.29 22.29 22.28 22.29 22.3 22.31 22.3 22.3 22.3 22.3 22.3 22.34 22.47 22.49 22.49 22.53 22.53 22.53 22.54 22.57 22.58 22.59 22.6 22.6 22.59 22.57 22.57 22.58 22.59 22.45 22.45 22.45 22.43
23.21 23.12 23.09 23.06 23.06 23.04 23.01 22.98 22.95 22.89 22.87 22.84 22.81 22.78 22.79 22.75 22.7 22.68 22.64 22.62 22.58 22.55 22.55 22.52 22.43 22.43 22.4 22.38 22.37 22.38 22.34 22.36 22.34 22.32 22.33 22.3 22.31 22.31 22.32 22.32 22.3 22.3 22.3 22.3 22.31 22.28 22.3 22.29 22.28 22.29 22.29 22.29 22.29 22.29 22.33 22.34 22.36 22.39 22.51 22.52 22.53 22.53 22.57 22.56 22.58 22.61 22.61 22.62 22.62 22.62 22.62 22.63 22.63 22.66 22.5 22.5 22.49 22.48
23.26 23.2 23.14 23.14 23.11 23.09 23.06 23.03 23 22.95 22.92 22.89 22.86 22.87 22.84 22.82 22.73 22.71 22.69 22.69 22.67 22.62 22.58 22.55 22.49 22.46 22.45 22.42 22.42 22.4 22.4 22.38 22.37 22.35 22.35 22.36 22.36 22.34 22.34 22.36 22.32 22.33 22.33 22.34 22.34 22.32 22.32 22.31 22.31 22.31 22.31 22.32 22.33 22.33 22.33 22.38 22.38 22.39 22.54 22.54 22.55 22.56 22.59 22.6 22.64 22.63 22.65 22.65 22.65 22.65 22.65 22.66 22.67 22.68 22.53 22.52 22.54 22.59
23.31 23.25 23.22 23.19 23.17 23.14 23.14 23.11 23.09 23.09 23.06 23.03 23.01 22.98 22.95 22.93 22.84 22.82 22.79 22.78 22.79 22.76 22.7 22.66 22.59 22.56 22.53 22.54 22.51 22.51 22.49 22.49 22.46 22.46 22.44 22.44 22.45 22.45 22.42 22.43 22.41 22.41 22.42 22.4 22.4 22.41 22.39 22.36 22.34 22.34 22.34 22.35 22.35 22.36 22.4 22.41 22.44 22.44 22.44 22.57 22.61 22.61 22.61 22.68 22.7 22.7 22.73 22.74 22.73 22.74 22.77 22.78 22.79 22.79 22.66 22.65 22.65 22.65
23.47 23.39 23.36 23.33 23.31 23.28 23.28 23.25 23.23 23.14 23.11 23.09 23.06 23.06 23.04 22.98 22.89 22.86 22.84 22.81 22.8 22.8 22.76 22.72 22.64 22.62 22.59 22.59 22.57 22.57 22.55 22.54 22.52 22.49 22.5 22.5 22.47 22.48 22.48 22.45 22.46 22.43 22.43 22.44 22.41 22.41 22.41 22.39 22.36 22.37 22.37 22.38 22.39 22.4 22.4 22.43 22.44 22.47 22.47 22.47 22.63 22.63 22.63 22.7 22.71 22.74 22.74 22.75 22.75 22.8 22.78 22.85 22.84 22.85 22.68 22.71 22.71 22.71
23.52 23.47 23.41 23.41 23.39 23.36 23.33 23.31 23.28 23.19 23.17 23.14 23.11 23.12 23.09 23.03 22.95 22.92 22.89 22.86 22.84 22.81 22.78 22.76 22.67 22.64 22.65 22.62 22.62 22.59 22.6 22.57 22.54 22.55 22.52 22.52 22.53 22.5 22.52 22.51 22.49 22.46 22.46 22.46 22.44 22.44 22.44 22.42 22.39 22.39 22.4 22.4 22.41 22.42 22.43 22.46 22.46 22.46 22.49 22.5 22.62 22.65 22.66 22.73 22.74 22.77 22.78 22.78 22.82 22.82 22.81 22.84 22.9 22.9 22.73 22.74 22.73 22.76
23.57 23.49 23.46 23.43 23.44 23.41 23.38 23.36 23.33 23.24 23.22 23.19 23.17 23.14 23.11 23.09 23 22.98 22.93 22.9 22.86 22.84 22.84 22.78 22.73 22.7 22.67 22.64 22.65 22.62 22.62 22.6 22.57 22.57 22.58 22.55 22.56 22.57 22.54 22.55 22.52 22.5 22.5 22.49 22.47 22.47 22.45 22.43 22.43 22.43 22.43 22.44 22.45 22.45 22.45 22.46 22.49 22.49 22.49 22.52 22.52 22.68 22.69 22.75 22.76 22.8 22.8 22.8 22.84 22.85 22.88 22.9 22.92 22.81 22.83 22.83 22.82 22.83
23.62 23.54 23.51 23.49 23.46 23.43 23.44 23.41 23.35 23.3 23.27 23.24 23.22 23.19 23.17 23.14 23.09 23.01 22.99 22.96 22.93 22.9 22.87 22.84 22.75 22.72 22.73 22.7 22.67 22.68 22.65 22.65 22.63 22.6 22.61 22.61 22.58 22.6 22.58 22.58 22.56 22.52 22.53 22.53 22.49 22.5 22.47 22.45 22.45 22.45 22.43 22.44 22.44 22.44 22.47 22.48 22.48 22.52 22.52 22.55 22.55 22.67 22.71 22.79 22.79 22.82 22.83 22.85 22.87 22.87 22.91 22.92 22.93 22.84 22.84 22.85 22.86 22.89
23.67 23.59 23.56 23.54 23.51 23.48 23.46 23.43 23.41 23.35 23.29 23.27 23.24 23.24 23.22 23.16 23.14 23.06 23.04 23.02 22.99 22.95 22.92 22.87 22.81 22.78 22.75 22.73 22.73 22.7 22.71 22.68 22.65 22.66 22.64 22.64 22.66 22.63 22.64 22.62 22.59 22.59 22.56 22.56 22.53 22.53 22.5 22.48 22.48 22.45 22.46 22.46 22.46 22.47 22.47 22.5 22.51 22.54 22.54 22.54 22.58 22.58 22.74 22.81 22.82 22.86 22.85 22.88 22.9 22.93 22.94 22.97 22.88 22.87 22.91 22.92 22.92 22.92
-999 -999 23.58 23.59 23.56 23.53 23.51 23.48 23.46 23.37 23.35 23.32 23.29 23.27 23.24 23.22 23.19 23.1 23.06 23.04 23.01 22.97 22.95 22.92 22.86 22.84 22.81 22.78 22.79 22.76 22.73 22.74 22.71 22.69 22.7 22.72 22.69 22.7 22.67 22.67 22.65 22.62 22.62 22.59 22.6 22.56 22.56 22.5 22.51 22.52 22.5 22.49 22.49 22.49 22.5 22.53 22.53 22.56 22.57 22.6 22.6 22.64 22.64 22.83 22.87 22.88 22.91 22.91 22.94 22.96 22.99 23.03 22.92 22.94 22.97 22.97 22.97 22.97
-999 -999 -999 -999 -999 23.59 23.56 23.53 23.51 23.45 23.4 23.37 23.38 23.35 23.33 23.27 23.24 23.16 23.13 23.11 23.08 23.05 23.03 22.97 22.92 22.89 22.86 22.84 22.85 22.82 22.82 22.8 22.78 22.75 22.76 22.74 22.74 22.75 22.73 22.73 22.68 22.68 22.65 22.65 22.62 22.63 22.59 22.56 22.53 22.55 22.56 22.57 22.53 22.56 22.59 22.59 22.62 22.62 22.66 22.66 22.67 22.7 22.73 22.91 22.96 23 23 23.03 23.03 23.07 23.1 23 23.02 23.04 23.07 23.08 23.08 23.11
23.85 23.8 23.77 23.75 -999 -999 23.7 23.68 23.65 23.57 23.54 23.52 23.49 23.46 23.44 23.41 23.39 23.3 23.25 23.22 23.2 23.17 23.14 23.12 23.06 23.04 23.01 22.98 22.96 22.97 22.94 22.95 22.89 22.89 22.87 22.88 22.86 22.87 22.85 22.85 22.79 22.77 22.76 22.74 22.75 22.72 22.68 22.66 22.63 22.63 22.64 22.62 22.63 22.64 22.63 22.66 22.65 22.66 22.69 22.69 22.73 22.73 22.77 22.83 22.98 23.02 23.05 23.05 23.09 23.13 23.13 23.07 23.08 23.1 23.09 23.13 23.13 23.16
23.9 23.85 23.82 23.8 23.8 -999 -999 -999 23.7 23.65 23.59 23.57 23.54 23.55 23.52 23.47 23.44 23.36 23.33 23.31 23.25 23.25 23.2 23.17 23.12 23.09 23.07 23.04 23.05 23.03 23 23 22.95 22.95 22.92 22.93 22.92 22.92 22.9 22.88 22.85 22.82 22.8 22.8 22.77 22.77 22.74 22.69 22.69 22.66 22.67 22.68 22.69 22.72 22.7 22.7 22.69 22.69 22.72 22.73 22.76 22.76 22.79 22.89 22.73 22.75 22.77 22.8 22.79 22.81 22.84 23.09 23.1 23.12 23.15 23.14 23.17 23.17
23.95 23.9 23.87 23.85 23.83 23.83 -999 -999 -999 23.67 23.65 23.62 23.6 23.57 23.55 23.52 23.5 23.41 23.36 23.33 23.31 23.28 23.25 23.23 23.18 23.12 23.13 23.1 23.08 23.08 23.05 23.03 23 22.98 22.99 22.96 22.97 22.95 22.96 22.93 22.88 22.85 22.86 22.83 22.8 22.8 22.77 22.76 22.73 22.69 22.7 22.7 22.72 22.74 22.75 22.74 22.72 22.72 22.75 22.75 22.79 22.79 22.82 22.91 22.77 22.79 22.81 22.83 22.83 22.85 23.1 23.11 23.13 23.17 23.16 23.18 23.19 23.19
23.97 23.92 23.9 23.87 23.88 23.85 23.83 -999 -999 23.72 23.7 23.67 23.65 23.63 23.6 23.58 23.52 23.44 23.41 23.39 23.36 23.34 23.31 23.28 23.2 23.18 23.15 23.13 23.13 23.11 23.12 23.09 23.03 23.04 23.01 23.02 23 23.01 22.98 22.96 22.91 22.91 22.88 22.85 22.86 22.83 22.81 22.79 22.75 22.76 22.73 22.73 22.75 22.78 22.79 22.77 22.76 22.75 22.79 22.78 22.82 22.82 22.86 22.92 22.95 22.81 22.84 22.86 22.85 22.87 23.12 23.18 23.16 23.18 23.18 23.21 23.2 23.23
23.99 23.97 23.95 23.92 23.9 23.87 23.88 23.86 -999 -999 -999 23.7 23.67 23.65 23.62 23.6 23.58 23.49 23.44 23.41 23.39 23.36 23.34 23.31 23.26 23.21 23.21 23.19 23.17 23.17 23.14 23.12 23.09 23.07 23.08 23.06 23.06 23.03 23.01 23.01 22.96 22.94 22.91 22.92 22.88 22.86 22.87 22.84 22.78 22.79 22.76 22.77 22.78 22.8 22.82 22.8 22.79 22.79 22.81 22.81 22.85 22.86 22.89 22.94 22.97 22.84 22.87 22.92 22.89 22.9 23.13 23.19 23.18 23.19 23.19 23.22 23.22 23.26
24.05 23.99 23.97 23.94 23.92 23.93 23.9 23.88 -999 -999 -999 23.72 23.7 23.7 23.68 23.62 23.6 23.51 23.49 23.47 23.44 23.42 23.39 23.34 23.28 23.27 23.24 23.22 23.22 23.2 23.2 23.17 23.12 23.12 23.1 23.11 23.08 23.06 23.06 23.04 22.99 22.96 22.97 22.94 22.91 22.92 22.89 22.87 22.84 22.82 22.82 22.8 22.82 22.85 22.85 22.84 22.82 22.81 22.84 22.84 22.88 22.88 22.91 22.97 23.01 22.86 22.88 22.92 22.92 22.92 23.15 23.21 23.21 23.24 23.22 23.26 23.24 23.27
24.07 24.01 23.99 24 23.97 23.95 23.92 23.9 23.88 -999 -999 -999 23.75 23.73 23.7 23.68 23.65 23.57 23.52 23.49 23.47 23.44 23.42 23.39 23.34 23.32 23.3 23.27 23.25 23.25 23.23 23.2 23.17 23.15 23.16 23.14 23.14 23.11 23.12 23.1 23.04 23.02 22.99 22.96 22.97 22.95 22.92 22.93 22.88 22.85 22.86 22.87 22.84 22.85 22.85 22.84 22.84 22.88 22.87 22.87 22.9 22.94 22.93 23.03 23.06 22.9 22.92 22.93 22.92 22.94 23.18 23.25 23.27 23.26 23.29 23.27 23.29 23.29
