DE_solarradiation/2018_09_solarradiation.asc
NCOLS 654
NROWS 866
XLLCORNER 3280500
YLLCORNER 5237500
CELLSIZE 1000
NODATA_VALUE -999
[rows 192 to 223 of 866, columns 146 to 218 of 654]
96.21 96.25 96.28 96.29 96.33 96.36 96.43 96.46 96.47 96.51 96.52 96.55 96.56 96.63 96.64 96.68 96.71 96.72 96.76 96.8 96.84 96.93 97 97.04 97.11 97.18 97.22 97.33 97.43 97.62 97.9 97.97 98.03 98.1 98.17 98.24 98.34 98.39 98.46 98.48 98.53 98.55 98.57 98.62 98.62 98.65 98.67 98.71 98.71 98.74 98.75 98.76 98.71 98.72 98.73 98.74 98.78 98.8 98.81 98.79 98.84 98.86 98.9 98.91 98.95 98.99 99.03 99.05 99.09 99.13 99.14 99.18 99.21
96.33 96.33 96.37 96.41 96.41 96.45 96.52 96.52 96.56 96.57 96.61 96.61 96.65 96.69 96.7 96.74 96.75 96.79 96.8 96.84 96.88 96.98 97.05 97.09 97.16 97.23 97.31 97.38 97.48 97.68 97.78 97.85 98.1 98.17 98.24 98.32 98.42 98.49 98.54 98.59 98.6 98.66 98.68 98.71 98.73 98.76 98.79 98.79 98.82 98.85 98.86 98.87 98.85 98.85 98.87 98.88 98.92 98.93 98.95 98.96 98.97 99.01 99.02 99.07 99.1 99.14 99.18 99.2 99.24 99.28 99.29 99.32 99.36
96.41 96.45 96.46 96.49 96.53 96.54 96.61 96.61 96.62 96.66 96.67 96.68 96.72 96.73 96.77 96.78 96.82 96.82 96.87 96.91 96.95 97.02 97.1 97.17 97.21 97.28 97.36 97.43 97.54 97.73 97.83 97.93 98.01 98.09 98.13 98.21 98.35 98.41 98.49 98.67 98.72 98.74 98.79 98.82 98.84 98.87 98.9 98.94 98.97 99 99 99.04 98.99 98.99 99.03 99.04 99.09 99.1 99.14 99.12 99.16 99.17 99.21 99.25 99.29 99.33 99.38 99.38 99.42 99.46 99.49 99.53 99.56
96.53 96.57 96.57 96.61 96.62 96.66 96.7 96.7 96.71 96.72 96.76 96.77 96.78 96.82 96.83 96.84 96.85 96.9 96.91 96.95 97 97.1 97.14 97.22 97.26 97.33 97.41 97.49 97.59 97.81 97.91 97.99 98.07 98.15 98.23 98.31 98.42 98.5 98.56 98.62 98.67 98.73 98.76 98.79 98.86 98.89 99.05 99.08 99.11 99.2 99.23 99.27 99.27 99.31 99.32 99.36 99.4 99.41 99.45 99.49 99.53 99.57 99.61 99.66 99.7 99.73 99.74 99.81 99.84 99.88 99.91 99.92 99.95
96.76 96.8 96.81 96.85 96.86 96.87 96.88 96.88 96.89 96.9 96.91 96.93 96.94 96.92 96.93 96.94 96.95 97 97.01 97.06 97.1 97.2 97.25 97.32 97.37 97.45 97.52 97.6 97.69 97.92 98.03 98.11 98.19 98.27 98.35 98.43 98.58 98.66 98.75 98.78 98.84 98.9 98.96 98.99 99.05 99.09 99.13 99.16 99.23 99.26 99.31 99.32 99.36 99.4 99.52 99.53 99.57 99.61 99.65 99.69 99.73 99.76 99.8 99.85 99.88 99.92 99.95 100.02 100.06 100.06 100.09 100.12 100.16
96.88 96.92 96.93 96.94 96.95 96.96 96.97 96.98 96.99 97 96.98 96.99 97 96.98 97 97.01 97.02 97.03 97.08 97.09 97.14 97.25 97.29 97.37 97.45 97.5 97.57 97.64 97.75 97.97 98.09 98.17 98.28 98.36 98.44 98.53 98.67 98.76 98.82 98.88 98.94 99 99.06 99.1 99.16 99.23 99.26 99.3 99.34 99.4 99.44 99.49 99.5 99.53 99.58 99.62 99.66 99.7 99.74 99.78 99.82 99.92 100 100.03 100.07 100.11 100.14 100.18 100.21 100.24 100.27 100.3 100.33
97 97.01 97.02 97.02 97.03 97.05 97.03 97.04 97.05 97.06 97.04 97.05 97.07 97.02 97.03 97.05 97.06 97.07 97.12 97.14 97.19 97.29 97.34 97.42 97.47 97.55 97.63 97.69 97.8 98.03 98.14 98.25 98.34 98.42 98.51 98.59 98.74 98.83 98.92 98.98 99.04 99.1 99.14 99.2 99.27 99.33 99.37 99.44 99.48 99.52 99.56 99.59 99.63 99.67 99.71 99.76 99.79 99.83 99.9 99.94 99.98 100.02 100.09 100.13 100.16 100.19 100.23 100.29 100.4 100.43 100.46 100.45 100.48
97.05 97.06 97.07 97.08 97.09 97.1 97.09 97.1 97.08 97.09 97.1 97.09 97.1 97.05 97.07 97.08 97.1 97.11 97.13 97.18 97.23 97.34 97.39 97.47 97.52 97.6 97.66 97.74 97.85 98.08 98.2 98.31 98.4 98.48 98.57 98.66 98.83 98.92 98.98 99.05 99.11 99.17 99.24 99.31 99.37 99.44 99.51 99.54 99.58 99.66 99.7 99.73 99.77 99.81 99.85 99.89 99.96 100 100.04 100.11 100.15 100.19 100.26 100.29 100.33 100.35 100.41 100.44 100.47 100.49 100.52 100.54 100.56
97.11 97.12 97.13 97.14 97.15 97.13 97.15 97.13 97.14 97.12 97.14 97.12 97.14 97.09 97.11 97.12 97.14 97.15 97.17 97.22 97.27 97.35 97.43 97.48 97.57 97.63 97.71 97.79 97.91 98.14 98.25 98.37 98.45 98.54 98.63 98.72 98.9 98.99 99.08 99.15 99.21 99.28 99.34 99.41 99.48 99.55 99.61 99.65 99.72 99.76 99.8 99.87 99.91 99.95 100.02 100.06 100.1 100.14 100.21 100.24 100.32 100.36 100.42 100.46 100.49 100.55 100.57 100.63 100.66 100.68 100.67 100.69 100.71
97.16 97.17 97.19 97.2 97.18 97.19 97.17 97.19 97.17 97.19 97.17 97.15 97.17 97.13 97.14 97.16 97.18 97.19 97.21 97.23 97.28 97.39 97.47 97.53 97.6 97.68 97.76 97.84 97.96 98.19 98.31 98.39 98.51 98.6 98.69 98.81 98.96 99.06 99.15 99.21 99.28 99.38 99.44 99.51 99.58 99.65 99.72 99.79 99.83 99.9 99.94 100.01 100.05 100.12 100.16 100.2 100.27 100.31 100.37 100.41 100.48 100.56 100.59 100.65 100.68 100.74 100.77 100.82 100.85 100.87 100.89 100.87 100.89
97.22 97.23 97.24 97.22 97.24 97.22 97.2 97.22 97.2 97.22 97.2 97.19 97.21 97.16 97.18 97.2 97.21 97.23 97.25 97.3 97.35 97.44 97.52 97.55 97.64 97.72 97.81 97.89 98.01 98.24 98.36 98.48 98.57 98.66 98.78 98.87 99.06 99.15 99.25 99.31 99.41 99.48 99.54 99.61 99.71 99.79 99.85 99.93 99.99 100.03 100.11 100.18 100.22 100.29 100.33 100.4 100.47 100.51 100.58 100.61 100.71 100.75 100.82 100.85 100.91 100.96 100.99 101.04 101.06 101.08 101.1 101.09 101.11
97.27 97.29 97.3 97.28 97.29 97.28 97.26 97.25 97.26 97.25 97.24 97.25 97.24 97.2 97.22 97.23 97.25 97.27 97.29 97.34 97.4 97.48 97.54 97.63 97.68 97.77 97.85 97.94 98.06 98.3 98.45 98.54 98.69 98.78 98.87 98.99 99.18 99.31 99.4 99.47 99.57 99.64 99.7 99.81 99.97 100.04 100.11 100.18 100.25 100.33 100.36 100.44 100.57 100.64 100.68 100.75 100.82 100.86 100.93 100.99 101.12 101.19 101.25 101.28 101.34 101.4 101.42 101.47 101.49 101.51 101.53 101.54 101.53
97.42 97.4 97.41 97.43 97.41 97.4 97.32 97.34 97.32 97.31 97.33 97.32 97.3 97.29 97.28 97.3 97.32 97.34 97.39 97.42 97.47 97.58 97.62 97.7 97.75 97.84 97.93 98.05 98.17 98.41 98.53 98.65 98.74 98.87 98.96 99.06 99.18 99.37 99.5 99.57 99.67 99.73 99.83 99.9 100.07 100.17 100.24 100.32 100.39 100.47 100.54 100.61 100.74 100.81 100.89 100.95 100.99 101.06 101.13 101.2 101.33 101.39 101.45 101.51 101.57 101.59 101.64 101.69 101.71 101.72 101.74 101.76 101.74
97.47 97.46 97.47 97.45 97.47 97.46 97.38 97.37 97.36 97.34 97.36 97.35 97.34 97.33 97.35 97.34 97.36 97.41 97.43 97.46 97.51 97.6 97.66 97.74 97.83 97.92 98.01 98.1 98.22 98.49 98.61 98.7 98.83 98.92 99.02 99.15 99.27 99.46 99.56 99.66 99.76 99.83 99.93 100.03 100.2 100.3 100.38 100.45 100.53 100.6 100.67 100.75 100.89 100.96 101.02 101.09 101.16 101.23 101.31 101.38 101.5 101.59 101.62 101.68 101.73 101.79 101.8 101.85 101.86 101.89 101.9 101.91 101.89
97.5 97.51 97.5 97.48 97.5 97.48 97.41 97.4 97.39 97.37 97.39 97.38 97.37 97.36 97.38 97.37 97.4 97.45 97.47 97.5 97.53 97.64 97.73 97.78 97.88 97.97 98.05 98.14 98.27 98.54 98.66 98.79 98.88 98.98 99.11 99.2 99.33 99.52 99.65 99.73 99.83 99.93 100 100.1 100.3 100.41 100.49 100.56 100.63 100.71 100.81 100.89 101.03 101.1 101.16 101.24 101.31 101.38 101.45 101.52 101.67 101.73 101.79 101.85 101.9 101.92 101.97 102.02 102.03 102.05 102.06 102.07 102.05
97.52 97.53 97.52 97.51 97.52 97.51 97.44 97.43 97.42 97.4 97.39 97.41 97.4 97.42 97.42 97.41 97.43 97.48 97.51 97.54 97.59 97.68 97.77 97.83 97.92 98.01 98.1 98.19 98.31 98.59 98.71 98.84 98.94 99.06 99.16 99.26 99.39 99.61 99.72 99.82 99.92 100.03 100.1 100.2 100.4 100.51 100.58 100.69 100.77 100.84 100.92 101.03 101.17 101.23 101.31 101.38 101.45 101.52 101.6 101.69 101.81 101.9 101.96 101.98 102.04 102.09 102.1 102.15 102.19 102.2 102.21 102.19 102.2
97.54 97.56 97.55 97.53 97.55 97.51 97.46 97.45 97.44 97.43 97.42 97.44 97.43 97.46 97.45 97.44 97.5 97.52 97.52 97.58 97.63 97.75 97.81 97.9 97.96 98.05 98.14 98.27 98.39 98.64 98.79 98.89 99.02 99.12 99.22 99.35 99.48 99.67 99.81 99.91 100.02 100.09 100.2 100.31 100.5 100.61 100.72 100.79 100.87 100.95 101.06 101.14 101.27 101.37 101.45 101.52 101.6 101.67 101.77 101.83 101.99 102.04 102.1 102.15 102.21 102.22 102.27 102.31 102.32 102.33 102.34 102.35 102.33
97.6 97.58 97.57 97.56 97.54 97.53 97.46 97.45 97.47 97.46 97.45 97.47 97.47 97.49 97.48 97.51 97.53 97.53 97.59 97.61 97.67 97.79 97.88 97.94 98.03 98.13 98.22 98.31 98.44 98.72 98.84 98.97 99.07 99.17 99.3 99.4 99.54 99.76 99.87 100 100.08 100.19 100.3 100.41 100.6 100.71 100.82 100.93 101.01 101.09 101.2 101.27 101.44 101.52 101.63 101.7 101.78 101.85 101.91 102.01 102.13 102.22 102.27 102.32 102.34 102.39 102.43 102.48 102.49 102.49 102.5 102.5 102.48
97.62 97.61 97.59 97.58 97.6 97.56 97.52 97.51 97.5 97.49 97.51 97.5 97.53 97.52 97.52 97.54 97.57 97.59 97.65 97.68 97.77 97.86 97.95 98.04 98.1 98.2 98.29 98.42 98.54 98.79 98.92 99.05 99.15 99.28 99.38 99.52 99.65 99.85 99.98 100.09 100.2 100.31 100.42 100.56 100.73 100.87 100.98 101.07 101.18 101.25 101.33 101.44 101.61 101.7 101.8 101.88 101.95 102.02 102.12 102.18 102.33 102.39 102.44 102.49 102.54 102.56 102.6 102.64 102.65 102.77 102.78 102.75 102.75
97.64 97.63 97.62 97.63 97.62 97.61 97.54 97.54 97.53 97.55 97.54 97.56 97.56 97.58 97.58 97.67 97.69 97.72 97.77 97.83 97.89 98.04 98.13 98.2 98.29 98.39 98.48 98.58 98.71 98.96 99.09 99.22 99.32 99.45 99.56 99.69 99.83 100.05 100.19 100.33 100.41 100.52 100.63 100.77 100.98 101.12 101.23 101.32 101.43 101.51 101.62 101.74 101.91 102.02 102.09 102.17 102.24 102.34 102.41 102.47 102.62 102.68 102.73 102.78 102.83 102.84 102.89 102.89 102.93 102.93 102.9 102.9 102.87
97.69 97.68 97.67 97.69 97.68 97.67 97.63 97.62 97.61 97.64 97.63 97.65 97.68 97.7 97.7 97.72 97.75 97.81 97.87 97.9 97.99 98.11 98.2 98.3 98.39 98.49 98.59 98.68 98.81 99.06 99.19 99.32 99.43 99.56 99.67 99.8 99.94 100.2 100.31 100.45 100.56 100.67 100.78 100.9 101.13 101.24 101.36 101.47 101.56 101.67 101.76 101.87 102.07 102.18 102.26 102.34 102.41 102.52 102.58 102.65 102.8 102.85 102.91 102.95 103 103.01 103.05 103.05 103.06 103.06 103.06 103.02 102.99
97.71 97.73 97.72 97.71 97.7 97.69 97.66 97.65 97.67 97.66 97.69 97.71 97.74 97.76 97.75 97.78 97.81 97.87 97.93 97.99 98.05 98.21 98.3 98.39 98.49 98.56 98.69 98.78 98.91 99.16 99.3 99.43 99.53 99.64 99.77 99.88 100.05 100.28 100.42 100.53 100.67 100.79 100.9 101.02 101.25 101.37 101.48 101.6 101.69 101.8 101.92 102.04 102.21 102.32 102.4 102.48 102.56 102.66 102.73 102.79 102.94 103 103.05 103.1 103.11 103.15 103.15 103.16 103.16 103.16 103.15 103.12 103.08
97.74 97.76 97.75 97.74 97.73 97.72 97.68 97.7 97.69 97.72 97.71 97.74 97.76 97.75 97.78 97.84 97.87 97.93 97.99 98.05 98.14 98.27 98.36 98.46 98.56 98.66 98.75 98.85 99.01 99.24 99.4 99.5 99.64 99.74 99.85 99.99 100.13 100.39 100.53 100.64 100.76 100.9 101.02 101.13 101.37 101.49 101.61 101.73 101.81 101.93 102.05 102.17 102.34 102.46 102.54 102.62 102.7 102.8 102.87 102.94 103.09 103.14 103.19 103.21 103.25 103.25 103.26 103.29 103.26 103.25 103.25 103.21 103.17
97.79 97.78 97.76 97.76 97.75 97.74 97.73 97.72 97.75 97.74 97.77 97.79 97.78 97.81 97.84 97.9 97.96 97.99 98.05 98.11 98.21 98.36 98.46 98.55 98.65 98.75 98.85 98.95 99.08 99.33 99.5 99.6 99.74 99.85 99.95 100.09 100.23 100.5 100.64 100.75 100.87 101.02 101.13 101.25 101.49 101.61 101.73 101.85 101.94 102.06 102.18 102.3 102.48 102.59 102.68 102.76 102.84 102.94 103.02 103.08 103.2 103.26 103.3 103.35 103.36 103.39 103.39 103.39 103.35 103.35 103.34 103.3 103.26
97.81 97.8 97.79 97.78 97.8 97.79 97.76 97.75 97.78 97.8 97.82 97.81 97.83 97.86 97.92 97.95 98.01 98.08 98.14 98.2 98.3 98.45 98.55 98.65 98.74 98.84 98.94 99.05 99.18 99.43 99.6 99.7 99.84 99.95 100.08 100.19 100.37 100.6 100.75 100.89 101.01 101.13 101.25 101.39 101.6 101.73 101.88 101.97 102.09 102.18 102.31 102.43 102.61 102.73 102.81 102.9 103.01 103.09 103.16 103.23 103.35 103.4 103.45 103.46 103.49 103.5 103.49 103.49 103.48 103.44 103.4 103.39 103.34
97.82 97.81 97.81 97.83 97.82 97.82 97.81 97.8 97.83 97.85 97.83 97.86 97.89 97.92 97.98 98.04 98.07 98.13 98.23 98.29 98.39 98.54 98.64 98.74 98.84 98.94 99.04 99.17 99.31 99.56 99.7 99.83 99.97 100.08 100.21 100.35 100.5 100.76 100.91 101.03 101.15 101.26 101.38 101.54 101.75 101.9 102.02 102.12 102.24 102.36 102.49 102.61 102.8 102.89 103.01 103.1 103.18 103.26 103.33 103.4 103.52 103.54 103.59 103.6 103.63 103.63 103.62 103.58 103.57 103.53 103.52 103.47 103.43
97.87 97.86 97.86 97.88 97.87 97.86 97.86 97.85 97.88 97.91 97.88 97.91 97.97 98 98.06 98.12 98.19 98.25 98.31 98.41 98.51 98.66 98.76 98.89 98.99 99.09 99.19 99.33 99.46 99.72 99.88 99.99 100.12 100.26 100.37 100.52 100.66 100.93 101.07 101.19 101.31 101.46 101.58 101.7 101.92 102.07 102.19 102.32 102.41 102.54 102.82 102.94 103.1 103.22 103.32 103.41 103.47 103.55 103.63 103.7 103.76 103.81 103.82 103.83 103.83 103.85 103.81 103.8 103.72 103.68 103.66 103.61 103.57
97.98 97.97 97.96 97.99 97.98 97.97 98 97.99 98.02 98.03 98.06 98.08 98.14 98.2 98.32 98.39 98.45 98.51 98.58 98.68 98.77 98.99 99.09 99.19 99.29 99.42 99.52 99.66 99.79 100.08 100.21 100.35 100.49 100.6 100.74 100.88 101.03 101.3 101.44 101.59 101.71 101.83 101.95 102.07 102.29 102.42 102.54 102.67 102.77 102.89 103.02 103.12 103.28 103.38 103.48 103.57 103.66 103.72 103.8 103.87 103.93 103.95 103.96 103.96 103.96 103.95 103.93 103.89 103.84 103.79 103.74 103.69 103.64
98 98.02 98.01 98.04 98.03 98.05 98.05 98.08 98.05 98.08 98.14 98.17 98.23 98.29 98.41 98.5 98.56 98.63 98.73 98.79 98.92 99.11 99.24 99.34 99.44 99.57 99.67 99.81 99.94 100.23 100.4 100.53 100.64 100.78 100.92 101.07 101.22 101.48 101.63 101.75 101.86 102.02 102.14 102.26 102.39 102.61 102.74 102.84 102.94 103.07 103.17 103.3 103.43 103.53 103.63 103.73 103.79 103.89 103.94 104.02 104.08 104.1 104.1 104.1 104.09 104.07 104.03 103.98 103.92 103.87 103.82 103.77 103.72
98.05 98.04 98.06 98.05 98.08 98.1 98.1 98.07 98.1 98.16 98.19 98.25 98.28 98.37 98.49 98.58 98.65 98.74 98.81 98.91 99.01 99.22 99.32 99.45 99.55 99.69 99.79 99.93 100.09 100.38 100.52 100.66 100.79 100.93 101.05 101.19 101.37 101.64 101.78 101.9 102.02 102.14 102.26 102.39 102.55 102.73 102.87 102.97 103.1 103.2 103.3 103.41 103.54 103.64 103.75 103.85 103.92 104.02 104.08 104.13 104.2 104.21 104.21 104.2 104.18 104.16 104.11 104.06 103.97 103.92 103.86 103.81 103.76
98.09 98.09 98.08 98.1 98.13 98.12 98.09 98.12 98.15 98.21 98.24 98.3 98.36 98.42 98.57 98.67 98.73 98.83 98.89 98.99 99.09 99.22 99.44 99.57 99.67 99.8 99.91 100.04 100.21 100.5 100.67 100.81 100.94 101.06 101.2 101.35 101.49 101.76 101.91 102.05 102.18 102.3 102.42 102.55 102.67 102.86 102.99 103.13 103.23 103.33 103.44 103.54 103.68 103.78 103.86 103.96 104.04 104.12 104.22 104.28 104.32 104.33 104.32 104.3 104.27 104.22 104.19 104.13 104.05 103.99 103.93 103.88 103.82
98.11 98.13 98.12 98.15 98.14 98.11 98.14 98.17 98.19 98.25 98.31 98.34 98.41 98.5 98.65 98.72 98.81 98.91 98.97 99.07 99.2 99.3 99.52 99.68 99.78 99.92 100.02 100.16 100.33 100.62 100.78 100.92 101.06 101.2 101.35 101.49 101.64 101.91 102.06 102.21 102.33 102.45 102.55 102.67 102.8 103.02 103.15 103.25 103.35 103.46 103.56 103.67 103.77 103.88 103.96 104.07 104.15 104.23 104.31 104.4 104.48 104.48 104.41 104.38 104.35 104.29 104.26 104.2 104.11 104.02 103.97 103.91 103.85
