DE_solarradiation/2018_02_solarradiation.asc
NCOLS 654
NROWS 866
XLLCORNER 3280500
YLLCORNER 5237500
CELLSIZE 1000
NODATA_VALUE -999
[rows 350 to 384 of 866, columns 156 to 233 of 654]
48.25 48.19 48.14 48.12 48.07 48.02 47.94 47.89 47.87 47.85 47.8 47.74 47.69 47.6 47.55 47.46 47.41 47.39 47.34 47.31 47.26 47.24 47.13 47.11 47.06 47 46.94 46.89 46.86 46.75 46.7 46.68 46.65 46.63 46.6 46.54 46.59 46.53 46.51 46.45 46.49 46.5 46.54 46.48 46.49 46.4 46.45 46.5 46.61 46.84 47.34 46.87 47.21 46.17 45.7 45.76 45.66 45.42 45.36 45.3 45.44 45.74 45.75 45.47 45.33 45.04 44.76 44.65 44.54 44.68 44.97 44.71 44.09 44.09 44.45 45.25 45.47 45.44
48.26 48.24 48.19 48.14 48.11 48.1 47.98 47.93 47.92 47.86 47.84 47.79 47.73 47.68 47.6 47.54 47.45 47.4 47.38 47.35 47.31 47.25 47.18 47.12 47.06 47.01 46.99 46.93 46.88 46.77 46.74 46.72 46.66 46.61 46.61 46.59 46.56 46.51 46.49 46.49 46.51 46.52 46.48 46.46 46.43 46.45 46.5 46.58 46.7 46.76 47.06 47.22 46.71 46.33 46.09 45.67 45.57 45.66 45.37 45.53 45.53 45.33 45.48 45.27 45.16 45.05 44.91 44.69 44.58 44.47 44.39 44.17 44.21 44.6 44.56 45.21 45.86 46.11
48.34 48.29 48.27 48.22 48.17 48.12 48.06 48.01 48 47.91 47.85 47.83 47.78 47.72 47.64 47.59 47.53 47.48 47.42 47.41 47.35 47.29 47.22 47.16 47.14 47.09 47.03 46.97 46.92 46.81 46.79 46.73 46.71 46.65 46.63 46.57 46.57 46.49 46.5 46.51 46.48 46.49 46.5 46.44 46.41 46.43 46.48 46.45 46.61 46.74 47.04 47.49 47.06 47.26 46.08 45.94 45.77 45.49 45.5 45.52 45.37 45.41 45.27 45.17 44.96 44.82 44.67 44.48 44.44 44.44 44.22 44.43 44.24 44.46 44.67 44.73 45.34 45.99
48.36 48.34 48.32 48.23 48.21 48.2 48.11 48.03 47.98 47.95 47.9 47.85 47.82 47.77 47.66 47.6 47.65 47.52 47.47 47.45 47.47 47.38 47.26 47.21 47.19 47.13 47.07 47.02 46.97 46.85 46.8 46.75 46.72 46.69 46.67 46.61 46.59 46.5 46.48 46.49 46.49 46.47 46.44 46.46 46.43 46.38 46.42 46.47 46.53 46.72 46.96 47.12 47.08 47.46 46.31 46.8 46.3 45.7 45.57 45.44 45.35 45.4 45.01 44.94 44.76 44.65 44.79 44.47 44.46 44.46 44.34 44.56 44.47 44.36 44.53 44.37 44.62 45.05
48.44 48.43 48.4 48.28 48.27 48.21 48.19 48.11 48.02 47.97 47.94 47.93 47.88 47.79 47.7 47.65 47.63 47.57 47.51 47.5 47.44 47.38 47.31 47.25 47.2 47.14 47.12 47.1 47.01 46.94 46.81 46.79 46.77 46.7 46.68 46.66 46.56 46.55 46.52 46.5 46.47 46.44 46.49 46.46 46.44 46.46 46.44 46.45 46.43 46.48 46.54 46.74 46.89 47.27 46.67 46.54 46.29 46.16 45.88 45.64 45.38 45.28 45.22 45.87 45.26 44.71 44.67 44.56 44.52 44.44 44.29 44.54 44.85 44.48 44.47 44.38 44.48 45.06
48.7 48.58 48.42 48.36 48.35 48.3 48.21 48.16 48.1 48.05 48.06 48.01 47.96 47.87 47.75 47.7 47.71 47.65 47.56 47.53 47.51 47.43 47.38 47.3 47.24 47.22 47.17 47.11 47.05 46.95 46.89 46.83 46.81 46.75 46.69 46.67 46.64 46.59 46.57 46.55 46.49 46.53 46.5 46.51 46.52 46.48 46.49 46.44 46.45 46.39 46.41 46.5 46.73 46.85 46.91 47.18 47.01 46.12 45.98 45.78 45.48 45.35 45.1 45.65 45.4 44.7 44.56 44.48 44.47 44.43 44.31 44.49 44.66 44.54 44.64 44.53 44.52 44.8
48.71 48.59 48.57 48.48 48.43 48.38 48.25 48.24 48.15 48.15 48.14 48.11 48.02 47.97 47.88 47.83 47.81 47.78 47.73 47.67 47.62 47.56 47.48 47.43 47.37 47.32 47.3 47.24 47.18 47.1 47.02 46.96 46.9 46.88 46.82 46.8 46.74 46.69 46.66 46.64 46.62 46.59 46.6 46.58 46.59 46.51 46.46 46.4 46.41 46.39 46.41 46.4 46.42 46.59 46.79 46.66 47.37 46.95 46.02 46.07 45.51 45.42 45.17 44.91 44.92 44.8 44.7 44.59 44.54 44.42 44.34 44.51 44.69 44.86 44.7 44.78 44.51 44.47
48.82 48.72 48.67 48.58 48.53 48.55 48.49 48.31 48.3 48.24 48.18 48.16 48.11 48.05 47.96 47.87 47.82 47.83 47.77 47.72 47.69 47.61 47.53 47.51 47.45 47.39 47.37 47.32 47.23 47.12 47.1 47.05 46.99 46.96 46.9 46.88 46.82 46.74 46.71 46.65 46.59 46.67 46.65 46.59 46.57 46.5 46.47 46.42 46.4 46.34 46.36 46.35 46.2 46.33 46.53 46.59 47.01 46.33 46.27 46.14 45.8 45.49 45.31 45.02 45.32 44.73 44.63 44.59 44.43 44.53 44.38 44.62 44.61 44.75 44.92 44.71 44.55 44.61
48.86 48.77 48.76 48.67 48.68 48.59 48.47 48.36 48.38 48.32 48.27 48.24 48.19 48.1 48.01 47.92 47.87 47.84 47.82 47.77 47.74 47.66 47.57 47.55 47.5 47.44 47.38 47.36 47.31 47.22 47.14 47.09 47 46.97 46.95 46.89 46.86 46.75 46.73 46.7 46.64 46.65 46.63 46.61 46.59 46.51 46.46 46.4 46.38 46.33 46.31 46.27 46.11 46.25 46.53 46.22 46.42 46.1 46.93 46.65 47.01 45.56 45.2 45.21 45.43 45.07 44.7 44.55 44.58 44.43 44.45 44.77 44.7 44.61 44.67 44.76 44.64 44.85
48.87 48.89 48.84 48.79 48.7 48.58 48.52 48.44 48.5 48.45 48.39 48.3 48.21 48.15 48.07 47.98 47.91 47.86 47.87 47.82 47.76 47.71 47.62 47.6 47.55 47.49 47.43 47.41 47.36 47.27 47.16 47.11 47.05 46.99 47 46.94 46.85 46.8 46.74 46.72 46.69 46.67 46.65 46.62 46.57 46.5 46.41 46.39 46.37 46.36 46.34 46.22 45.96 46.06 46.04 46.29 46.82 46.76 46.96 46.4 46.72 45.46 45.28 45.28 45.14 44.78 44.81 44.67 44.52 44.47 44.5 44.57 44.6 44.88 44.58 44.74 44.84 44.98
49 48.98 48.86 48.84 48.71 48.66 48.83 48.87 48.63 48.54 48.41 48.36 48.26 48.17 48.08 48.03 47.97 47.95 47.89 47.86 47.81 47.75 47.68 47.59 47.57 47.54 47.48 47.43 47.38 47.36 47.28 47.16 47.1 47.08 47.02 47.03 46.94 46.85 46.79 46.77 46.75 46.72 46.7 46.65 46.62 46.51 46.46 46.41 46.39 46.31 46.29 46.21 45.91 45.94 46.23 46.46 46.64 46.98 47.04 46.4 46.43 45.53 45.58 45.41 45.19 45.27 44.9 44.68 44.6 44.45 44.48 44.54 44.5 44.49 44.52 44.61 44.64 44.68
49.12 49.07 48.98 48.82 48.84 48.82 48.96 48.95 48.75 48.74 48.57 48.48 48.35 48.29 48.14 48.07 48.02 47.97 47.94 47.89 47.83 47.78 47.69 47.64 47.62 47.56 47.51 47.45 47.43 47.41 47.26 47.21 47.15 47.17 47.07 47.09 47.03 46.9 46.84 46.82 46.8 46.74 46.71 46.66 46.61 46.5 46.49 46.4 46.38 46.3 46.25 46.1 45.91 45.87 46.19 46.21 46.49 46.4 46.82 46.7 46.19 45.59 45.52 45.23 44.98 44.77 44.66 44.55 44.58 44.61 44.65 44.53 44.64 44.52 44.63 44.64 44.72 44.97
49.09 49.12 49.03 48.98 48.97 48.99 48.97 49 48.77 48.72 48.55 48.53 48.48 48.35 48.22 48.13 48.07 48.05 47.99 47.94 47.88 47.83 47.74 47.72 47.67 47.64 47.58 47.53 47.47 47.42 47.31 47.33 47.23 47.14 47.08 47.06 47.11 47.03 46.93 46.87 46.81 46.79 46.73 46.71 46.63 46.52 46.47 46.42 46.34 46.28 46.16 46.09 45.87 45.83 46.07 46.36 46.2 46.85 47.16 46.42 46.71 45.63 45.27 45.13 45.55 44.83 44.9 44.76 44.75 44.75 44.75 44.78 44.99 44.7 45.06 44.86 44.9 44.98
49.22 49.35 49.19 49.1 49.2 49.17 49.1 48.98 48.74 48.62 48.56 48.51 48.42 48.39 48.24 48.21 48.16 48.1 48.04 47.99 47.96 47.91 47.82 47.8 47.75 47.69 47.64 47.58 47.52 47.5 47.39 47.3 47.25 47.19 47.13 47.1 47.09 47.08 46.95 46.89 46.9 46.92 46.9 46.85 46.8 46.6 46.52 46.46 46.41 46.33 46.25 46.14 45.83 45.87 46.01 46.36 46.28 46.56 46.18 46.8 46.63 45.55 45.34 45.39 44.93 45.15 44.94 45.57 45.27 45.09 45.19 45.3 45.01 44.89 45.08 44.92 44.74 44.78
49.5 49.48 49.32 49.31 49.3 49.24 49.19 49.11 48.92 48.86 48.8 48.75 48.7 48.6 48.48 48.39 48.29 48.2 48.18 48.12 48.13 48.04 47.99 47.94 47.88 47.83 47.8 47.74 47.69 47.6 47.56 47.43 47.41 47.36 47.3 47.3 47.25 47.21 47.12 47.06 47 46.98 46.92 46.87 46.82 46.62 46.54 46.49 46.41 46.29 46.25 46.14 45.93 45.94 46.23 45.97 46.29 46.68 46.3 46.44 46.2 46.01 45.4 45.16 45.17 45.33 45.11 45.33 45.4 45.15 45.66 45.6 44.79 44.72 45.16 45.18 44.71 44.64
49.62 49.68 49.48 49.51 49.41 49.32 49.16 48.98 48.93 48.83 48.78 48.73 48.7 48.65 48.53 48.47 48.42 48.28 48.23 48.21 48.15 48.09 48.05 48.02 47.96 47.91 47.85 47.8 47.74 47.69 47.61 47.55 47.53 47.59 47.53 47.4 47.38 47.22 47.17 47.12 47.06 47 46.98 46.93 46.81 46.64 46.56 46.48 46.4 46.32 46.24 46.17 45.97 46.02 45.87 46.12 46.66 46.77 45.84 46.39 45.89 46.72 45.64 45.4 45.41 45.24 45.1 45.4 45.37 45.44 45.19 45.3 44.9 44.86 45.05 44.9 44.71 44.76
49.74 49.54 49.56 49.44 49.35 49.41 49.32 49.17 48.94 48.99 48.91 48.82 48.76 48.63 48.48 48.45 48.43 48.31 48.28 48.23 48.2 48.15 48.1 48.04 48.02 47.96 47.91 47.85 47.8 47.78 47.76 47.75 47.7 47.64 47.55 47.45 47.39 47.28 47.22 47.14 47.11 47.06 46.97 46.92 46.87 46.71 46.59 46.51 46.4 46.35 46.31 46.24 46.11 46.01 46.31 46.35 46.71 46.12 46.18 45.96 45.98 46.23 45.92 45.27 45.11 45.01 45.49 45.06 45.54 45.48 45.55 45.04 44.69 44.76 44.5 44.94 44.84 44.92
49.71 49.56 49.44 49.46 49.48 49.32 49.16 48.97 49.07 49.05 48.96 48.87 48.77 48.68 48.64 48.5 48.41 48.36 48.37 48.32 48.25 48.2 48.15 48.13 48.07 48.02 47.96 47.94 47.96 47.94 47.79 47.7 47.64 47.59 47.53 47.51 47.45 47.34 47.25 47.2 47.15 47.09 47.03 46.98 46.9 46.7 46.62 46.51 46.47 46.43 46.35 46.28 46.25 46.02 46.36 46.65 45.95 45.87 46.31 45.94 45.67 46.11 46.57 45.96 45.46 44.97 45.38 45.05 45.47 45.29 44.97 45.09 44.76 44.95 44.7 44.55 45.07 45.15
49.77 49.62 49.53 49.37 49.24 49.22 49.14 48.95 48.98 48.99 48.94 48.92 48.86 48.77 48.54 48.49 48.47 48.45 48.39 48.33 48.31 48.25 48.17 48.15 48.13 48.18 48.16 48.04 47.94 47.89 47.78 47.76 47.7 47.64 47.59 47.53 47.44 47.33 47.31 47.23 47.2 47.12 47.06 46.97 46.9 46.7 46.59 46.54 46.46 46.42 46.35 46.51 46.36 45.99 45.85 45.82 46.4 46.8 46.29 46.47 45.88 46.23 46.45 46.17 45.82 45.03 44.78 44.73 44.95 45.36 45.41 45.34 45.2 44.93 44.86 44.63 44.82 45.1
49.74 49.59 49.65 49.53 49.41 49.28 49.23 49.12 48.95 48.93 48.92 48.9 48.88 48.71 48.6 48.54 48.52 48.47 48.44 48.39 48.36 48.34 48.26 48.21 48.18 48.16 48.07 48.05 48 47.94 47.83 47.81 47.76 47.7 47.65 47.56 47.5 47.43 47.34 47.29 47.24 47.18 47.09 47.01 46.89 46.73 46.63 46.55 46.47 46.43 46.5 46.62 46.56 46.4 46.53 46.9 46.49 46.75 46.56 46.38 45.93 46.26 46.36 45.61 45.12 44.91 44.93 44.61 44.81 45.15 44.83 45.06 45.14 44.68 44.58 44.29 44.7 44.65
49.72 49.64 49.44 49.46 49.38 49.36 49.28 49.2 49.15 49.06 48.93 48.87 48.82 48.73 48.68 48.63 48.58 48.55 48.5 48.47 48.42 48.39 48.35 48.29 48.28 48.21 48.16 48.1 48.05 48 47.92 47.83 47.82 47.76 47.7 47.65 47.56 47.45 47.4 47.35 47.3 47.25 47.16 47.04 47 46.73 46.63 46.59 46.51 46.58 46.51 46.66 46.6 46.45 46.57 46.91 46.37 46.36 46.4 46.26 46.1 46.32 46.31 45.97 45.18 44.83 45 44.58 44.93 45.12 44.69 44.81 44.8 44.44 44.18 44.18 44.38 44.41
49.71 49.57 49.56 49.47 49.42 49.41 49.36 49.21 49.15 49.07 48.98 48.95 48.87 48.81 48.79 48.71 48.66 48.63 48.58 48.55 48.59 48.56 48.49 48.43 48.41 48.35 48.3 48.28 48.23 48.17 48.03 47.98 47.92 47.84 47.82 47.76 47.71 47.61 47.57 47.52 47.4 47.34 47.26 47.21 47.14 46.88 46.66 46.66 46.62 46.69 46.81 46.81 46.87 46.66 46.71 46.82 46.79 46.39 46.09 45.95 45.92 46.29 46.35 45.57 44.93 44.7 44.54 44.44 44.4 44.53 44.47 44.23 44.62 44.41 44.17 44.1 44.08 44.21
49.91 49.82 49.61 49.56 49.59 49.54 49.49 49.34 49.25 49.2 49.17 49.12 49.03 49.01 48.96 48.88 48.83 48.8 48.75 48.72 48.67 48.64 48.57 48.52 48.46 48.41 48.42 48.37 48.31 48.23 48.12 48.04 47.98 47.96 47.88 47.9 47.81 47.71 47.66 47.62 47.61 47.48 47.33 47.24 47.17 46.95 46.88 46.84 46.78 46.85 46.86 47.05 46.95 46.62 46.69 46.77 46.7 46.11 46.19 45.91 45.9 46.24 46.31 46.08 45.07 44.92 45.23 44.6 44.3 44.2 44.15 44.13 44.74 44.58 44.11 44.05 43.99 44.48
50 49.91 49.86 49.61 49.67 49.58 49.53 49.45 49.33 49.28 49.26 49.2 49.15 49.09 49.04 48.96 48.91 48.88 48.83 48.81 48.79 48.74 48.66 48.6 48.55 48.5 48.44 48.39 48.33 48.29 48.18 48.1 48.04 48.02 47.98 47.96 47.87 47.74 47.7 47.65 47.64 47.59 47.4 47.32 47.25 47.11 47.15 47.11 47.08 46.94 47.08 46.99 46.78 46.68 46.78 46.42 46.09 46.46 46.51 46.04 45.9 46.04 46.16 46.41 45.51 44.99 44.98 45.07 44.37 44.25 44.75 44.44 44.28 43.97 44.24 44.07 44.23 44.21
49.97 49.89 49.83 49.69 49.64 49.63 49.58 49.47 49.42 49.36 49.35 49.33 49.24 49.15 49.1 49.05 48.99 48.94 48.89 48.87 48.81 48.8 48.72 48.63 48.62 48.56 48.5 48.45 48.37 48.35 48.24 48.16 48.07 48.06 48 47.99 47.95 47.78 47.73 47.69 47.68 47.7 47.58 47.32 47.47 47.37 47.41 47.46 47.31 47.09 47.02 46.99 46.76 46.4 46.72 46.21 46.44 46.48 46.52 46.13 45.99 46.26 45.96 46.25 45.51 45.53 45.45 44.96 44.56 44.4 44.9 44.71 44.55 44.39 44.15 44.54 44.7 44.28
49.95 49.94 49.89 49.83 49.73 49.65 49.67 49.56 49.51 49.46 49.44 49.38 49.29 49.21 49.18 49.1 49.05 49 48.97 48.92 48.87 48.82 48.77 48.73 48.64 48.59 48.56 48.48 48.46 48.41 48.27 48.19 48.17 48.12 48.07 48.02 47.98 47.88 47.8 47.76 47.71 47.78 47.62 47.58 47.63 47.52 47.61 47.68 47.36 47.14 47.37 47.3 47.11 46.89 46.29 46.67 46.31 46.72 46.69 46.26 46.09 46.17 46.03 46.1 45.43 45.38 45.2 45.19 44.89 44.55 44.62 44.71 44.38 44.18 44.07 44.56 44.76 44.57
50.05 50.03 49.94 49.85 49.86 49.69 49.68 49.54 49.56 49.48 49.49 49.4 49.34 49.29 49.2 49.16 49.11 49.09 49.03 48.98 48.97 48.91 48.83 48.82 48.74 48.68 48.63 48.58 48.56 48.48 48.37 48.32 48.34 48.23 48.17 48.09 48.01 47.88 47.84 47.8 47.82 47.82 47.74 47.48 47.63 47.6 47.72 47.73 47.18 47.37 47.38 47.24 47.31 47.17 46.72 47.02 46.92 46.44 46.23 46.25 46.26 46.2 45.76 45.61 45.38 45.46 44.94 45.04 44.86 44.97 44.48 44.47 44.5 44.39 44.23 44.37 44.79 44.82
50.1 50.01 49.99 49.94 49.89 49.83 49.7 49.62 49.54 49.52 49.47 49.49 49.4 49.31 49.26 49.25 49.19 49.14 49.09 49.1 49.05 49.04 48.97 48.91 48.9 48.81 48.73 48.67 48.66 48.58 48.43 48.35 48.34 48.33 48.24 48.15 48.04 47.98 47.94 47.91 48.05 48.04 47.93 47.81 47.52 47.61 47.15 47.51 47.38 47.42 47.2 47.22 47.32 47.15 47.09 47.18 46.64 46.24 46.18 46.2 46.21 46.26 45.64 45.56 46 45.26 45.11 44.89 44.79 44.61 44.64 44.49 44.6 44.46 44 44.44 44.72 44.85
50.15 50.1 50.08 50.06 49.97 49.92 49.87 49.67 49.62 49.57 49.55 49.5 49.45 49.43 49.38 49.33 49.32 49.3 49.25 49.23 49.18 49.13 49.09 49.01 49.03 48.91 48.89 48.77 48.79 48.67 48.53 48.49 48.43 48.39 48.34 48.26 48.17 48.14 48.05 48.05 48.04 48.04 48.04 47.74 47.53 47.47 47.52 47.12 47.38 47.58 47.52 47.27 47.37 47.31 47.03 46.45 46.54 46.77 46.68 46.28 46.08 46.05 46.18 45.37 45.66 45.44 45.25 44.75 44.42 44.27 44.39 44.26 44.25 44.17 44.35 44.68 44.36 44.72
50.27 50.31 50.28 50.27 50.22 50.16 50.11 50.06 49.89 49.84 49.76 49.77 49.72 49.67 49.62 49.54 49.49 49.44 49.49 49.44 49.39 49.37 49.26 49.29 49.21 49.15 49.03 48.98 48.96 48.88 48.71 48.67 48.62 48.57 48.49 48.45 48.41 48.37 48.25 48.22 48.22 48.25 47.84 47.7 47.6 47.84 47.82 47.76 47.72 47.73 47.71 47.47 47.34 46.84 46.5 46.73 46.78 46.76 46.76 46.57 46.36 46.15 46.27 45.39 45.54 45.61 45.37 44.86 44.76 44.51 44.5 44.2 44.27 43.94 44.53 44.53 44.61 44.84
50.44 50.43 50.41 50.32 50.26 50.25 50.2 50.18 50.13 49.96 49.92 49.86 49.88 49.79 49.74 49.7 49.61 49.53 49.54 49.49 49.44 49.46 49.43 49.39 49.33 49.28 49.16 49.14 49.1 48.98 48.81 48.8 48.79 48.71 48.71 48.73 48.73 48.59 48.5 48.47 48.43 48.03 48.03 48.22 47.94 47.41 47.5 47.69 47.78 47.85 47.87 47.78 47.61 46.86 47.06 46.97 46.87 46.81 46.9 46.77 46.41 46.55 46.26 45.35 45.2 45.58 45.32 45 44.61 44.8 44.62 44.55 44.29 44.18 44.55 44.44 44.49 44.91
50.53 50.48 50.43 50.38 50.35 50.34 50.32 50.24 50.15 50.05 50 49.95 49.93 49.92 49.87 49.83 49.7 49.69 49.64 49.55 49.54 49.49 49.49 49.47 49.4 49.38 49.26 49.28 49.16 49.15 49.09 49.05 49.04 48.93 48.85 48.84 48.87 48.8 48.69 48.66 48.59 48.26 48.26 48.33 48.35 47.9 47.8 47.59 47.64 47.87 47.88 47.82 47.63 46.91 47.22 46.8 46.88 47.08 46.91 46.71 46.47 46.79 46.36 45.44 45.19 44.98 45.1 45.19 44.57 44.58 44.66 44.63 44.23 44.24 44.42 44.35 44.82 44.63
50.63 50.54 50.52 50.51 50.48 50.4 50.42 50.3 50.25 50.26 50.13 50.01 50.06 49.98 50 49.89 49.8 49.82 49.7 49.72 49.67 49.62 49.59 49.57 49.53 49.48 49.47 49.42 49.44 49.44 49.38 49.3 49.18 49.14 49.06 49.02 49.05 48.99 48.91 48.44 48.52 48.41 48.49 48.42 48.5 48.24 47.89 47.49 47.76 47.77 47.82 47.81 46.98 47.1 47.28 46.93 46.91 46.73 46.75 46.59 46.49 46.7 46.6 46.24 45.44 45.08 45.13 45.18 45.23 44.63 44.38 44.2 44.17 44.03 44.22 44.64 44.69 44.59
50.72 50.64 50.55 50.57 50.58 50.49 50.52 50.36 50.35 50.32 50.31 50.11 50.12 50.07 50.1 49.98 49.93 49.88 49.87 49.82 49.87 49.83 49.72 49.71 49.73 49.62 49.72 49.55 49.69 49.65 49.44 49.37 49.4 49.39 49.31 49.27 49.27 49.28 48.73 48.8 48.81 48.66 48.78 48.75 48.77 48.5 48.08 47.91 47.85 48 47.98 47.12 47.51 47.6 47.44 47.02 46.77 47.05 46.98 46.94 46.55 46.57 46.37 46.63 45.68 45.25 45.67 45.36 44.76 44.55 44.61 44.54 44.44 44.27 44.5 44.48 44.49 44.4
50.82 50.77 50.68 50.63 50.68 50.63 50.5 50.46 50.44 50.42 50.4 50.32 50.22 50.21 50.2 50.08 50.07 50.06 50.01 49.99 50.01 50.04 49.9 49.96 49.91 49.9 49.93 49.8 49.9 49.87 49.62 49.59 49.61 49.64 49.57 49.52 49.49 49.16 48.87 49.03 49.07 48.63 48.9 48.91 48.92 48.55 47.94 47.73 48.04 48.1 47.44 47.61 47.48 47.4 47.42 47.22 46.97 46.99 46.82 46.73 46.6 46.41 46.36 46.11 46.01 45.51 45.74 45.32 44.87 45.19 44.95 44.66 44.45 44.17 44.37 44.39 44.37 44.35
