DE_solarradiation/2018_11_solarradiation.asc
NCOLS 654
NROWS 866
XLLCORNER 3280500
YLLCORNER 5237500
CELLSIZE 1000
NODATA_VALUE -999
[rows 700 to 734 of 866, columns 234 to 311 of 654]
35.66 35.6 35.46 35.39 35.21 35.2 35.37 35.38 35.25 35.4 35.36 35.32 35.43 35.32 35.42 35.39 35.22 35.31 35.54 35.57 35.55 35.66 35.66 35.74 35.64 35.78 35.78 35.88 35.82 35.96 35.86 35.97 35.92 35.95 36.02 36 36.02 35.95 35.99 35.98 36.02 36.02 36.03 36.06 36.06 35.95 35.95 36.01 35.97 35.92 35.89 35.95 36.18 36.15 36.11 35.93 35.81 35.79 35.61 35.56 35.51 35.43 35.28 34.88 34.76 34.66 34.32 34.3 34.21 34.05 33.73 33.57 33.41 33.3 33.14 32.99 32.89 32.73
35.61 35.47 35.38 35.31 35.23 35.18 35.36 35.31 35.32 35.3 35.5 35.43 35.4 35.5 35.41 35.34 35.4 35.5 35.63 35.56 35.71 35.73 35.82 35.71 35.71 35.8 36.01 36.04 36.01 35.97 36 36.04 36.07 36.12 36.13 36.09 36.09 36.13 36.15 36.18 36.16 36.23 36.17 36.2 36.2 36.15 36.01 36.04 36.24 36.01 36.19 35.92 36.2 36.05 35.94 35.69 35.58 35.5 35.44 35.32 35.28 35.2 35.22 34.9 34.38 34.26 33.98 33.94 33.9 33.7 33.37 33.2 33.05 32.9 32.8 32.67 32.49 32.36
35.7 35.61 35.6 35.44 35.4 35.2 35.28 35.36 35.29 35.27 35.38 35.41 35.48 35.5 35.51 35.42 35.53 35.58 35.66 35.61 35.68 35.68 35.81 35.88 35.86 35.86 35.96 36.02 36.09 36.05 36.06 36.05 36.09 36.05 36.07 36.15 36.18 36.26 36.38 36.16 36.07 36.08 36.16 36.22 36.23 36.37 36.21 36.01 36.02 36.07 36.22 36.18 36.06 35.97 35.85 35.61 35.48 35.4 35.35 35.22 35.15 35.17 35.1 34.77 34.61 34.14 33.86 33.7 33.68 33.51 33.13 32.98 32.86 32.73 32.6 32.48 32.38 32.2
35.65 35.66 35.59 35.51 35.41 35.23 35.21 35.18 35.18 35.2 35.27 35.34 35.38 35.45 35.51 35.53 35.46 35.58 35.71 35.65 35.74 35.74 35.79 35.84 35.94 35.93 35.89 36.1 36.1 36.12 36.1 36.09 36.05 36.12 36.18 36.16 36.16 36.17 36.25 36.15 36.09 36.1 36.15 36.16 36.1 36.16 36.2 36.17 36.3 36.05 36.16 36.09 36.01 35.98 35.85 35.53 35.44 35.33 35.29 35.13 34.99 35.09 34.97 34.62 34.49 34.38 34.2 33.69 33.47 33.23 32.85 32.82 32.67 32.57 32.47 32.38 32.24 32.07
35.58 35.63 35.59 35.49 35.45 35.42 35.34 35.31 35.32 35.18 35.2 35.29 35.3 35.27 35.36 35.5 35.56 35.51 35.71 35.69 35.69 35.78 35.81 35.85 35.93 36.02 35.94 35.99 36.09 36.09 36.09 36.08 36.05 36.15 36.13 36.15 36.18 36.17 36.15 36.11 36.1 36.09 36.22 36.06 36.09 36.09 36.19 36.08 36.17 35.95 35.79 35.98 35.96 35.82 35.73 35.46 35.32 35.27 35.18 35 35.03 34.95 34.82 34.52 34.35 34.19 34.08 33.93 33.42 33.14 32.69 32.67 32.54 32.38 32.31 32.25 32.36 32.23
35.63 35.56 35.58 35.49 35.41 35.41 35.37 35.39 35.33 35.32 35.21 35.21 35.23 35.23 35.25 35.27 35.53 35.6 35.57 35.65 35.77 35.78 35.74 35.8 35.79 35.88 35.93 36.01 36.01 36.09 36.1 36.08 36.08 36.18 36.23 36.21 36.18 36.19 36.13 36.09 36.13 36.13 36.22 36.03 36.12 36.02 36.03 36.2 35.86 36.02 35.71 35.93 35.86 35.79 35.68 35.34 35.23 35.16 35.09 34.9 34.93 34.81 34.66 34.32 34.2 34.06 33.96 33.82 33.66 33 32.53 32.45 32.26 32.45 32.39 32.32 32.21 32.06
35.58 35.55 35.48 35.4 35.36 35.38 35.35 35.34 35.36 35.36 35.36 35.3 35.3 35.34 35.32 35.37 35.37 35.54 35.61 35.59 35.64 35.67 35.76 35.83 35.88 35.98 36.07 36 36.02 36.04 36.07 36.09 36.11 36.19 36.2 36.19 36.22 36.19 36.18 36.1 36.12 36.17 36.28 36.11 35.99 36.06 35.92 35.96 35.73 35.73 35.8 35.84 35.79 35.72 35.52 35.23 35.14 34.99 34.94 34.93 34.78 34.64 34.53 34.15 33.99 33.85 33.81 33.69 33.51 33.33 32.91 32.43 32.43 32.27 32.2 32.1 31.99 31.89
35.59 35.54 35.53 35.42 35.4 35.4 35.34 35.31 35.37 35.37 35.29 35.36 35.37 35.42 35.45 35.4 35.43 35.43 35.67 35.72 35.78 35.82 35.86 35.91 35.97 36.09 36.15 36.08 36.11 36.13 36.17 36.2 36.2 36.22 36.2 36.18 36.17 36.16 36.16 36.13 36.13 36.19 36.14 36.08 35.92 35.97 35.84 35.8 35.76 35.85 35.76 35.65 35.63 35.56 35.42 35.13 34.94 34.86 34.92 34.81 34.64 34.46 34.29 33.88 33.68 33.55 33.6 33.47 33.3 32.89 32.45 32.21 32.09 32.02 32 31.87 31.83 31.7
35.61 35.58 35.55 35.47 35.44 35.41 35.42 35.38 35.36 35.3 35.4 35.41 35.43 35.44 35.4 35.42 35.5 35.58 35.73 35.79 35.81 35.88 35.91 35.98 36.07 36.18 36.22 36.15 36.25 36.27 36.25 36.2 36.26 36.36 36.27 36.25 36.24 36.24 36.24 36.19 36.09 36.1 36.01 35.95 35.93 35.86 36 36.03 35.77 35.61 35.53 35.42 35.41 35.35 35.2 34.85 34.65 34.49 34.56 34.44 34.32 34.15 33.94 33.43 33.27 33.12 33.05 32.95 32.58 32.37 31.96 31.85 31.74 31.69 31.62 31.5 31.37 31.3
35.69 35.66 35.63 35.59 35.55 35.52 35.52 35.54 35.48 35.52 35.53 35.53 35.52 35.51 35.58 35.66 35.65 35.7 35.92 35.99 36 36.08 36.12 36.2 36.27 36.28 36.36 36.36 36.4 36.43 36.43 36.39 36.42 36.46 36.44 36.43 36.33 36.34 36.32 36.26 36.09 36.01 35.94 35.94 35.89 35.82 35.78 35.97 35.68 35.57 35.39 35.36 35.27 35.22 35.04 34.68 34.48 34.46 34.38 34.26 34.18 34.02 33.79 33.24 33.08 32.95 32.82 32.44 32.33 32.09 31.73 31.57 31.51 31.44 31.35 31.31 31.2 31.09
35.71 35.71 35.67 35.61 35.58 35.6 35.59 35.6 35.61 35.56 35.55 35.57 35.55 35.6 35.65 35.58 35.74 35.77 36 36.04 36.15 36.14 36.18 36.24 36.28 36.34 36.45 36.49 36.44 36.53 36.47 36.47 36.52 36.5 36.43 36.43 36.4 36.35 36.34 36.31 36.11 36.02 35.95 35.91 35.98 35.93 35.8 35.85 35.64 35.5 35.34 35.21 35.18 35.07 34.92 34.55 34.44 34.29 34.14 34.02 33.96 33.78 33.63 33.14 32.98 32.92 32.57 32.46 32.25 32.03 31.56 31.4 31.3 31.26 31.17 31.14 31.05 30.89
35.74 35.72 35.76 35.69 35.69 35.71 35.7 35.65 35.63 35.64 35.61 35.58 35.58 35.65 35.69 35.69 35.79 35.89 36.06 36.15 36.23 36.21 36.26 36.32 36.36 36.36 36.53 36.49 36.52 36.56 36.54 36.5 36.57 36.5 36.49 36.47 36.46 36.42 36.41 36.32 36.17 36.06 35.96 35.9 35.99 36.03 35.94 35.83 35.57 35.48 35.28 35 35.12 34.94 34.76 34.44 34.4 34.21 34.14 34.01 33.93 33.74 33.56 33.12 32.9 32.62 32.37 32.19 32.04 31.95 31.52 31.31 31.25 31.2 31.09 30.99 30.88 30.77
35.78 35.74 35.77 35.77 35.75 35.72 35.7 35.71 35.71 35.67 35.64 35.64 35.61 35.73 35.78 35.76 35.8 35.85 36.05 36.16 36.2 36.29 36.37 36.38 36.42 36.43 36.55 36.58 36.55 36.58 36.61 36.58 36.58 36.51 36.51 36.53 36.53 36.44 36.4 36.54 36.33 36.15 36.07 35.84 35.9 36.01 35.96 35.78 35.49 35.39 35.21 35.04 34.91 34.84 34.9 34.44 34.32 34.17 34.05 33.88 33.77 33.66 33.46 33.04 32.63 32.47 32.27 32.07 32.02 31.81 31.39 31.13 31.04 31.06 30.98 30.86 30.79 30.62
35.82 35.77 35.81 35.76 35.73 35.73 35.72 35.74 35.73 35.69 35.71 35.66 35.69 35.74 35.84 35.87 35.87 35.96 36.1 36.19 36.25 36.29 36.37 36.4 36.44 36.44 36.59 36.61 36.66 36.65 36.62 36.64 36.61 36.61 36.56 36.57 36.6 36.52 36.58 36.45 36.49 36.24 36.03 35.94 35.77 36.05 35.9 35.67 35.41 35.26 34.93 34.94 35 34.95 34.79 34.43 34.25 34.11 33.93 33.78 33.76 33.56 33.34 32.7 32.53 32.34 32.17 32 31.9 31.67 31.27 31.04 31.02 30.79 30.69 30.66 30.58 30.51
35.9 35.74 35.82 35.76 35.72 35.72 35.75 35.74 35.66 35.65 35.66 35.68 35.75 35.85 35.84 35.92 35.98 36.08 36.21 36.25 36.31 36.34 36.37 36.46 36.49 36.54 36.65 36.77 36.69 36.69 36.71 36.75 36.68 36.68 36.7 36.79 36.78 36.69 36.82 36.76 36.56 36.22 36.19 36.18 35.75 35.65 35.85 35.47 35.36 35.01 35.06 35.08 34.98 34.89 34.71 34.32 34.12 34.02 33.84 33.73 33.61 33.44 33.25 32.59 32.39 32.22 32.03 31.96 31.77 31.59 31.09 30.93 30.85 30.67 30.57 30.57 30.46 30.37
35.78 35.84 35.81 35.73 35.76 35.75 35.73 35.8 35.79 35.73 35.73 35.82 35.89 35.92 35.95 36.01 36.08 36.15 36.31 36.34 36.36 36.4 36.48 36.48 36.56 36.58 36.69 36.79 36.83 36.9 36.92 36.89 36.92 36.85 36.96 36.93 36.86 36.71 36.58 36.56 36.4 36.15 36.25 35.97 35.77 35.61 35.48 35.34 35.17 35.25 35.07 34.98 34.92 34.79 34.62 34.17 34.01 33.88 33.72 33.6 33.48 33.34 33.11 32.64 32.23 32.07 31.96 31.79 31.62 31.44 30.97 30.7 30.65 30.53 30.39 30.34 30.22 30.15
35.86 35.81 35.78 35.86 35.93 35.92 35.86 35.86 35.9 35.91 35.77 36.01 36.03 36.09 36.11 36.22 36.33 36.34 36.48 36.51 36.57 36.58 36.64 36.69 36.69 36.73 36.86 36.89 37.05 37.02 36.99 37.06 37.23 36.99 36.96 36.78 36.83 36.89 36.79 36.44 36.4 36.02 36.24 36.13 35.71 35.49 35.47 35.23 35.17 35.03 34.89 34.8 34.71 34.57 34.35 33.93 33.72 33.57 33.45 33.3 33.23 33.07 32.86 32.41 31.99 31.81 31.64 31.5 31.36 31.15 30.78 30.65 30.51 30.44 30.37 30.29 30.18 30.08
35.96 36.04 36.06 36.03 35.94 35.88 35.89 35.9 35.96 36.02 35.97 36.03 36.08 36.11 36.2 36.42 36.5 36.55 36.51 36.56 36.62 36.67 36.71 36.74 36.77 36.77 36.85 36.94 37.08 37.38 37.22 37.11 37.08 37 37.02 36.78 36.88 36.69 36.84 36.38 36.23 35.97 35.89 36 35.6 35.49 35.59 35.23 35.1 34.99 34.8 34.71 34.6 34.48 34.34 34.13 33.7 33.43 33.28 33.18 33.09 32.95 32.76 32.32 31.78 31.7 31.54 31.39 31.26 31.08 30.75 30.56 30.39 30.37 30.27 30.19 30.1 29.99
36.14 36.07 36.05 35.99 35.92 35.97 35.95 36.01 36.04 36.08 36.08 36.11 36.18 36.23 36.23 36.38 36.53 36.57 36.59 36.7 36.81 36.75 36.79 36.81 36.88 36.88 36.92 37.04 37.1 37.38 37.32 37.22 37.01 37.06 37.02 36.83 36.73 36.62 36.53 36.31 36.34 35.96 35.95 35.61 35.51 35.69 35.6 35.18 35.01 34.87 34.75 34.64 34.57 34.44 34.27 34.13 33.66 33.44 33.25 33.09 32.92 32.76 32.39 31.92 31.69 31.53 31.49 31.34 31.23 31.05 30.7 30.53 30.37 30.32 30.16 30.09 30.02 29.97
36.13 36.1 36.04 35.98 36.02 36.05 36.02 36 36.12 36.11 36.13 36.14 36.22 36.36 36.36 36.46 36.47 36.58 36.65 36.82 37.09 36.84 36.89 36.97 37.03 36.94 37.01 37.11 37.18 37.35 37.23 37.1 37.02 36.8 36.89 36.79 36.55 36.52 36.45 36.49 36.5 36.18 35.81 35.85 35.52 35.65 35.55 35.38 34.93 34.72 34.64 34.54 34.44 34.37 34.22 34.03 33.58 33.41 33.23 32.81 32.74 32.59 32.28 31.8 31.61 31.44 31.33 31.2 31.15 31.01 30.65 30.51 30.38 30.29 30.15 30.06 30.05 29.89
36.11 36.11 35.99 35.97 36.06 36.1 36.08 36.06 36.11 36.15 36.17 36.22 36.25 36.52 36.61 36.62 36.66 36.58 36.68 36.87 37.19 36.92 37.31 37.38 37.11 37.05 37.01 37.08 37.06 37.36 37.28 37.28 37.23 36.9 36.71 36.72 36.54 36.56 36.43 36.58 36.5 36.19 36.03 35.88 35.73 35.6 35.45 35.24 34.85 34.69 34.6 34.46 34.4 34.31 34.14 33.96 33.49 33.34 32.99 32.84 32.66 32.47 32.24 31.79 31.58 31.4 31.25 31.11 31.01 30.96 30.61 30.48 30.35 30.27 30.2 30.09 30.03 29.94
36.1 36.11 36.02 36.12 36.04 36.06 36.11 36.15 36.19 36.17 36.21 36.29 36.55 36.52 36.58 36.7 36.8 36.8 36.89 36.88 36.96 37.14 37.09 37.38 37.25 37.4 37.33 37.03 37.2 37.32 37.34 37.19 37.17 36.82 36.78 36.64 36.85 36.66 36.68 36.56 36.42 36.12 35.95 35.8 35.68 35.54 35.42 35.24 34.82 34.65 34.45 34.38 34.33 34.2 34.08 33.91 33.45 33.3 32.93 32.69 32.54 32.37 32.19 31.74 31.55 31.37 31.22 31.07 30.95 30.82 30.66 30.46 30.29 30.23 30.12 30.08 30.01 29.95
36.17 36.11 36.09 36.14 36.14 36.12 36.16 36.2 36.26 36.26 36.49 36.54 36.62 36.59 36.68 36.75 36.82 37.15 37.07 36.91 36.99 37.35 37.39 37.39 37.42 37.23 37.07 37.18 37.34 37.22 37.27 37.23 37.14 37.01 36.94 36.64 36.65 36.74 36.61 36.49 36.36 36.04 35.85 35.72 35.59 35.45 35.34 35.17 34.79 34.58 34.43 34.24 34.2 34.12 33.98 33.8 33.38 32.98 32.82 32.6 32.46 32.28 32.12 31.7 31.47 31.32 31.18 31.05 30.93 30.79 30.66 30.31 30.31 30.13 30.11 30.12 30.07 29.95
36.15 36.13 36.15 36.21 36.18 36.16 36.22 36.25 36.35 36.57 36.63 36.67 36.68 36.69 37.01 37.08 37.15 37.19 37.16 36.97 37.03 37.39 37.49 37.49 37.42 37.48 37.37 37.4 37.39 37.27 37.28 37.3 37.2 36.94 36.72 36.79 36.67 36.62 36.5 36.35 36.19 35.83 35.66 35.51 35.39 35.23 35.13 34.96 34.57 34.4 34.21 34.05 33.95 33.88 33.76 33.56 33.19 32.81 32.58 32.44 32.3 32.14 31.95 31.58 31.36 31.19 31.1 30.95 30.79 30.67 30.53 30.3 30.1 30.09 30.13 30.09 30.01 29.94
36.66 36.64 36.72 36.73 36.34 36.31 36.34 36.41 36.72 36.74 36.93 36.86 36.84 36.76 36.79 37.24 37.25 37.27 37.33 37.14 37.08 37.4 37.54 37.55 37.57 37.52 37.37 37.32 37.33 37.31 37.25 37.25 37.21 36.9 36.92 36.79 36.63 36.59 36.44 36.3 36.11 35.75 35.55 35.42 35.27 35.19 35.06 34.88 34.49 34.25 34.09 33.89 33.86 33.69 33.62 33.47 33.03 32.68 32.5 32.35 32.2 32.07 31.87 31.51 31.31 31.11 31 30.87 30.8 30.68 30.6 30.31 30.2 30.1 30.03 30.07 29.99 29.93
36.8 36.79 36.78 36.82 36.85 36.79 36.62 36.67 36.78 36.7 36.82 36.89 37.05 36.93 36.95 37.13 37.27 37.33 37.39 37.4 37.33 37.14 37.45 37.52 37.53 37.57 37.52 37.52 37.43 37.31 37.32 37.26 37.18 36.92 36.83 36.7 36.58 36.5 36.39 36.24 36.04 35.65 35.47 35.35 35.21 35.11 35 34.8 34.35 34.17 33.98 33.91 33.78 33.61 33.49 33.34 33 32.89 32.45 32.31 32.15 32 31.84 31.46 31.26 31.1 30.96 30.89 30.78 30.67 30.58 30.31 30.19 30.11 30.01 29.96 29.85 29.93
36.8 36.8 36.76 36.79 36.85 36.82 36.65 36.64 36.66 36.7 36.72 36.74 36.88 36.96 37.26 37.3 37.27 37.31 37.39 37.43 37.45 37.45 37.21 37.24 37.54 37.5 37.48 37.49 37.42 37.44 37.32 37.25 37.16 36.85 36.73 36.6 36.51 36.4 36.3 36.15 35.97 35.58 35.4 35.27 35.14 35.04 34.92 34.73 34.33 34.12 34 33.86 33.69 33.56 33.4 33.34 32.99 32.83 32.71 32.25 32.1 31.97 31.77 31.36 31.25 31.1 30.97 30.85 30.78 30.67 30.54 30.3 30.2 30.11 30.04 29.99 29.89 29.81
36.86 36.87 36.85 36.9 36.91 36.91 36.79 36.73 36.76 36.84 36.95 36.81 36.84 36.98 37.22 37.28 37.2 37.3 37.35 37.42 37.42 37.35 37.47 37.54 37.43 37.55 37.54 37.46 37.48 37.41 37.23 37.22 37.1 36.83 36.71 36.61 36.48 36.35 36.24 36.11 35.9 35.51 35.35 35.21 35.06 34.94 34.85 34.62 34.26 34.06 33.91 33.77 33.64 33.63 33.45 33.27 32.86 32.74 32.62 32.49 32.02 31.87 31.72 31.42 31.26 31.07 30.94 30.86 30.74 30.65 30.52 30.3 30.2 30.07 30.02 29.97 29.93 29.86
36.89 36.91 36.92 36.92 36.98 37.01 36.81 36.85 36.81 37.15 37.3 36.92 36.84 37.04 37.28 37.25 37.29 37.12 37.17 37.42 37.42 37.48 37.53 37.58 37.53 37.55 37.46 37.41 37.42 37.3 37.23 37.15 37.02 36.78 36.69 36.57 36.44 36.31 36.16 35.99 35.84 35.45 35.27 35.12 34.99 34.87 34.79 34.55 34.21 33.99 33.81 33.7 33.67 33.55 33.36 33.23 32.89 32.71 32.59 32.48 32.38 31.84 31.69 31.4 31.22 31.01 30.94 30.81 30.73 30.61 30.51 30.29 30.19 30.1 30.05 30.01 29.94 29.89
36.93 36.95 37 37.06 37.12 37.11 36.85 36.97 36.85 37.3 37.23 37.32 37.02 36.86 37.22 37.25 37.09 37.15 37.28 37.42 37.44 37.45 37.49 37.54 37.54 37.52 37.43 37.39 37.39 37.25 37.18 37.03 36.96 36.68 36.55 36.49 36.34 36.19 36.06 35.94 35.75 35.36 35.2 35.06 34.87 34.8 34.68 34.45 34.1 33.91 33.73 33.72 33.56 33.45 33.36 33.16 32.81 32.69 32.6 32.44 32.32 32.23 31.68 31.32 31.15 30.99 30.87 30.79 30.71 30.61 30.51 30.29 30.19 30.14 30.09 30.05 30.01 29.96
36.9 36.91 37.08 37.34 37.11 37.15 37.07 37.23 37.12 37.32 37.35 37.08 36.92 37.16 36.93 36.95 37.19 37.23 37.43 37.43 37.44 37.45 37.41 37.44 37.52 37.51 37.37 37.29 37.28 37.13 37.11 36.97 36.89 36.66 36.48 36.4 36.25 36.1 35.99 35.85 35.69 35.27 35.09 34.89 34.73 34.67 34.52 34.37 33.93 33.75 33.73 33.62 33.52 33.39 33.26 33.13 32.76 32.62 32.5 32.39 32.28 32.2 32.05 31.29 31.09 30.95 30.86 30.78 30.7 30.63 30.52 30.36 30.25 30.21 30.17 30.13 30.11 30.07
37.08 37.08 37.06 37.16 37.1 37.28 37.17 37.27 37.28 37.32 37.3 37.33 36.98 37.07 37.31 36.98 37.26 37.15 37.36 37.34 37.38 37.39 37.39 37.31 37.32 37.4 37.25 37.23 37.19 37.05 36.99 36.91 36.74 36.38 36.27 36.19 36.06 35.91 35.77 35.63 35.41 35.01 34.82 34.68 34.52 34.36 34.25 34.08 33.69 33.63 33.45 33.36 33.27 33.15 33.06 32.91 32.6 32.47 32.38 32.29 32.14 32.01 31.89 31.72 31.07 30.95 30.86 30.77 30.71 30.63 30.53 30.37 30.29 30.25 30.21 30.19 30.15 30.11
37.1 37.19 37.11 37.08 37.12 37.24 37.2 37.32 37.24 37.28 37.32 37.32 37.34 37.34 37.29 36.97 37.32 37.32 37.33 37.31 37.3 37.32 37.31 37.27 37.33 37.29 37.2 37.16 37.18 36.91 36.85 36.77 36.64 36.31 36.22 36 35.92 35.8 35.66 35.52 35.35 34.91 34.74 34.53 34.4 34.23 34.11 34.07 33.69 33.52 33.38 33.27 33.18 33.06 32.93 32.83 32.52 32.39 32.28 32.22 32.13 32 31.96 31.71 31.57 31.46 30.88 30.77 30.72 30.64 30.57 30.41 30.33 30.29 30.25 30.23 30.19 30.18
37.26 37.23 37.23 37.23 37.22 37.14 37.01 37.24 37.24 37.26 37.25 37.33 37.27 37.34 37.29 37.33 37.02 37.22 37.24 37.22 37.16 37.21 37.24 37.25 37.28 37.25 37.17 37.08 37.17 37.05 36.76 36.73 36.62 36.22 36.12 35.98 35.85 35.71 35.63 35.46 35.28 34.82 34.64 34.43 34.34 34.18 34.08 33.97 33.61 33.44 33.31 33.2 33.08 32.99 32.88 32.74 32.48 32.35 32.26 32.16 32.05 32.01 31.91 31.7 31.61 31.49 31.46 30.78 30.73 30.66 30.58 30.42 30.37 30.33 30.29 30.28 30.27 30.23
37.31 37.25 37.25 37.35 37.25 37.38 37.3 37.36 37.29 37.25 37.24 37.3 37.33 37.23 37.24 37.26 37.22 37.12 37.24 37.18 37.03 37.14 37.23 37.21 37.28 37.15 37.06 37.19 37.16 37.02 36.77 36.67 36.51 36.15 35.99 35.9 35.78 35.67 35.55 35.4 35.18 34.71 34.52 34.36 34.22 34.15 33.97 33.87 33.52 33.37 33.23 33.1 33 32.94 32.78 32.66 32.41 32.29 32.24 32.14 32.08 32 31.89 31.69 31.6 31.54 31.45 31.35 30.74 30.67 30.6 30.46 30.39 30.38 30.37 30.32 30.32 30.33
