DE_solarradiation/2018_01_solarradiation.asc
NCOLS 654
NROWS 866
XLLCORNER 3280500
YLLCORNER 5237500
CELLSIZE 1000
NODATA_VALUE -999
[rows 735 to 769 of 866, columns 390 to 467 of 654]
27.12 27.05 27.02 26.99 27.02 27 26.98 26.99 27.05 26.99 27 26.99 26.96 26.91 26.9 26.88 26.88 26.9 26.85 26.9 26.84 26.8 26.77 26.85 26.82 26.79 26.76 26.79 26.83 26.79 26.76 26.77 26.79 26.79 26.85 26.82 26.83 26.82 26.86 26.89 26.81 26.84 26.86 26.85 26.85 26.84 26.84 26.83 26.79 26.76 26.75 26.78 26.69 26.72 26.7 26.65 26.49 26.41 26.37 26.31 26.28 26.2 26.17 26.11 25.98 25.91 25.85 25.78 25.68 25.69 25.63 25.52 25.44 25.36 25.31 25.26 25.29 25.3
27.18 27.14 27.13 27.12 27.12 27.1 27.09 27.06 27.09 27.1 27.11 27.04 27.02 27.02 27.06 27.06 27.06 27 26.99 26.99 26.95 26.89 26.9 26.99 26.94 26.92 26.92 26.88 26.88 26.92 26.87 26.86 26.87 26.85 26.89 26.89 26.91 26.9 26.93 26.91 26.91 26.93 26.96 26.94 26.97 26.96 26.96 26.92 26.89 26.86 26.82 26.86 26.84 26.83 26.83 26.74 26.61 26.54 26.46 26.42 26.36 26.29 26.26 26.15 26.04 25.97 25.93 25.89 25.84 25.73 25.69 25.59 25.51 25.44 25.41 25.44 25.44 25.35
27.33 27.33 27.29 27.29 27.31 27.33 27.35 27.28 27.29 27.29 27.3 27.24 27.26 27.34 27.32 27.3 27.29 27.27 27.21 27.25 27.23 27.15 27.12 27.17 27.2 27.16 27.12 27.13 27.11 27.08 27.08 27.15 27.06 27.09 27.11 27.1 27.12 27.12 27.14 27.13 27.12 27.15 27.18 27.17 27.2 27.19 27.19 27.15 27.11 27.07 27.04 27.06 27 27.03 27 26.93 26.78 26.73 26.66 26.62 26.57 26.5 26.46 26.36 26.21 26.15 26.09 26.11 26.01 25.96 25.86 25.76 25.76 25.67 25.63 25.57 25.62 25.54
27.42 27.43 27.39 27.44 27.45 27.42 27.4 27.41 27.39 27.39 27.36 27.36 27.44 27.41 27.44 27.44 27.42 27.39 27.34 27.32 27.3 27.28 27.24 27.24 27.27 27.27 27.22 27.23 27.21 27.23 27.17 27.2 27.19 27.19 27.2 27.23 27.23 27.24 27.24 27.26 27.25 27.24 27.3 27.3 27.29 27.29 27.28 27.28 27.25 27.17 27.13 27.1 27.11 27.11 27.08 27.04 26.84 26.79 26.75 26.72 26.64 26.56 26.52 26.47 26.32 26.23 26.21 26.17 26.1 26.03 25.95 25.84 25.82 25.8 25.78 25.74 25.7 25.66
27.51 27.5 27.49 27.45 27.53 27.52 27.5 27.52 27.5 27.47 27.44 27.45 27.53 27.52 27.52 27.51 27.53 27.49 27.48 27.43 27.42 27.37 27.35 27.36 27.43 27.36 27.32 27.31 27.3 27.28 27.27 27.3 27.29 27.28 27.3 27.33 27.32 27.35 27.33 27.33 27.36 27.35 27.38 27.4 27.4 27.39 27.38 27.35 27.31 27.27 27.23 27.22 27.2 27.15 27.18 27.09 26.97 26.86 26.79 26.78 26.73 26.68 26.6 26.49 26.41 26.34 26.25 26.2 26.15 26.08 26.04 25.93 25.84 25.82 25.78 25.78 25.78 25.74
27.53 27.6 27.55 27.53 27.6 27.61 27.59 27.58 27.55 27.57 27.54 27.58 27.63 27.63 27.6 27.59 27.62 27.58 27.57 27.53 27.5 27.47 27.45 27.48 27.51 27.48 27.47 27.39 27.41 27.39 27.38 27.41 27.4 27.38 27.41 27.43 27.42 27.42 27.44 27.43 27.43 27.45 27.48 27.47 27.46 27.46 27.46 27.45 27.41 27.34 27.31 27.3 27.27 27.28 27.26 27.21 27.07 26.96 26.91 26.82 26.78 26.73 26.71 26.61 26.49 26.4 26.37 26.3 26.22 26.2 26.15 26 25.98 25.9 25.84 25.84 25.8 25.82
27.64 27.63 27.68 27.7 27.68 27.69 27.68 27.69 27.68 27.68 27.67 27.68 27.73 27.74 27.7 27.7 27.69 27.7 27.69 27.64 27.6 27.58 27.6 27.62 27.61 27.54 27.52 27.53 27.52 27.5 27.49 27.51 27.5 27.49 27.51 27.53 27.53 27.52 27.54 27.54 27.54 27.55 27.58 27.59 27.57 27.56 27.55 27.51 27.51 27.44 27.41 27.38 27.41 27.31 27.29 27.24 27.15 27.06 26.99 26.93 26.85 26.81 26.76 26.67 26.52 26.43 26.39 26.34 26.27 26.24 26.23 26.13 26.04 26.03 25.96 25.94 25.93 25.84
27.75 27.78 27.77 27.78 27.8 27.77 27.8 27.8 27.81 27.8 27.81 27.84 27.83 27.84 27.87 27.82 27.83 27.77 27.79 27.74 27.74 27.76 27.77 27.77 27.7 27.67 27.63 27.64 27.62 27.61 27.63 27.62 27.61 27.6 27.62 27.64 27.63 27.62 27.65 27.64 27.63 27.67 27.69 27.69 27.67 27.66 27.66 27.62 27.58 27.55 27.51 27.44 27.46 27.47 27.42 27.35 27.16 27.12 27.07 26.96 26.94 26.85 26.78 26.77 26.63 26.56 26.47 26.44 26.38 26.33 26.32 26.19 26.15 26.08 26.04 26.01 25.98 25.92
27.94 27.9 27.86 27.91 27.9 27.91 27.92 27.95 27.93 27.94 27.95 27.98 28.02 27.98 27.96 27.99 27.97 27.93 27.9 27.9 27.91 27.9 27.92 27.93 27.85 27.79 27.77 27.78 27.76 27.78 27.77 27.76 27.75 27.77 27.75 27.75 27.77 27.76 27.76 27.78 27.76 27.78 27.8 27.79 27.81 27.77 27.76 27.76 27.72 27.65 27.6 27.62 27.57 27.54 27.53 27.42 27.29 27.2 27.19 27.09 27.04 26.97 26.95 26.88 26.76 26.66 26.62 26.53 26.47 26.47 26.4 26.25 26.23 26.17 26.12 26.13 26.1 26.03
28.12 28.16 28.14 28.12 28.2 28.23 28.24 28.19 28.24 28.25 28.25 28.26 28.3 28.3 28.28 28.27 28.26 28.23 28.22 28.22 28.21 28.25 28.23 28.25 28.14 28.12 28.1 28.08 28.06 28.08 28.06 28.05 28.04 28.03 28.05 28.03 28.03 28.02 28.04 28.04 28.04 28.03 28.06 28.06 28.03 28.02 28.02 27.98 27.95 27.87 27.83 27.84 27.81 27.8 27.74 27.71 27.51 27.44 27.35 27.29 27.21 27.2 27.13 27.06 26.91 26.84 26.82 26.74 26.68 26.62 26.59 26.45 26.41 26.34 26.3 26.3 26.24 26.22
28.23 28.24 28.24 28.27 28.35 28.39 28.37 28.36 28.34 28.36 28.37 28.37 28.43 28.43 28.43 28.44 28.41 28.39 28.35 28.4 28.36 28.41 28.39 28.32 28.28 28.25 28.27 28.25 28.23 28.21 28.21 28.2 28.19 28.17 28.19 28.18 28.17 28.16 28.15 28.18 28.17 28.17 28.19 28.19 28.17 28.13 28.12 28.13 28.08 27.97 27.93 27.89 27.87 27.87 27.87 27.8 27.62 27.53 27.5 27.41 27.35 27.26 27.27 27.18 27.06 26.99 26.93 26.88 26.8 26.73 26.66 26.56 26.49 26.46 26.43 26.39 26.36 26.36
28.35 28.35 28.38 28.39 28.46 28.48 28.45 28.46 28.49 28.51 28.51 28.51 28.57 28.58 28.55 28.54 28.51 28.51 28.49 28.56 28.51 28.52 28.48 28.44 28.42 28.4 28.38 28.36 28.35 28.33 28.32 28.3 28.32 28.31 28.3 28.29 28.28 28.27 28.29 28.29 28.27 28.28 28.29 28.29 28.25 28.24 28.23 28.19 28.16 28.09 28.04 28 28.02 27.98 27.92 27.9 27.68 27.6 27.53 27.49 27.43 27.38 27.29 27.22 27.14 27.04 27.01 26.96 26.91 26.85 26.72 26.59 26.56 26.53 26.45 26.43 26.46 26.38
28.5 28.48 28.47 28.53 28.59 28.59 28.58 28.58 28.61 28.64 28.65 28.63 28.71 28.7 28.67 28.65 28.61 28.62 28.59 28.63 28.64 28.64 28.58 28.55 28.53 28.51 28.5 28.48 28.45 28.44 28.42 28.41 28.4 28.39 28.41 28.4 28.39 28.37 28.37 28.36 28.35 28.38 28.4 28.36 28.36 28.35 28.32 28.31 28.27 28.18 28.14 28.08 28.04 28.03 27.96 27.94 27.75 27.7 27.61 27.59 27.47 27.41 27.34 27.32 27.14 27.12 27.05 26.99 26.95 26.88 26.82 26.7 26.61 26.61 26.53 26.55 26.51 26.43
28.55 28.56 28.58 28.6 28.67 28.66 28.67 28.7 28.75 28.68 28.72 28.72 28.75 28.77 28.74 28.74 28.72 28.73 28.72 28.77 28.73 28.7 28.68 28.66 28.64 28.62 28.6 28.58 28.57 28.55 28.55 28.52 28.51 28.5 28.49 28.48 28.47 28.49 28.48 28.47 28.46 28.46 28.48 28.44 28.43 28.42 28.43 28.39 28.35 28.27 28.21 28.17 28.16 28.1 28.05 28 27.87 27.77 27.73 27.62 27.61 27.51 27.45 27.35 27.21 27.18 27.06 27.03 27.01 26.97 26.94 26.8 26.71 26.64 26.6 26.61 26.55 26.51
28.65 28.67 28.66 28.66 28.72 28.76 28.77 28.78 28.79 28.78 28.81 28.84 28.85 28.89 28.85 28.85 28.82 28.83 28.82 28.83 28.81 28.82 28.79 28.78 28.76 28.74 28.72 28.7 28.67 28.66 28.64 28.64 28.63 28.61 28.6 28.59 28.58 28.57 28.56 28.54 28.53 28.56 28.58 28.55 28.54 28.5 28.51 28.47 28.42 28.35 28.31 28.29 28.25 28.2 28.17 28.11 27.9 27.86 27.76 27.7 27.63 27.56 27.5 27.45 27.27 27.18 27.13 27.07 27.03 26.98 26.94 26.81 26.77 26.73 26.69 26.69 26.65 26.66
28.75 28.79 28.8 28.77 28.85 28.91 28.94 28.91 28.94 28.95 28.93 28.91 28.97 28.97 28.98 28.96 28.97 28.95 28.96 28.94 28.95 28.93 28.91 28.89 28.87 28.85 28.83 28.81 28.79 28.77 28.76 28.75 28.73 28.72 28.72 28.69 28.68 28.67 28.66 28.65 28.64 28.67 28.68 28.64 28.62 28.61 28.62 28.58 28.53 28.46 28.37 28.36 28.33 28.29 28.23 28.17 27.95 27.88 27.84 27.78 27.74 27.66 27.54 27.49 27.35 27.29 27.22 27.18 27.2 27.12 27.09 26.91 26.89 26.86 26.78 26.74 26.7 26.67
28.91 28.92 28.91 28.93 29.02 29.05 29.05 29.05 29.04 29.05 29.1 29.08 29.11 29.12 29.13 29.1 29.11 29.09 29.1 29.11 29.09 29.07 29.05 29.03 29.05 29.03 29.01 28.96 28.94 28.91 28.9 28.89 28.88 28.86 28.85 28.84 28.83 28.82 28.81 28.8 28.79 28.8 28.8 28.79 28.72 28.71 28.72 28.68 28.64 28.57 28.49 28.47 28.45 28.4 28.3 28.2 28.05 27.95 27.91 27.84 27.79 27.72 27.68 27.62 27.55 27.44 27.4 27.35 27.32 27.43 27.16 27.07 27.12 27.12 27 27.01 26.99 26.92
29.17 29.2 29.19 29.26 29.35 29.32 29.34 29.35 29.34 29.31 29.35 29.35 29.38 29.38 29.39 29.36 29.37 29.35 29.36 29.37 29.35 29.37 29.35 29.33 29.31 29.29 29.27 29.23 29.21 29.19 29.18 29.17 29.16 29.13 29.09 29.08 29.06 29.04 29.03 29.02 29.01 29 29.01 29 28.94 28.93 28.93 28.9 28.85 28.77 28.7 28.67 28.67 28.62 28.5 28.44 28.28 28.21 28.14 28.1 28.11 27.96 27.89 27.92 27.79 27.66 27.61 27.59 27.54 27.47 27.43 27.31 27.25 27.27 27.19 27.11 27.13 27.02
29.31 29.31 29.35 29.36 29.43 29.44 29.44 29.45 29.48 29.49 29.5 29.49 29.51 29.52 29.52 29.5 29.52 29.53 29.51 29.52 29.5 29.51 29.49 29.47 29.46 29.44 29.42 29.37 29.35 29.33 29.32 29.31 29.28 29.27 29.24 29.23 29.19 29.18 29.15 29.14 29.13 29.14 29.13 29.11 29.05 29.03 29.03 29 28.97 28.86 28.82 28.77 28.75 28.7 28.61 28.5 28.56 28.43 28.37 28.32 28.2 28.2 28.06 28 27.84 27.88 27.77 27.79 27.67 27.69 27.58 27.46 27.36 27.38 27.26 27.3 27.23 27.24
29.37 29.38 29.37 29.41 29.52 29.54 29.55 29.55 29.56 29.59 29.57 29.58 29.62 29.63 29.64 29.65 29.63 29.64 29.62 29.63 29.64 29.62 29.6 29.58 29.56 29.55 29.54 29.48 29.46 29.45 29.43 29.43 29.39 29.37 29.36 29.32 29.31 29.29 29.28 29.27 29.24 29.23 29.26 29.2 29.12 29.12 29.09 29.07 29.04 28.93 28.9 28.84 28.83 28.83 28.69 28.61 28.59 28.49 28.45 28.3 28.34 28.21 28.24 28.08 27.99 27.96 27.95 27.85 27.81 27.68 27.62 27.59 27.5 27.48 27.4 27.43 27.37 27.25
29.46 29.47 29.5 29.51 29.61 29.64 29.66 29.66 29.67 29.68 29.68 29.68 29.76 29.77 29.75 29.76 29.74 29.75 29.73 29.74 29.76 29.74 29.72 29.7 29.68 29.66 29.65 29.59 29.57 29.56 29.55 29.51 29.5 29.48 29.44 29.42 29.42 29.38 29.37 29.35 29.37 29.36 29.36 29.29 29.25 29.22 29.22 29.15 29.12 29.04 28.97 28.93 28.9 28.91 28.76 28.72 28.63 28.55 28.54 28.39 28.42 28.41 28.25 28.24 28.12 28.03 28.06 28 27.88 27.92 27.83 27.71 27.63 27.6 27.47 27.51 27.47 27.41
29.56 29.6 29.61 29.65 29.75 29.76 29.8 29.81 29.81 29.82 29.82 29.83 29.88 29.88 29.89 29.87 29.88 29.86 29.87 29.86 29.87 29.85 29.83 29.82 29.8 29.77 29.75 29.7 29.69 29.67 29.66 29.62 29.61 29.59 29.55 29.54 29.5 29.48 29.47 29.45 29.46 29.45 29.43 29.4 29.32 29.28 29.3 29.26 29.22 29.15 29.09 29.02 28.99 28.98 28.83 28.86 28.74 28.66 28.6 28.5 28.51 28.51 28.33 28.43 28.3 28.26 28.1 28.05 28.08 28.01 27.86 27.85 27.81 27.68 27.67 27.6 27.61 27.57
29.71 29.72 29.75 29.75 29.85 29.89 29.91 29.92 29.92 29.93 29.93 29.94 29.99 30 30.01 30.02 30 29.98 29.99 30.01 29.99 29.97 29.95 29.92 29.9 29.88 29.86 29.83 29.79 29.79 29.77 29.74 29.72 29.71 29.67 29.62 29.61 29.6 29.57 29.57 29.59 29.54 29.53 29.44 29.39 29.41 29.34 29.34 29.3 29.22 29.17 29.15 29.12 29.07 29 29 28.82 28.73 28.69 28.63 28.67 28.57 28.44 28.41 28.38 28.37 28.28 28.22 28.13 28.09 28.05 27.96 27.89 27.8 27.75 27.79 27.64 27.63
29.87 29.88 29.89 29.93 30.03 30.07 30.09 30.09 30.1 30.1 30.11 30.12 30.16 30.17 30.18 30.15 30.16 30.15 30.13 30.15 30.14 30.15 30.12 30.1 30.04 30.04 30.01 30 29.95 29.94 29.92 29.88 29.86 29.83 29.81 29.77 29.76 29.72 29.72 29.7 29.69 29.65 29.62 29.55 29.51 29.52 29.47 29.42 29.38 29.3 29.27 29.25 29.23 29.18 29.1 29.08 29.01 28.85 28.8 28.83 28.79 28.69 28.56 28.54 28.46 28.46 28.36 28.32 28.19 28.17 28.12 28.01 28.09 27.94 27.95 27.95 27.88 27.79
30.24 30.24 30.24 30.28 30.35 30.4 30.41 30.42 30.42 30.43 30.44 30.45 30.5 30.51 30.49 30.49 30.47 30.48 30.46 30.45 30.43 30.41 30.38 30.36 30.35 30.32 30.3 30.27 30.24 30.2 30.18 30.18 30.13 30.12 30.05 30 29.96 29.95 29.94 29.94 29.92 29.87 29.78 29.72 29.7 29.69 29.64 29.61 29.56 29.46 29.43 29.39 29.4 29.38 29.33 29.24 29.19 29.01 29.02 29.03 28.96 28.86 28.86 28.82 28.75 28.67 28.58 28.51 28.48 28.51 28.46 28.35 28.26 28.2 28.21 28.2 28.07 28.07
30.4 30.41 30.45 30.46 30.56 30.57 30.58 30.59 30.6 30.61 30.62 30.63 30.67 30.67 30.65 30.66 30.64 30.62 30.64 30.62 30.6 30.58 30.56 30.54 30.48 30.47 30.46 30.41 30.39 30.38 30.33 30.32 30.27 30.23 30.15 30.14 30.1 30.06 30.06 30.04 30.02 29.95 29.9 29.83 29.79 29.79 29.73 29.71 29.67 29.57 29.5 29.49 29.52 29.49 29.43 29.37 29.29 29.23 29.14 29.17 29.1 29.05 28.97 28.92 28.87 28.85 28.8 28.71 28.7 28.61 28.48 28.4 28.32 28.27 28.25 28.33 28.3 28.07
30.57 30.58 30.59 30.63 30.71 30.75 30.76 30.76 30.78 30.76 30.77 30.78 30.82 30.82 30.8 30.81 30.79 30.77 30.75 30.73 30.72 30.7 30.68 30.65 30.62 30.61 30.58 30.56 30.5 30.48 30.44 30.44 30.4 30.38 30.28 30.26 30.22 30.18 30.16 30.15 30.1 30.04 30.02 29.93 29.89 29.87 29.83 29.79 29.76 29.65 29.58 29.55 29.57 29.56 29.49 29.49 29.38 29.33 29.32 29.31 29.25 29.16 29.03 28.98 28.86 28.82 28.77 28.71 28.7 28.64 28.59 28.55 28.47 28.41 28.28 28.17 28.14 28.03
30.71 30.73 30.74 30.78 30.84 30.86 30.9 30.9 30.88 30.89 30.91 30.92 30.96 30.94 30.95 30.93 30.9 30.91 30.9 30.88 30.85 30.83 30.79 30.76 30.73 30.74 30.69 30.66 30.62 30.6 30.56 30.55 30.5 30.46 30.38 30.34 30.3 30.28 30.24 30.22 30.21 30.16 30.08 30.02 29.97 29.94 29.9 29.88 29.84 29.74 29.67 29.64 29.62 29.64 29.67 29.58 29.47 29.38 29.32 29.31 29.25 29.19 29.11 29.06 28.98 28.92 28.87 28.81 28.77 28.71 28.65 28.57 28.57 28.57 28.41 28.26 28.21 28.17
30.86 30.93 30.91 30.93 30.97 31.01 31.04 31.03 31.03 31.04 31.06 31.07 31.07 31.08 31.06 31.07 31.05 31.03 31.01 31.03 30.97 30.95 30.93 30.87 30.87 30.86 30.8 30.78 30.73 30.72 30.67 30.64 30.62 30.59 30.48 30.43 30.42 30.38 30.33 30.36 30.28 30.23 30.15 30.1 30.06 30.02 29.98 29.95 29.91 29.79 29.75 29.72 29.69 29.67 29.71 29.64 29.58 29.44 29.42 29.36 29.28 29.23 29.14 29.13 29.05 28.95 28.89 28.88 28.91 28.8 28.76 28.67 28.52 28.41 28.4 28.36 28.32 28.3
31.02 31.02 31.03 31.06 31.14 31.15 31.19 31.17 31.18 31.19 31.17 31.18 31.22 31.23 31.2 31.18 31.16 31.14 31.12 31.11 31.08 31.06 31.03 30.97 30.98 30.97 30.91 30.86 30.84 30.8 30.78 30.75 30.71 30.66 30.59 30.54 30.5 30.48 30.44 30.41 30.33 30.29 30.23 30.18 30.14 30.11 30.07 30.04 29.97 29.86 29.84 29.77 29.74 29.71 29.71 29.71 29.66 29.53 29.5 29.41 29.32 29.28 29.22 29.17 29.08 29.02 29 28.98 28.9 28.83 28.9 28.77 28.64 28.54 28.55 28.45 28.42 28.37
31.25 31.2 31.2 31.24 31.3 31.32 31.33 31.34 31.36 31.34 31.35 31.36 31.36 31.38 31.35 31.32 31.31 31.29 31.27 31.24 31.23 31.17 31.14 31.16 31.1 31.08 31.02 31 30.96 30.92 30.91 30.86 30.82 30.78 30.7 30.66 30.61 30.57 30.56 30.51 30.5 30.42 30.34 30.27 30.25 30.18 30.15 30.11 30.08 29.99 29.91 29.89 29.85 29.81 29.79 29.79 29.78 29.62 29.54 29.48 29.4 29.35 29.28 29.27 29.2 29.11 29.12 29.06 29.04 28.96 28.91 28.74 28.84 28.8 28.65 28.7 28.66 28.61
31.39 31.4 31.41 31.42 31.48 31.53 31.54 31.52 31.53 31.54 31.52 31.53 31.55 31.53 31.51 31.48 31.46 31.43 31.41 31.39 31.37 31.31 31.29 31.28 31.25 31.23 31.17 31.12 31.08 31.06 31.01 30.98 30.94 30.89 30.82 30.87 30.73 30.81 30.76 30.63 30.73 30.65 30.52 30.47 30.43 30.4 30.36 30.29 30.26 30.16 30.1 30.06 30.03 30 29.97 29.98 29.92 29.81 29.76 29.62 29.56 29.53 29.46 29.5 29.39 29.29 29.29 29.24 29.2 29.2 29.13 29.07 29.05 29.05 28.99 28.94 28.9 28.84
31.79 31.8 31.82 31.88 31.91 31.93 31.95 31.93 31.94 31.92 31.92 31.9 31.88 31.86 31.84 31.81 31.79 31.76 31.74 31.69 31.68 31.62 31.61 31.6 31.55 31.49 31.48 31.36 31.32 31.3 31.26 31.22 31.17 31.13 31.06 31.01 30.97 30.92 30.88 30.83 30.78 30.74 30.63 30.56 30.51 30.47 30.45 30.4 30.36 30.24 30.2 30.19 30.15 30.11 30.07 30.05 29.94 29.83 29.75 29.71 29.68 29.61 29.59 29.54 29.49 29.44 29.39 29.38 29.32 29.36 29.28 29.19 29.12 29.19 29.14 29.06 29.03 28.94
31.98 32.04 32.07 32.01 32.09 32.11 32.13 32.14 32.12 32.1 32.11 32.08 32.06 32.04 32.02 31.97 31.94 31.92 31.89 31.82 31.77 31.75 31.76 31.7 31.69 31.64 31.58 31.5 31.46 31.42 31.37 31.33 31.3 31.25 31.14 31.1 31.05 31.01 30.99 30.95 30.9 30.82 30.72 30.64 30.6 30.56 30.52 30.5 30.45 30.33 30.29 30.29 30.22 30.23 30.12 30.08 30.01 29.93 29.87 29.81 29.79 29.72 29.66 29.64 29.58 29.54 29.49 29.42 29.46 29.42 29.24 29.23 29.13 29.23 29.28 29.19 29.11 29.1
32.19 32.19 32.18 32.17 32.24 32.26 32.27 32.25 32.26 32.24 32.21 32.19 32.17 32.15 32.14 32.08 32.06 32.04 32 31.93 31.88 31.88 31.83 31.81 31.77 31.72 31.67 31.59 31.54 31.5 31.46 31.42 31.37 31.33 31.22 31.17 31.13 31.08 31.04 31.03 30.95 30.91 30.8 30.73 30.68 30.65 30.61 30.57 30.51 30.42 30.39 30.35 30.27 30.23 30.15 30.11 30.09 29.95 29.98 29.88 29.81 29.81 29.76 29.71 29.65 29.59 29.55 29.54 29.55 29.5 29.37 29.39 29.29 29.26 29.26 29.2 29.21 29.17
