DE_solarradiation/solarradiation_2018_10.asc
NCOLS 654
NROWS 866
XLLCORNER 3280500
YLLCORNER 5237500
CELLSIZE 1000
NODATA_VALUE -999
[rows 420 to 454 of 866, columns 468 to 545 of 654]
60.5 60.61 60.7 60.83 60.92 61.05 61.21 61.46 61.59 61.71 61.88 61.99 62.05 62.24 62.42 62.75 62.87 63 63.11 63.29 63.39 63.56 63.71 63.98 64.15 64.18 64.33 64.45 64.58 64.72 64.97 65.19 65.25 65.44 65.55 65.56 65.71 65.84 66.07 66.2 66.34 66.57 66.67 66.76 66.93 67.1 67.21 67.28 67.31 67.33 67.36 67.38 67.4 67.41 67.46 67.43 67.4 67.4 67.48 67.42 67.41 67.38 67.38 67.41 67.44 67.45 67.46 67.44 67.49 67.45 67.53 67.57 67.62 67.67 67.69 67.71 67.74 67.73
60.42 60.56 60.66 60.78 60.87 60.99 61.16 61.45 61.59 61.73 61.83 61.98 62.08 62.15 62.4 62.68 62.86 62.99 63.07 63.24 63.4 63.49 63.67 63.9 64.07 64.2 64.31 64.46 64.61 64.76 65.01 65.15 65.24 65.42 65.49 65.62 65.68 65.84 66.11 66.22 66.29 66.5 66.65 66.79 66.9 67.08 67.21 67.27 67.37 67.36 67.36 67.38 67.42 67.46 67.43 67.4 67.39 67.44 67.45 67.45 67.52 67.34 67.5 67.47 67.5 67.51 67.53 67.51 67.47 67.5 67.52 67.69 67.72 67.74 67.78 67.78 67.83 67.85
60.41 60.54 60.63 60.76 60.86 60.98 61.16 61.47 61.6 61.73 61.85 61.99 62.14 62.25 62.32 62.66 62.8 62.95 63.06 63.22 63.39 63.48 63.65 63.89 64.07 64.15 64.32 64.48 64.6 64.76 65.01 65.15 65.28 65.45 65.53 65.56 65.71 65.8 66.07 66.17 66.27 66.43 66.66 66.7 66.92 67.06 67.14 67.31 67.36 67.38 67.38 67.46 67.45 67.42 67.39 67.49 67.51 67.55 67.59 67.54 67.58 67.55 67.39 67.44 67.53 67.51 67.53 67.49 67.46 67.51 67.56 67.64 67.79 67.79 67.82 67.87 67.85 67.91
60.4 60.52 60.64 60.76 60.87 60.96 61.13 61.43 61.59 61.74 62.12 62.03 62.15 62.27 62.35 62.6 62.79 62.91 63.08 63.25 63.36 63.47 63.57 63.87 64.04 64.19 64.33 64.49 64.61 64.71 65.02 65.18 65.35 65.43 65.53 65.6 65.8 65.8 66.08 66.21 66.34 66.43 66.69 66.82 66.9 67.11 67.18 67.29 67.38 67.36 67.34 67.5 67.46 67.42 67.4 67.44 67.5 67.54 67.63 67.59 67.6 67.49 67.57 67.53 67.41 67.43 67.46 67.47 67.48 67.53 67.55 67.62 67.73 67.82 67.84 67.86 67.88 67.95
60.43 60.56 60.66 60.77 60.85 60.99 61.15 61.44 61.61 61.73 61.88 62 62.11 62.18 62.32 62.62 62.8 62.95 63.13 63.23 63.39 63.44 63.56 63.84 63.97 64.09 64.29 64.38 64.55 64.72 65.03 65.21 65.36 65.46 65.5 65.58 65.68 65.86 66.08 66.2 66.32 66.45 66.51 66.8 66.92 67.11 67.24 67.31 67.39 67.42 67.42 67.37 67.46 67.47 67.45 67.48 67.43 67.56 67.56 67.62 67.64 67.55 67.57 67.52 67.44 67.46 67.54 67.52 67.5 67.51 67.56 67.62 67.71 67.86 67.83 67.88 67.93 67.95
60.46 60.56 60.67 60.77 60.9 61.01 61.18 61.49 61.63 61.75 61.87 62.02 62.16 62.25 62.36 62.67 62.82 62.91 63.07 63.25 63.37 63.45 63.56 63.8 64.01 64.09 64.3 64.46 64.58 64.78 64.96 65.16 65.29 65.28 65.49 65.6 65.71 65.81 66.08 66.2 66.33 66.4 66.5 66.61 66.95 67.05 67.2 67.28 67.31 67.31 67.37 67.34 67.43 67.46 67.49 67.52 67.47 67.64 67.63 67.64 67.65 67.58 67.61 67.56 67.53 67.59 67.52 67.58 67.5 67.54 67.58 67.64 67.66 67.82 67.87 67.92 67.96 68
60.45 60.58 60.69 60.78 60.89 61.02 61.14 61.48 61.64 61.78 61.9 62.05 62.17 62.28 62.44 62.7 62.8 62.89 63.04 63.2 63.24 63.41 63.53 63.86 64.06 64.2 64.27 64.31 64.56 64.69 65 65.06 65.1 65.36 65.49 65.6 65.66 65.82 66.06 66.2 66.33 66.45 66.54 66.63 66.91 67.16 67.21 67.25 67.35 67.38 67.32 67.37 67.46 67.42 67.53 67.52 67.49 67.5 67.68 67.68 67.68 67.69 67.68 67.55 67.62 67.67 67.6 67.52 67.54 67.56 67.58 67.62 67.68 67.76 67.91 67.93 67.98 68.03
60.44 60.54 60.62 60.79 60.92 61.01 61.15 61.47 61.67 61.79 61.91 62.09 62.18 62.31 62.41 62.7 62.78 62.95 63.03 63.12 63.25 63.45 63.64 63.95 64.08 64.17 64.37 64.39 64.53 64.58 64.83 64.93 65.11 65.26 65.42 65.59 65.73 65.87 66.08 66.2 66.3 66.44 66.55 66.59 66.75 67.05 67.2 67.32 67.33 67.29 67.45 67.39 67.49 67.44 67.53 67.53 67.58 67.56 67.59 67.64 67.68 67.68 67.66 67.5 67.69 67.75 67.75 67.75 67.58 67.56 67.59 67.63 67.68 67.76 67.93 67.98 67.98 68.07
60.41 60.57 60.66 60.79 60.88 61 61.16 61.46 61.62 61.79 61.9 62.06 62.18 62.29 62.44 62.72 62.79 62.94 63.13 63.2 63.33 63.54 63.63 63.87 64.06 64.23 64.29 64.47 64.58 64.73 64.89 65.03 65.02 65.24 65.28 65.51 65.64 65.76 65.99 66.13 66.29 66.44 66.52 66.65 66.73 67.06 67.2 67.33 67.33 67.34 67.34 67.38 67.42 67.42 67.46 67.52 67.54 67.55 67.56 67.61 67.62 67.6 67.49 67.69 67.72 67.73 67.8 67.77 67.78 67.62 67.61 67.65 67.7 67.74 67.93 67.97 68.02 68.04
60.47 60.56 60.67 60.76 60.9 60.99 61.17 61.45 61.67 61.77 61.89 62.01 62.16 62.27 62.46 62.73 62.91 62.91 63.15 63.25 63.38 63.52 63.74 63.95 64.05 64.2 64.28 64.43 64.55 64.64 64.93 65.05 65.07 65.16 65.22 65.44 65.48 65.62 65.91 66.15 66.16 66.35 66.44 66.58 66.69 66.91 67.18 67.26 67.27 67.29 67.33 67.36 67.41 67.42 67.48 67.5 67.52 67.57 67.55 67.57 67.61 67.63 67.65 67.66 67.76 67.81 67.84 67.83 67.82 67.77 67.72 67.67 67.71 67.76 67.79 67.87 67.93 67.99
60.51 60.6 60.71 60.79 60.93 61.01 61.18 61.46 61.65 61.83 61.95 62.06 62.15 62.28 62.44 62.72 62.85 62.91 63.09 63.25 63.32 63.51 63.72 64 64.11 64.25 64.31 64.45 64.52 64.65 64.95 65.07 65.16 65.24 65.22 65.34 65.48 65.65 65.89 66.02 66.15 66.32 66.4 66.57 66.73 66.97 67.18 67.22 67.26 67.29 67.35 67.34 67.39 67.44 67.53 67.56 67.6 67.56 67.61 67.59 67.53 67.63 67.65 67.61 67.7 67.83 67.86 67.84 67.84 67.85 67.73 67.79 67.73 67.76 67.81 67.85 67.92 67.95
60.53 60.65 60.72 60.83 60.96 61.03 61.23 61.5 61.65 61.83 61.96 62.1 62.18 62.35 62.43 62.67 62.84 62.98 63.12 63.25 63.38 63.52 63.73 63.93 64.14 64.25 64.38 64.42 64.53 64.69 64.97 65.1 65.13 65.12 65.22 65.41 65.48 65.71 66 66.05 66.26 66.34 66.52 66.59 66.72 66.93 66.98 67.18 67.22 67.23 67.31 67.33 67.36 67.48 67.52 67.6 67.63 67.64 67.62 67.65 67.58 67.66 67.7 67.66 67.72 67.82 67.86 67.86 67.87 67.87 67.83 67.87 67.98 67.86 67.82 67.85 67.92 67.95
60.71 60.66 60.75 60.84 60.97 61.1 61.25 61.54 61.7 61.8 61.98 62.05 62.19 62.28 62.39 62.7 62.86 62.99 62.99 63.14 63.34 63.55 63.7 63.97 64.07 64.24 64.31 64.44 64.58 64.71 64.92 65.03 65.15 65.27 65.2 65.47 65.62 65.75 66.05 66.2 66.15 66.3 66.49 66.61 66.7 66.93 67.04 67.17 67.2 67.3 67.32 67.29 67.37 67.5 67.59 67.58 67.65 67.67 67.68 67.66 67.56 67.69 67.7 67.71 67.74 67.81 67.87 67.9 67.91 67.86 67.96 67.88 68.03 67.88 68.01 67.87 67.94 67.97
60.71 60.8 60.81 60.88 60.94 61.11 61.24 61.54 61.71 61.85 61.99 62.09 62.21 62.3 62.41 62.72 62.86 62.99 63.1 63.31 63.37 63.51 63.62 63.91 64.02 64.09 64.29 64.45 64.58 64.63 64.91 65.05 65.16 65.1 65.39 65.54 65.62 65.74 66.05 66.11 66.26 66.21 66.41 66.64 66.73 66.92 67.04 67.13 67.25 67.28 67.3 67.31 67.39 67.42 67.48 67.57 67.61 67.63 67.65 67.66 67.51 67.67 67.75 67.76 67.73 67.81 67.85 67.88 67.88 67.96 67.97 68.01 68.03 68.09 68.1 68.11 68.07 68.02
60.73 60.85 60.94 61.01 60.99 61.13 61.25 61.52 61.7 61.86 62 62.11 62.18 62.32 62.45 62.74 62.89 63 63.04 63.27 63.38 63.51 63.64 63.89 64.1 64.2 64.33 64.45 64.54 64.65 64.93 65.02 65.14 65.1 65.4 65.5 65.54 65.73 65.98 66.15 66.27 66.38 66.38 66.53 66.71 66.95 66.89 67.07 67.22 67.22 67.25 67.34 67.39 67.43 67.47 67.48 67.58 67.6 67.59 67.61 67.63 67.58 67.73 67.83 67.88 67.77 67.91 67.93 67.92 67.91 67.99 68.06 68.1 68.06 68.14 68.16 68.22 68.16
60.75 60.9 60.98 61.08 61.15 61.27 61.32 61.47 61.73 61.83 62.01 62.13 62.22 62.29 62.44 62.75 62.84 62.89 63.05 63.3 63.46 63.62 63.75 63.89 64.05 64.13 64.29 64.39 64.54 64.66 64.89 65.01 65.09 65.15 65.33 65.39 65.61 65.7 66 66.15 66.28 66.27 66.38 66.38 66.58 66.79 66.78 66.87 66.98 67.23 67.18 67.24 67.4 67.42 67.5 67.52 67.52 67.54 67.48 67.56 67.59 67.64 67.68 67.75 67.8 67.79 67.89 67.94 67.96 67.93 68.04 68.04 68.12 68.17 68.17 68.21 68.2 68.1
60.85 60.93 61.05 61.13 61.2 61.34 61.48 61.73 61.79 61.95 62.02 62.2 62.34 62.41 62.52 62.76 62.85 62.97 63.14 63.32 63.41 63.59 63.78 63.88 64.01 64.13 64.26 64.42 64.52 64.64 64.84 64.99 65.14 65.11 65.33 65.48 65.6 65.74 66 66.13 66.27 66.32 66.32 66.46 66.46 66.81 66.85 66.89 66.94 67.1 67.16 67.22 67.22 67.31 67.34 67.42 67.43 67.44 67.41 67.51 67.54 67.52 67.62 67.72 67.77 67.76 67.81 67.85 67.91 67.96 67.96 68.04 68.12 68.17 68.2 68.23 68.28 68.33
60.88 60.98 61.09 61.19 61.27 61.37 61.51 61.66 61.97 61.98 62.1 62.24 62.38 62.42 62.53 62.72 62.84 62.97 63.08 63.3 63.44 63.58 63.63 63.94 64.08 64.18 64.3 64.44 64.53 64.67 64.91 64.99 65.12 65.25 65.31 65.48 65.62 65.74 66 66.12 66.26 66.33 66.26 66.5 66.56 66.8 66.93 66.91 66.91 66.96 67.13 67.25 67.3 67.21 67.4 67.37 67.41 67.45 67.46 67.55 67.6 67.55 67.64 67.74 67.74 67.73 67.8 67.87 67.89 67.94 67.98 68.06 68.14 68.16 68.16 68.24 68.35 68.33
60.91 61.01 61.12 61.25 61.35 61.41 61.52 61.85 61.96 62.1 62.23 62.25 62.37 62.45 62.56 62.77 62.85 62.94 63.09 63.22 63.36 63.44 63.64 63.89 64.04 64.22 64.34 64.45 64.52 64.67 64.89 65.02 65.08 65.26 65.39 65.48 65.63 65.75 66 66.09 66.23 66.26 66.39 66.51 66.64 66.79 66.91 66.91 66.98 67.04 67.02 67.28 67.33 67.25 67.37 67.35 67.42 67.49 67.52 67.56 67.51 67.54 67.59 67.69 67.7 67.74 67.79 67.82 67.93 67.93 67.96 68.06 68.1 68.18 68.2 68.28 68.27 68.39
60.95 61.03 61.15 61.29 61.39 61.49 61.58 61.68 62.03 62.1 62.25 62.38 62.48 62.47 62.55 62.78 62.92 62.95 63.1 63.25 63.33 63.46 63.58 63.91 64.05 64.19 64.36 64.46 64.56 64.69 64.9 65.06 65.11 65.29 65.37 65.49 65.64 65.8 65.99 66.11 66.14 66.29 66.26 66.49 66.61 66.8 66.91 66.93 66.97 67.02 67.02 67.22 67.3 67.34 67.22 67.36 67.43 67.46 67.48 67.51 67.6 67.56 67.55 67.62 67.63 67.75 67.84 67.84 67.89 67.91 67.98 68.02 68.13 68.17 68.09 68.07 68.12 68.21
61.02 61.07 61.22 61.34 61.43 61.55 61.63 61.8 62.04 62.22 62.29 62.43 62.58 62.61 62.65 62.86 62.99 63.03 63.17 63.26 63.36 63.53 63.62 63.89 64.03 64.23 64.35 64.45 64.58 64.71 64.95 65.07 65.06 65.29 65.41 65.52 65.62 65.8 66.02 66.12 66.24 66.29 66.35 66.46 66.6 66.76 66.87 66.91 66.98 67.05 67.01 67.12 67.24 67.36 67.34 67.22 67.34 67.43 67.5 67.55 67.54 67.57 67.58 67.66 67.6 67.69 67.72 67.81 67.95 67.94 67.95 67.95 68.07 68.14 68.1 68.14 68.18 68.16
61.12 61.15 61.26 61.39 61.5 61.56 61.66 61.78 62.12 62.24 62.36 62.45 62.58 62.68 62.88 62.98 62.96 63.03 63.04 63.21 63.41 63.54 63.69 63.93 64.14 64.24 64.35 64.48 64.61 64.75 64.82 64.99 65.13 65.21 65.42 65.54 65.62 65.81 66.04 66.12 66.26 66.3 66.35 66.43 66.61 66.76 66.84 66.91 66.98 67.05 67.07 67.11 67.28 67.34 67.28 67.33 67.3 67.4 67.45 67.53 67.6 67.63 67.61 67.62 67.61 67.63 67.75 67.86 67.95 67.9 67.97 67.96 67.94 68.11 68.13 68.2 68.22 68.15
61.18 61.27 61.33 61.36 61.47 61.65 61.76 61.89 62.11 62.31 62.43 62.51 62.65 62.77 62.88 63.26 63 63.13 63.16 63.33 63.42 63.63 63.72 64.04 64.17 64.3 64.43 64.53 64.66 64.71 64.9 65.09 65.21 65.34 65.43 65.55 65.68 65.84 66.02 66.1 66.23 66.32 66.4 66.34 66.5 66.68 66.82 66.9 66.91 66.95 67.01 67.1 67.15 67.28 67.23 67.21 67.36 67.29 67.36 67.4 67.47 67.56 67.62 67.62 67.68 67.65 67.73 67.93 68.01 67.96 67.93 67.92 67.84 68.13 68.22 68.18 68.16 68.08
61.27 61.34 61.44 61.5 61.56 61.73 61.84 61.93 62.2 62.34 62.43 62.56 62.69 62.8 62.88 63.16 63.1 63.17 63.22 63.34 63.48 63.6 63.7 64.04 64.19 64.27 64.44 64.51 64.69 64.82 64.95 64.98 65.12 65.33 65.44 65.54 65.7 65.8 66.08 66.15 66.25 66.31 66.34 66.44 66.42 66.62 66.77 66.8 66.87 66.9 67.01 67.05 67.13 67.24 67.32 67.3 67.32 67.29 67.35 67.44 67.45 67.48 67.59 67.59 67.63 67.65 67.62 67.78 67.84 67.95 67.95 67.93 67.99 68.02 68.06 68.1 68.01 68.16
61.44 61.48 61.53 61.65 61.73 61.89 61.97 62.06 62.32 62.41 62.5 62.66 62.75 62.82 62.98 63.18 63.15 63.3 63.34 63.48 63.61 63.69 63.84 64.07 64.19 64.31 64.43 64.58 64.7 64.87 65.08 65.08 65.25 65.36 65.44 65.57 65.71 65.8 66.02 66.15 66.19 66.25 66.29 66.44 66.42 66.53 66.56 66.72 66.78 66.81 66.92 66.98 67.03 67.02 67.06 67.18 67.2 67.18 67.11 67.26 67.33 67.38 67.47 67.51 67.51 67.52 67.61 67.66 67.7 67.82 67.86 67.92 67.94 67.99 68.01 67.93 68.03 68.34
61.5 61.54 61.67 61.74 61.85 61.9 62.05 62.19 62.35 62.47 62.56 62.68 62.76 62.83 62.91 63.18 63.2 63.42 63.53 63.51 63.67 63.78 63.89 64.12 64.25 64.39 64.45 64.6 64.73 64.9 65.07 65.19 65.3 65.32 65.53 65.68 65.73 65.82 66.03 66.14 66.18 66.27 66.28 66.42 66.42 66.56 66.62 66.67 66.71 66.78 66.87 66.92 67 67 66.96 67.08 67.17 67.18 67.18 67.16 67.28 67.34 67.35 67.48 67.49 67.46 67.63 67.69 67.68 67.75 67.94 67.87 67.92 67.92 67.96 67.96 68.21 68.26
61.51 61.63 61.65 61.8 61.85 61.98 62.11 62.2 62.43 62.51 62.62 62.74 62.86 62.98 63.07 63.22 63.29 63.38 63.59 63.58 63.7 63.83 63.98 64.21 64.34 64.46 64.55 64.67 64.75 64.9 65.13 65.23 65.25 65.44 65.57 65.68 65.75 65.86 66.06 66.11 66.14 66.21 66.32 66.37 66.42 66.58 66.65 66.61 66.74 66.75 66.83 66.88 66.94 66.94 66.91 67.04 67.11 67.13 67.19 67.23 67.13 67.3 67.32 67.47 67.42 67.51 67.62 67.66 67.68 67.74 67.81 67.88 67.91 67.84 67.97 68.11 68.18 68.15
61.6 61.7 61.75 61.84 61.93 62.06 62.14 62.23 62.48 62.6 62.69 62.78 62.92 63.02 63.1 63.27 63.36 63.52 63.53 63.65 63.7 63.78 63.97 64.24 64.35 64.53 64.6 64.69 64.8 64.94 65.12 65.25 65.33 65.44 65.56 65.67 65.79 65.88 66.08 66.06 66.17 66.19 66.28 66.4 66.52 66.58 66.55 66.58 66.68 66.75 66.82 66.9 66.92 66.91 66.82 66.98 66.95 67.06 67.12 67.26 67.21 67.24 67.32 67.33 67.46 67.52 67.53 67.59 67.66 67.7 67.79 67.79 67.85 67.91 68.02 68.12 68.16 68.24
61.71 61.75 61.82 61.87 61.98 62.1 62.22 62.35 62.5 62.58 62.67 62.82 62.89 63.04 63.14 63.33 63.43 63.6 63.68 63.84 63.81 63.88 64.04 64.31 64.41 64.53 64.68 64.75 64.86 64.96 65.18 65.3 65.3 65.47 65.6 65.68 65.82 65.91 66.02 66.11 66.15 66.26 66.31 66.36 66.46 66.52 66.51 66.66 66.7 66.7 66.76 66.84 66.84 66.89 66.83 66.95 66.95 67.03 67.1 67.17 67.19 67.2 67.32 67.3 67.37 67.39 67.49 67.54 67.65 67.69 67.74 67.75 67.73 67.85 67.95 68.06 68.11 68.21
61.77 61.84 61.91 61.97 62.05 62.17 62.24 62.33 62.49 62.6 62.76 62.89 62.91 63 63.11 63.33 63.46 63.67 63.78 63.75 63.83 63.97 64.12 64.38 64.48 64.6 64.73 64.8 64.93 64.99 65.23 65.38 65.39 65.42 65.63 65.76 65.81 65.86 66.03 66.1 66.11 66.31 66.33 66.39 66.49 66.51 66.59 66.62 66.72 66.71 66.74 66.84 66.86 66.89 66.84 66.96 66.99 67.1 67 67.05 67.19 67.12 67.17 67.27 67.4 67.43 67.51 67.59 67.68 67.68 67.74 67.76 67.71 67.77 67.91 67.98 68.07 68.24
61.88 61.95 62 62.02 62.09 62.14 62.22 62.4 62.6 62.72 62.84 62.91 63.01 63.03 63.16 63.37 63.48 63.74 63.85 63.76 63.94 64.03 64.13 64.41 64.54 64.64 64.74 64.86 64.97 65.04 65.29 65.33 65.33 65.37 65.64 65.68 65.81 65.84 66.01 66.11 66.15 66.33 66.32 66.36 66.47 66.52 66.63 66.47 66.61 66.67 66.75 66.74 66.84 66.8 66.83 66.93 66.93 67.04 67.03 67 67.12 67.1 67.15 67.16 67.28 67.42 67.39 67.49 67.63 67.66 67.69 67.62 67.62 67.71 67.81 67.91 68.09 68.19
62.01 62.1 62.16 62.16 62.28 62.34 62.4 62.54 62.72 62.85 62.98 63.06 63.11 63.18 63.29 63.53 63.64 63.76 63.89 64.02 64.07 63.96 64.08 64.43 64.57 64.75 64.84 64.92 65.07 65.15 65.27 65.34 65.46 65.48 65.59 65.73 65.8 65.85 65.97 66.08 66.19 66.19 66.32 66.39 66.42 66.54 66.46 66.51 66.43 66.57 66.63 66.68 66.74 66.77 66.82 66.88 66.83 66.85 67 66.91 67.02 67.11 67.15 67.12 67.13 67.26 67.31 67.38 67.48 67.63 67.44 67.66 67.7 67.64 67.71 67.85 67.99 68.02
62.11 62.12 62.22 62.25 62.37 62.44 62.5 62.62 62.85 62.96 62.98 63.08 63.14 63.29 63.43 63.47 63.67 63.88 63.97 64.08 64.14 64.23 64.21 64.46 64.63 64.81 64.9 64.99 65.05 65.18 65.35 65.45 65.51 65.54 65.57 65.6 65.74 65.82 65.92 66.06 66.1 66.21 66.28 66.44 66.45 66.54 66.48 66.5 66.43 66.49 66.48 66.59 66.68 66.77 66.76 66.82 66.8 66.84 66.91 66.89 66.96 67.03 67.09 67.07 67.13 67.25 67.23 67.34 67.41 67.56 67.43 67.59 67.68 67.66 67.66 67.71 67.93 67.94
62.18 62.19 62.27 62.32 62.45 62.52 62.58 62.7 62.88 62.98 63.08 63.1 63.22 63.21 63.34 63.65 63.83 63.88 64.04 64.12 64.2 64.33 64.26 64.58 64.66 64.83 64.89 65.01 65.12 65.23 65.39 65.49 65.51 65.53 65.54 65.6 65.68 65.8 65.95 66.06 66.17 66.19 66.32 66.43 66.48 66.51 66.48 66.48 66.49 66.49 66.52 66.64 66.61 66.69 66.76 66.8 66.8 66.8 66.85 66.88 66.96 66.99 67.1 67.03 67.1 67.14 67.19 67.28 67.43 67.51 67.51 67.43 67.63 67.66 67.63 67.71 67.84 67.89
62.29 62.3 62.35 62.44 62.49 62.58 62.68 62.78 62.96 63.08 63.1 63.15 63.29 63.38 63.51 63.7 63.81 63.95 64.03 64.2 64.32 64.4 64.38 64.59 64.68 64.79 64.94 65.06 65.17 65.24 65.39 65.45 65.47 65.44 65.53 65.59 65.77 65.87 66 66.13 66.21 66.24 66.25 66.35 66.46 66.46 66.49 66.38 66.44 66.5 66.44 66.56 66.67 66.74 66.77 66.84 66.84 66.82 66.81 66.87 66.8 67.03 67.08 67.02 67.06 67.16 67.24 67.32 67.4 67.43 67.52 67.48 67.51 67.6 67.7 67.71 67.86 67.83
