DE_solarradiation/solarradiation_2018_10.asc
NCOLS 654
NROWS 866
XLLCORNER 3280500
YLLCORNER 5237500
CELLSIZE 1000
NODATA_VALUE -999
[rows 525 to 559 of 866, columns 156 to 233 of 654]
65.43 65.55 65.59 65.54 65.47 65.55 65.71 65.69 65.57 65.7 65.6 65.74 65.72 65.8 66.02 66.22 66.1 66.04 65.88 65.73 65.72 65.96 65.88 65.83 65.89 66.04 66.08 66.03 66.06 66.09 66.14 66.24 66.32 66.71 66.95 67.02 67.19 67.36 67.62 67.79 68.1 68.05 68.14 68.03 68.09 68.16 68.18 68.27 68.26 68.29 68.34 68.3 68.27 68.24 68.17 68.01 67.96 67.98 67.84 67.79 67.82 67.88 67.84 67.46 67.34 67.3 67.3 67.26 67.24 67.31 67.13 67.27 66.94 67.08 67.11 67.13 66.96 66.87
65.56 65.65 65.56 65.65 65.59 65.59 65.7 65.8 65.75 65.67 65.77 65.9 65.98 65.93 66.17 66.33 66.25 66.15 66.03 66.13 66.17 66.09 66.13 66 66.1 66.13 66.22 66.2 66.26 66.22 66.23 66.28 66.48 66.95 67.08 67.09 67.32 67.58 67.8 68.14 68.21 68.15 68.17 68.19 68.23 68.34 68.41 68.41 68.46 68.42 68.49 68.47 68.42 68.39 68.32 68.17 68.12 68.07 68.01 67.97 68 68.06 67.89 67.58 67.52 67.5 67.44 67.42 67.47 67.33 67.47 67.21 67.19 67.36 67.25 67.21 67.07 66.93
65.63 65.79 65.74 65.69 65.66 65.75 65.68 65.83 65.92 65.85 65.79 65.93 65.9 66.01 66.05 66.25 66.43 66.29 66.31 66.26 66.22 66.09 66.19 66.36 66.25 66.35 66.29 66.23 66.29 66.28 66.36 66.54 66.65 67.07 67.18 67.28 67.39 67.75 68.08 68.13 68.28 68.23 68.27 68.33 68.4 68.45 68.5 68.56 68.66 68.64 68.64 68.6 68.55 68.52 68.52 68.36 68.31 68.25 68.19 68.27 68.24 68.18 68 67.74 67.68 67.73 67.62 67.55 67.52 67.57 67.37 67.33 67.28 67.36 67.38 67.33 67.24 67.2
65.81 65.85 65.79 65.77 65.83 65.94 65.99 65.79 65.96 66.03 65.81 65.93 66.07 65.96 66.06 66.15 66.28 66.47 66.43 66.33 66.27 66.41 66.34 66.19 66.35 66.47 66.39 66.34 66.33 66.41 66.55 66.68 66.9 67.23 67.41 67.53 67.68 67.91 68.16 68.14 68.46 68.37 68.42 68.48 68.55 68.65 68.68 68.74 68.8 68.85 68.81 68.77 68.7 68.74 68.72 68.59 68.52 68.44 68.44 68.42 68.38 68.24 68.07 67.93 68.13 67.92 67.82 67.74 67.75 67.68 67.68 67.44 67.56 67.52 67.69 67.51 67.3 67.48
65.85 65.97 65.93 65.93 66.05 66.02 66.11 66.02 66 66.12 65.97 65.96 66.05 66.25 66.23 66.16 66.35 66.52 66.45 66.61 66.54 66.61 66.37 66.45 66.41 66.52 66.65 66.58 66.59 66.64 66.72 66.92 67 67.29 67.51 67.73 67.89 68.11 68.1 68.17 68.43 68.47 68.56 68.65 68.69 68.8 68.88 68.96 69.01 69 69.01 68.98 68.89 68.92 68.92 68.79 68.75 68.68 68.7 68.58 68.49 68.4 68.26 68.2 68.14 68.07 67.99 68.12 68.15 68.03 68 67.86 67.95 68.04 67.85 67.69 67.88 67.91
66 66.11 66.14 66.16 66.2 66.18 66.19 66.01 66.15 66.25 66.06 66.06 66.17 66.23 66.43 66.53 66.58 66.56 66.61 66.89 66.84 66.84 66.96 67.16 67.06 66.81 67.01 66.95 66.88 66.99 66.98 67.15 67.27 67.61 67.93 68.22 68.3 68.32 68.4 68.42 68.74 68.84 68.94 69.02 69.11 69.15 69.23 69.32 69.37 69.38 69.43 69.41 69.29 69.32 69.38 69.2 69.18 69.13 68.98 68.92 68.85 68.76 68.63 68.55 68.45 68.38 68.34 68.31 68.27 68.22 68.28 68.02 67.95 67.96 68.03 68.25 68.2 68.2
66.2 66.25 66.36 66.36 66.39 66.38 66.28 66.21 66.17 66.41 66.3 66.28 66.32 66.47 66.62 66.73 66.78 66.91 66.88 67.11 67.11 67.19 67.1 67.18 67.05 66.97 67.2 67.13 67.12 67.08 67.26 67.34 67.5 67.81 67.96 68.26 68.26 68.31 68.44 68.56 68.88 69.03 69.07 69.15 69.23 69.35 69.37 69.43 69.53 69.57 69.58 69.62 69.66 69.59 69.51 69.45 69.37 69.21 69.15 69.04 68.97 68.91 68.82 68.66 68.63 68.64 68.71 68.65 68.49 68.4 68.32 68.19 68.22 68.47 68.17 68.38 68.28 68.32
66.06 66.23 66.42 66.45 66.45 66.36 66.31 66.41 66.41 66.41 66.42 66.43 66.39 66.49 66.73 66.67 66.71 66.93 66.98 66.98 67.28 67.16 67.09 67.13 67.26 67.41 67.25 67.42 67.23 67.38 67.49 67.64 67.78 68.24 68.26 68.45 68.5 68.44 68.47 68.68 69 69.13 69.23 69.28 69.36 69.41 69.5 69.54 69.63 69.75 69.81 69.83 69.84 69.69 69.61 69.63 69.5 69.35 69.22 69.17 69.1 69.05 68.96 68.83 69.06 68.97 68.8 68.78 68.9 68.57 68.49 68.32 68.26 68.24 68.43 68.44 68.42 68.43
66.22 66.28 66.29 66.44 66.57 66.55 66.56 66.5 66.55 66.41 66.55 66.57 66.54 66.52 66.6 66.86 66.85 67.03 66.93 67.03 67.13 67.46 67.41 67.16 67.23 67.53 67.48 67.61 67.52 67.63 67.91 68 67.94 68.21 68.44 68.54 68.54 68.53 68.6 68.73 69.1 69.25 69.33 69.4 69.46 69.59 69.58 69.64 69.77 69.85 69.94 69.99 69.91 69.84 69.78 69.68 69.55 69.38 69.35 69.29 69.24 69.21 69.16 69.17 69.21 69.09 68.99 68.97 68.87 68.72 68.73 68.54 68.5 68.63 68.62 68.59 68.3 68.46
66.18 66.34 66.44 66.59 66.68 66.76 66.7 66.66 66.61 66.6 66.55 66.68 66.64 66.68 66.65 66.69 66.91 66.91 66.94 66.9 67.17 67.51 67.3 67.49 67.49 67.63 67.81 67.79 67.88 67.86 68.1 68.08 67.85 68.1 68.29 68.39 68.45 68.56 68.66 68.81 69.2 69.34 69.43 69.48 69.61 69.66 69.7 69.77 69.91 70.03 70.1 70.07 70 70.07 69.95 69.77 69.57 69.5 69.48 69.45 69.42 69.56 69.48 69.33 69.24 69.18 69.24 69.14 69.07 68.89 68.82 68.71 68.65 68.63 68.64 68.52 68.54 68.45
66.34 66.48 66.56 66.67 66.64 66.72 66.74 66.75 66.73 66.74 66.63 66.77 66.78 66.84 66.77 66.86 67.1 67.15 67.13 67.25 67.2 67.53 67.45 67.74 67.87 67.93 67.98 68.18 68.15 68.01 67.96 67.9 67.9 68.14 68.25 68.35 68.52 68.63 68.74 68.88 69.25 69.47 69.52 69.59 69.68 69.73 69.79 69.88 70.07 70.21 70.2 70.18 70.13 70.04 70.02 69.91 69.7 69.64 69.6 69.56 69.72 69.67 69.62 69.44 69.32 69.38 69.35 69.22 69.17 69.15 69.08 68.75 68.69 68.72 68.57 68.74 68.73 68.69
66.41 66.44 66.48 66.57 66.74 66.79 66.92 66.86 66.67 66.87 66.77 66.83 66.93 67.03 66.9 66.96 67.17 67.34 67.23 67.25 67.31 67.49 67.78 67.83 68.12 68.32 68.17 68.19 68.05 68.08 67.95 67.9 67.96 68.24 68.36 68.46 68.62 68.79 68.86 69 69.37 69.55 69.68 69.77 69.84 69.86 69.89 69.99 70.24 70.25 70.27 70.3 70.2 70.19 70.12 70.08 70.02 69.82 69.96 69.93 69.85 69.81 69.69 69.53 69.57 69.55 69.43 69.38 69.5 69.26 69.19 69.06 68.93 68.74 68.79 68.82 68.73 68.69
66.31 66.45 66.66 66.65 66.88 66.93 67 66.99 66.79 67.12 66.92 66.89 67.05 67.18 67.11 67.06 67.2 67.33 67.39 67.38 67.49 67.62 67.91 68.1 68.48 68.44 68.21 68.02 67.97 68.21 68.06 68.01 68.11 68.41 68.52 68.6 68.71 68.88 68.97 69.12 69.43 69.64 69.88 69.97 70.06 70.16 70.15 70.24 70.39 70.45 70.42 70.4 70.41 70.35 70.31 70.4 70.23 70.3 70.23 70.15 70.12 70.05 70.01 69.85 69.92 69.81 69.72 69.62 69.71 69.57 69.49 69.31 69.32 69.23 69.34 69.24 69.2 69.09
66.54 66.6 66.87 66.99 67.1 67.11 67.14 67 67.09 67.14 67.15 67.16 67.21 67.28 67.41 67.39 67.41 67.54 67.58 67.65 67.8 68.11 68.14 68.43 68.58 68.61 68.56 68.75 68.67 68.28 68.36 68.34 68.44 68.7 68.8 68.89 68.99 69.09 69.18 69.36 69.51 69.81 70.01 70.15 70.25 70.24 70.25 70.34 70.5 70.5 70.52 70.47 70.48 70.44 70.41 70.45 70.36 70.39 70.37 70.31 70.26 70.15 70.08 69.94 69.97 69.97 69.84 69.78 69.81 69.73 69.62 69.45 69.43 69.4 69.54 69.5 69.6 69.22
66.69 66.65 66.82 66.89 66.98 67.1 67.26 67.29 67.34 67.27 67.28 67.25 67.41 67.52 67.64 67.59 67.56 67.61 67.71 67.91 67.89 68.13 68.35 68.44 68.58 68.73 69.1 68.82 68.55 68.49 68.51 68.55 68.56 68.84 68.94 69.04 69.14 69.21 69.33 69.42 69.64 69.93 70.05 70.21 70.31 70.32 70.36 70.39 70.52 70.56 70.57 70.53 70.53 70.68 70.58 70.6 70.48 70.48 70.47 70.36 70.37 70.24 70.16 70.07 70.11 69.98 69.9 69.91 69.82 69.74 69.66 69.61 69.49 69.45 69.58 69.5 69.45 69.54
66.78 66.89 66.81 67.11 67.13 67.25 67.47 67.26 67.29 67.34 67.43 67.39 67.56 67.65 67.81 67.71 67.76 67.69 67.91 67.84 68.02 67.99 68.19 68.43 68.56 68.46 68.86 68.72 68.6 68.51 68.58 68.67 68.67 68.92 69.05 69.14 69.25 69.32 69.44 69.54 69.63 70.01 70.13 70.26 70.35 70.34 70.39 70.46 70.52 70.56 70.6 70.6 70.69 70.67 70.72 70.59 70.47 70.5 70.48 70.43 70.39 70.3 70.29 70.23 70.15 70.02 70.03 69.94 69.85 69.82 69.79 69.64 69.55 69.51 69.44 69.42 69.35 69.37
66.74 66.94 67.02 67.28 67.25 67.32 67.53 67.57 67.64 67.56 67.65 67.54 67.68 67.8 67.85 68.04 67.87 67.76 67.87 68 68.01 68.18 68.5 68.53 68.63 68.4 68.68 68.68 68.56 68.57 68.63 68.71 68.74 69.03 69.11 69.21 69.3 69.4 69.54 69.6 69.72 70.07 70.21 70.24 70.36 70.38 70.48 70.5 70.6 70.64 70.64 70.68 70.74 70.74 70.73 70.68 70.57 70.57 70.5 70.45 70.44 70.4 70.36 70.21 70.15 70.17 70.06 69.99 70.02 70 69.87 69.7 69.63 69.61 69.54 69.51 69.45 69.39
66.84 67.03 67.2 67.37 67.5 67.47 67.57 67.54 67.66 67.81 67.9 67.72 67.7 67.81 68.09 68.17 68.15 67.93 68.04 68.09 68.13 68.46 68.44 68.4 68.3 68.49 68.59 68.56 68.56 68.64 68.65 68.76 68.87 69.08 69.18 69.31 69.4 69.48 69.54 69.67 69.79 70.1 70.23 70.3 70.39 70.42 70.59 70.62 70.69 70.7 70.74 70.82 70.83 70.78 70.73 70.65 70.58 70.6 70.54 70.54 70.5 70.47 70.38 70.24 70.24 70.15 70.11 70.17 70.16 69.96 69.89 69.8 69.73 69.67 69.69 69.66 69.59 69.52
67.07 67.19 67.23 67.51 67.49 67.48 67.67 67.54 67.72 67.93 67.85 67.88 67.87 67.81 68.03 68.15 68.1 67.98 67.92 68.38 68.36 68.29 68.34 68.35 68.43 68.52 68.81 68.68 68.58 68.68 68.71 68.86 68.96 69.21 69.29 69.38 69.5 69.59 69.61 69.71 69.84 70.16 70.32 70.47 70.45 70.62 70.68 70.7 70.77 70.82 70.89 70.94 70.85 70.82 70.76 70.69 70.59 70.64 70.6 70.54 70.52 70.48 70.46 70.33 70.28 70.23 70.21 70.13 70.09 70.06 70.02 69.91 69.85 69.84 69.93 69.84 69.78 69.72
67.27 67.32 67.35 67.51 67.55 67.57 67.65 67.77 67.89 68.06 68.16 68.3 68.27 67.95 67.95 68.09 68.12 68.31 68.24 68.43 68.75 68.36 68.4 68.52 68.57 68.57 68.88 68.8 68.75 68.76 68.89 68.96 69.1 69.34 69.44 69.51 69.57 69.66 69.71 69.87 69.99 70.32 70.47 70.55 70.62 70.66 70.81 70.79 70.83 70.82 70.89 70.93 70.87 70.79 70.75 70.72 70.63 70.67 70.64 70.61 70.57 70.54 70.52 70.39 70.36 70.29 70.25 70.22 70.22 70.16 70.24 70.14 70.08 70.11 70.13 70.06 70.03 69.91
67.26 67.39 67.47 67.57 67.61 67.67 67.79 67.99 68.13 68.38 68.41 68.29 68.22 68.09 68.15 68.22 68.47 68.52 68.52 68.75 68.86 68.76 68.77 68.89 68.86 68.98 69.13 69.13 69.08 69.12 69.18 69.25 69.38 69.61 69.69 69.75 69.82 69.92 69.97 70.08 70.18 70.43 70.58 70.66 70.78 70.8 70.84 70.83 70.81 70.83 70.87 70.93 70.88 70.82 70.81 70.79 70.72 70.77 70.73 70.73 70.69 70.67 70.65 70.57 70.51 70.48 70.45 70.49 70.52 70.42 70.33 70.28 70.22 70.2 70.18 70.19 70.14 70.12
67.44 67.48 67.53 67.77 67.87 68.09 68.24 68.27 68.42 68.59 68.65 68.71 68.75 68.71 68.66 68.57 68.59 68.55 68.78 68.82 68.94 69.06 68.97 69.01 69.06 69.17 69.13 69.23 69.23 69.28 69.29 69.41 69.5 69.73 69.81 69.88 69.93 69.99 70.09 70.19 70.31 70.54 70.64 70.67 70.72 70.69 70.7 70.77 70.8 70.84 70.87 70.87 70.88 70.84 70.85 70.82 70.79 70.83 70.8 70.76 70.74 70.74 70.67 70.64 70.6 70.59 70.6 70.71 70.67 70.64 70.49 70.35 70.31 70.28 70.3 70.37 70.29 70.35
67.6 67.49 67.67 67.93 68.15 68.28 68.54 68.51 68.73 68.54 68.53 68.57 68.92 68.67 68.67 68.75 68.86 68.97 68.85 69.05 68.97 69.43 69.23 69.12 69.14 69.24 69.32 69.33 69.35 69.42 69.46 69.57 69.62 69.82 69.91 69.97 70.02 70.09 70.22 70.3 70.39 70.55 70.68 70.67 70.67 70.71 70.74 70.78 70.84 70.88 70.88 70.88 70.88 70.89 70.89 70.86 70.8 70.87 70.84 70.8 70.77 70.77 70.74 70.67 70.65 70.64 70.69 70.69 70.68 70.71 70.6 70.44 70.42 70.4 70.39 70.4 70.44 70.38
67.55 67.73 67.96 68.17 68.37 68.36 68.57 68.54 68.61 68.5 68.5 68.59 68.78 68.9 68.75 68.77 69 69.08 69.28 69.44 69.34 69.1 69.46 69.34 69.29 69.3 69.38 69.49 69.5 69.53 69.54 69.64 69.72 69.91 70 70.08 70.13 70.2 70.29 70.37 70.43 70.58 70.7 70.72 70.72 70.75 70.78 70.81 70.88 70.88 70.92 70.92 70.92 70.92 70.89 70.9 70.82 70.79 70.79 70.84 70.8 70.8 70.78 70.71 70.72 70.7 70.77 70.84 70.76 70.89 70.66 70.52 70.51 70.52 70.48 70.59 70.52 70.55
67.88 68.04 68.22 68.42 68.25 68.45 68.47 68.43 68.51 68.59 68.62 68.72 68.9 69.04 68.92 68.9 69.12 69.19 69.33 69.61 69.52 69.31 69.45 69.55 69.48 69.46 69.54 69.55 69.58 69.65 69.69 69.74 69.79 69.97 70.08 70.16 70.23 70.27 70.34 70.41 70.49 70.63 70.7 70.72 70.75 70.79 70.82 70.86 70.89 70.92 70.93 70.93 70.94 70.94 70.93 70.89 70.87 70.82 70.8 70.8 70.85 70.85 70.81 70.78 70.75 70.74 70.78 70.84 70.89 70.86 70.75 70.61 70.62 70.56 70.7 70.66 70.76 70.55
68.18 68.44 68.43 68.48 68.42 68.42 68.35 68.45 68.56 68.74 68.77 68.78 69 69.03 69.11 69.18 69.19 69.36 69.45 69.71 69.77 69.56 69.45 69.69 69.59 69.55 69.64 69.66 69.72 69.75 69.79 69.83 69.9 70.1 70.18 70.25 70.29 70.36 70.4 70.47 70.55 70.65 70.72 70.76 70.79 70.83 70.86 70.87 70.93 70.97 70.97 70.97 70.98 70.98 70.98 70.98 70.9 70.86 70.84 70.83 70.8 70.89 70.85 70.82 70.79 70.77 70.78 70.88 70.92 70.91 70.81 70.68 70.68 70.67 70.78 70.81 70.64 70.66
68.14 68.43 68.46 68.47 68.45 68.36 68.5 68.64 68.75 68.8 68.91 69.16 69.09 69.18 69.25 69.31 69.33 69.49 69.7 69.87 69.94 69.93 69.63 69.9 69.74 69.72 69.82 69.84 69.86 69.9 69.93 69.97 70.04 70.24 70.31 70.35 70.39 70.47 70.51 70.54 70.61 70.71 70.78 70.82 70.83 70.87 70.9 70.91 70.99 71.02 71.01 70.99 71 71.01 71.01 71 70.96 70.91 70.87 70.87 70.83 70.84 70.8 70.85 70.86 70.83 70.85 70.86 70.98 70.89 70.78 70.7 70.9 70.84 70.94 70.71 70.84 70.76
68.27 68.27 68.31 68.46 68.54 68.66 68.61 68.66 68.75 68.89 68.96 69.3 69.41 69.36 69.38 69.49 69.55 69.64 69.85 70.1 70.1 70.09 69.85 69.95 69.93 69.93 69.99 70 70.04 70.08 70.11 70.15 70.2 70.36 70.45 70.49 70.53 70.57 70.61 70.65 70.71 70.85 70.9 70.99 70.99 71 71 71.03 71.06 71.07 71.04 71.06 71.05 71.05 71.02 71.02 71 70.96 70.94 70.93 70.9 70.91 70.9 70.86 70.92 70.91 70.87 70.87 70.86 70.89 70.9 70.84 71 70.87 70.75 70.99 71 71.03
68.52 68.64 68.57 68.94 68.99 69.04 69.08 69.09 69.2 69.29 69.44 69.78 69.88 69.96 69.87 70.02 70 70.07 70.19 70.44 70.47 70.53 70.44 70.38 70.36 70.41 70.44 70.46 70.45 70.48 70.52 70.55 70.59 70.63 70.67 70.72 70.76 70.8 70.82 70.85 70.92 71.03 71.08 71.06 71.08 71.04 71.04 71.07 71.07 71.07 71.11 71.07 71.06 71.06 71.05 71.05 71.05 71 70.99 70.97 70.94 70.94 70.94 70.9 70.89 70.94 70.95 70.93 70.9 70.91 70.92 70.97 71.1 71.34 70.93 71.11 71.11 71.06
68.51 68.77 68.88 69.12 69.33 69.38 69.47 69.43 69.51 69.65 69.71 69.99 70.05 70.07 70.1 70.24 70.29 70.27 70.39 70.53 70.62 70.72 70.7 70.59 70.62 70.57 70.61 70.64 70.65 70.67 70.7 70.73 70.74 70.8 70.81 70.86 70.87 70.91 70.92 70.98 71.01 71.08 71.09 71.11 71.11 71.11 71.11 71.14 71.11 71.12 71.12 71.13 71.13 71.11 71.09 71.09 71.06 71.07 71.04 71.02 70.99 70.98 70.97 70.93 70.93 70.93 70.89 70.97 70.98 71.01 71.09 71.27 71.48 71.15 71.17 71.08 71.07 71.12
68.69 68.9 69.01 69.36 69.44 69.55 69.56 69.62 69.75 69.65 69.83 70.15 70.19 70.24 70.33 70.36 70.46 70.49 70.54 70.67 70.73 70.84 70.83 70.72 70.76 70.75 70.77 70.79 70.79 70.81 70.83 70.91 70.92 70.93 70.92 70.99 70.99 71 71.05 71.06 71.08 71.09 71.14 71.14 71.15 71.16 71.15 71.16 71.18 71.18 71.17 71.18 71.18 71.13 71.12 71.11 71.12 71.12 71.08 71.04 71.03 71.03 71.01 70.97 70.97 70.97 70.93 70.92 71.01 71.05 71.24 71.4 71.34 71.44 71.33 70.96 71.02 71
68.73 69.04 69.1 69.29 69.39 69.59 69.66 69.79 69.84 70.01 70.06 70.2 70.33 70.4 70.49 70.54 70.55 70.62 70.71 70.8 70.85 70.88 70.9 70.86 70.89 70.89 70.91 70.93 70.93 70.97 71 71.02 71.03 71.04 71.05 71.06 71.07 71.07 71.12 71.13 71.14 71.16 71.18 71.18 71.2 71.2 71.21 71.23 71.23 71.2 71.18 71.18 71.19 71.17 71.17 71.16 71.16 71.13 71.09 71.07 71.07 71.07 71.05 71.02 71.01 71.01 70.97 70.96 70.96 71.11 71.14 71.34 71.56 71.32 71.31 71.04 70.99 70.97
68.83 68.93 69.12 69.36 69.5 69.63 69.74 69.85 69.96 70.12 70.18 70.31 70.47 70.55 70.63 70.68 70.76 70.73 70.87 70.96 71 70.96 71.02 71.01 71.02 70.99 71.04 71.05 71.09 71.1 71.13 71.14 71.15 71.14 71.15 71.16 71.17 71.18 71.19 71.21 71.2 71.2 71.22 71.24 71.24 71.24 71.29 71.29 71.25 71.25 71.24 71.23 71.23 71.22 71.21 71.17 71.18 71.18 71.15 71.13 71.12 71.11 71.06 71.06 71.05 71.05 71.01 71 71 71.06 71.29 71.54 71.39 71.27 71.28 71.36 71.14 71.04
68.88 69.11 69.2 69.5 69.65 69.79 69.91 70.02 70.12 70.24 70.38 70.62 70.61 70.69 70.76 70.84 70.92 70.97 71.01 71.08 71.15 71.17 71.19 71.15 71.14 71.15 71.17 71.19 71.22 71.25 71.26 71.24 71.26 71.25 71.26 71.24 71.25 71.27 71.28 71.25 71.28 71.3 71.3 71.32 71.29 71.34 71.35 71.35 71.31 71.29 71.29 71.28 71.27 71.27 71.25 71.25 71.23 71.24 71.22 71.18 71.17 71.15 71.14 71.14 71.09 71.09 71.08 71.07 71.07 71.08 71.29 71.31 71.59 71.45 71.23 71.4 71.31 71.15
69.04 69.18 69.32 69.68 69.84 69.98 70.11 70.22 70.3 70.44 70.54 70.79 70.69 70.84 70.94 71.02 71.06 71.15 71.26 71.25 71.33 71.36 71.35 71.33 71.34 71.32 71.35 71.36 71.39 71.37 71.39 71.37 71.38 71.37 71.35 71.33 71.35 71.37 71.35 71.37 71.35 71.37 71.36 71.37 71.43 71.44 71.45 71.41 71.38 71.33 71.33 71.33 71.34 71.32 71.3 71.3 71.3 71.31 71.29 71.26 71.25 71.2 71.18 71.18 71.16 71.16 71.15 71.14 71.1 71.11 71.27 71.34 71.57 71.45 71.58 71.44 71.28 71.22
