DE_solarradiation/solarradiation_2018_08.asc
NCOLS 654
NROWS 866
XLLCORNER 3280500
YLLCORNER 5237500
CELLSIZE 1000
NODATA_VALUE -999
[rows 128 to 159 of 866, columns 288 to 359 of 654]
135.12 135.34 135.47 135.6 135.73 135.86 136.02 136.15 136.36 136.74 136.92 137.09 137.28 137.47 137.64 137.85 138.09 138.64 138.86 139.07 139.28 139.5 139.71 139.98 140.52 140.79 141.03 141.2 141.39 141.57 141.8 142.02 142.53 142.71 142.42 142.54 143.38 143.49 143.57 143.62 143.71 143.77 143.78 143.82 143.83 143.85 143.86 143.83 -999 143.9 -999 143.96 143.99 144.07 144.16 144.35 144.46 144.58 144.7 144.79 144.9 145.06 145.19 145.53 145.67 145.76 145.86 145.97 146.04 146.12 146.23 146.37
135.13 135.35 135.47 135.6 135.73 135.86 136.02 136.15 136.36 136.72 136.94 137.13 137.27 137.48 137.63 137.85 138.12 138.67 138.91 139.12 139.33 139.52 139.72 139.99 140.56 140.85 141.09 141.24 141.41 141.61 141.82 142.09 142.55 142.33 142.45 142.57 142.68 142.77 142.86 142.92 143.01 143.07 143.1 143.13 143.15 143.18 143.17 143.16 143.18 143.25 143.29 143.35 143.39 143.47 143.57 143.8 143.92 144.06 144.18 144.32 144.44 144.62 144.77 145.14 145.27 145.41 145.52 145.6 145.71 145.81 145.92 146.1
135.13 135.36 135.48 135.61 135.74 135.87 136.02 136.18 136.37 136.79 136.93 137.11 137.31 137.49 137.66 137.87 138.14 138.67 138.92 139.16 139.36 139.55 139.77 140.03 140.61 140.89 141.12 141.3 141.47 141.68 141.9 142.11 142.15 142.37 142.48 142.6 142.69 142.76 142.87 142.93 143.02 143.08 143.11 143.1 143.12 143.14 143.17 143.16 143.19 143.23 143.28 143.36 143.4 143.5 143.61 143.84 143.98 144.16 144.27 144.44 144.62 144.77 144.94 145.3 145.49 145.6 145.71 145.82 145.94 146.07 146.14 146.32
135.17 135.36 135.52 135.65 135.78 135.9 136.03 136.18 136.4 136.83 136.97 137.14 137.33 137.52 137.7 137.9 138.18 138.7 138.99 139.2 139.41 139.62 139.82 140.09 140.66 140.93 141.18 141.35 141.52 141.74 141.96 141.77 142.19 142.4 142.51 142.61 142.72 142.78 142.87 142.92 143.01 143.05 143.07 143.09 143.12 143.14 143.16 143.16 143.2 143.25 143.31 143.38 143.44 143.54 143.71 143.99 144.13 144.32 144.49 144.64 144.81 144.94 145.15 145.5 145.68 145.82 145.94 146.09 146.2 146.28 146.42 146.59
135.2 135.42 135.55 135.68 135.8 135.93 136.08 136.24 136.43 136.9 137.03 137.2 137.39 137.57 137.79 138 138.27 138.86 139.15 139.33 139.57 139.77 139.97 140.24 140.82 141.09 141.28 141.49 141.67 141.87 142.08 141.89 142.25 142.42 142.52 142.64 142.73 142.81 142.87 142.93 142.92 142.96 142.98 143.01 143.03 143.05 143.1 143.19 143.23 143.31 143.4 143.47 143.53 143.67 143.85 144.27 144.49 144.65 144.84 144.99 145.16 145.31 145.51 145.95 146.19 146.33 146.48 146.6 146.72 146.84 146.97 147.16
134.77 134.99 135.57 135.7 135.83 135.96 136.11 136.27 136.46 136.92 137.06 137.24 137.42 137.63 137.81 138.05 138.32 138.87 139.2 139.38 139.6 139.83 140.03 140.33 140.88 141.15 141.38 141.55 141.73 141.94 141.75 141.93 142.28 142.44 142.56 142.64 142.73 142.82 142.88 142.94 142.93 142.95 142.98 142.97 143 143.05 143.1 143.18 143.27 143.35 143.43 143.49 143.59 143.76 143.95 144.4 144.62 144.81 144.99 145.16 145.31 145.5 145.71 146.21 146.41 146.57 146.72 146.85 146.99 147.08 147.19 147.4
134.81 135.02 135.14 135.26 135.36 135.47 135.58 135.72 135.92 136.37 136.57 137.27 137.48 137.65 137.83 138.07 138.34 138.93 139.23 139.45 139.65 139.87 140.1 140.37 140.91 141.18 141.4 141.57 141.78 141.6 141.78 141.95 142.29 142.48 142.57 142.69 142.74 142.84 142.89 142.95 142.9 142.95 142.95 142.97 143 143.05 143.11 143.21 143.29 143.38 143.45 143.57 143.67 143.81 144.04 144.5 144.74 144.92 145.11 145.28 145.46 145.64 145.85 146.36 146.57 146.74 146.9 147.02 147.17 147.28 147.39 147.61
134.82 135.02 135.18 135.3 135.41 135.52 135.63 135.77 135.97 136.42 136.6 137.29 137.5 137.68 137.85 138.1 138.36 138.97 139.25 139.47 139.69 139.93 140.13 140.39 140.94 141.2 141.42 141.61 141.47 141.65 141.78 141.99 142.33 142.48 142.62 142.69 142.74 142.83 142.88 142.92 142.9 142.92 142.94 142.97 143.02 143.04 143.1 143.25 143.33 143.41 143.53 143.64 143.74 143.89 144.1 144.58 144.81 145.02 145.22 145.4 145.6 145.77 145.99 146.5 146.74 146.89 147.06 147.2 147.31 147.46 147.57 147.76
134.86 135.06 135.19 135.34 135.45 135.57 135.67 135.81 136 136.46 136.66 136.85 137.52 137.7 137.88 138.13 138.39 138.97 139.26 139.51 139.71 139.96 140.17 140.46 140.99 141.26 141.47 141.67 141.52 141.66 141.81 142 142.35 142.54 142.61 142.69 142.78 142.84 142.9 142.94 142.9 142.96 142.98 143 143.02 143.04 143.13 143.28 143.36 143.46 143.57 143.69 143.83 143.97 144.19 144.67 144.93 145.14 145.32 145.54 145.72 145.92 146.13 146.64 146.89 147.08 147.21 147.36 147.47 147.58 147.68 147.88
134.91 135.1 135.26 135.38 135.5 135.61 135.71 135.88 136.05 136.51 136.71 136.9 137.56 137.69 137.93 138.16 138.46 139.01 139.33 139.55 139.79 139.99 140.23 140.48 141.02 141.3 141.51 141.36 141.54 141.69 141.85 142.04 142.38 142.53 142.61 142.7 142.79 142.84 142.9 142.94 142.94 142.96 142.98 142.99 143.02 143.07 143.16 143.31 143.39 143.5 143.6 143.74 143.88 144.01 144.26 144.78 145.02 145.27 145.45 145.65 145.85 146.05 146.31 146.83 147.07 147.18 147.38 147.5 147.65 147.74 147.84 148.05
134.95 135.17 135.31 135.44 135.55 135.66 135.8 135.93 136.14 136.55 136.78 136.96 137.13 137.79 137.96 138.23 138.5 139.08 139.35 139.57 139.8 140 140.26 140.51 141.06 141.31 141.2 141.38 141.57 141.72 141.91 142.06 142.41 142.56 142.64 142.74 142.78 142.87 142.93 142.94 142.94 142.99 143 143.02 143.08 143.1 143.19 143.29 143.45 143.59 143.69 143.84 143.96 144.12 144.36 144.9 145.17 145.41 145.61 145.8 146 146.2 146.46 146.98 147.22 147.41 147.57 147.7 147.85 147.94 148.04 148.24
135.07 135.26 135.37 135.51 135.63 135.74 135.88 136.01 136.19 136.63 136.83 137.02 137.19 137.36 138.05 138.26 138.54 139.09 139.39 139.61 139.81 140.06 140.28 140.55 141.08 141.04 141.23 141.41 141.6 141.77 141.92 142.08 142.42 142.56 142.69 142.73 142.82 142.88 142.92 142.97 142.97 143.01 143.04 143.09 143.11 143.15 143.25 143.35 143.54 143.68 143.76 143.92 144.06 144.24 144.52 145.26 145.36 145.76 145.95 146.18 146.37 146.59 146.87 147.42 147.66 147.85 148 148.15 148.25 148.37 148.46 148.67
135.16 135.39 135.53 135.65 135.77 135.88 136.01 136.15 136.35 136.77 136.97 137.16 137.31 137.49 138.15 138.38 138.66 139.19 139.51 139.72 139.93 140.16 140.37 140.63 141.15 141.11 141.3 141.47 141.64 141.81 141.98 142.13 142.45 142.6 142.68 142.76 142.85 142.9 142.95 143.02 143.06 143.11 143.16 143.18 143.24 143.29 143.36 143.52 143.76 143.85 143.97 144.13 144.29 144.51 144.78 145.4 145.69 145.92 146.14 146.33 146.56 146.78 147.04 147.59 147.82 147.99 148.17 148.31 148.45 148.53 148.62 148.85
135.27 135.47 135.61 135.72 135.85 135.96 136.09 136.24 136.44 136.85 137.02 137.22 137.39 137.55 137.77 138.43 138.72 139.26 139.53 139.76 139.97 140.16 140.37 140.65 140.91 141.15 141.34 141.5 141.68 141.84 142.02 142.17 142.48 142.63 142.71 142.8 142.88 142.94 142.99 143.05 143.12 143.17 143.23 143.25 143.29 143.32 143.46 143.58 143.83 143.98 144.09 144.26 144.44 144.63 144.89 145.51 145.82 146.07 146.3 146.49 146.69 146.92 147.19 147.73 147.96 148.13 148.31 148.45 148.57 148.69 148.81 149.02
135.37 135.56 135.69 135.79 135.9 136.04 136.15 136.28 136.48 136.92 137.12 137.28 137.46 137.61 137.79 138.49 138.76 139.27 139.54 139.78 139.98 140.18 140.38 140.4 140.92 141.18 141.39 141.55 141.72 141.86 142.02 142.2 142.51 142.66 142.75 142.83 142.91 142.96 143.05 143.11 143.15 143.23 143.25 143.3 143.38 143.42 143.56 143.67 143.92 144.04 144.16 144.35 144.53 144.75 145.02 145.63 145.94 146.18 146.42 146.6 146.81 147.04 147.3 147.84 148.07 148.26 148.41 148.57 148.66 148.75 148.89 149.25
135.42 135.66 135.77 135.88 135.98 136.09 136.23 136.36 136.56 136.97 137.19 137.34 137.51 137.67 137.82 138.07 138.53 139.04 139.31 139.55 139.76 139.96 140.16 140.43 140.95 141.23 141.42 141.59 141.72 141.89 142.04 142.23 142.54 142.68 142.77 142.86 142.95 143.02 143.08 143.17 143.22 143.29 143.32 143.37 143.4 143.5 143.62 143.76 143.99 144.12 144.32 144.46 144.65 144.84 145.15 145.76 146.05 146.29 146.49 146.73 146.92 147.12 147.38 147.93 148.17 148.33 148.48 148.65 148.78 148.86 149.15 149.36
135.5 135.71 135.85 135.96 136.06 136.17 136.31 136.44 136.63 137.03 137.23 137.42 137.58 137.74 137.9 138.1 138.56 139.12 139.39 139.59 139.8 140 140.21 140.47 140.98 141.26 141.46 141.59 141.77 141.92 142.07 142.25 142.56 142.72 142.84 142.92 143 143.05 143.14 143.2 143.28 143.33 143.39 143.41 143.45 143.59 143.71 143.85 144.09 144.24 144.41 144.58 144.76 144.96 145.23 145.87 146.13 146.41 146.62 146.8 147.02 147.23 147.49 148.04 148.27 148.4 148.58 148.73 148.86 149.12 149.24 149.43
135.58 135.78 135.89 136.04 136.14 136.25 136.39 136.52 136.68 137.12 137.31 137.47 137.64 137.8 137.96 138.18 138.61 139.15 139.43 139.64 139.83 140.03 140.24 140.51 141.02 141.26 141.46 141.64 141.81 141.94 142.11 142.27 142.57 142.74 142.85 142.98 143.07 143.13 143.21 143.29 143.38 143.4 143.45 143.51 143.54 143.66 143.8 143.94 144.21 144.36 144.54 144.72 144.87 145.09 145.35 145.98 146.26 146.52 146.73 146.9 147.11 147.34 147.58 148.12 148.35 148.52 148.67 148.84 149.12 149.18 149.3 149.5
135.65 135.85 135.97 136.11 136.22 136.33 136.46 136.6 136.76 137.21 137.39 137.55 137.72 137.87 138.03 138.25 138.68 139.2 139.46 139.68 139.87 140.07 140.28 140.54 141.06 141.3 141.53 141.67 141.84 142.01 142.18 142.34 142.64 142.82 142.92 143.02 143.12 143.21 143.29 143.38 143.47 143.52 143.55 143.62 143.69 143.77 143.92 144.1 144.35 144.5 144.69 144.87 145.04 145.24 145.49 146.14 146.41 146.64 146.87 147.07 147.26 147.46 147.72 148.24 148.47 148.64 148.78 149.07 149.21 149.32 149.41 149.58
135.77 135.97 136.08 136.19 136.34 136.45 136.54 136.68 136.87 137.29 137.48 137.67 137.82 137.97 138.13 138.32 138.76 139.27 139.54 139.74 139.94 140.14 140.35 140.57 141.09 141.35 141.55 141.72 141.89 142.04 142.28 142.45 142.84 143.02 143.12 143.19 143.31 143.4 143.49 143.61 143.74 143.79 143.82 143.92 144 144.07 144.21 144.4 144.68 144.85 145.03 145.21 145.42 145.59 145.86 146.45 146.71 146.94 147.15 147.32 147.53 147.77 148 148.48 148.67 148.85 149.15 149.25 149.35 149.48 149.61 149.76
135.97 136.18 136.32 136.43 136.54 136.65 136.78 136.91 137.08 137.49 137.68 137.84 137.99 138.16 138.3 138.5 138.92 139.41 139.67 139.83 140.05 140.25 140.45 140.67 141.13 141.4 141.63 141.8 141.99 142.14 142.3 142.52 142.91 143.08 143.23 143.3 143.41 143.49 143.61 143.7 143.87 143.89 143.98 144.03 144.11 144.19 144.35 144.56 144.84 145.04 145.18 145.36 145.56 145.76 146.01 146.55 146.84 147.08 147.28 147.48 147.67 147.87 148.11 148.57 148.8 149.08 149.23 149.32 149.44 149.54 149.67 149.85
136.1 136.29 136.43 136.54 136.65 136.76 136.86 137 137.19 137.56 137.76 137.95 138.06 138.22 138.37 138.57 139 139.48 139.71 139.91 140.12 140.29 140.49 140.72 140.98 141.44 141.68 141.86 142.03 142.21 142.38 142.58 142.97 143.17 143.31 143.41 143.48 143.58 143.71 143.82 143.93 144.04 144.07 144.16 144.25 144.37 144.47 144.68 145.01 145.2 145.33 145.49 145.66 145.89 146.14 146.68 146.95 147.18 147.37 147.56 147.76 147.96 148.19 148.64 149 149.13 149.27 149.37 149.47 149.59 149.71 149.89
136.21 136.4 136.51 136.61 136.73 136.84 136.97 137.1 137.26 137.67 137.87 138.02 138.15 138.3 138.46 138.65 139.07 139.55 139.78 139.98 140.16 140.36 140.53 140.76 140.98 141.48 141.73 141.93 142.08 142.28 142.44 142.64 143.05 143.23 143.37 143.48 143.58 143.66 143.8 143.93 144.04 144.12 144.22 144.29 144.37 144.46 144.6 144.76 145.13 145.28 145.42 145.58 145.79 145.95 146.22 146.8 147.06 147.27 147.47 147.67 147.84 148.03 148.26 148.81 149.03 149.18 149.31 149.41 149.52 149.64 149.75 149.9
136.3 136.49 136.6 136.69 136.81 136.95 137.05 137.18 137.34 137.73 137.94 138.1 138.22 138.37 138.53 138.69 139.1 139.59 139.83 140.02 140.22 140.39 140.57 140.79 141.01 141.52 141.77 141.97 142.14 142.31 142.51 142.7 143.12 143.33 143.47 143.58 143.68 143.77 143.9 144.02 144.16 144.22 144.3 144.37 144.46 144.58 144.68 144.89 145.2 145.37 145.53 145.7 145.88 146.08 146.3 146.86 147.16 147.36 147.55 147.75 147.93 148.12 148.42 148.86 149.08 149.22 149.35 149.46 149.57 149.66 149.75 149.93
136.41 136.61 136.72 136.81 136.93 137.03 137.13 137.26 137.44 137.8 138 138.15 138.29 138.45 138.6 138.76 139.18 139.66 139.9 140.1 140.26 140.43 140.64 140.82 141.07 141.57 141.84 142.01 142.21 142.38 142.6 142.79 143.18 143.4 143.54 143.67 143.78 143.85 143.99 144.11 144.27 144.35 144.42 144.5 144.59 144.67 144.83 145.01 145.31 145.51 145.65 145.8 146 146.15 146.42 146.96 147.21 147.43 147.62 147.8 148.12 148.29 148.51 148.95 149.12 149.26 149.39 149.5 149.59 149.67 149.77 149.91
136.49 136.7 136.8 136.91 137.01 137.11 137.23 137.36 137.51 137.88 138.08 138.23 138.39 138.52 138.68 138.63 138.85 139.31 139.52 139.67 139.86 140 140.65 140.9 141.13 141.65 141.88 142.09 142.28 142.46 142.65 142.87 143.29 143.46 143.63 143.75 143.88 143.95 144.09 144.21 144.35 144.47 144.54 144.63 144.7 144.82 144.92 145.1 145.43 145.63 145.76 145.92 146.08 146.27 146.51 147.06 147.33 147.53 147.71 147.98 148.15 148.35 148.56 148.99 149.19 149.31 149.43 149.53 149.63 149.72 149.82 149.95
136.65 136.81 136.91 137.02 137.11 137.21 137.33 137.45 137.61 137.99 138.18 138.34 138.46 138.62 138.6 138.76 138.93 139.4 139.61 139.79 139.94 140.07 140.23 140.98 141.21 141.72 141.98 142.19 142.36 142.56 142.75 142.96 143.38 143.58 143.75 143.9 144 144.11 144.21 144.36 144.5 144.65 144.69 144.8 144.91 144.96 145.11 145.25 145.61 145.77 145.91 146.07 146.24 146.39 146.66 147.21 147.44 147.63 147.92 148.11 148.28 148.44 148.64 149.06 149.23 149.37 149.46 149.58 149.68 149.79 149.86 150.03
136.8 136.95 137.06 137.16 137.26 137.35 137.48 137.69 137.84 138.21 138.37 138.53 138.69 138.65 138.8 138.96 139.14 139.58 139.79 139.94 140.08 140.27 140.44 141.12 141.37 141.92 142.15 142.35 142.54 142.75 142.94 143.15 143.63 143.86 144.03 144.18 144.27 144.4 144.5 144.66 144.89 144.98 145.06 145.16 145.28 145.36 145.46 145.64 145.91 146.08 146.25 146.38 146.54 146.7 146.93 147.45 147.67 147.96 148.13 148.29 148.47 148.62 148.81 149.17 149.33 149.46 149.58 149.69 149.79 149.86 149.97 150.1
137.07 137.23 137.33 137.42 137.48 137.61 137.71 137.83 137.98 138.33 138.5 138.63 138.79 138.77 138.93 139.07 139.26 139.7 139.88 140.05 140.2 140.36 140.56 140.74 141.49 142 142.25 142.43 142.63 142.83 143.05 143.28 143.76 143.99 144.15 144.29 144.44 144.54 144.65 144.77 145.09 145.16 145.29 145.36 145.42 145.51 145.65 145.8 146.07 146.23 146.35 146.51 146.69 146.85 147.07 147.57 147.87 148.06 148.22 148.4 148.55 148.71 148.89 149.25 149.42 149.55 149.66 149.73 149.83 149.93 150.01 150.14
137.21 137.37 137.46 137.55 137.61 137.72 137.81 137.93 138.09 138.41 138.61 138.74 138.77 138.89 139.01 139.16 139.38 139.77 139.99 140.13 140.28 140.49 140.64 140.84 141.09 142.1 142.35 142.52 142.72 142.94 143.16 143.38 143.89 144.09 144.29 144.42 144.53 144.67 144.78 144.91 145.18 145.35 145.4 145.5 145.6 145.64 145.78 145.92 146.19 146.35 146.47 146.64 146.78 146.94 147.18 147.72 147.95 148.1 148.27 148.45 148.62 148.78 148.93 149.29 149.45 149.57 149.67 149.77 149.87 149.95 150.05 150.19
137.32 137.48 137.57 137.66 137.72 137.83 137.92 138.04 138.19 138.52 138.69 138.74 138.86 138.98 139.13 139.29 139.47 139.88 140.08 140.23 140.41 140.59 140.74 140.96 141.2 142.16 142.4 142.62 142.81 143.03 143.25 143.48 143.97 144.21 144.38 144.52 144.66 144.8 144.91 145.04 145.3 145.46 145.55 145.62 145.69 145.8 145.9 146.04 146.31 146.47 146.6 146.73 146.95 147.12 147.31 147.8 148 148.19 148.36 148.53 148.67 148.81 148.98 149.33 149.51 149.64 149.71 149.81 149.92 149.99 150.09 150.24
137.45 137.51 137.67 137.76 137.83 137.93 138.03 138.14 138.29 138.64 138.72 138.83 138.98 139.1 139.22 139.37 139.55 139.97 140.19 140.36 140.52 140.67 140.86 141.04 141.29 141.82 142.51 142.7 142.9 143.13 143.34 143.58 144.08 144.3 144.5 144.64 144.79 144.93 145.04 145.17 145.43 145.59 145.69 145.74 145.84 145.92 146.03 146.18 146.43 146.67 146.81 146.94 147.07 147.19 147.38 147.86 148.07 148.26 148.4 148.57 148.72 148.85 149.05 149.38 149.55 149.68 149.79 149.86 149.96 150.04 150.15 150.29
