DE_solarradiation/solarradiation_2018_05.asc
NCOLS 654
NROWS 866
XLLCORNER 3280500
YLLCORNER 5237500
CELLSIZE 1000
NODATA_VALUE -999
[rows 800 to 831 of 866, columns 360 to 431 of 654]
164.24 164.25 164.31 164.42 164.54 164.83 165.06 165.19 165.34 165.48 165.66 165.83 166.27 166.38 166.42 166.56 166.69 166.77 166.88 167.03 167.43 167.59 167.72 167.79 167.91 167.97 168.02 168.12 168.2 168.24 168.27 168.26 168.28 168.31 168.37 168.58 168.7 168.77 168.85 168.83 168.84 168.9 168.97 169.01 169.04 169.01 169.03 169.07 168.98 168.97 169.02 168.91 168.88 168.82 168.79 168.73 168.54 168.16 168.05 167.93 167.81 167.69 167.57 167.46 167.29 167.33 167.25 167.22 167.1 167.04 166.96 167.09
163.77 163.81 163.89 164.03 164.16 164.45 164.59 164.74 164.91 165.06 165.23 165.44 165.9 166.01 166.09 166.23 166.38 166.47 166.57 166.75 167.18 167.35 167.48 167.57 167.68 167.74 167.81 167.95 168.03 168.08 168.09 168.09 168.12 168.18 168.24 168.45 168.54 168.6 168.75 168.75 168.72 168.71 168.83 168.87 168.87 168.85 168.87 168.88 168.83 168.81 168.81 168.77 168.71 168.65 168.59 168.53 168.3 167.96 167.81 167.68 167.57 167.45 167.3 167.21 167.05 166.88 166.85 166.75 166.72 166.69 166.63 166.71
163.27 163.3 163.35 163.52 163.56 163.96 164.12 164.28 164.41 164.57 164.75 164.98 165.38 165.59 165.67 165.83 165.94 166.05 166.2 166.41 166.83 167.06 167.16 167.27 167.38 167.49 167.57 167.73 167.79 167.86 167.86 167.88 167.93 167.96 168.02 168.21 168.32 168.4 168.44 168.5 168.49 168.51 168.6 168.61 168.65 168.63 168.65 168.66 168.59 168.58 168.51 168.49 168.45 168.34 168.32 168.16 167.99 167.64 167.49 167.38 167.26 167.11 167 166.85 166.65 166.55 166.43 166.36 166.31 166.28 166.24 166.27
162.65 162.68 162.76 162.91 162.94 163.34 163.48 163.67 163.81 163.97 164.19 164.4 164.91 165.06 165.15 165.29 165.43 165.55 165.73 165.94 166.4 166.62 166.77 166.9 167.01 167.1 167.23 167.41 167.48 167.56 167.58 167.62 167.64 167.7 167.76 167.96 168.03 168.11 168.12 168.2 168.2 168.24 168.32 168.33 168.33 168.38 168.36 168.32 168.29 168.23 168.18 168.12 168.1 168.02 167.9 167.79 167.63 167.27 167.11 166.96 166.85 166.71 166.57 166.42 166.2 166.09 165.97 165.88 165.82 165.69 165.74 165.7
161.44 161.46 161.49 161.57 161.71 162 162.2 162.39 162.61 162.78 162.98 163.33 163.86 163.95 164.08 164.21 164.38 164.53 164.75 164.93 165.57 165.8 165.97 166.09 166.2 166.33 166.5 166.82 166.94 167.02 167.03 167.05 167.1 167.16 167.22 167.42 167.49 167.49 167.52 167.64 167.64 167.68 167.72 167.72 167.71 167.77 167.74 167.7 167.67 167.61 167.45 167.4 167.35 167.28 167.15 167.04 166.89 166.5 166.29 166.15 166.01 165.86 165.73 165.56 165.21 165.04 164.92 164.84 164.79 164.68 164.67 164.59
160.84 160.82 160.87 161.01 161.07 161.36 161.54 161.7 161.93 162.19 162.5 162.74 163.34 163.41 163.51 163.7 163.86 164.03 164.22 164.46 165.08 165.34 165.5 165.65 165.8 165.92 166.11 166.47 166.58 166.71 166.71 166.76 166.78 166.84 166.94 167.09 167.16 167.2 167.24 167.22 167.36 167.36 167.39 167.38 167.44 167.44 167.37 167.35 167.29 167.24 167.09 167.12 167.01 166.9 166.77 166.64 166.48 166.08 165.89 165.72 165.61 165.47 165.29 165.12 164.75 164.56 164.41 164.33 164.23 164.16 164.13 164
160.3 160.28 160.32 160.5 160.57 160.82 160.98 161.16 161.38 161.59 161.91 162.03 162.6 162.77 162.97 163.17 163.35 163.53 163.77 164.09 164.69 164.94 165.14 165.29 165.44 165.6 165.79 166.13 166.29 166.4 166.44 166.46 166.51 166.58 166.65 166.86 166.91 166.93 166.94 166.95 167.08 167.11 167.1 167.09 167.17 167.11 167.09 167.03 166.98 166.97 166.8 166.71 166.65 166.57 166.46 166.31 166.12 165.74 165.53 165.38 165.22 165.09 164.92 164.74 164.31 164.15 163.99 163.86 163.83 163.77 163.67 163.56
159.84 159.81 159.9 159.94 160.08 160.33 160.5 160.65 160.85 161.03 161.25 161.42 162.08 162.3 162.5 162.71 162.89 163.1 163.34 163.61 164.32 164.57 164.76 164.9 165.08 165.24 165.42 165.81 165.98 166.1 166.15 166.17 166.22 166.28 166.35 166.55 166.61 166.65 166.63 166.66 166.78 166.78 166.79 166.81 166.82 166.78 166.77 166.76 166.74 166.64 166.48 166.36 166.34 166.21 166.12 165.97 165.77 165.38 165.18 165.03 164.87 164.71 164.56 164.32 163.93 163.74 163.57 163.5 163.39 163.36 163.21 163.14
159.37 159.44 159.43 159.47 159.62 159.81 159.94 160.15 160.28 160.46 160.66 160.87 161.55 161.87 162.04 162.27 162.43 162.63 162.87 163.21 163.84 164.15 164.37 164.5 164.7 164.87 165.06 165.44 165.63 165.74 165.81 165.84 165.89 165.99 166.05 166.25 166.31 166.34 166.35 166.36 166.36 166.49 166.5 166.5 166.49 166.46 166.45 166.45 166.44 166.32 166.11 166.07 165.97 165.87 165.77 165.63 165.43 165 164.82 164.67 164.52 164.35 164.18 163.96 163.53 163.31 163.17 163.11 163.07 162.95 162.79 162.71
158.95 158.95 158.91 159 159.05 159.3 159.46 159.62 159.66 159.85 160.04 160.43 161.09 161.38 161.59 161.74 161.98 162.19 162.39 162.72 163.42 163.71 163.94 164.12 164.31 164.49 164.72 165.09 165.27 165.36 165.46 165.54 165.57 165.68 165.74 165.92 165.99 166.01 166.02 166.03 166.04 166.14 166.14 166.16 166.14 166.15 166.13 166.18 166.13 165.94 165.75 165.62 165.57 165.46 165.35 165.2 164.99 164.59 164.42 164.28 164.14 163.97 163.76 163.6 163.07 162.88 162.75 162.65 162.61 162.44 162.3 162.24
158.31 158.29 158.28 158.36 158.56 158.66 158.87 158.98 159.04 159.23 159.45 159.69 160.34 160.65 160.88 161.11 161.29 161.51 161.73 162.12 162.84 163.09 163.35 163.53 163.76 163.97 164.19 164.59 164.78 164.91 164.98 165.06 165.12 165.22 165.29 165.46 165.55 165.55 165.58 165.58 165.58 165.56 165.72 165.74 165.71 165.7 165.67 165.65 165.62 165.43 165.31 165.15 165.04 164.95 164.81 164.65 164.5 164.11 163.96 163.75 163.59 163.48 163.25 162.95 162.47 162.31 162.25 162.2 162.12 162 161.87 161.78
157.04 156.99 157.04 157.07 157.24 157.18 157.28 157.46 157.59 157.74 157.92 158.19 158.86 159.16 159.4 159.65 159.85 160.09 160.34 160.71 161.55 161.91 162.12 162.32 162.55 162.75 163.01 163.51 163.72 163.86 163.95 164.05 164.11 164.2 164.3 164.56 164.6 164.65 164.64 164.64 164.64 164.62 164.68 164.67 164.79 164.95 164.89 164.85 164.61 164.36 164.24 164.1 163.95 163.89 163.76 163.78 163.71 163.24 162.95 162.9 162.71 162.43 162.16 161.86 161.29 161.21 161.27 161.34 161.19 161 161.08 160.82
156.39 156.38 156.4 156.5 156.46 156.49 156.54 156.71 156.87 157.03 157.19 157.62 158.15 158.42 158.71 158.93 159.16 159.39 159.67 160.06 160.9 161.24 161.48 161.75 161.97 162.19 162.45 162.98 163.2 163.34 163.48 163.55 163.69 163.78 163.84 164.1 164.14 164.17 164.18 164.18 164.17 164.15 164.22 164.43 164.49 164.65 164.56 164.37 164.08 163.84 163.72 163.57 163.46 163.34 163.46 163.53 163.41 162.71 162.44 162.45 162.38 162.19 161.7 161.36 160.76 160.6 160.69 160.63 160.49 160.59 160.31 160.09
155.86 155.83 155.84 155.78 155.87 155.93 155.99 156.04 156.27 156.46 156.71 157.02 157.62 157.84 158.09 158.36 158.57 158.81 159.12 159.46 160.32 160.72 160.97 161.21 161.44 161.66 161.96 162.5 162.74 162.9 162.99 163.11 163.19 163.28 163.41 163.65 163.71 163.75 163.75 163.77 163.78 163.77 163.87 164 164.22 163.96 164.07 163.83 163.61 163.42 163.27 163.12 163.02 162.91 163.15 163.02 163.05 162.53 162.15 162.11 161.94 161.57 161.38 160.9 160.35 160.12 160.04 160 159.96 159.92 160.09 159.68
155.36 155.33 155.31 155.36 155.4 155.44 155.51 155.48 155.76 155.91 156.12 156.38 157.1 157.35 157.54 157.78 158.05 158.26 158.59 158.97 159.82 160.2 160.51 160.76 160.99 161.24 161.51 162.09 162.43 162.63 162.67 162.81 162.9 162.94 162.99 163.29 163.34 163.38 163.42 163.41 163.43 163.38 163.44 163.55 163.58 163.62 163.68 163.5 163.2 163.03 162.86 162.74 162.66 162.55 162.46 162.33 162.13 162.02 161.86 161.86 161.42 161.24 160.88 160.6 160.04 159.74 159.61 159.68 159.73 159.72 159.79 159.57
154.9 154.93 154.96 154.97 154.86 154.95 155.02 154.97 155.2 155.33 155.51 155.74 156.4 156.73 156.98 157.21 157.52 157.79 158.08 158.47 159.33 159.7 159.99 160.28 160.52 160.78 161.05 161.64 161.94 162.16 162.25 162.43 162.6 162.6 162.63 162.88 162.98 163.01 163.02 163.05 163.08 163.04 163.18 163.35 163.27 163.21 163.29 163.22 162.88 162.65 162.48 162.35 162.26 162.15 162.24 162.16 161.98 161.49 161.34 161.44 161.32 160.76 160.59 160.2 159.7 159.42 159.28 159.16 159.22 159.11 159.19 159.19
154.47 154.49 154.42 154.38 154.39 154.44 154.45 154.46 154.6 154.73 154.92 155.17 155.82 156.11 156.39 156.66 156.94 157.18 157.52 157.94 158.81 159.19 159.51 159.83 160.08 160.34 160.61 161.22 161.53 161.74 161.88 162.07 162.15 162.17 162.26 162.51 162.61 162.64 162.66 162.68 162.71 162.79 162.78 162.92 163.17 162.9 162.81 162.64 162.46 162.31 162.11 161.94 161.85 161.79 161.94 161.76 161.72 161.2 161.01 160.93 160.84 160.62 160.13 160.11 159.72 159.2 158.95 158.82 158.72 158.62 158.52 158.82
153.9 153.87 153.79 153.73 153.79 153.83 153.82 153.85 153.99 154.12 154.25 154.51 154.81 155.46 155.71 156.01 156.3 156.57 156.87 157.29 158.2 158.62 158.94 159.24 159.53 159.8 160.07 160.69 161 161.24 161.46 161.55 161.6 161.66 161.78 162.07 162.14 162.18 162.23 162.25 162.32 162.49 162.34 162.33 162.44 162.62 162.46 162.24 162.07 161.97 161.59 161.46 161.33 161.26 161.32 161.53 161.43 161.02 161.07 160.51 160.23 159.91 160.05 159.96 159.35 158.89 158.57 158.49 158.54 158.54 158.22 158.5
153.21 153.17 153.1 153.08 153.09 153.07 153.11 153.14 153.29 153.34 153.5 153.74 154.07 154.72 155.01 155.3 155.53 155.8 156.14 156.58 157.5 157.91 158.27 158.56 158.9 159.17 159.47 160.1 160.42 160.68 160.77 160.87 161.01 161.13 161.26 161.51 161.62 161.66 161.71 161.77 161.95 162.15 161.95 161.95 162.07 162.05 162.13 161.77 161.29 161.27 160.64 160.43 160.29 160.21 160.33 160.41 160.29 160.04 159.9 159.66 159.33 159.21 159.59 158.93 158.35 158 157.86 158.03 157.92 158.45 157.88 157.94
151.96 151.86 151.81 151.76 151.77 151.63 151.62 151.66 151.72 151.87 152.01 152.23 152.53 153.22 153.54 153.8 154.06 154.34 154.7 155.14 156.17 156.58 156.93 157.28 157.54 157.84 158.17 158.93 159.19 159.42 159.67 159.77 159.88 160.01 160.17 160.46 160.56 160.6 160.62 160.81 160.94 161.12 160.98 161.09 161.03 161.22 161.04 161.02 160.92 160.91 160.49 160.03 159.83 159.75 159.69 159.63 159.61 159.47 159.5 159.5 158.94 159.12 159.16 158.73 158.08 157.65 157.67 157.97 158.02 157.94 157.74 157.42
151.3 151.22 151.16 151.11 151.04 150.94 150.92 150.93 151.02 151.18 151.33 151.49 151.83 152.48 152.75 153.03 153.32 153.59 153.98 154.4 155.4 155.83 156.22 156.52 156.85 157.13 157.51 158.27 158.67 158.93 159.1 159.24 159.34 159.48 159.61 159.93 160.06 160.09 160.23 160.5 160.84 160.74 160.68 160.85 160.78 161.09 161.04 160.82 160.55 160.43 160.04 159.57 159.45 159.35 159.32 159.4 159.5 159.32 159.39 158.93 158.62 158.79 158.59 158.49 157.77 157.39 157.65 157.76 157.95 157.75 157.65 157.32
150.8 150.77 150.76 150.62 150.59 150.39 150.39 150.35 150.4 150.57 150.71 150.95 151.37 152.07 152.36 152.6 152.79 153.02 153.46 153.84 154.85 155.31 155.67 156 156.33 156.65 157.04 157.8 158.19 158.52 158.77 158.9 158.93 159.03 159.2 159.49 159.59 159.8 160.01 160.4 160.55 160.25 160.27 160.33 160.51 160.48 160.48 160.13 159.88 159.75 159.45 159.28 159.17 159.02 159 158.98 159.2 159.3 159.02 158.75 158.42 158.46 158.14 158.15 157.51 157.24 157.43 157.62 157.84 157.71 157.68 157.51
150.32 150.25 150.2 150.16 150.09 149.92 149.84 149.81 149.88 150.04 150.15 150.37 150.84 151.87 152.1 152.54 152.4 152.56 152.95 153.3 154.31 154.8 155.19 155.52 155.84 156.17 156.57 157.39 157.78 158.24 158.45 158.51 158.53 158.62 158.79 159.08 159.3 159.7 159.76 159.99 159.89 159.9 159.72 159.99 159.83 159.86 159.65 159.63 159.62 159.4 159.34 159.13 158.94 158.73 158.66 158.69 158.82 159.02 158.8 158.78 158.36 158.15 157.83 158.03 157.71 157.1 157.16 157.3 157.45 157.74 157.5 157.22
150.07 150.06 149.98 149.83 149.77 149.58 149.38 149.34 149.38 149.47 149.58 149.8 150.3 151.28 151.59 151.95 152.08 152.31 152.45 152.78 153.83 154.31 154.7 155.03 155.37 155.69 156.1 156.96 157.41 157.93 158.23 158.16 158.12 158.22 158.38 158.67 159.08 159.49 159.51 159.76 159.63 159.41 159.28 159.46 159.66 159.44 159.32 159.13 158.94 158.86 158.68 158.59 158.53 158.54 158.4 158.38 158.49 158.39 158.29 158.31 158.42 158.21 157.79 157.5 157.15 157.07 157.05 157.19 156.94 157.19 157.26 157.31
149.88 149.76 149.81 149.49 149.62 149.38 149.05 148.86 149.23 149.21 149.08 149.27 149.55 150.33 150.84 151.25 151.73 151.87 152.37 152.54 153.37 153.79 154.18 154.52 154.85 155.21 155.63 156.56 157.07 157.55 157.91 157.87 157.87 157.99 157.99 158.45 158.75 159.13 158.93 159.14 158.94 158.97 158.93 158.77 158.75 158.57 158.77 158.62 158.54 158.62 158.56 158.49 158.54 158.6 158.15 158.02 158.07 157.94 158.1 158.15 157.84 157.77 157.59 157.59 157.52 157.23 157.03 157.12 157.29 156.91 157.25 157.33
149.22 149.11 149.1 149.15 148.84 148.58 148.57 148.41 148.65 148.86 148.74 148.72 148.99 149.71 150.22 150.67 151.11 151.46 151.83 152.33 152.97 153.18 153.61 153.94 154.27 154.64 155.05 155.96 156.64 157.01 157.4 157.84 157.73 157.84 157.81 158.19 158.21 158.24 158.32 158.52 158.61 158.29 158.24 158.32 158.26 158.34 158.37 158.17 158.11 158.39 158.18 158.17 158.3 157.98 157.74 158.09 158.29 157.83 157.67 157.45 157.37 157.37 157.26 157.45 157.51 157.36 156.93 157.02 157.22 157.24 156.98 157.41
148.17 148.22 147.91 147.78 147.69 147.32 147.32 147.24 147.42 147.68 147.61 147.74 147.92 148.54 148.88 149.23 149.7 150.37 150.82 151.2 151.83 152.07 152.47 152.84 153.18 153.58 154.17 155.39 156 156.29 156.63 157.05 156.82 157.24 157.27 157.19 157.12 157.2 157.3 157.44 157.33 157.31 157.22 157.19 157.16 157.11 157.09 157.2 157.23 157.3 157.53 157.67 157.31 157.12 157.32 157.72 157.48 157.37 157.24 157.12 157.22 157.31 156.92 157.44 157.53 157.37 157.36 157.3 157.62 157.46 157.43 157.58
147.56 147.62 147.49 147.3 147.17 146.9 146.92 146.92 147.08 147.2 147.21 147.2 147.76 148.06 148.36 148.65 149 149.49 149.95 150.52 151.24 151.54 151.92 152.29 152.63 153.15 154.1 154.78 155.7 155.58 155.81 156.21 156.06 156.32 156.43 156.5 156.65 156.69 156.75 157.04 156.82 156.89 156.81 156.78 156.85 156.8 156.81 156.97 156.98 157.07 157.08 156.96 156.8 157.22 157.17 157.03 157.11 156.88 156.95 157.04 156.93 157.21 157.15 157.27 157.23 157.35 157.48 157.53 157.5 157.64 157.86 158.09
147.28 147.18 147.08 146.93 146.79 146.68 146.63 146.63 146.7 146.83 147.09 147.21 147.48 147.83 147.96 148.25 148.71 149.27 149.8 150.31 150.95 151.21 151.52 151.89 152.22 152.61 153.16 154.06 154.61 155.1 155.29 155.63 155.69 155.61 155.7 156.09 156.24 156.29 156.33 156.39 156.42 156.78 156.9 156.82 156.76 157.1 156.76 156.53 156.7 156.56 156.91 156.69 156.58 156.59 156.65 156.66 156.85 156.81 -999 156.92 157.14 157.23 -999 -999 -999 -999 -999 -999 -999 -999 -999 -999
147.04 147.37 146.95 146.96 146.86 146.59 146.52 146.64 146.86 146.96 146.81 146.96 147.32 147.91 148.23 148.03 148.63 149.31 149.6 149.87 150.53 150.87 151.48 151.51 151.91 152.53 152.88 153.79 154.25 154.51 154.8 155.23 155.33 155.17 155.44 155.74 155.89 155.97 156.09 156.24 156.26 156.32 156.51 156.39 156.43 156.18 156.32 156.24 156.69 156.59 156.32 156.29 156.49 156.43 156.54 156.66 -999 -999 -999 -999 -999 -999 -999 -999 -999 -999 -999 -999 -999 -999 -999 -999
147.35 147.17 147.15 147.16 146.8 146.47 146.33 146.52 146.48 146.5 146.65 146.31 146.51 147.09 147.41 147.69 147.98 148.54 148.94 149.57 150.32 150.66 150.88 151.22 151.82 152.24 153.17 153.69 154.1 154.48 154.65 154.58 154.88 154.9 155.06 155.42 155.57 155.88 156.2 155.97 156.23 156.15 156.12 156.18 156.04 155.92 155.81 155.71 155.86 155.91 156.01 156.06 156.24 156.59 156.86 -999 -999 -999 -999 -999 -999 -999 -999 -999 -999 -999 -999 -999 -999 -999 -999 -999
147.04 146.74 146.45 146.36 146.35 146.12 145.88 145.77 145.83 145.92 145.93 146.15 146.49 146.97 147.44 147.83 147.82 148.07 148.65 148.93 149.78 150.22 150.66 151 151.93 152.32 152.87 153.69 153.89 154.83 154.65 154.49 154.37 154.68 154.8 155.19 155.57 155.8 155.56 155.75 155.79 155.73 155.51 155.4 155.42 155.38 155.4 155.44 155.59 155.87 155.89 155.87 156.27 156.8 156.24 -999 -999 -999 -999 -999 -999 -999 -999 -999 -999 -999 -999 -999 -999 -999 -999 -999
