DE_solarradiation/solarradiation_2018_10.asc
NCOLS 654
NROWS 866
XLLCORNER 3280500
YLLCORNER 5237500
CELLSIZE 1000
NODATA_VALUE -999
[rows 280 to 314 of 866, columns 156 to 233 of 654]
63.17 63.21 63.2 63.27 63.3 63.29 63.33 63.34 63.34 63.33 63.23 63.21 63.19 63.18 63.2 63.16 63.18 63.17 63.16 63.16 63.12 63.11 63.14 63.13 63.14 63.16 63.15 63.16 63.11 63.11 63.13 63.13 63.12 63.13 63.12 63.12 63.05 63.03 63.04 63.03 63.02 63.01 63.01 62.96 62.99 63.04 63.03 63.05 63.04 63.03 63.06 63.02 63.01 63.03 63.02 63.08 63.09 63.05 63.07 62.97 62.98 62.99 63.01 63.02 63.04 63.08 63.08 63.09 63.14 63.15 63.19 63.2 63.24 63.37 63.45 63.49 63.53 63.55
63.14 63.18 63.22 63.25 63.27 63.3 63.31 63.25 63.28 63.24 63.26 63.26 63.23 63.21 63.27 63.28 63.27 63.25 63.28 63.27 63.23 63.22 63.22 63.22 63.24 63.23 63.22 63.14 63.11 63.11 63.14 63.13 63.13 63.12 63.11 63.11 63.04 63.01 63 63.02 63.02 63.01 62.99 62.95 63.02 63.01 63 63.02 63.01 63.01 63.03 62.99 62.98 62.96 62.98 63.02 63.03 63.02 63.03 63.02 62.95 62.96 62.98 62.99 63 63.05 63.06 63.06 63.1 63.12 63.16 63.29 63.33 63.34 63.42 63.46 63.5 63.52
63.14 63.19 63.25 63.25 63.3 63.29 63.29 63.26 63.22 63.21 63.23 63.22 63.24 63.27 63.26 63.27 63.26 63.28 63.27 63.26 63.22 63.21 63.21 63.2 63.22 63.22 63.21 63.2 63.17 63.17 63.19 63.18 63.17 63.17 63.16 63.15 63.05 63.04 63.03 63.02 63.01 63 62.98 62.94 62.98 62.97 62.99 62.99 62.99 63.01 63 62.95 62.94 62.93 62.95 62.96 62.95 62.97 62.98 62.99 62.91 62.93 62.94 62.96 63 63.02 63.03 63.06 63.19 63.21 63.25 63.26 63.31 63.36 63.42 63.43 63.48 63.49
63.11 63.18 63.26 63.27 63.27 63.25 63.2 63.2 63.17 63.18 63.19 63.17 63.26 63.25 63.24 63.26 63.26 63.27 63.26 63.25 63.21 63.22 63.21 63.2 63.22 63.22 63.21 63.19 63.17 63.16 63.15 63.17 63.17 63.16 63.15 63.11 63.04 63.03 63.02 63.01 63 62.99 62.97 62.91 62.9 62.89 62.91 62.95 62.95 62.97 62.96 62.92 62.91 62.93 62.92 62.93 62.94 62.96 62.95 62.95 62.9 62.91 62.94 62.96 62.97 62.98 63.12 63.16 63.16 63.21 63.22 63.26 63.29 63.33 63.4 63.44 63.45 63.5
63.1 63.14 63.25 63.18 63.21 63.19 63.17 63.15 63.15 63.17 63.15 63.24 63.25 63.24 63.23 63.26 63.24 63.26 63.25 63.24 63.22 63.21 63.2 63.2 63.21 63.2 63.2 63.19 63.15 63.15 63.14 63.17 63.16 63.15 63.14 63.1 63.03 62.99 62.98 62.98 62.97 62.96 62.94 62.9 62.89 62.88 62.87 62.86 62.89 62.87 62.93 62.89 62.88 62.9 62.87 62.89 62.91 62.88 62.83 62.88 62.89 62.91 62.92 62.94 62.95 63.07 63.12 63.13 63.17 63.18 63.19 63.24 63.26 63.3 63.37 63.41 63.43 63.49
63.06 63.08 63.13 63.14 63.16 63.15 63.13 63.13 63.14 63.16 63.14 63.22 63.21 63.23 63.23 63.21 63.23 63.22 63.25 63.25 63.21 63.2 63.19 63.19 63.21 63.21 63.2 63.19 63.15 63.14 63.14 63.13 63.15 63.14 63.11 63.1 63.03 62.99 62.98 62.97 62.96 62.95 62.94 62.87 62.86 62.84 62.84 62.85 62.85 62.84 62.83 62.78 62.88 62.85 62.8 62.79 62.8 62.82 62.84 62.85 62.86 62.87 62.89 62.9 62.92 62.96 63.1 63.14 63.15 63.15 63.19 63.22 63.26 63.26 63.34 63.39 63.44 63.45
63.08 63.07 63.11 63.08 63.11 63.11 63.12 63.11 63.13 63.13 63.19 63.22 63.2 63.19 63.22 63.2 63.22 63.22 63.25 63.24 63.2 63.19 63.19 63.18 63.2 63.2 63.19 63.18 63.14 63.14 63.13 63.12 63.15 63.14 63.1 63.09 63.03 62.98 62.97 62.96 62.95 62.94 62.9 62.86 62.85 62.85 62.84 62.81 62.84 62.83 62.82 62.76 62.76 62.79 62.77 62.78 62.79 62.78 62.8 62.82 62.83 62.85 62.89 62.91 62.92 62.93 63.09 63.09 63.15 63.16 63.18 63.21 63.23 63.28 63.35 63.36 63.41 63.43
63.03 63.04 63.05 63.07 63.09 63.1 63.1 63.12 63.1 63.18 63.19 63.22 63.2 63.19 63.21 63.19 63.22 63.25 63.24 63.23 63.19 63.19 63.18 63.2 63.2 63.19 63.18 63.18 63.14 63.13 63.12 63.18 63.17 63.16 63.15 63.11 63.04 63.01 63 62.99 62.98 62.97 62.96 62.85 62.84 62.83 62.83 62.82 62.83 62.82 62.81 62.77 62.79 62.78 62.79 62.79 62.81 62.81 62.84 62.81 62.84 62.83 62.86 62.89 62.91 62.92 63.11 63.14 63.18 63.2 63.21 63.25 63.28 63.32 63.32 63.35 63.41 63.43
63.03 63.04 63.05 63.06 63.08 63.1 63.13 63.14 63.19 63.2 63.21 63.23 63.22 63.21 63.23 63.21 63.25 63.27 63.26 63.25 63.25 63.24 63.23 63.27 63.27 63.27 63.26 63.24 63.19 63.15 63.19 63.17 63.17 63.16 63.15 63.11 63.04 63.03 62.99 62.98 62.97 62.97 62.96 62.85 62.85 62.84 62.83 62.81 62.79 62.79 62.78 62.76 62.75 62.76 62.76 62.78 62.8 62.79 62.8 62.81 62.84 62.84 62.84 62.86 62.9 62.92 63.1 63.14 63.17 63.21 63.22 63.29 63.28 63.29 63.34 63.38 63.39 63.4
63.03 63.04 63.05 63.06 63.08 63.1 63.12 63.11 63.18 63.19 63.2 63.22 63.21 63.2 63.22 63.22 63.24 63.26 63.25 63.26 63.28 63.26 63.27 63.3 63.35 63.32 63.38 63.37 63.2 63.19 63.17 63.17 63.16 63.15 63.14 63.11 63.03 62.99 62.98 62.98 62.97 62.96 62.92 62.84 62.84 62.8 62.82 62.81 62.8 62.78 62.77 62.76 62.75 62.73 62.76 62.78 62.76 62.78 62.8 62.77 62.79 62.8 62.85 62.86 62.87 62.93 63.12 63.16 63.17 63.22 63.27 63.27 63.26 63.3 63.36 63.4 63.4 63.47
62.99 63.01 63.01 63.03 63.06 63.07 63.09 63.15 63.17 63.18 63.17 63.18 63.2 63.19 63.18 63.21 63.24 63.23 63.25 63.26 63.26 63.35 63.38 63.42 63.36 63.43 63.39 63.26 63.2 63.15 63.13 63.13 63.15 63.15 63.11 63.11 63.03 63 62.99 62.98 62.97 62.95 62.92 62.85 62.81 62.8 62.78 62.77 62.76 62.78 62.78 62.72 62.72 62.73 62.71 62.74 62.76 62.77 62.75 62.78 62.8 62.8 62.82 62.81 62.86 62.9 62.99 63.15 63.19 63.24 63.24 63.27 63.28 63.31 63.36 63.38 63.47 63.54
62.98 63 63.01 63.03 63.04 63.07 63.13 63.11 63.13 63.14 63.16 63.18 63.17 63.15 63.18 63.21 63.2 63.23 63.24 63.3 63.28 63.28 63.33 63.45 63.47 63.39 63.3 63.24 63.16 63.15 63.13 63.12 63.12 63.11 63.11 63.1 63.02 62.99 62.99 62.97 62.96 62.92 62.91 62.89 62.81 62.78 62.78 62.76 62.75 62.74 62.72 62.71 62.72 62.69 62.71 62.74 62.72 62.73 62.76 62.74 62.81 62.81 62.86 62.86 62.88 62.93 63.02 63.07 63.08 63.21 63.24 63.26 63.31 63.32 63.36 63.39 63.42 63.59
62.96 62.97 62.97 62.98 63.01 63.04 63.09 63.11 63.12 63.14 63.11 63.13 63.16 63.16 63.18 63.17 63.19 63.19 63.22 63.23 63.26 63.22 63.29 63.3 63.28 63.28 63.25 63.23 63.15 63.14 63.13 63.13 63.11 63.11 63.1 63.09 63 62.98 62.97 62.96 62.93 62.92 62.91 62.9 62.79 62.79 62.76 62.75 62.74 62.74 62.72 62.71 62.7 62.68 62.76 62.77 62.78 62.78 62.77 62.79 62.81 62.81 62.81 62.83 62.88 62.89 63 62.99 63.08 63.11 63.09 63.25 63.27 63.28 63.32 63.37 63.42 63.46
62.95 62.97 62.98 62.99 63 63.06 63.05 63.05 63.07 63.09 63.1 63.13 63.12 63.12 63.14 63.16 63.15 63.18 63.21 63.21 63.2 63.21 63.19 63.22 63.23 63.2 63.23 63.21 63.14 63.13 63.12 63.12 63.1 63.11 63.09 63.06 62.99 62.98 62.97 62.92 62.91 62.9 62.9 62.89 62.79 62.78 62.78 62.75 62.76 62.73 62.72 62.69 62.67 62.75 62.74 62.77 62.73 62.76 62.77 62.76 62.77 62.82 62.82 62.83 62.85 62.9 62.96 63.03 63.07 63.06 63.12 63.12 63.16 63.16 63.33 63.35 63.38 63.45
62.94 62.97 62.95 62.96 63.01 63.02 63.04 63.06 63.07 63.05 63.06 63.1 63.12 63.11 63.12 63.12 63.15 63.17 63.17 63.19 63.19 63.19 63.18 63.18 63.19 63.19 63.18 63.17 63.14 63.13 63.12 63.12 63.11 63.1 63.09 63.09 62.98 62.98 62.96 62.95 62.91 62.9 62.89 62.89 62.79 62.78 62.77 62.74 62.75 62.73 62.73 62.69 62.72 62.75 62.74 62.75 62.74 62.76 62.77 62.76 62.78 62.8 62.78 62.83 62.84 62.86 63 63.04 63.05 63.04 63.09 63.12 63.14 63.17 63.21 63.26 63.28 63.42
62.95 62.98 63.01 63.09 63.06 63.03 63 63.02 63.03 63.05 63.06 63.09 63.11 63.1 63.12 63.15 63.14 63.17 63.19 63.18 63.18 63.18 63.17 63.19 63.19 63.18 63.21 63.2 63.17 63.16 63.15 63.14 63.13 63.16 63.11 63.11 63.04 63 63 62.99 62.99 62.96 62.93 62.92 62.85 62.84 62.82 62.82 62.81 62.8 62.78 62.76 62.76 62.75 62.73 62.74 62.77 62.76 62.78 62.79 62.81 62.83 62.81 62.84 62.87 62.9 62.94 62.99 63.05 63.06 63.06 63.1 63.11 63.15 63.21 63.25 63.3 63.33
63.02 63.04 63.14 63.17 63.19 63.16 63.01 63.01 63.01 63.04 63.03 63.06 63.07 63.09 63.08 63.11 63.13 63.16 63.15 63.18 63.17 63.15 63.17 63.17 63.18 63.18 63.18 63.2 63.17 63.17 63.16 63.15 63.17 63.16 63.16 63.12 63.07 63 63 62.99 62.97 62.97 62.96 62.92 62.88 62.83 62.83 62.82 62.81 62.85 62.84 62.77 62.76 62.76 62.73 62.75 62.75 62.76 62.78 62.81 62.81 62.81 62.82 62.84 62.86 62.87 62.93 62.99 63.02 63.03 63.09 63.08 63.1 63.15 63.18 63.19 63.24 63.25
63.05 63.16 63.16 63.15 63.16 63.07 63.04 62.97 62.98 63.01 63.02 63.05 63.03 63.05 63.08 63.1 63.11 63.13 63.15 63.15 63.17 63.14 63.15 63.18 63.15 63.18 63.19 63.17 63.17 63.17 63.16 63.14 63.15 63.14 63.12 63.13 63.06 63 63 62.98 62.98 62.97 62.96 62.92 62.88 62.84 62.83 62.82 62.87 62.86 62.85 62.77 62.73 62.71 62.73 62.72 62.74 62.73 62.75 62.76 62.78 62.78 62.79 62.81 62.87 62.88 62.91 62.96 62.97 63.01 63.05 63.08 63.12 63.12 63.16 63.2 63.21 63.25
63.12 63.12 63.06 63.06 63.04 62.98 62.96 62.98 62.94 62.98 62.99 63.01 63.03 63.02 63.04 63.07 63.1 63.1 63.12 63.15 63.13 63.11 63.13 63.13 63.15 63.15 63.18 63.17 63.14 63.12 63.16 63.14 63.13 63.14 63.12 63.12 63.01 63 62.99 62.97 62.98 62.97 62.96 62.93 62.89 62.84 62.82 62.87 62.87 62.88 62.86 62.74 62.73 62.71 62.7 62.72 62.71 62.73 62.74 62.76 62.74 62.79 62.79 62.82 62.84 62.85 62.87 62.93 62.93 62.99 63.01 63.04 63.09 63.08 63.12 63.17 63.18 63.22
63.06 63.12 63.06 63.02 63.01 62.97 63 62.97 62.95 62.95 62.96 62.97 62.99 63.01 63 63.03 63.06 63.1 63.08 63.11 63.11 63.1 63.1 63.12 63.12 63.14 63.15 63.13 63.14 63.12 63.11 63.15 63.14 63.12 63.12 63.11 63.02 63 62.99 62.97 62.99 62.97 62.93 62.92 62.87 62.83 62.88 62.88 62.87 62.87 62.82 62.76 62.73 62.72 62.71 62.69 62.71 62.72 62.73 62.75 62.74 62.76 62.76 62.79 62.81 62.82 62.88 62.88 62.95 62.98 62.98 63 63.06 63.06 63.11 63.14 63.15 63.2
63 62.98 63.05 63.06 63.04 63.05 63.09 63.02 62.97 62.94 62.95 62.96 62.96 62.98 63.01 62.99 63.03 63.06 63.07 63.08 63.1 63.07 63.09 63.09 63.11 63.11 63.13 63.13 63.12 63.13 63.11 63.1 63.1 63.12 63.13 63.11 63.02 63.02 62.99 62.99 62.97 62.97 62.92 62.91 62.88 62.89 62.88 62.88 62.88 62.86 62.83 62.73 62.73 62.69 62.7 62.71 62.68 62.72 62.7 62.72 62.72 62.72 62.73 62.76 62.78 62.79 62.85 62.85 62.92 62.93 62.96 63.01 63.02 63.04 63.08 63.12 63.12 63.17
62.95 62.95 62.99 62.97 63.01 63.01 63.03 63.05 63.01 63 63.08 63.06 62.97 62.95 62.97 62.99 62.99 63.01 63.04 63.07 63.07 63.07 63.06 63.09 63.08 63.11 63.1 63.13 63.09 63.08 63.11 63.1 63.09 63.09 63.12 63.09 63.01 63.01 63.01 63 62.98 62.97 62.92 62.91 62.94 62.89 62.89 62.87 62.88 62.87 62.83 62.76 62.69 62.68 62.71 62.71 62.7 62.72 62.7 62.7 62.69 62.69 62.71 62.73 62.75 62.8 62.82 62.83 62.88 62.9 62.93 62.93 62.98 63.01 63.06 63.09 63.11 63.15
62.95 62.95 62.96 62.99 62.97 62.93 62.95 62.97 62.97 63.01 63.04 62.98 62.94 62.94 62.94 62.96 62.99 63.01 63 63.04 63.07 63.03 63.06 63.05 63.08 63.11 63.1 63.09 63.09 63.08 63.12 63.11 63.09 63.08 63.11 63.07 63.01 63 63 63.01 62.99 62.99 62.97 62.96 62.94 62.93 62.91 62.9 62.89 62.9 62.85 62.78 62.72 62.71 62.71 62.73 62.73 62.71 62.7 62.69 62.68 62.66 62.67 62.7 62.73 62.75 62.8 62.81 62.85 62.87 62.88 62.9 62.94 62.98 63.02 63.04 63.08 63.09
62.99 63.01 63.01 62.99 63.03 62.97 62.95 62.99 62.98 62.96 62.99 63.02 62.96 62.95 63.12 63.02 62.99 62.99 63.01 63.04 63.04 63.06 63.07 63.08 63.11 63.11 63.14 63.12 63.12 63.11 63.11 63.14 63.12 63.13 63.12 63.1 63.06 63.06 63.05 63.05 63.04 63.03 63.08 63.04 62.96 62.97 62.96 62.9 62.9 62.9 62.86 62.79 62.73 62.71 62.71 62.71 62.72 62.71 62.7 62.62 62.65 62.67 62.65 62.67 62.72 62.72 62.73 62.78 62.79 62.85 62.87 62.89 62.88 62.96 62.97 63.02 63.02 63.08
63.01 63.02 62.96 62.98 62.93 62.92 62.95 62.94 63.01 63 63.01 62.96 63.03 62.97 63.06 63.11 63.02 63.02 63.02 63.01 63.04 63.06 63.06 63.09 63.12 63.11 63.14 63.13 63.13 63.12 63.11 63.14 63.12 63.12 63.15 63.12 63.07 63.06 63.05 63.04 63.04 63.08 63.07 63.06 62.96 62.95 62.95 62.9 62.9 62.9 62.86 62.79 62.75 62.73 62.72 62.71 62.7 62.69 62.68 62.62 62.62 62.65 62.66 62.64 62.68 62.69 62.71 62.75 62.76 62.79 62.84 62.86 62.86 62.9 62.95 62.97 62.99 63.03
62.96 62.93 62.98 62.95 62.93 62.91 62.83 62.94 63.02 62.97 63.04 63.07 63.02 63.02 63.05 63.08 63.06 63.16 63.13 63.05 63.04 63.04 63.07 63.1 63.09 63.11 63.15 63.13 63.13 63.12 63.11 63.14 63.13 63.12 63.12 63.11 63.07 63.07 63.06 63.05 63.11 63.09 63.07 63.06 62.96 62.95 62.91 62.9 62.9 62.88 62.85 62.76 62.74 62.71 62.69 62.68 62.7 62.68 62.68 62.59 62.59 62.61 62.64 62.62 62.65 62.67 62.67 62.73 62.74 62.75 62.79 62.8 62.84 62.88 62.9 62.93 62.98 63.03
62.92 62.95 62.95 62.91 62.92 62.89 62.89 62.89 62.91 62.93 62.96 62.98 63.03 62.98 63.03 63.03 63.1 63.14 63.23 63.23 63.07 63.04 63.08 63.07 63.13 63.16 63.15 63.16 63.12 63.13 63.11 63.11 63.13 63.13 63.13 63.12 63.08 63.07 63.14 63.15 63.29 63.15 63.1 63.08 62.98 62.96 62.92 62.9 62.89 62.85 62.84 62.74 62.7 62.7 62.69 62.67 62.66 62.66 62.63 62.57 62.56 62.59 62.61 62.59 62.62 62.63 62.66 62.7 62.71 62.72 62.76 62.78 62.8 62.83 62.88 62.91 62.96 62.99
62.92 62.97 62.98 62.99 62.86 62.91 62.95 62.89 62.92 62.88 62.94 62.94 62.98 62.99 63.02 63.07 63.06 63.1 63.1 63.21 63.29 63.1 63.07 63.16 63.22 63.37 63.24 63.27 63.22 63.21 63.13 63.12 63.14 63.14 63.15 63.16 63.16 63.19 63.47 63.46 63.51 63.5 63.35 63.13 63.02 62.99 62.92 62.91 62.9 62.85 62.84 62.75 62.69 62.68 62.68 62.62 62.64 62.62 62.6 62.54 62.53 62.56 62.57 62.56 62.58 62.6 62.62 62.63 62.67 62.69 62.7 62.76 62.78 62.82 62.85 62.92 62.93 63.02
62.94 62.99 62.9 62.91 62.88 62.91 62.94 62.91 62.94 62.94 62.92 62.97 62.97 62.96 63.07 63.05 63.05 63.1 63.13 63.17 63.24 63.14 63.13 63.13 63.24 63.41 63.37 63.35 63.3 63.34 63.21 63.16 63.16 63.17 63.19 63.22 63.26 63.51 63.41 63.36 63.27 63.26 63.25 63.34 63.23 63.08 62.96 62.92 62.92 62.87 62.81 62.75 62.69 62.65 62.64 62.64 62.65 62.62 62.58 62.54 62.54 62.53 62.55 62.53 62.56 62.57 62.58 62.63 62.64 62.66 62.67 62.71 62.75 62.76 62.89 62.96 63.03 63.04
62.92 62.92 62.9 62.9 62.92 62.97 62.95 62.94 62.91 62.92 62.98 62.95 63.04 63.01 63.06 63.14 63.21 63.12 63.15 63.19 63.22 63.19 63.22 63.2 63.19 63.29 63.36 63.27 63.24 63.22 63.24 63.17 63.2 63.33 63.24 63.44 63.58 63.61 63.36 63.28 63.26 63.25 63.22 63.23 63.15 63.26 63.14 62.97 62.94 62.89 62.84 62.74 62.7 62.65 62.64 62.64 62.65 62.57 62.56 62.52 62.51 62.51 62.52 62.5 62.53 62.51 62.53 62.58 62.59 62.62 62.63 62.67 62.73 62.83 62.99 63.06 63.1 63.11
62.93 62.93 62.91 62.9 62.88 62.9 62.88 62.86 62.88 62.9 62.93 62.99 63.03 63.1 63.04 63.11 63.22 63.24 63.23 63.22 63.22 63.21 63.18 63.21 63.17 63.34 63.39 63.45 63.4 63.28 63.26 63.32 63.4 63.52 63.59 63.7 63.48 63.36 63.37 63.32 63.3 63.31 63.28 63.28 63.17 63.2 63.22 63.39 63.11 62.99 62.94 62.82 62.76 62.7 62.68 62.68 62.63 62.61 62.57 62.49 62.48 62.48 62.5 62.48 62.5 62.51 62.5 62.51 62.51 62.53 62.54 62.59 62.68 62.86 62.91 63.08 63.1 63.21
62.97 62.98 62.93 62.94 62.92 62.93 62.91 62.91 62.92 62.94 62.97 63 63.04 63.08 63.15 63.18 63.2 63.27 63.38 63.32 63.27 63.22 63.24 63.24 63.24 63.37 63.47 63.57 63.46 63.35 63.31 63.41 63.61 63.59 63.54 63.49 63.4 63.37 63.34 63.37 63.29 63.28 63.25 63.23 63.17 63.19 63.13 63.1 63.15 63.27 63.01 62.98 62.84 62.76 62.71 62.81 62.63 62.58 62.56 62.51 62.46 62.45 62.47 62.49 62.45 62.49 62.46 62.47 62.5 62.48 62.49 62.57 62.71 62.84 62.97 63.1 63.21 63.25
63.05 62.99 62.97 63.04 63.01 62.97 62.95 63.04 62.95 62.96 62.98 63 63.03 63.05 63.09 63.22 63.32 63.41 63.41 63.36 63.35 63.33 63.27 63.3 63.27 63.36 63.38 63.42 63.44 63.39 63.38 63.35 63.51 63.52 63.44 63.45 63.39 63.33 63.33 63.33 63.27 63.24 63.22 63.2 63.14 63.13 63.09 63.06 63.09 63.07 63.07 63.03 63.05 63.07 62.92 62.71 62.69 62.58 62.54 62.48 62.47 62.44 62.48 62.47 62.47 62.46 62.44 62.55 62.53 62.51 62.48 62.58 62.65 62.9 63.04 62.97 62.98 62.97
63.12 63.08 62.99 62.99 63 62.98 62.95 63.02 63 62.98 62.99 63.02 63.03 63.06 63.09 63.14 63.21 63.26 63.27 63.32 63.39 63.35 63.32 63.3 63.3 63.37 63.37 63.41 63.43 63.39 63.34 63.43 63.46 63.47 63.44 63.41 63.39 63.32 63.31 63.3 63.26 63.25 63.21 63.2 63.13 63.09 63.05 63.08 63.07 62.97 62.95 62.92 62.78 62.68 62.65 62.62 62.85 62.63 62.8 62.69 62.66 62.61 62.58 62.5 62.49 62.47 62.43 62.43 62.55 62.57 62.44 62.57 62.79 62.76 62.74 62.74 62.74 62.73
63.16 63.1 63.08 63.13 63.15 63.12 63.02 63.01 62.99 63.01 63.05 63.03 63.05 63.07 63.11 63.12 63.15 63.2 63.37 63.41 63.48 63.4 63.37 63.31 63.31 63.37 63.38 63.37 63.4 63.31 63.38 63.42 63.47 63.44 63.46 63.42 63.36 63.35 63.35 63.29 63.26 63.23 63.22 63.21 63.17 63.13 63.04 63.02 62.98 62.95 62.92 62.92 62.72 62.67 62.62 62.62 62.57 62.57 62.64 62.64 62.59 62.58 62.61 62.6 62.63 62.53 62.44 62.38 62.41 62.43 62.42 62.52 62.61 62.58 62.56 62.59 62.6 62.61
