DE_solarradiation/solarradiation_2018_08.asc
NCOLS 654
NROWS 866
XLLCORNER 3280500
YLLCORNER 5237500
CELLSIZE 1000
NODATA_VALUE -999
[rows 480 to 511 of 866, columns 216 to 287 of 654]
157.54 157.66 157.78 157.79 157.89 157.95 158.02 158.06 158.17 158.19 158.28 158.29 158.37 158.4 158.48 158.51 158.54 158.73 158.79 158.83 158.84 158.74 158.76 158.73 158.65 158.33 158.19 158.1 157.96 157.78 157.62 157.37 156.9 156.71 156.53 156.35 156.24 156.09 155.87 155.59 155.15 155.02 154.93 154.84 154.81 154.68 154.55 154.44 154.22 154.18 154.23 154.11 154.14 154.11 154.02 154.01 154.01 153.99 154.03 154.05 154 153.87 154.01 154.06 154.07 153.92 154.05 154.08 154.08 153.96 153.93 153.92
157.56 157.72 157.96 157.97 158.03 158.03 158.05 158.15 158.2 158.26 158.33 158.32 158.36 158.39 158.49 158.53 158.59 158.75 158.8 158.84 158.86 158.73 158.75 158.75 158.65 158.32 158.1 158.05 158.01 157.8 157.62 157.41 156.94 156.69 156.58 156.42 156.25 156.13 155.84 155.63 155.24 155.11 154.98 154.93 154.89 154.66 154.64 154.58 154.35 154.19 154.29 154.15 154.21 154.09 154.08 154.08 154.08 154.02 153.96 154.01 154.01 153.96 154 154.07 154.05 154 154.05 154.06 154.02 153.94 153.91 153.79
157.56 157.77 157.99 158.12 158.12 158.11 158.12 158.2 158.2 158.29 158.33 158.37 158.37 158.4 158.48 158.49 158.61 158.76 158.82 158.8 158.84 158.76 158.68 158.72 158.53 158.26 158.14 158.08 157.97 157.88 157.7 157.51 156.99 156.79 156.62 156.46 156.33 156.14 155.95 155.77 155.33 155.18 155.12 154.99 154.98 154.81 154.68 154.58 154.39 154.22 154.27 154.18 154.32 154.27 154.12 154.11 154.08 154.06 154.04 153.99 153.99 154.03 153.94 153.98 154.04 154.02 154 153.98 153.92 153.92 153.86 153.84
157.7 157.86 158 158.08 158.19 158.26 158.21 158.21 158.27 158.28 158.29 158.34 158.38 158.41 158.45 158.52 158.62 158.71 158.75 158.78 158.82 158.72 158.63 158.62 158.63 158.35 158.16 158.08 157.9 157.86 157.7 157.56 157.05 156.85 156.71 156.55 156.31 156.19 155.98 155.84 155.43 155.29 155.18 155.11 155.06 154.96 154.78 154.65 154.49 154.37 154.26 154.26 154.32 154.19 154.27 154.13 154.1 154.09 154.11 154.07 154.07 154.02 153.91 153.91 153.86 153.9 153.89 153.8 153.73 153.78 153.7 153.63
157.79 157.91 157.97 158.06 158.09 158.22 158.26 158.27 158.23 158.28 158.29 158.34 158.26 158.32 158.32 158.38 158.48 158.56 158.61 158.64 158.63 158.52 158.5 158.52 158.52 158.3 158.21 158.05 157.9 157.75 157.73 157.57 157.16 156.93 156.77 156.66 156.42 156.28 156.09 155.97 155.59 155.51 155.43 155.33 155.19 155.15 155 154.84 154.65 154.55 154.49 154.4 154.41 154.31 154.35 154.2 154.15 154.15 154.12 154.08 154.08 154.02 154.01 153.88 153.77 153.77 153.78 153.73 153.76 153.74 153.61 153.52
157.85 157.96 157.98 158.11 158.11 158.12 158.23 158.26 158.29 158.3 158.22 158.24 158.29 158.26 158.28 158.34 158.39 158.5 158.59 158.59 158.57 158.44 158.46 158.4 158.41 158.34 158.25 158.13 157.95 157.82 157.69 157.63 157.46 157.03 156.88 156.7 156.47 156.34 156.18 156 155.77 155.64 155.48 155.33 155.26 155.24 155.07 154.94 154.7 154.57 154.49 154.44 154.39 154.38 154.37 154.34 154.27 154.18 154.14 154.1 154.11 154.04 153.97 153.88 153.65 153.65 153.66 153.69 153.68 153.65 153.54 153.43
157.88 158 158.01 158.11 158.15 158.17 158.27 158.23 158.27 158.23 158.21 158.2 158.22 158.32 158.24 158.28 158.37 158.47 158.49 158.53 158.53 158.43 158.38 158.41 158.39 158.32 158.23 158.1 158 157.88 157.77 157.65 157.49 157.09 156.91 156.75 156.59 156.4 156.34 156.19 155.85 155.68 155.54 155.45 155.39 155.35 155.08 154.97 154.77 154.63 154.5 154.44 154.41 154.43 154.38 154.34 154.28 154.21 154.13 154.12 154.1 153.99 153.78 153.82 153.67 153.62 153.61 153.62 153.58 153.5 153.25 153.35
157.9 157.97 158.04 158.08 158.14 158.18 158.25 158.13 158.19 158.19 158.12 158.1 158.17 158.24 158.21 158.2 158.26 158.35 158.37 158.47 158.5 158.37 158.37 158.43 158.38 158.26 158.17 158.1 158.02 157.94 157.84 157.69 157.56 157.12 156.94 156.8 156.67 156.54 156.43 156.3 155.94 155.79 155.67 155.61 155.44 155.43 155.25 155.12 154.78 154.67 154.57 154.47 154.45 154.38 154.37 154.31 154.26 154.25 154.19 154.08 154.01 153.89 153.73 153.68 153.59 153.46 153.47 153.48 153.53 153.42 153.23 153.24
157.97 158.01 158.05 158.09 158.11 158.22 158.14 158.09 158.13 158.12 158.11 158.1 158.09 158.17 158.15 158.15 158.22 158.27 158.29 158.34 158.45 158.33 158.35 158.38 158.3 158.18 158.16 158.09 158.04 157.97 157.93 157.79 157.58 157.14 156.98 156.81 156.7 156.54 156.42 156.33 156.01 155.89 155.77 155.71 155.5 155.39 155.4 155.12 154.85 154.77 154.66 154.6 154.47 154.41 154.38 154.34 154.25 154.23 154.13 154.02 154.03 153.9 153.67 153.61 153.49 153.37 153.42 153.43 153.43 153.32 153.18 153.13
157.97 158.01 158.06 158.08 158.14 158.15 158.1 158.11 158.07 158.07 158.07 158 158 158.09 158.1 158.05 158.16 158.22 158.23 158.34 158.35 158.23 158.31 158.28 158.27 158.17 158.18 158.07 158.04 157.99 157.95 157.85 157.64 157.21 157.09 156.93 156.63 156.67 156.54 156.4 156.13 156.01 155.84 155.71 155.62 155.56 155.46 155.24 154.97 154.84 154.75 154.7 154.6 154.54 154.47 154.36 154.29 154.23 154.16 154.08 153.99 153.78 153.6 153.56 153.44 153.42 153.36 153.32 153.29 153.17 153.04 152.93
157.98 158.02 158.02 158.04 158.09 158.1 158.07 158.08 157.99 158 157.96 157.91 157.92 158.03 158.06 158.07 158.04 158.13 158.14 158.22 158.2 158.22 158.25 158.2 158.19 158.14 158.11 158.1 158.01 157.97 157.95 157.86 157.68 157.24 157.17 156.97 156.82 156.76 156.63 156.56 156.25 156.06 155.82 155.76 155.67 155.64 155.51 155.22 154.98 154.83 154.82 154.65 154.6 154.57 154.5 154.36 154.27 154.15 154.08 154 153.93 153.76 153.57 153.47 153.42 153.32 153.09 153.1 153.05 153.02 152.83 152.59
157.97 158.02 158 157.99 158.02 158.04 158.01 157.94 157.93 157.85 157.88 157.82 157.76 157.83 157.85 157.9 157.94 157.93 157.98 158.06 158.12 158.08 158.12 158.16 158.11 157.96 157.94 157.99 157.99 157.95 157.85 157.87 157.74 157.46 157.34 157.1 157.08 156.92 156.78 156.79 156.35 156 155.93 155.99 155.95 155.82 155.63 155.37 155.03 154.94 154.84 154.75 154.6 154.58 154.46 154.25 154.17 154.04 153.93 153.81 153.78 153.64 153.49 153.2 153.14 152.9 152.84 152.6 152.54 152.58 152.29 152.08
157.98 158 157.92 157.89 157.87 157.84 157.84 157.75 157.73 157.67 157.54 157.56 157.47 157.49 157.57 157.52 157.59 157.76 157.73 157.77 157.87 157.75 157.85 157.86 157.84 157.9 157.95 157.92 157.91 157.86 157.86 157.8 157.7 157.42 157.42 157.29 157.2 157.02 156.91 156.88 156.39 156.18 156.13 156.12 156.02 155.91 155.69 155.45 155.13 154.97 154.86 154.73 154.66 154.62 154.49 154.24 154.05 153.93 153.9 153.64 153.65 153.58 153.45 153.14 152.95 152.75 152.69 152.57 152.48 152.26 151.99 151.77
157.99 157.94 157.87 157.85 157.82 157.79 157.76 157.68 157.65 157.59 157.43 157.38 157.32 157.33 157.38 157.4 157.45 157.44 157.6 157.6 157.68 157.66 157.69 157.73 157.74 157.77 157.9 157.87 157.85 157.86 157.86 157.79 157.68 157.4 157.4 157.34 157.23 157.07 156.95 156.9 156.38 156.22 156.2 156.1 156.03 156.01 155.87 155.62 155.25 155.03 154.88 154.76 154.75 154.66 154.54 154.23 153.99 153.8 153.81 153.67 153.56 153.45 153.33 153.01 152.88 152.81 152.61 152.58 152.44 152.24 151.86 151.68
157.98 157.95 157.81 157.81 157.79 157.75 157.7 157.62 157.56 157.51 157.4 157.36 157.31 157.26 157.25 157.28 157.31 157.31 157.53 157.5 157.52 157.51 157.56 157.61 157.66 157.71 157.8 157.83 157.77 157.79 157.77 157.69 157.62 157.41 157.39 157.31 157.26 157.17 157.1 156.91 156.56 156.32 156.15 156.04 156.05 156.03 155.89 155.74 155.27 155.15 155.04 154.83 154.7 154.67 154.58 154.24 154.01 153.82 153.67 153.61 153.53 153.34 153.26 152.82 152.69 152.64 152.45 152.4 152.25 152.15 151.79 151.61
157.98 157.94 157.84 157.78 157.72 157.68 157.64 157.59 157.54 157.45 157.24 157.23 157.16 157.22 157.15 157.12 157.14 157.18 157.35 157.43 157.36 157.39 157.44 157.5 157.6 157.65 157.66 157.72 157.78 157.77 157.72 157.69 157.55 157.37 157.36 157.26 157.24 157.22 157.11 156.96 156.62 156.44 156.27 156.15 156.04 155.96 155.86 155.81 155.48 155.18 155.01 154.85 154.76 154.68 154.57 154.22 154.05 153.87 153.69 153.6 153.52 153.37 153.12 152.85 152.59 152.47 152.29 152.21 152.02 152.01 151.86 151.45
158.01 157.98 157.81 157.68 157.68 157.64 157.57 157.48 157.45 157.38 157.24 157.1 157.04 157 157.1 156.96 156.96 157.01 157.09 157.28 157.31 157.27 157.33 157.47 157.52 157.55 157.64 157.63 157.68 157.67 157.69 157.6 157.55 157.39 157.32 157.35 157.24 157.14 157.16 156.99 156.63 156.55 156.42 156.24 156.19 156.12 156 155.72 155.5 155.29 155.13 154.91 154.78 154.69 154.53 154.21 154.03 153.8 153.74 153.6 153.48 153.3 153.04 152.73 152.5 152.36 152.12 151.98 151.86 151.85 151.71 151.35
158.06 157.94 157.8 157.66 157.59 157.6 157.53 157.4 157.36 157.28 157.07 157.06 156.98 156.9 156.91 156.93 156.86 156.81 156.99 157.07 157.18 157.19 157.29 157.35 157.43 157.51 157.56 157.61 157.65 157.64 157.64 157.53 157.46 157.4 157.35 157.21 157.24 157.15 157.17 157.01 156.68 156.59 156.46 156.34 156.19 156.14 155.99 155.79 155.4 155.35 155.15 154.95 154.77 154.7 154.52 154.21 154.02 153.81 153.69 153.54 153.38 153.2 152.94 152.53 152.37 152.24 152.03 151.7 151.68 151.53 151.55 151.07
158.09 157.98 157.78 157.67 157.54 157.49 157.42 157.37 157.28 157.18 157.03 156.82 156.88 156.86 156.77 156.77 156.74 156.74 156.83 156.89 156.99 157.02 157.09 157.17 157.27 157.36 157.41 157.5 157.54 157.54 157.55 157.51 157.4 157.25 157.25 157.12 157.14 157.19 157.05 156.94 156.7 156.59 156.51 156.41 156.27 156.12 155.91 155.84 155.48 155.31 155.09 155.02 154.89 154.72 154.53 154.14 153.95 153.78 153.59 153.47 153.32 153.02 152.75 152.17 151.98 151.83 151.66 151.5 151.24 151.18 151.1 150.84
158.1 157.99 157.64 157.44 157.34 157.23 157.2 157.09 156.97 156.87 156.57 156.55 156.54 156.52 156.47 156.4 156.42 156.36 156.37 156.43 156.51 156.56 156.63 156.75 156.82 157.06 157.15 157.21 157.25 157.32 157.22 157.23 157.3 157.23 157.18 157.17 157.13 157.18 157 156.81 156.71 156.61 156.47 156.41 156.32 156.2 156.04 155.85 155.53 155.37 155.13 155.06 154.88 154.65 154.43 154.02 153.78 153.61 153.43 153.23 152.56 152.41 152.17 151.62 151.88 151.64 151.44 151.21 151.04 151.02 150.99 150.65
158.09 157.94 157.58 157.42 157.25 157.18 157.14 157.02 156.93 156.8 156.51 156.34 156.25 156.24 156.17 156.25 156.15 156.18 156.19 156.18 156.29 156.36 156.48 156.47 156.63 156.92 157.01 157.1 157.16 157.14 157.15 157.16 157.15 157.23 157.24 157.23 157.2 157.09 156.92 156.87 156.71 156.55 156.43 156.38 156.31 156.19 156.02 155.86 155.52 155.36 155.19 155 154.85 154.67 154.41 153.96 153.72 153.52 152.9 152.68 152.5 152.31 152.04 151.4 151.25 151.07 150.79 150.66 150.6 150.99 150.86 150.52
158.1 157.97 157.83 157.36 157.33 157.15 157.04 156.95 156.84 156.68 156.39 156.24 156.18 156.08 156.01 156.07 156.08 156.05 156.05 156 156.08 156.21 156.24 156.36 156.5 156.75 156.88 156.93 157.01 156.99 157.03 157.09 157.12 157.15 157.16 157.03 157.03 156.95 156.98 156.89 156.72 156.43 156.36 156.24 156.25 156.15 156.01 155.84 155.47 155.3 155.18 155.01 154.87 154.65 154.41 153.92 153.22 153.03 152.83 152.66 152.47 152.27 151.99 151.42 151.08 150.99 150.73 150.46 150.47 150.38 150.21 149.97
158.13 158 157.85 157.49 157.31 157.18 157.04 156.91 156.77 156.6 156.39 156.24 156.03 156 155.96 155.87 155.87 155.86 155.83 155.83 155.92 156.02 156.12 156.29 156.4 156.68 156.8 156.85 156.88 156.93 156.95 156.97 157 157.03 157.01 156.94 157.08 157.05 157.01 156.91 156.64 156.44 156.32 156.2 156.14 156.11 155.97 155.86 155.45 155.26 155.16 155.03 154.86 154.67 153.96 153.46 153.22 153.02 152.81 152.59 152.41 152.2 151.92 151.37 151.07 150.73 150.67 150.36 150.25 150.24 150.14 149.81
158.13 157.99 157.82 157.43 157.27 157.17 157.02 156.82 156.7 156.49 156.25 156.13 155.97 155.92 155.9 155.84 155.76 155.76 155.74 155.7 155.79 155.9 155.97 156.14 156.22 156.51 156.63 156.72 156.82 156.85 156.9 156.92 156.92 156.93 156.99 156.95 157 156.93 156.9 156.8 156.58 156.4 156.23 156.21 156.16 156.08 155.99 155.82 155.44 155.27 155.13 155 154.43 154.22 153.96 153.67 153.18 152.95 152.74 152.54 152.33 152.16 151.8 151.25 150.95 150.63 150.48 150.4 150.27 150.23 150.04 149.85
158.17 158.01 157.82 157.4 157.21 157.09 156.96 156.83 156.71 156.49 156.18 156.03 155.89 155.84 155.85 155.79 155.75 155.7 155.62 155.59 155.65 155.74 155.85 155.96 156.13 156.41 156.49 156.65 156.68 156.69 156.75 156.8 156.82 156.78 156.8 156.91 156.79 156.85 156.83 156.66 156.53 156.37 156.23 156.17 156.09 155.94 155.88 155.78 155.41 155.22 154.68 154.56 154.38 154.19 153.94 153.7 153.16 152.92 152.7 152.51 152.24 152.01 151.8 151.24 150.85 150.59 150.41 150.24 150.09 150.11 150.02 149.73
158.21 158.03 157.84 157.47 157.22 157.14 157.02 156.81 156.59 156.45 156.11 155.96 155.92 155.89 155.8 155.77 155.64 155.56 155.48 155.46 155.82 155.98 156.06 156.2 156.34 156.65 156.82 156.88 156.96 157.01 157.1 157.08 157.08 157.17 156.71 156.67 156.63 156.69 156.72 156.6 156.43 156.15 156.16 156.04 156.02 156.03 155.86 155.73 154.95 154.79 154.61 154.51 154.35 154.16 153.93 153.65 153.1 152.78 152.61 152.42 152.16 151.97 151.63 151.08 150.81 150.58 150.35 150.17 149.97 149.96 149.84 149.52
158.18 157.99 157.8 157.41 157.21 157.1 156.9 156.78 156.55 156.38 156.08 156.01 155.92 155.82 155.67 155.55 155.5 155.44 155.42 155.62 155.73 155.84 155.91 156.04 156.13 156.41 156.5 156.64 156.75 156.84 156.88 156.63 156.71 156.8 156.8 156.75 156.81 156.89 156.83 156.79 156.72 156.59 156.49 156.48 156.44 156.29 156.21 155.14 154.76 154.55 154.42 154.33 154.15 153.96 153.72 153.44 152.79 152.55 152.33 152.13 151.9 151.67 151.33 150.82 150.47 150.36 150.15 150.02 149.83 149.59 149.38 149.15
158.17 158.02 157.79 157.27 157.1 156.95 156.79 156.6 156.46 156.25 155.92 155.73 155.65 155.57 155.39 155.25 155.25 155.15 155.33 155.31 155.38 155.38 155.4 155.55 155.75 156.03 156.12 156.21 156.31 156.37 156.44 156.43 156.5 156.66 156.62 156.62 156.72 156.75 156.67 156.68 156.57 156.51 156.36 156.36 156.28 156.14 156.12 155.06 154.62 154.46 154.35 154.29 154.14 153.9 153.67 153.39 152.74 152.44 152.22 152 151.77 151.51 151.28 150.75 150.49 150.3 150.1 149.95 149.7 149.33 149.19 149.03
158.17 157.96 157.72 157.28 157.08 156.95 156.76 156.54 156.33 156.27 155.95 155.76 155.58 155.45 155.29 155.19 155.16 155.01 155.25 155.24 155.28 155.33 155.28 155.26 155.53 155.81 155.96 156.04 156.11 156.2 156.2 156.28 156.39 156.46 156.47 156.54 156.53 156.62 156.55 156.48 156.37 156.41 156.26 156.18 156.19 156.04 155.09 155 154.52 154.43 154.36 154.23 154.04 153.9 153.64 153.35 152.72 152.38 152.26 151.99 151.81 151.56 151.34 150.75 150.48 150.26 150.02 149.86 149.63 149.45 149.32 149.07
158.17 158.03 157.77 157.29 157.11 156.98 156.73 156.58 156.38 156.36 155.89 155.66 155.54 155.37 155.26 155.17 155.04 155.32 155.27 155.23 155.21 155.28 155.19 155.25 155.4 155.68 155.81 155.89 156.01 156.04 156.04 156.16 156.25 156.3 156.37 156.41 156.44 156.45 156.44 156.39 156.3 156.21 156.27 156.15 156.17 155.99 155.09 154.92 154.63 154.42 154.33 154.18 153.95 153.81 153.63 153.33 152.71 152.45 152.24 152.02 151.79 151.53 151.2 150.6 150.33 150.14 150.02 149.76 149.54 149.33 149.19 149.15
158.27 158.03 157.86 157.31 157.14 157 156.84 156.62 156.55 156.36 155.87 155.61 155.42 155.33 155.29 155.12 155.36 155.36 155.18 155.21 155.2 155.1 155.12 155.21 155.29 155.57 155.69 155.77 155.79 155.9 155.95 156.02 156.1 156.25 156.28 156.33 156.36 156.36 156.34 156.33 156.27 156.19 156.15 156.12 156.14 155.13 155.08 154.94 154.64 154.45 154.28 154.12 153.96 153.77 153.49 153.25 152.68 152.4 152.17 151.9 151.63 151.44 151.08 150.45 150.24 150.03 149.83 149.85 149.7 149.5 149.5 149.17
158.25 158.05 157.87 157.39 157.19 157.03 156.75 156.63 156.56 156.29 155.81 155.62 155.54 155.33 155.19 155.41 155.37 155.32 155.25 155.14 155.02 155.03 155.14 155.16 155.2 155.45 155.46 155.65 155.71 155.81 155.88 155.83 155.96 156.1 156.18 156.23 156.26 156.3 156.3 156.37 156.26 156.17 156.11 156.12 156.08 155.16 155.05 154.9 154.58 154.38 154.2 154.06 153.78 153.68 153.52 153.13 152.61 152.33 152.1 151.79 151.54 151.3 150.98 150.51 150.21 150.16 149.9 149.86 149.71 149.6 149.51 149.27
