DE_solarradiation/solarradiation_2018_05.asc
NCOLS 654
NROWS 866
XLLCORNER 3280500
YLLCORNER 5237500
CELLSIZE 1000
NODATA_VALUE -999
[rows 192 to 223 of 866, columns 72 to 143 of 654]
-999 -999 -999 -999 -999 -999 -999 -999 -999 -999 -999 -999 -999 -999 -999 -999 -999 -999 -999 -999 -999 -999 -999 -999 -999 -999 -999 -999 -999 -999 193.71 193.58 193.45 193.2 193.04 192.92 192.83 192.71 192.62 192.53 192.41 192.23 192.14 192.04 191.98 191.93 191.89 191.83 191.79 191.79 191.76 191.75 191.75 191.74 191.73 191.75 191.84 191.86 191.88 191.9 191.92 191.94 191.96 192 192.14 192.2 192.21 192.26 192.27 192.29 192.33 192.41
-999 -999 -999 -999 -999 -999 -999 -999 -999 -999 -999 -999 -999 -999 -999 -999 -999 -999 -999 -999 -999 -999 -999 -999 -999 -999 -999 -999 -999 -999 193.59 193.49 193.36 193.08 192.95 192.83 192.74 192.64 192.55 192.43 192.34 192.16 192.07 191.98 191.92 191.89 191.83 191.8 191.76 191.73 191.73 191.69 191.68 191.68 191.7 191.7 191.82 191.83 191.85 191.88 191.9 191.91 191.93 191.98 192.13 192.14 192.19 192.21 192.22 192.28 192.32 192.37
-999 -999 -999 -999 -999 -999 -999 -999 -999 -999 -999 -999 -999 -999 -999 -999 -999 -999 -999 -999 -999 -999 -999 -999 -999 -999 -999 -999 -999 193.6 193.5 193.37 193.24 192.99 192.86 192.73 192.64 192.55 192.46 192.37 192.25 192.06 191.97 191.91 191.88 191.83 191.76 191.73 191.7 191.7 191.69 191.66 191.66 191.66 191.69 191.67 191.79 191.81 191.83 191.85 191.87 191.89 191.91 191.94 192.08 192.13 192.15 192.19 192.21 192.23 192.28 192.33
-999 -999 -999 -999 -999 -999 -999 -999 -999 -999 -999 -999 -999 -999 -999 -999 -999 -999 -999 -999 -999 -999 -999 -999 -999 -999 -999 -999 -999 193.48 193.38 193.25 193.12 192.87 192.74 192.64 192.55 192.46 192.37 192.28 192.19 192 191.91 191.85 191.82 191.76 191.73 191.7 191.67 191.67 191.63 191.63 191.63 191.63 191.62 191.64 191.67 191.75 191.81 191.8 191.82 191.84 191.86 191.92 192.03 192.08 192.13 192.15 192.17 192.19 192.24 192.29
-999 -999 -999 -999 -999 -999 -999 -999 -999 -999 -999 -999 -999 -999 -999 -999 -999 -999 -999 -999 -999 -999 -999 -999 -999 -999 -999 -999 -999 193.3 193.2 193.1 192.97 192.72 192.59 192.49 192.4 192.31 192.22 192.15 192.06 191.88 191.82 191.76 191.73 191.67 191.64 191.61 191.61 191.61 191.57 191.58 191.57 191.57 191.59 191.59 191.61 191.73 191.75 191.75 191.77 191.79 191.82 191.87 191.98 192.04 192.06 192.11 192.13 192.15 192.17 192.25
-999 -999 -999 -999 -999 -999 -999 -999 -999 -999 -999 -999 -999 -999 -999 -999 -999 -999 -999 -999 -999 -999 -999 -999 -999 -999 -999 -999 -999 192.9 192.77 192.67 192.57 192.35 192.25 192.16 192.06 191.97 191.91 191.82 191.76 191.69 191.63 191.57 191.54 191.51 191.49 191.46 191.46 191.49 191.48 191.49 191.49 191.48 191.47 191.5 191.53 191.61 191.64 191.66 191.66 191.68 191.71 191.76 191.87 191.93 191.95 191.98 192 192.02 192.07 192.12
-999 -999 -999 -999 -999 -999 -999 -999 -999 -999 -999 -999 -999 -999 -999 -999 -999 -999 -999 -999 -999 -999 -999 -999 -999 -999 -999 -999 -999 192.69 192.59 192.49 192.39 192.2 192.07 191.98 191.91 191.82 191.76 191.7 191.64 191.57 191.51 191.48 191.45 191.42 191.39 191.36 191.37 191.43 191.43 191.43 191.43 191.42 191.41 191.45 191.47 191.56 191.59 191.61 191.64 191.63 191.66 191.71 191.83 191.88 191.91 191.94 191.96 191.98 192 192.08
-999 -999 -999 -999 -999 -999 -999 -999 -999 -999 -999 -999 -999 -999 -999 -999 -999 -999 -999 -999 -999 -999 -999 -999 -999 -999 -999 -999 192.62 192.51 192.41 192.34 192.24 192.11 191.95 191.86 191.76 191.7 191.64 191.58 191.52 191.49 191.42 191.4 191.37 191.33 191.34 191.31 191.31 191.38 191.38 191.37 191.37 191.39 191.39 191.39 191.42 191.51 191.57 191.56 191.59 191.62 191.61 191.67 191.79 191.84 191.87 191.89 191.92 191.94 191.99 192.05
-999 -999 -999 -999 -999 -999 -999 -999 -999 -999 -999 -999 -999 -999 -999 -999 -999 -999 -999 -999 -999 -999 -999 -999 -999 -999 -999 -999 192.43 192.36 192.26 192.19 192.09 192 191.81 191.71 191.65 191.58 191.52 191.46 191.43 191.37 191.34 191.31 191.31 191.28 191.25 191.25 191.26 191.32 191.32 191.35 191.35 191.34 191.34 191.37 191.4 191.49 191.52 191.55 191.54 191.57 191.6 191.62 191.77 191.8 191.83 191.85 191.87 191.93 191.95 192.01
-999 -999 -999 -999 -999 -999 -999 -999 -999 -999 -999 -999 -999 -999 -999 -999 -999 -999 -999 -999 -999 -999 -999 -999 -999 -999 -999 -999 192.28 192.18 192.11 192.04 191.94 191.85 191.69 191.59 191.53 191.47 191.4 191.37 191.34 191.28 191.25 191.25 191.23 191.2 191.2 191.2 191.19 191.26 191.26 191.29 191.29 191.29 191.32 191.32 191.35 191.44 191.47 191.49 191.53 191.52 191.55 191.61 191.73 191.76 191.81 191.84 191.87 191.89 191.92 191.98
-999 -999 -999 -999 -999 -999 -999 -999 -999 -999 -999 -999 -999 -999 -999 -999 -999 -999 -999 -999 -999 -999 -999 -999 -999 -999 -999 -999 192.1 192.03 191.93 191.86 191.8 191.7 191.54 191.48 191.41 191.35 191.32 191.26 191.23 191.2 191.17 191.17 191.14 191.14 191.14 191.14 191.14 191.2 191.24 191.24 191.24 191.24 191.27 191.27 191.3 191.39 191.42 191.45 191.47 191.47 191.5 191.56 191.69 191.74 191.77 191.8 191.83 191.85 191.88 191.94
-999 -999 -999 -999 -999 -999 -999 -999 -999 -999 -999 -999 -999 -999 -999 -999 -999 -999 -999 -999 -999 -999 -999 -999 -999 -999 -999 -999 191.92 191.85 191.78 191.72 191.62 191.55 191.39 191.33 191.27 191.23 191.2 191.14 191.11 191.08 191.08 191.06 191.06 191.06 191.06 191.03 191.06 191.12 191.15 191.15 191.18 191.19 191.19 191.22 191.25 191.34 191.37 191.4 191.4 191.43 191.46 191.49 191.61 191.67 191.7 191.72 191.76 191.78 191.85 191.91
-999 -999 -999 -999 -999 -999 -999 -999 -999 -999 -999 -999 -999 -999 -999 -999 -999 -999 -999 -999 -999 -999 -999 -999 -999 -999 -999 -999 191.68 191.61 191.54 191.48 191.41 191.34 191.22 191.15 191.12 191.06 191.02 190.99 190.96 190.96 190.93 190.94 190.94 190.94 190.94 190.94 190.94 191.04 191.07 191.07 191.1 191.1 191.1 191.14 191.17 191.2 191.23 191.23 191.26 191.29 191.29 191.35 191.48 191.54 191.56 191.59 191.63 191.65 191.69 191.75
-999 -999 -999 -999 -999 -999 -999 -999 -999 -999 -999 -999 -999 -999 -999 -999 -999 -999 -999 -999 -999 -999 -999 -999 -999 -999 -999 -999 191.13 191.06 191.02 190.96 190.89 190.85 190.82 190.76 190.72 190.69 190.66 190.63 190.63 190.66 190.66 190.67 190.67 190.67 190.67 190.7 190.71 190.83 190.86 190.9 190.9 190.93 190.93 190.96 191 191.12 191.15 191.15 191.18 191.21 191.25 191.28 191.4 191.46 191.49 191.52 191.55 191.59 191.62 191.68
-999 -999 -999 -999 -999 -999 -999 -999 -999 -999 -999 -999 -999 -999 -999 -999 -999 -999 -999 -999 -999 -999 -999 -999 -999 -999 -999 -999 190.89 190.85 190.78 190.71 190.69 190.65 190.61 190.58 190.55 190.52 190.52 190.48 190.49 190.55 190.55 190.55 190.55 190.56 190.56 190.59 190.62 190.75 190.78 190.78 190.82 190.85 190.85 190.88 190.92 191.04 191.07 191.11 191.11 191.14 191.17 191.2 191.36 191.39 191.46 191.48 191.52 191.55 191.58 191.65
-999 -999 -999 -999 -999 -999 -999 -999 -999 -999 -999 -999 -999 -999 -999 -999 -999 -999 -999 -999 -999 -999 -999 -999 -999 -999 -999 -999 190.71 190.64 190.6 190.57 190.54 190.5 190.47 190.43 190.43 190.4 190.37 190.37 190.37 190.43 190.44 190.44 190.44 190.47 190.48 190.48 190.55 190.67 190.7 190.74 190.74 190.77 190.77 190.81 190.84 190.97 191.03 191.03 191.06 191.1 191.13 191.16 191.29 191.36 191.39 191.42 191.45 191.49 191.55 191.61
-999 -999 -999 -999 -999 -999 -999 -999 -999 -999 -999 -999 -999 -999 -999 -999 -999 -999 -999 -999 -999 -999 -999 -999 -999 -999 -999 190.59 190.56 190.49 190.45 190.43 190.39 190.35 190.35 190.32 190.29 190.29 190.26 190.26 190.26 190.32 190.32 190.36 190.36 190.36 190.4 190.4 190.46 190.59 190.63 190.66 190.66 190.69 190.73 190.76 190.79 190.92 190.95 190.99 191.02 191.02 191.06 191.12 191.25 191.28 191.35 191.38 191.42 191.45 191.48 191.55
-999 -999 -999 -999 -999 -999 -999 -999 -999 -999 -999 -999 -999 -999 -999 -999 -999 -999 -999 -999 -999 -999 -999 -999 -999 -999 -999 190.44 190.38 190.34 190.31 190.27 190.24 190.21 190.2 190.2 190.18 190.18 190.14 190.14 190.14 190.21 190.24 190.24 190.28 190.28 190.29 190.32 190.35 190.51 190.55 190.58 190.61 190.61 190.65 190.69 190.72 190.84 190.91 190.92 190.95 190.98 191.01 191.05 191.11 191.24 191.28 191.34 191.38 191.41 191.45 191.51
-999 -999 -999 -999 -999 -999 -999 -999 -999 -999 -999 -999 -999 -999 -999 -999 -999 -999 -999 -999 -999 -999 -999 -999 -999 -999 -999 190.29 190.26 190.19 190.16 190.13 190.09 190.09 190.09 190.06 190.06 190.06 190.03 190.03 190.03 190.13 190.13 190.16 190.17 190.17 190.21 190.24 190.27 190.4 190.47 190.5 190.5 190.54 190.57 190.61 190.65 190.77 190.83 190.87 190.88 190.91 190.95 190.98 191.05 191.17 191.24 191.28 191.31 191.35 191.38 191.45
-999 -999 -999 -999 -999 -999 -999 -999 -999 -999 -999 -999 -999 -999 -999 -999 -999 -999 -999 -999 -999 -999 -999 -999 -999 -999 190.15 190.12 190.08 190.05 190.01 189.98 189.95 189.95 189.95 189.95 189.91 189.91 189.91 189.92 189.92 189.98 190.02 190.02 190.06 190.06 190.09 190.13 190.16 190.29 190.35 190.39 190.42 190.43 190.47 190.5 190.54 190.7 190.73 190.77 190.8 190.81 190.84 190.88 190.94 191.07 191.14 191.18 191.21 191.28 191.32 191.38
-999 -999 -999 -999 -999 -999 -999 -999 -999 -999 -999 -999 -999 -999 -999 -999 -999 -999 -999 -999 -999 -999 -999 -999 -999 -999 189.97 189.94 189.9 189.87 189.86 189.84 189.8 189.8 189.8 189.8 189.77 189.77 189.77 189.77 189.77 189.81 189.87 189.76 189.79 189.79 189.83 189.86 189.9 190.05 190.09 190.13 190.16 190.19 190.23 190.27 190.31 190.43 190.5 190.51 190.54 190.58 190.62 190.65 190.71 190.88 190.92 190.95 191.02 191.06 191.09 191.16
-999 -999 -999 -999 -999 -999 -999 -999 -999 -999 -999 -999 -999 -999 -999 -999 -999 -999 -999 -999 -999 -999 -999 -999 -999 -999 189.6 189.6 189.57 189.53 189.5 189.5 189.47 189.47 189.47 189.47 189.47 189.44 189.44 189.44 189.48 189.51 189.6 189.64 189.65 189.68 189.72 189.75 189.78 189.94 189.98 190.05 190.05 190.09 190.12 190.16 190.2 190.32 190.4 190.43 190.44 190.48 190.51 190.55 190.62 190.78 190.85 190.88 190.92 190.96 191.03 191.1
-999 -999 -999 -999 -999 -999 -999 -999 -999 -999 -999 -999 -999 -999 -999 -999 -999 -999 -999 -999 -999 -999 -999 -999 -999 -999 189.45 189.42 189.42 189.39 189.35 189.36 189.33 189.33 189.33 189.32 189.32 189.32 189.33 189.33 189.33 189.37 189.49 189.53 189.57 189.6 189.61 189.64 189.71 189.87 189.9 189.94 189.97 190.01 190.05 190.09 190.12 190.25 190.32 190.36 190.37 190.4 190.44 190.48 190.55 190.71 190.78 190.82 190.85 190.89 190.96 191.03
-999 -999 -999 -999 -999 -999 -999 -999 -999 -999 -999 -999 -999 -999 -999 -999 -999 -999 -999 -999 -999 -999 -999 -999 -999 -999 -999 189.33 189.3 189.3 189.27 189.24 189.24 189.24 189.24 189.24 189.24 189.24 189.24 189.25 189.25 189.28 189.45 189.48 189.49 189.52 189.56 189.59 189.63 189.79 189.86 189.89 189.93 189.93 189.97 190.01 190.08 190.21 190.25 190.29 190.32 190.36 190.37 190.44 190.48 190.64 190.71 190.75 190.79 190.86 190.9 190.97
-999 -999 -999 -999 -999 -999 -999 -999 -999 -999 -999 -999 -999 -999 -999 -999 -999 -999 -999 -999 -999 -999 -999 -999 -999 -999 -999 189.25 189.22 189.22 189.18 189.18 189.15 189.15 189.15 189.16 189.16 189.16 189.16 189.17 189.2 189.24 189.37 189.4 189.44 189.47 189.51 189.52 189.58 189.74 189.78 189.82 189.85 189.89 189.93 189.97 190 190.14 190.2 190.21 190.25 190.29 190.33 190.37 190.44 190.57 190.64 190.71 190.75 190.79 190.83 190.9
-999 -999 -999 -999 -999 -999 -999 -999 -999 -999 -999 -999 -999 -999 -999 -999 -999 -999 -999 -999 -999 -999 -999 -999 -999 -999 -999 189.16 189.17 189.13 189.1 189.1 189.07 189.07 189.1 189.1 189.11 189.11 189.11 189.12 189.15 189.19 189.32 189.35 189.39 189.39 189.44 189.47 189.54 189.66 189.73 189.77 189.8 189.85 189.85 189.9 189.96 190.09 190.13 190.17 190.18 190.22 190.26 190.29 190.37 190.53 190.6 190.64 190.68 190.73 190.8 190.87
-999 -999 -999 -999 -999 -999 -999 -999 -999 -999 -999 -999 -999 -999 -999 -999 -999 -999 -999 -999 -999 -999 -999 -999 -999 -999 -999 189.08 189.08 189.05 189.04 189.01 189.02 189.02 189.05 189.06 189.05 189.06 189.06 189.06 189.07 189.1 189.24 189.3 189.31 189.35 189.39 189.42 189.46 189.62 189.66 189.72 189.73 189.77 189.81 189.85 189.89 190.02 190.06 190.1 190.13 190.14 190.18 190.22 190.29 190.46 190.5 190.57 190.61 190.65 190.73 190.81
-999 -999 -999 -999 -999 -999 -999 -999 -999 -999 -999 -999 -999 -999 -999 -999 -999 -999 -999 -999 -999 -999 -999 -999 -999 -999 -999 188.99 188.99 188.99 188.96 188.97 188.93 188.96 188.97 189 189 189.01 189.01 189.01 189.02 189.06 189.19 189.22 189.26 189.3 189.31 189.35 189.41 189.54 189.61 189.65 189.69 189.69 189.74 189.78 189.82 189.94 189.98 190.02 190.03 190.07 190.11 190.15 190.19 190.36 190.43 190.47 190.51 190.59 190.63 190.7
-999 -999 -999 -999 -999 -999 -999 -999 -999 -999 -999 -999 -999 -999 -999 -999 -999 -999 -999 -999 -999 -999 -999 -999 -999 -999 -999 188.91 188.85 188.85 188.82 188.81 188.82 188.82 188.88 188.92 188.93 188.92 188.93 188.93 188.94 188.98 189.08 189.11 189.12 189.16 189.2 189.21 189.27 189.4 189.44 189.48 189.52 189.56 189.57 189.61 189.65 189.75 189.78 189.82 189.83 189.87 189.88 189.96 190 190.16 190.21 190.28 190.32 190.36 190.44 190.51
-999 -999 -999 -999 -999 -999 -999 -999 -999 -999 -999 -999 -999 -999 -999 -999 -999 -999 -999 -999 -999 -999 -999 -999 -999 -999 -999 188.79 188.79 188.76 188.76 188.77 188.76 188.77 188.83 188.87 188.87 188.87 188.88 188.88 188.92 188.96 189.03 189.06 189.07 189.11 189.15 189.16 189.23 189.35 189.39 189.43 189.47 189.48 189.52 189.53 189.57 189.67 189.71 189.75 189.76 189.8 189.81 189.85 189.93 190.06 190.14 190.18 190.25 190.3 190.34 190.45
-999 -999 -999 -999 -999 -999 -999 -999 -999 -999 -999 -999 -999 -999 -999 -999 -999 -999 -999 -999 -999 -999 -999 -999 -999 -999 -999 188.7 188.71 188.71 188.7 188.71 188.72 188.74 188.81 188.84 188.85 188.86 188.86 188.87 188.9 188.91 189.01 189.01 189.05 189.09 189.1 189.14 189.18 189.31 189.38 189.38 189.42 189.44 189.48 189.49 189.53 189.63 189.67 189.71 189.72 189.76 189.77 189.81 189.89 190.02 190.1 190.14 190.18 190.26 190.3 190.38
-999 -999 -999 -999 -999 -999 -999 -999 -999 -999 -999 -999 -999 -999 -999 -999 -999 -999 -999 -999 -999 -999 -999 -999 -999 -999 -999 188.68 188.68 188.68 188.68 188.68 188.69 188.73 188.79 188.83 188.83 188.84 188.84 188.85 188.88 188.92 188.99 189.03 189.03 189.07 189.09 189.12 189.16 189.29 189.33 189.37 189.41 189.42 189.43 189.48 189.52 189.59 189.63 189.67 189.68 189.69 189.73 189.77 189.85 189.98 190.06 190.1 190.15 190.19 190.27 190.34
