DE_solarradiation/solarradiation_2018_10.asc
NCOLS 654
NROWS 866
XLLCORNER 3280500
YLLCORNER 5237500
CELLSIZE 1000
NODATA_VALUE -999
[rows 70 to 104 of 866, columns 234 to 311 of 654]
59.37 59.37 59.35 59.37 59.37 59.36 59.36 59.35 59.31 59.34 59.34 59.36 59.36 59.38 59.37 59.4 59.39 59.41 59.42 59.45 59.45 59.46 59.51 59.54 59.59 59.58 59.64 59.64 59.72 59.71 59.74 59.7 59.72 59.76 59.75 59.74 59.72 59.75 59.78 59.75 59.71 59.68 59.69 59.71 59.67 59.67 59.63 59.62 59.61 59.58 59.56 59.51 59.51 59.47 59.42 59.38 59.38 59.36 59.33 59.29 59.3 59.31 59.31 -999 -999 -999 59.32 59.31 59.32 59.37 59.45 59.47 59.5 59.54 59.56 59.58 59.63 59.68
59.47 59.47 59.46 59.46 59.48 59.48 59.47 59.47 59.43 59.58 59.61 59.6 59.62 59.65 59.64 59.67 59.65 59.67 59.69 59.7 59.71 59.72 59.73 59.74 59.75 59.78 59.8 59.84 59.86 59.83 59.9 59.84 59.83 59.84 59.82 59.83 59.8 59.81 59.86 59.85 59.82 59.78 59.79 59.73 59.72 59.73 59.71 59.66 59.66 59.66 59.61 59.61 59.61 59.58 59.55 59.53 59.51 59.49 59.48 59.49 59.48 59.48 59.46 -999 -999 59.47 59.48 59.5 59.47 59.53 59.57 59.62 59.65 59.67 59.68 59.7 59.75 59.76
59.72 59.71 59.7 59.7 59.72 59.74 59.71 59.7 59.7 59.69 59.72 59.74 59.73 59.76 59.75 59.77 59.75 59.78 59.79 59.81 59.79 59.83 59.84 59.84 59.85 59.87 59.88 59.88 59.93 59.93 59.9 59.9 59.9 59.88 59.89 59.84 59.84 59.88 59.84 59.88 59.9 59.84 59.8 59.79 59.8 59.74 59.73 59.72 59.69 59.68 59.67 59.66 59.64 59.6 59.6 59.58 59.58 59.57 59.55 59.55 59.54 59.54 59.51 -999 59.5 59.57 59.54 59.56 59.57 59.57 59.67 59.68 59.71 59.73 59.73 59.76 59.78 59.83
59.84 59.82 59.82 59.81 59.81 59.86 59.83 59.82 59.81 59.8 59.79 59.82 59.84 59.83 59.86 59.84 59.83 59.86 59.87 59.88 59.89 59.9 59.91 59.92 59.92 59.94 59.94 59.94 59.95 59.94 59.92 59.9 59.9 59.89 59.88 59.85 59.85 59.87 59.85 59.86 59.84 59.84 59.83 59.83 59.81 59.76 59.75 59.74 59.74 59.7 59.7 59.68 59.67 59.65 59.64 59.63 59.64 59.62 59.6 59.59 59.58 59.57 59.56 -999 59.57 59.63 59.6 59.63 59.63 59.65 59.7 59.75 59.77 59.79 59.8 59.82 59.84 59.86
59.96 59.92 59.91 59.9 59.9 59.95 59.91 59.9 59.86 59.88 59.87 59.89 59.89 59.91 59.94 59.92 59.9 59.92 59.94 59.95 59.93 59.95 59.96 59.97 59.96 59.97 59.98 59.99 59.99 59.98 59.99 59.95 59.95 59.91 59.91 59.87 59.87 59.86 59.86 59.87 59.86 59.85 59.84 59.84 59.82 59.78 59.77 59.77 59.76 59.75 59.72 59.7 59.69 59.68 59.67 59.64 59.65 59.67 59.66 59.65 59.63 59.62 -999 -999 59.63 59.69 59.68 59.68 59.7 59.71 59.76 59.79 59.81 59.83 59.85 59.87 59.89 59.95
59.98 59.98 59.96 59.98 60.02 60.04 59.99 59.98 59.94 59.96 59.95 59.97 59.96 59.99 59.98 60 59.99 60 60.01 60 60.01 60.03 60.04 60.04 60.01 60.02 60.02 60.03 60.03 60.03 60.06 60.02 59.96 59.93 59.93 59.92 59.93 59.92 59.9 59.87 59.86 59.86 59.85 59.85 59.84 59.84 59.8 59.79 59.78 59.77 59.76 59.75 59.74 59.72 59.71 59.7 59.68 59.69 59.72 59.72 59.69 59.68 -999 59.71 59.7 59.74 59.73 59.77 59.77 59.77 59.84 59.86 59.88 59.9 59.91 59.94 59.97 59.99
60.03 60.05 60.05 60.05 60.09 60.09 60.09 60.07 60.03 60.02 60.04 60.05 60.04 60.06 60.06 60.07 60.06 60.07 60.05 60.06 60.08 60.09 60.07 60.08 60.09 60.09 60.06 60.06 60.07 60.12 60.12 60.03 60 59.99 59.96 59.97 59.96 59.94 59.93 59.88 59.88 59.87 59.86 59.86 59.86 59.85 59.84 59.81 59.8 59.79 59.77 59.78 59.75 59.73 59.73 59.74 59.73 59.72 59.74 -999 -999 -999 -999 59.74 59.78 59.78 59.83 59.81 59.81 59.84 59.91 59.93 59.95 59.97 59.99 60.01 60.03 60.06
60.11 60.12 60.14 60.14 60.16 60.14 60.16 60.15 60.11 60.1 60.12 60.1 60.12 60.14 60.13 60.14 60.12 60.11 60.13 60.14 60.16 60.14 60.15 60.15 60.12 60.13 60.13 60.11 60.12 60.14 60.17 60.1 60.06 60.03 60 60.01 60 59.95 59.95 59.93 59.93 59.92 59.91 59.88 59.89 59.88 59.86 59.85 59.85 59.84 59.83 59.82 59.81 59.79 59.81 59.8 59.81 59.84 59.82 59.83 -999 -999 59.81 59.85 59.84 59.88 59.89 59.89 59.89 59.92 59.96 59.99 60.03 60.03 60.04 60.07 60.09 60.11
60.22 60.26 60.22 60.24 60.23 60.25 60.24 60.23 60.22 60.21 60.2 60.23 60.23 60.22 60.24 60.22 60.23 60.23 60.24 60.25 60.23 60.25 60.26 60.22 60.23 60.21 60.21 60.19 60.2 60.17 60.17 60.13 60.1 60.1 60.06 60.04 60.04 60 60.01 59.99 59.99 59.96 59.94 59.93 59.92 59.91 59.91 59.91 59.9 59.9 59.88 59.89 59.89 59.9 59.88 59.85 59.89 59.97 60.01 60 -999 -999 60.04 60.03 60.09 60.06 60.09 60.08 60.07 60.1 60.13 60.13 60.16 60.19 60.19 60.21 60.23 60.26
60.41 60.44 60.43 60.45 60.44 60.46 60.45 60.47 60.43 60.42 60.44 60.46 60.44 60.45 60.47 60.45 60.44 60.45 60.47 60.45 60.47 60.48 60.46 60.43 60.41 60.41 60.38 60.4 60.37 60.37 60.35 60.27 60.24 60.24 60.18 60.2 60.16 60.16 60.15 60.1 60.07 60.06 60.06 60.04 60.04 60.03 60.02 59.99 59.98 60.01 60.01 60.03 60.03 60 60.01 60.04 60.03 60.06 60.08 60.08 60.07 -999 60.11 60.14 60.16 60.14 60.16 60.14 60.16 60.17 60.19 60.21 60.24 60.25 60.26 60.3 60.29 60.31
60.5 60.52 60.51 60.54 60.53 60.55 60.54 60.55 60.51 60.53 60.52 60.53 60.55 60.54 60.55 60.56 60.55 60.54 60.55 60.56 60.57 60.56 60.57 60.51 60.49 60.49 60.47 60.47 60.45 60.42 60.43 60.31 60.3 60.27 60.27 60.25 60.24 60.21 60.2 60.16 60.12 60.11 60.11 60.11 60.11 60.12 60.09 60.06 60.03 60.05 60.07 60.08 60.08 60.1 60.1 60.13 60.13 60.15 60.14 60.16 -999 -999 60.17 60.2 60.22 60.22 60.25 60.24 60.26 60.25 60.29 60.31 60.31 60.34 60.33 60.35 60.37 60.36
60.59 60.58 60.6 60.62 60.61 60.63 60.62 60.62 60.6 60.58 60.6 60.62 60.6 60.62 60.63 60.61 60.59 60.61 60.63 60.61 60.62 60.64 60.61 60.56 60.57 60.54 60.55 60.52 60.49 60.5 60.48 60.38 60.35 60.33 60.3 60.29 60.29 60.25 60.25 60.18 60.17 60.17 60.16 60.16 60.15 60.16 60.13 60.11 60.1 60.1 60.13 60.12 60.13 60.15 60.18 60.18 60.17 60.19 60.18 60.17 -999 60.18 60.25 60.23 60.26 60.26 60.3 60.29 60.32 60.31 60.33 60.35 60.36 60.38 60.4 60.41 60.42 60.41
60.64 60.63 60.65 60.64 60.66 60.7 60.67 60.69 60.66 60.66 60.65 60.68 60.65 60.67 60.68 60.66 60.67 60.66 60.68 60.69 60.66 60.68 60.66 60.67 60.61 60.59 60.59 60.57 60.54 60.55 60.52 60.42 60.42 60.38 60.35 60.34 60.31 60.3 60.26 60.22 60.21 60.22 60.18 60.17 60.19 60.18 60.15 60.17 60.17 60.2 60.19 60.19 60.17 60.21 60.23 60.23 60.25 60.26 60.26 60.23 60.25 60.3 60.33 60.36 60.31 60.33 60.35 60.38 60.36 60.38 60.39 60.41 60.42 60.44 60.46 60.46 60.44 60.46
60.7 60.69 60.71 60.7 60.73 60.77 60.74 60.75 60.71 60.72 60.7 60.72 60.73 60.72 60.73 60.74 60.72 60.73 60.72 60.74 60.75 60.73 60.74 60.71 60.66 60.62 60.63 60.6 60.58 60.58 60.57 60.47 60.44 60.42 60.39 60.39 60.37 60.36 60.32 60.28 60.28 60.24 60.24 60.22 60.23 60.22 60.2 60.21 60.2 60.2 60.24 60.24 60.26 60.25 60.26 60.28 60.3 60.29 60.32 60.34 60.34 60.38 60.41 60.43 60.41 60.38 60.44 60.44 60.47 60.45 60.51 60.52 60.52 60.5 60.53 60.52 60.49 60.51
60.74 60.77 60.74 60.76 60.79 60.79 60.8 60.79 60.77 60.77 60.75 60.77 60.78 60.78 60.79 60.79 60.77 60.79 60.79 60.81 60.81 60.79 60.79 60.76 60.71 60.7 60.68 60.65 60.62 60.63 60.61 60.51 60.51 60.49 60.44 60.44 60.4 60.41 60.38 60.34 60.34 60.29 60.29 60.28 60.27 60.28 60.26 60.27 60.25 60.26 60.28 60.26 60.28 60.27 60.33 60.35 60.35 60.4 60.42 60.39 60.41 60.49 60.51 60.55 60.48 60.5 60.49 60.52 60.52 60.53 60.58 60.6 60.58 60.55 60.58 60.61 60.63 60.6
60.79 60.82 60.79 60.81 60.84 60.83 60.84 60.84 60.81 60.82 60.8 60.82 60.83 60.85 60.83 60.84 60.83 60.85 60.88 60.86 60.86 60.87 60.84 60.82 60.79 60.76 60.73 60.7 60.7 60.67 60.65 60.59 60.56 60.53 60.5 60.48 60.45 60.45 60.45 60.42 60.39 60.38 60.37 60.35 60.35 60.35 60.32 60.31 60.34 60.34 60.37 60.34 60.38 60.36 60.41 60.43 60.42 60.45 60.47 60.49 60.54 60.55 60.59 60.61 60.61 60.61 60.6 60.58 60.61 60.62 60.7 60.7 60.65 60.66 60.68 60.69 60.72 60.6
60.85 60.86 60.85 60.88 60.88 60.87 60.9 60.9 60.86 60.87 60.89 60.87 60.88 60.9 60.91 60.92 60.92 60.95 60.92 60.93 60.94 60.91 60.92 60.9 60.83 60.84 60.8 60.77 60.78 60.76 60.73 60.64 60.61 60.61 60.58 60.56 60.52 60.61 60.62 60.56 60.55 60.56 60.55 60.53 60.51 60.5 60.49 60.52 60.51 60.52 60.54 60.53 60.56 60.58 60.65 60.66 60.68 60.73 60.72 60.76 60.78 60.76 60.8 60.85 60.87 60.82 60.81 60.83 60.8 60.86 60.88 60.84 60.84 60.88 60.88 60.88 60.9 60.79
60.97 60.95 60.97 60.98 60.97 60.99 61 61.02 61 61.02 61 61.02 61.03 61.04 61.05 61.07 61.06 61.07 61.08 61.06 61.09 61.1 61.07 61.06 60.99 60.97 60.97 60.94 60.93 60.9 60.87 60.81 60.78 60.75 60.75 60.72 60.69 60.69 60.65 60.63 60.66 60.6 60.57 60.59 60.63 60.58 60.63 60.57 60.59 60.62 60.64 60.62 60.65 60.67 60.69 60.75 60.76 60.83 60.87 60.86 60.87 60.89 60.94 60.92 60.91 60.93 60.93 60.92 60.95 60.93 60.95 60.95 60.93 60.96 60.95 60.95 60.97 60.82
61 61.03 61.03 61.03 61.06 61.06 61.09 61.04 61.06 61.07 61.09 61.07 61.08 61.09 61.11 61.13 61.13 61.11 61.12 61.14 61.16 61.15 61.15 61.1 61.07 61.05 61.02 60.99 61 60.98 60.95 60.88 60.85 60.83 60.8 60.8 60.74 60.74 60.73 60.68 60.67 60.67 60.73 60.74 60.73 60.67 60.7 60.74 60.68 60.66 60.69 60.71 60.7 60.73 60.73 60.8 60.89 60.89 60.9 60.92 60.94 60.96 61.01 61.05 61.05 60.98 61.05 61.01 61 60.99 61 61.01 61.01 61.01 61 61.01 61 60.89
61.03 61.05 61.08 61.09 61.07 61.1 61.1 61.1 61.08 61.09 61.11 61.12 61.13 61.14 61.16 61.17 61.15 61.16 61.17 61.2 61.17 61.18 61.18 61.13 61.08 61.08 61.07 61.04 61.04 61.02 61 60.94 60.91 60.88 60.85 60.85 60.82 60.79 60.76 60.73 60.72 60.73 60.7 60.73 60.75 60.72 60.71 60.77 60.75 60.75 60.72 60.76 60.75 60.8 60.8 60.91 60.95 60.97 60.95 60.97 61 61.02 61.13 61.1 61.07 61.06 61.07 61.05 61.07 61.04 61.08 61.07 61.06 61.05 61.05 61.05 61.09 60.94
61.05 61.08 61.09 61.09 61.08 61.09 61.11 61.12 61.13 61.13 61.14 61.14 61.15 61.16 61.17 61.18 61.19 61.21 61.19 61.21 61.23 61.22 61.18 61.18 61.13 61.11 61.1 61.09 61.07 61.07 61.04 60.98 60.95 60.92 60.89 60.89 60.86 60.86 60.8 60.77 60.78 60.73 60.75 60.77 60.8 60.76 60.77 60.8 60.8 60.82 60.81 60.81 60.81 60.84 60.82 60.96 61 61.02 61.05 61.06 61.05 61.07 61.12 61.14 61.12 61.11 61.1 61.12 61.11 61.09 61.14 61.13 61.11 61.12 61.09 61.11 61.12 60.96
61.07 61.11 61.12 61.17 61.11 61.12 61.13 61.15 61.18 61.18 61.17 61.17 61.17 61.18 61.19 61.2 61.22 61.23 61.25 61.26 61.27 61.23 61.22 61.2 61.17 61.15 61.15 61.13 61.11 61.09 61.09 61 60.97 60.97 60.94 60.94 60.91 60.91 60.86 60.82 60.79 60.78 60.78 60.79 60.85 60.8 60.79 60.8 60.84 60.88 60.88 60.9 60.87 60.89 60.9 61.02 61.06 61.07 61.09 61.11 61.13 61.11 61.16 61.19 61.2 61.17 61.17 61.17 61.17 61.18 61.18 61.16 61.16 61.16 61.15 61.17 61.14 61
61.11 61.13 61.15 61.13 61.16 61.15 61.16 61.2 61.19 61.22 61.24 61.23 61.23 61.24 61.24 61.25 61.27 61.26 61.27 61.26 61.27 61.27 61.27 61.25 61.22 61.19 61.18 61.18 61.15 61.12 61.11 61.05 61.02 61.02 60.99 60.99 60.97 60.97 60.94 60.87 60.83 60.84 60.83 60.84 60.84 60.83 60.85 60.87 60.88 60.91 60.93 60.95 60.97 60.95 61 61.05 61.1 61.14 61.14 61.12 61.16 61.18 61.24 61.26 61.23 61.23 61.23 61.22 61.26 61.23 61.22 61.25 61.27 61.26 61.24 61.24 61.23 61.04
61.14 61.15 61.18 61.16 61.19 61.19 61.21 61.24 61.23 61.26 61.26 61.25 61.26 61.27 61.26 61.27 61.29 61.31 61.31 61.32 61.31 61.33 61.29 61.31 61.28 61.24 61.22 61.22 61.2 61.18 61.15 61.09 61.06 61.06 61.04 61.04 61.01 61.01 60.98 60.92 60.91 60.93 60.91 60.92 60.92 60.9 60.91 60.93 60.93 60.97 61.01 60.98 60.99 61.01 61.05 61.13 61.2 61.24 61.21 61.21 61.24 61.29 61.31 61.31 61.31 61.32 61.32 61.32 61.33 61.31 61.3 61.3 61.36 61.35 61.3 61.3 61.29 61.14
61.17 61.2 61.22 61.23 61.22 61.24 61.28 61.26 61.28 61.28 61.3 61.29 61.28 61.31 61.32 61.32 61.33 61.35 61.41 61.42 61.41 61.41 61.41 61.38 61.35 61.35 61.33 61.34 61.32 61.29 61.27 61.24 61.21 61.18 61.18 61.16 61.16 61.12 61.12 61.09 61.06 61.06 61.06 61.05 61.06 61.05 61.04 61.07 61.12 61.11 61.14 61.16 61.13 61.16 61.2 61.32 61.37 61.39 61.38 61.37 61.42 61.44 61.46 61.49 61.5 61.47 61.5 61.5 61.47 61.48 61.47 61.47 61.49 61.48 61.47 61.48 61.45 61.26
61.31 61.3 61.32 61.3 61.28 61.32 61.34 61.34 61.35 61.34 61.35 61.35 61.35 61.36 61.37 61.41 61.41 61.42 61.44 61.44 61.44 61.44 61.45 61.42 61.41 61.41 61.38 61.39 61.38 61.35 61.35 61.29 61.27 61.24 61.23 61.21 61.21 61.17 61.17 61.14 61.15 61.12 61.11 61.11 61.09 61.1 61.13 61.12 61.17 61.19 61.18 61.19 61.22 61.25 61.25 61.37 61.42 61.45 61.44 61.48 61.48 61.53 61.56 61.58 61.56 61.55 61.54 61.56 61.55 61.54 61.56 61.56 61.55 61.57 61.56 61.51 61.5 61.41
61.34 61.36 61.37 61.36 61.34 61.35 61.35 61.38 61.37 61.38 61.36 61.37 61.4 61.41 61.42 61.43 61.43 61.47 61.49 61.49 61.5 61.47 61.48 61.48 61.45 61.43 61.43 61.41 61.42 61.4 61.37 61.32 61.33 61.3 61.29 61.26 61.23 61.23 61.23 61.19 61.2 61.17 61.17 61.15 61.16 61.14 61.13 61.17 61.19 61.2 61.23 61.25 61.27 61.28 61.3 61.41 61.46 61.5 61.5 61.55 61.54 61.58 61.61 61.62 61.61 61.62 61.59 61.63 61.61 61.6 61.63 61.61 61.62 61.61 61.58 61.57 61.45 61.42
61.4 61.41 61.4 61.34 61.35 61.36 61.38 61.39 61.4 61.4 61.39 61.39 61.42 61.43 61.44 61.45 61.45 61.49 61.5 61.5 61.49 61.49 61.49 61.5 61.47 61.44 61.46 61.44 61.43 61.43 61.39 61.37 61.34 61.32 61.33 61.27 61.26 61.23 61.24 61.21 61.22 61.22 61.19 61.17 61.16 61.16 61.19 61.22 61.21 61.25 61.27 61.28 61.31 61.31 61.35 61.43 61.5 61.51 61.54 61.6 61.62 61.64 61.66 61.67 61.67 61.67 61.66 61.69 61.67 61.69 61.69 61.66 61.62 61.63 61.63 61.62 61.47 61.41
61.42 61.42 61.41 61.38 61.37 61.4 61.41 61.39 61.42 61.4 61.4 61.41 61.42 61.45 61.46 61.47 61.48 61.49 61.53 61.49 61.5 61.54 61.53 61.53 61.51 61.47 61.48 61.44 61.46 61.43 61.44 61.39 61.38 61.37 61.37 61.33 61.3 61.29 61.26 61.27 61.27 61.27 61.22 61.22 61.22 61.22 61.24 61.27 61.26 61.29 61.34 61.31 61.32 61.35 61.4 61.49 61.54 61.58 61.6 61.65 61.66 61.65 61.71 61.69 61.7 61.74 61.72 61.71 61.74 61.74 61.71 61.7 61.69 61.67 61.65 61.63 61.46 61.44
61.45 61.46 61.42 61.41 61.4 61.44 61.43 61.41 61.44 61.41 61.42 61.43 61.44 61.44 61.48 61.5 61.5 61.51 61.51 61.51 61.52 61.53 61.56 61.56 61.55 61.51 61.52 61.46 61.47 61.45 61.46 61.4 61.39 61.43 61.37 61.34 61.31 61.31 61.3 61.28 61.29 61.29 61.29 61.24 61.24 61.26 61.26 61.28 61.31 61.33 61.34 61.35 61.37 61.39 61.45 61.53 61.56 61.64 61.65 61.65 61.69 61.73 61.74 61.76 61.76 61.76 61.75 61.75 61.8 61.8 61.79 61.77 61.76 61.73 61.71 61.67 61.51 61.47
61.45 61.46 61.42 61.41 61.42 61.47 61.43 61.42 61.44 61.44 61.45 61.45 61.46 61.47 61.5 61.52 61.52 61.53 61.53 61.53 61.54 61.54 61.58 61.62 61.6 61.56 61.55 61.52 61.48 61.5 61.48 61.47 61.45 61.42 61.39 61.39 61.35 61.32 61.32 61.34 61.3 61.31 61.34 61.34 61.28 61.27 61.3 61.32 61.36 61.36 61.38 61.4 61.42 61.44 61.5 61.59 61.61 61.66 61.7 61.69 61.74 61.76 61.8 61.82 61.81 61.8 61.84 61.83 61.85 61.84 61.83 61.81 61.8 61.77 61.71 61.7 61.56 61.52
61.52 61.45 61.45 61.46 61.5 61.5 61.44 61.44 61.45 61.46 61.49 61.48 61.5 61.5 61.52 61.54 61.56 61.58 61.55 61.55 61.55 61.56 61.59 61.64 61.64 61.62 61.56 61.54 61.52 61.54 61.52 61.54 61.48 61.45 61.46 61.43 61.37 61.36 61.37 61.33 61.35 61.35 61.35 61.38 61.33 61.32 61.34 61.37 61.4 61.43 61.45 61.44 61.47 61.52 61.55 61.64 61.7 61.72 61.75 61.77 61.8 61.84 61.88 61.86 61.89 61.86 61.91 61.98 61.89 61.98 61.94 61.92 61.91 61.86 61.82 61.81 61.64 61.63
61.54 61.51 61.54 61.55 61.59 61.54 61.52 61.5 61.52 61.53 61.54 61.58 61.57 61.57 61.58 61.61 61.61 61.62 61.6 61.61 61.61 61.62 61.63 61.66 61.66 61.65 61.62 61.58 61.6 61.57 61.61 61.62 61.59 61.53 61.51 61.48 61.43 61.43 61.44 61.45 61.46 61.46 61.45 61.45 61.48 61.44 61.45 61.51 61.53 61.56 61.58 61.62 61.64 61.66 61.69 61.77 61.81 61.84 61.88 61.9 61.92 61.97 62.02 62.04 62.05 62.04 62.03 62.03 62.04 62.04 61.99 61.98 61.96 61.88 61.87 61.86 61.69 61.65
61.67 61.62 61.61 61.56 61.58 61.58 61.58 61.59 61.56 61.6 61.59 61.64 61.63 61.62 61.61 61.61 61.63 61.63 61.62 61.61 61.63 61.64 61.66 61.69 61.63 61.64 61.64 61.62 61.63 61.65 61.65 61.69 61.62 61.58 61.52 61.5 61.48 61.48 61.46 61.47 61.47 61.47 61.5 61.5 61.49 61.52 61.5 61.56 61.58 61.62 61.64 61.66 61.69 61.71 61.74 61.83 61.89 61.93 61.96 61.95 61.98 62 62.09 62.08 62.1 62.05 62.08 62.09 62.08 62.08 62.05 62.02 61.98 61.93 61.95 61.94 61.75 61.7
61.7 61.62 61.63 61.63 61.61 61.62 61.62 61.63 61.62 61.64 61.64 61.66 61.66 61.64 61.6 61.62 61.65 61.64 61.66 61.64 61.67 61.68 61.67 61.64 61.63 61.63 61.61 61.64 61.66 61.63 61.67 61.67 61.61 61.57 61.51 61.51 61.49 61.5 61.47 61.48 61.48 61.51 61.51 61.51 61.54 61.54 61.52 61.61 61.63 61.65 61.68 61.71 61.74 61.76 61.78 61.88 61.9 61.94 61.97 61.99 62.02 62.05 62.11 62.13 62.13 62.1 62.09 62.1 62.1 62.09 62.05 62.04 62 62.01 61.98 61.94 61.77 61.72
