DE_solarradiation/solarradiation_2018_06.asc
NCOLS 654
NROWS 866
XLLCORNER 3280500
YLLCORNER 5237500
CELLSIZE 1000
NODATA_VALUE -999
[rows 160 to 191 of 866, columns 216 to 287 of 654]
151.2 151.24 151.27 151.28 151.25 151.29 151.33 151.39 151.43 151.5 151.46 151.69 151.95 152.08 152.19 152.27 152.38 152.5 152.61 152.73 152.93 153.07 153.17 153.3 153.42 153.54 153.78 154.04 154.19 154.35 154.5 154.64 154.78 154.92 155.08 155.4 155.56 155.73 155.86 -999 -999 156.61 156.78 157.07 157.21 157.79 157.87 157.94 157.95 157.98 157.99 157.99 158.03 158.02 158.03 158.02 158.03 158 157.86 157.82 157.81 157.78 157.79 157.78 157.81 157.8 157.75 157.79 157.81 157.87 157.87 157.92
151.12 151.15 151.18 151.21 151.21 151.25 151.29 151.35 151.39 151.46 151.49 151.71 151.92 152.04 152.15 152.26 152.38 152.46 152.6 152.69 152.92 153.05 153.16 153.27 153.39 153.51 153.77 154.01 154.18 154.34 154.48 154.6 154.77 154.83 155.07 155.39 155.58 155.72 155.85 155.99 -999 -999 -999 157.09 157.23 157.79 157.87 157.97 157.98 158.03 158 158.02 158.04 158.03 158.05 158.04 158.02 157.98 157.88 157.82 157.8 157.79 157.78 157.81 157.8 157.83 157.75 157.8 157.83 157.88 157.9 157.97
151.06 151.11 151.14 151.18 151.16 151.16 151.2 151.31 151.38 151.42 151.45 151.7 151.92 152.03 152.14 152.23 152.34 152.43 152.52 152.64 152.87 153.03 153.15 153.26 153.4 153.5 153.74 154 154.15 154.31 154.39 154.57 154.74 154.86 155.09 155.41 155.57 155.74 155.87 156 156.14 -999 156.78 -999 157.24 157.8 157.91 157.99 158 158.03 158.02 158.04 158.06 158.08 158.06 158.07 158.04 157.98 157.88 157.83 157.82 157.79 157.79 157.78 157.79 157.78 157.75 157.76 157.8 157.86 157.85 157.96
151.01 151.06 151.09 151.15 151.15 151.18 151.27 151.35 151.43 151.47 151.56 151.71 151.91 152.03 152.14 152.22 152.31 152.41 152.5 152.62 152.86 153.02 153.14 153.25 153.39 153.47 153.72 154.01 154.15 154.33 154.39 154.52 154.73 154.92 155.06 155.36 155.59 155.73 155.89 156.02 156.16 156.66 -999 157.12 -999 -999 157.92 158 158.08 158.07 158.06 158.07 158.09 158.09 158.06 158.05 158.04 158.02 157.84 157.82 157.78 157.75 157.76 157.76 157.74 157.76 157.7 157.7 157.76 157.84 157.87 157.91
150.91 150.94 151 151.03 151.12 151.18 151.26 151.31 151.38 151.5 151.57 151.67 151.88 151.99 152.07 152.17 152.26 152.35 152.46 152.6 152.85 152.96 153.12 153.22 153.33 153.46 153.68 153.94 154.11 154.3 154.38 154.54 154.74 154.86 155.03 155.38 155.58 155.71 155.91 156.04 156.18 156.67 156.81 -999 -999 -999 -999 158.02 158.07 158.1 158.08 158.08 158.14 158.14 158.13 158.06 158.03 158 157.86 157.8 157.76 157.75 157.73 157.7 157.76 157.74 157.72 157.72 157.76 157.81 157.87 157.91
150.86 150.92 150.97 151.03 151.05 151.16 151.26 151.34 151.38 151.49 151.57 151.7 151.88 151.99 152.1 152.16 152.26 152.35 152.47 152.59 152.85 152.99 153.09 153.2 153.33 153.44 153.69 153.96 154.13 154.25 154.43 154.56 154.74 154.85 155.01 155.4 155.55 155.71 155.9 156.06 156.52 156.66 156.83 157.12 157.74 157.85 -999 -999 -999 158.14 158.1 158.13 158.17 158.12 158.05 157.93 157.95 157.98 157.82 157.81 157.76 157.75 157.75 157.73 157.76 157.76 157.7 157.73 157.78 157.79 157.87 157.93
150.9 150.96 150.99 151.05 151.14 151.18 151.29 151.34 151.43 151.52 151.6 151.73 151.91 152.02 152.13 152.22 152.28 152.41 152.48 152.62 152.88 153.01 153.12 153.22 153.36 153.46 153.73 153.99 154.11 154.3 154.43 154.61 154.76 154.86 155.04 155.41 155.57 155.74 155.85 156.09 156.54 156.68 156.85 157.14 157.76 157.87 157.98 -999 158.14 -999 -999 -999 -999 -999 -999 158.21 157.97 157.93 157.87 157.83 157.81 157.79 157.77 157.8 157.75 157.74 157.7 157.71 157.79 157.81 157.88 157.89
150.91 150.99 151.03 151.09 151.17 151.26 151.32 151.41 151.47 151.57 151.68 151.76 151.94 152.05 152.16 152.27 152.34 152.42 152.54 152.68 152.9 153.04 153.15 153.25 153.38 153.49 153.78 154.02 154.14 154.32 154.43 154.6 154.77 154.87 155.06 155.43 155.58 155.74 155.87 156.02 156.56 156.73 156.86 157.15 157.78 157.89 158 158.08 -999 158.2 -999 -999 158.26 158.25 158.26 -999 -999 -999 157.98 157.88 157.87 157.86 157.84 157.78 157.75 157.75 157.71 157.73 157.74 157.84 157.86 157.91
150.95 151.03 151.06 151.15 151.24 151.3 151.37 151.44 151.51 151.63 151.71 151.83 152 152.11 152.22 152.28 152.37 152.48 152.57 152.71 152.92 153.05 153.17 153.31 153.41 153.51 153.77 154.06 154.2 154.37 154.52 154.66 154.77 154.89 155.09 155.42 155.59 155.75 155.88 156.02 156.54 156.74 156.88 157.17 157.8 157.91 158.02 158.1 158.17 158.22 158.27 158.26 158.28 158.29 -999 -999 -999 -999 -999 157.95 157.94 157.92 157.91 157.89 157.88 157.86 157.78 157.8 157.84 157.85 157.9 157.97
150.99 151.05 151.11 151.17 151.28 151.37 151.39 151.49 151.61 151.7 151.78 151.89 152.06 152.17 152.27 152.36 152.43 152.52 152.61 152.77 152.97 153.11 153.23 153.35 153.46 153.61 153.85 154.09 154.28 154.41 154.55 154.69 154.8 154.9 155.09 155.45 155.63 155.77 155.92 156.05 156.52 156.76 156.9 157.19 157.85 157.96 158.04 158.12 158.19 158.24 158.29 158.28 158.3 158.31 158.3 158.28 -999 -999 158.03 157.97 157.95 157.94 157.92 157.91 157.89 157.87 157.83 157.81 157.85 157.9 157.94 157.98
151.07 151.13 151.19 151.23 151.33 151.42 151.5 151.54 151.66 151.76 151.83 151.96 152.09 152.22 152.33 152.46 152.5 152.59 152.69 152.81 153.05 153.21 153.31 153.41 153.52 153.62 153.9 154.17 154.29 154.41 154.56 154.68 154.81 154.96 155.1 155.47 155.67 155.78 155.94 156.07 156.51 156.79 156.95 157.24 157.87 157.98 158.06 158.14 158.21 158.26 158.31 158.33 158.31 158.33 158.32 158.3 158.29 158.24 158.08 158.02 157.97 157.96 157.94 157.92 157.94 157.92 157.84 157.86 157.9 157.91 157.96 158.03
151.14 151.2 151.29 151.33 151.42 151.52 151.59 151.67 151.81 151.89 151.97 152.06 152.26 152.32 152.43 152.53 152.59 152.68 152.77 152.9 153.13 153.27 153.37 153.45 153.54 153.64 153.94 154.17 154.33 154.45 154.6 154.72 154.83 154.97 155.14 155.48 155.68 155.84 155.95 156.08 156.56 156.72 156.98 157.75 157.89 158 158.11 158.19 158.27 158.31 158.36 158.35 158.36 158.35 158.34 158.32 158.31 158.26 158.1 158.03 158.02 158 157.99 157.97 157.98 157.97 157.92 157.93 157.98 158.02 158.06 158.1
151.38 151.4 151.47 151.52 151.62 151.73 151.81 151.91 151.98 152.11 152.18 152.22 152.41 152.53 152.66 152.74 152.79 152.85 152.95 153.11 153.29 153.39 153.46 153.56 153.66 153.76 154.01 154.25 154.41 154.52 154.69 154.79 154.92 155.04 155.18 155.54 155.69 155.85 155.98 156.16 156.62 156.76 157 157.78 157.95 158.05 158.13 158.21 158.29 158.33 158.38 158.37 158.38 158.37 158.39 158.37 158.36 158.31 158.15 158.08 158.07 158.05 158.03 158.02 158 158.01 157.97 157.98 158.02 158.06 158.11 158.15
151.45 151.54 151.58 151.66 151.76 151.84 151.91 151.98 152.1 152.2 152.29 152.33 152.56 152.66 152.79 152.85 152.9 152.97 153.12 153.18 153.33 153.43 153.55 153.65 153.73 153.83 154.06 154.23 154.45 154.6 154.72 154.83 154.97 155.08 155.24 155.55 155.73 155.9 156.05 156.47 156.64 156.83 157 157.83 157.97 158.08 158.15 158.23 158.31 158.36 158.4 158.39 158.4 158.42 158.41 158.39 158.38 158.33 158.17 158.12 158.1 158.09 158.1 158.08 158.07 158.08 158.06 158.07 158.09 158.13 158.17 158.24
151.56 151.61 151.72 151.8 151.87 151.95 152.02 152.1 152.23 152.33 152.41 152.5 152.69 152.81 152.89 152.98 153.05 153.11 153.19 153.28 153.44 153.54 153.62 153.74 153.81 153.91 154.15 154.29 154.51 154.65 154.76 154.9 155.03 155.14 155.3 155.61 155.79 155.95 156.08 156.53 156.72 156.89 156.95 157.78 157.97 158.1 158.18 158.25 158.33 158.41 158.42 158.41 158.43 158.44 158.43 158.41 158.4 158.38 158.21 158.17 158.15 158.14 158.12 158.13 158.11 158.13 158.11 158.12 158.16 158.21 158.25 158.29
151.67 151.74 151.81 151.91 152.01 152.09 152.15 152.25 152.39 152.47 152.55 152.65 152.82 152.9 153 153.06 153.16 153.24 153.29 153.41 153.54 153.64 153.76 153.84 153.93 153.99 154.22 154.35 154.58 154.71 154.83 154.96 155.04 155.17 155.35 155.69 155.85 155.98 156.04 156.64 156.74 156.86 157.01 157.75 157.96 158.09 158.2 158.31 158.35 158.43 158.45 158.46 158.48 158.46 158.48 158.46 158.45 158.4 158.23 158.22 158.2 158.17 158.15 158.18 158.16 158.17 158.16 158.17 158.21 158.25 158.29 158.33
151.77 151.87 151.96 152.04 152.15 152.25 152.33 152.41 152.47 152.61 152.68 152.79 152.93 153.03 153.12 153.19 153.27 153.37 153.4 153.5 153.65 153.77 153.87 153.92 153.98 154.1 154.32 154.45 154.67 154.79 154.89 155 155.12 155.24 155.43 155.72 155.76 155.96 156.14 156.19 156.69 156.83 156.98 157.83 157.91 158.04 158.12 158.31 158.39 158.42 158.46 158.48 158.5 158.48 158.5 158.46 158.45 158.43 158.27 158.21 158.21 158.12 158.14 158.15 158.2 158.22 158.17 158.23 158.26 158.33 158.37 158.41
151.94 152.02 152.1 152.18 152.31 152.41 152.49 152.57 152.65 152.73 152.82 152.93 153.06 153.17 153.24 153.33 153.36 153.41 153.52 153.6 153.78 153.88 153.91 154.01 154.08 154.21 154.41 154.52 154.72 154.87 154.96 155.09 155.17 155.32 155.4 155.72 155.82 156.04 156.09 156.21 156.74 156.84 157.51 157.78 157.96 158.03 158.13 158.25 158.28 158.44 158.45 158.49 158.5 158.52 158.5 158.5 158.46 158.43 158.19 158.21 158.12 158.14 158.18 158.09 158.14 158.15 158.14 158.21 158.33 158.41 158.45 158.49
152.11 152.17 152.25 152.33 152.46 152.55 152.67 152.76 152.84 152.91 152.99 153.07 153.23 153.33 153.39 153.44 153.52 153.58 153.65 153.76 153.91 154.01 154.04 154.12 154.2 154.29 154.53 154.66 154.86 154.97 155.05 155.06 155.18 155.35 155.49 155.74 155.92 156.01 156.11 156.24 156.37 156.89 157.5 157.79 157.95 158.03 158.09 158.25 158.35 158.45 158.4 158.46 158.51 158.54 158.52 158.48 158.48 158.42 158.2 158.22 158.17 158.22 158.12 158.2 158.18 158.15 158.21 158.25 158.33 158.48 158.55 158.59
152.27 152.33 152.41 152.49 152.64 152.75 152.86 152.94 153.04 153.12 153.19 153.27 153.41 153.5 153.57 153.64 153.79 153.89 153.98 154.06 154.19 154.24 154.29 154.39 154.45 154.55 154.78 154.86 155.01 155.02 155.11 155.23 155.34 155.49 155.58 155.8 155.94 156.05 156.17 156.25 156.41 156.69 157.56 157.82 157.95 158.06 158.15 158.23 158.4 158.4 158.42 158.44 158.45 158.5 158.5 158.45 158.44 158.38 158.34 158.29 158.26 158.32 158.22 158.2 158.24 158.36 158.37 158.45 158.63 158.64 158.75 158.82
152.59 152.63 152.67 152.85 152.99 153.12 153.28 153.35 153.43 153.5 153.57 153.63 153.71 153.82 153.87 153.97 154.02 154.07 154.12 154.23 154.31 154.42 154.47 154.53 154.62 154.66 154.79 154.87 155.01 155.11 155.22 155.32 155.45 155.53 155.62 155.85 155.98 156.09 156.18 156.32 156.42 156.74 157.59 157.83 157.98 158.09 158.16 158.35 158.4 158.4 158.45 158.46 158.5 158.52 158.53 158.48 158.47 158.42 158.32 158.22 158.31 158.27 158.25 158.22 158.3 158.36 158.48 158.56 158.7 158.67 158.81 158.91
152.76 152.83 152.92 152.98 153.2 153.36 153.45 153.56 153.63 153.71 153.78 153.85 153.93 154 154.07 154.12 154.21 154.28 154.31 154.41 154.46 154.55 154.62 154.63 154.68 154.82 154.9 154.98 155.11 155.21 155.29 155.42 155.52 155.54 155.66 155.89 156 156.12 156.24 156.35 156.49 156.57 157.62 157.87 158.03 158.1 158.19 158.32 158.43 158.43 158.45 158.52 158.55 158.56 158.52 158.53 158.52 158.49 158.3 158.27 158.28 158.33 158.23 158.34 158.42 158.48 158.54 158.63 158.75 158.78 158.86 158.98
152.9 152.99 153.08 153.22 153.35 153.51 153.63 153.69 153.79 153.86 153.95 154 154.07 154.14 154.21 154.28 154.36 154.43 154.45 154.5 154.57 154.66 154.68 154.75 154.81 154.93 154.98 155.07 155.21 155.29 155.4 155.52 155.55 155.62 155.71 155.95 156.06 156.18 156.27 156.4 156.49 156.61 157.57 157.88 158.04 158.15 158.23 158.34 158.49 158.46 158.51 158.56 158.57 158.56 158.58 158.57 158.55 158.47 158.31 158.32 158.24 158.35 158.41 158.47 158.44 158.63 158.67 158.77 158.79 158.8 158.93 159.09
153.07 153.16 153.22 153.34 153.53 153.71 153.8 153.89 153.94 154.01 154.1 154.17 154.27 154.32 154.38 154.42 154.49 154.53 154.55 154.58 154.69 154.77 154.82 154.85 154.97 155.03 155.08 155.17 155.29 155.39 155.47 155.53 155.62 155.72 155.77 156 156.11 156.23 156.32 156.45 156.52 157.47 157.62 157.97 158.09 158.21 158.31 158.42 158.5 158.52 158.59 158.55 158.56 158.59 158.63 158.62 158.62 158.59 158.44 158.38 158.31 158.25 158.44 158.48 158.63 158.69 158.77 158.81 158.88 158.98 159.04 159.18
153.25 153.32 153.39 153.51 153.67 153.85 153.95 154.07 154.12 154.19 154.27 154.34 154.39 154.46 154.52 154.55 154.62 154.65 154.65 154.69 154.81 154.89 154.92 155.01 155.05 155.15 155.18 155.27 155.41 155.49 155.57 155.63 155.71 155.76 155.84 156.05 156.17 156.26 156.4 156.48 156.55 157.5 157.63 157.9 158.08 158.18 158.24 158.36 158.47 158.57 158.64 158.58 158.6 158.66 158.65 158.63 158.58 158.5 158.42 158.39 158.33 158.37 158.49 158.56 158.6 158.68 158.79 158.86 158.99 159.12 159.2 159.31
153.4 153.52 153.57 153.69 153.86 154.03 154.13 154.2 154.27 154.34 154.4 154.47 154.57 154.61 154.68 154.71 154.78 154.77 154.84 154.91 154.98 155.01 155.05 155.12 155.18 155.24 155.32 155.38 155.51 155.57 155.65 155.71 155.76 155.83 155.92 156.12 156.22 156.33 156.42 156.51 156.6 157.55 157.63 157.9 158.07 158.19 158.27 158.34 158.45 158.59 158.62 158.68 158.63 158.72 158.68 158.63 158.6 158.57 158.45 158.43 158.41 158.38 158.53 158.63 158.68 158.76 158.96 159 159.12 159.23 159.33 159.4
153.56 153.72 153.84 153.92 154.06 154.22 154.32 154.39 154.48 154.55 154.61 154.68 154.74 154.81 154.87 154.89 154.95 154.96 155.02 155.05 155.12 155.16 155.22 155.28 155.33 155.42 155.45 155.52 155.59 155.68 155.73 155.79 155.85 155.9 156.02 156.18 156.3 156.39 156.5 156.56 156.65 157.58 157.68 157.93 158.13 158.23 158.26 158.34 158.5 158.53 158.61 158.66 158.71 158.75 158.72 158.71 158.64 158.58 158.49 158.53 158.51 158.6 158.7 158.76 158.79 158.9 159.05 159.19 159.31 159.44 159.56 159.57
153.91 154.05 154.15 154.24 154.34 154.56 154.65 154.72 154.82 154.88 154.94 155.01 155.09 155.13 155.2 155.21 155.27 155.28 155.3 155.36 155.37 155.44 155.5 155.54 155.61 155.62 155.7 155.77 155.8 155.84 155.89 155.95 155.99 156.04 156.13 156.26 156.37 156.48 156.52 156.62 156.7 157.61 157.71 157.9 158.02 158.2 158.27 158.36 158.45 158.48 158.55 158.68 158.73 158.7 158.69 158.64 158.66 158.61 158.65 158.58 158.65 158.69 158.79 158.84 158.89 158.97 159.09 159.23 159.39 159.56 159.67 159.74
154.12 154.23 154.31 154.45 154.51 154.75 154.84 154.91 154.98 155.06 155.12 155.19 155.25 155.31 155.35 155.38 155.41 155.42 155.43 155.48 155.55 155.61 155.68 155.71 155.74 155.78 155.82 155.85 155.87 155.93 155.99 156.05 156.07 156.13 156.18 156.36 156.45 156.51 156.6 156.67 157.55 157.64 157.74 157.93 158.05 158.18 158.23 158.3 158.41 158.48 158.55 158.7 158.71 158.77 158.73 158.7 158.66 158.64 158.66 158.72 158.72 158.74 158.86 158.89 158.94 159.07 159.16 159.29 159.47 159.61 159.75 159.81
154.28 154.4 154.49 154.57 154.69 154.89 155 155.07 155.08 155.22 155.28 155.34 155.43 155.46 155.48 155.49 155.52 155.54 155.59 155.62 155.68 155.72 155.78 155.84 155.88 155.89 155.92 155.96 155.97 156.03 156.06 156.1 156.16 156.2 156.26 156.4 156.49 156.56 156.62 156.72 157.6 157.7 157.77 157.93 158.03 158.13 158.24 158.31 158.44 158.5 158.58 158.68 158.77 158.74 158.74 158.7 158.71 158.7 158.7 158.78 158.78 158.86 158.91 158.96 159.02 159.07 159.19 159.31 159.52 159.65 159.78 159.87
154.42 154.53 154.63 154.75 154.84 155.04 155.11 155.2 155.24 155.32 155.4 155.46 155.55 155.61 155.6 155.62 155.63 155.65 155.7 155.74 155.83 155.86 155.89 155.92 155.97 156 155.99 156.04 156.05 156.1 156.14 156.17 156.23 156.27 156.35 156.47 156.55 156.61 156.7 156.78 157.63 157.73 157.81 157.94 158.06 158.13 158.22 158.31 158.38 158.5 158.59 158.71 158.71 158.73 158.75 158.74 158.74 158.74 158.76 158.84 158.9 158.86 158.92 159.04 159.13 159.1 159.26 159.39 159.53 159.72 159.82 159.9
154.53 154.67 154.76 154.88 154.97 155.18 155.26 155.35 155.4 155.46 155.55 155.61 155.67 155.71 155.78 155.77 155.78 155.79 155.88 155.89 155.92 155.97 156 156.03 156.04 156.06 156.12 156.15 156.16 156.22 156.23 156.27 156.3 156.34 156.42 156.47 156.59 156.68 156.75 156.81 157.69 157.76 157.86 158.01 158.08 158.16 158.17 158.3 158.4 158.45 158.57 158.71 158.74 158.76 158.76 158.74 158.75 158.75 158.79 158.83 158.86 158.92 158.92 159.06 159.13 159.16 159.28 159.41 159.66 159.78 159.84 159.89
