DE_solarradiation/solarradiation_2018_06.asc
NCOLS 654
NROWS 866
XLLCORNER 3280500
YLLCORNER 5237500
CELLSIZE 1000
NODATA_VALUE -999
[rows 576 to 607 of 866, columns 144 to 215 of 654]
179.26 179.83 179.95 180.22 180.27 180.5 180.57 180.77 181.43 181.85 182.11 182.24 182.53 182.88 183.13 183.21 183.75 184.02 183.9 183.96 184.07 184.32 184.32 184.5 184.6 184.6 184.34 184.46 184.64 184.62 184.57 184.36 184.31 184.23 184.14 184.06 183.97 183.78 183.39 183.42 183.27 183.11 182.95 182.77 182.57 182.33 181.82 181.58 181.37 181.19 181.04 180.84 180.56 180.24 180.08 179.99 179.9 179.71 179.74 179.74 179.68 179.62 179.56 179.51 179.46 179.37 179.36 179.31 179.11 179.03 178.95 178.65
179.44 180.05 180.35 180.51 180.61 180.77 180.98 181.08 181.73 181.87 182.16 182.46 182.8 183.08 183.18 183.33 183.9 184.14 184.29 184.35 184.46 184.55 184.56 184.6 184.64 184.76 184.47 184.71 184.73 184.72 184.64 184.47 184.38 184.3 184.19 184.1 183.97 183.82 183.62 183.43 183.24 183.12 182.93 182.75 182.54 182.31 181.77 181.53 181.3 181.14 180.99 180.79 180.49 180.1 179.95 179.93 179.8 179.71 179.65 179.72 179.67 179.59 179.53 179.5 179.45 179.35 179.31 179.27 179.13 179.08 179 178.69
179.6 180.15 180.54 180.62 180.77 180.61 181.07 181.39 182.03 182.08 182.44 182.59 182.87 182.92 183.11 183.41 183.92 184.12 184.29 184.42 184.48 184.64 184.65 184.64 184.68 184.72 184.7 184.74 184.48 184.76 184.68 184.51 184.4 184.31 184.23 184.12 184 184.02 183.63 183.41 183.22 183.07 182.91 182.73 182.52 182.26 181.7 181.48 181.25 181.12 180.94 180.72 180.44 180.15 179.88 179.74 179.6 179.63 179.68 179.65 179.59 179.47 179.47 179.5 179.49 179.33 179.3 179.24 179.05 178.95 178.84 178.55
179.79 180.33 180.58 180.8 180.66 180.88 181.26 181.59 182.13 182.37 182.56 182.64 182.8 182.83 183.13 183.42 183.86 184.12 184.29 184.39 184.5 184.64 184.64 184.64 184.71 184.69 184.68 184.49 184.56 184.79 184.73 184.52 184.44 184.33 184.24 184.36 184.22 184.03 183.61 183.39 183.23 183.04 182.89 182.73 182.49 182.23 181.7 181.41 181.23 181.03 180.85 180.58 180.26 180.08 179.88 179.77 179.58 179.58 179.61 179.45 179.51 179.49 179.49 179.47 179.48 179.36 179.31 179.23 179.12 178.92 178.87 178.52
179.84 180.4 180.62 180.85 181.06 181.25 181.44 181.65 182.17 182.49 182.6 182.61 182.73 182.85 183.14 183.42 183.86 184.04 184.3 184.44 184.54 184.65 184.61 184.76 184.76 184.77 184.63 184.45 184.77 184.85 184.77 184.54 184.45 184.34 184.49 184.35 184.22 184.01 183.58 183.37 183.18 183.02 182.87 182.68 182.45 182.2 181.65 181.38 181.2 180.98 180.69 180.33 180.1 179.96 179.81 179.65 179.45 179.41 179.44 179.5 179.55 179.52 179.47 179.49 179.49 179.37 179.3 179.23 179.07 178.88 178.82 178.77
179.79 180.45 180.68 180.84 180.99 181.22 181.46 181.75 182.21 182.46 182.54 182.56 182.67 182.87 183.17 183.47 183.91 184.14 184.27 184.43 184.55 184.71 184.69 184.73 184.84 184.78 184.56 184.53 184.75 184.86 184.78 184.58 184.47 184.57 184.5 184.37 184.22 184.02 183.59 183.38 183.19 183 182.81 182.66 182.42 182.15 181.61 181.37 181.15 180.93 180.67 180.47 180.16 179.98 179.71 179.51 179.59 179.48 179.38 179.41 179.52 179.49 179.44 179.44 179.47 179.37 179.32 179.28 179.01 178.74 178.72 178.69
179.84 180.51 180.63 180.84 180.89 181.05 181.45 181.78 182.23 182.26 182.44 182.49 182.65 182.96 183.19 183.41 183.89 184.07 184.27 184.42 184.6 184.6 184.56 184.67 184.74 185.05 185.04 184.59 184.87 184.87 184.79 184.59 184.72 184.6 184.46 184.33 184.21 184.01 183.57 183.35 183.17 182.98 182.79 182.61 182.4 182.13 181.58 181.32 181.1 180.92 180.73 180.49 179.98 180 179.79 179.54 179.53 179.47 179.37 179.4 179.31 179.44 179.47 179.51 179.46 179.34 179.28 179.25 178.9 178.69 178.58 178.69
180.03 180.48 180.72 180.89 180.9 181.13 181.43 181.7 182.24 182.26 182.37 182.31 182.54 182.81 183.04 183.27 183.79 184.03 184.21 184.4 184.48 184.58 184.62 184.6 184.68 185.01 185.08 185.05 185.31 185.25 185.16 184.83 184.72 184.58 184.48 184.36 184.23 184.02 183.55 183.3 183.12 182.93 182.74 182.55 182.35 182.05 181.5 181.26 181.03 180.85 180.71 180.36 180.1 179.92 179.67 179.42 179.26 179.36 179.24 179.34 179.4 179.34 179.41 179.49 179.29 179.25 179.16 179.19 178.8 178.52 178.37 178.49
180.05 180.46 180.65 180.79 180.96 181.03 181.29 181.57 182.07 182.28 182.43 182.51 182.67 182.83 183.1 183.25 183.75 184.09 184.19 184.32 184.46 184.45 184.41 184.58 184.6 184.98 185.02 185.13 185.32 185.26 185.18 184.85 184.73 184.61 184.49 184.35 184.19 184.01 183.52 183.31 183.09 182.91 182.72 182.53 182.3 182.03 181.48 181.23 181 180.84 180.6 180.25 180.05 179.65 179.66 179.22 179.36 179.35 179.3 179.33 179.31 179.21 179.38 179.45 179.17 179.1 179.05 179.15 178.87 178.65 178.4 178.48
179.95 180.36 180.59 180.69 180.88 181.03 181.11 181.45 182.01 182.26 182.45 182.63 182.77 182.85 183.08 183.38 183.81 183.98 183.95 184.25 184.33 184.47 184.41 184.52 184.85 185.02 185.02 185.03 185.31 185.25 185.04 184.81 184.69 184.6 184.47 184.35 184.2 183.99 183.5 183.29 183.07 182.89 182.7 182.51 182.28 182.01 181.46 181.19 180.96 180.78 180.51 180.2 179.87 179.41 179.22 179.16 179.28 179.22 179.19 179.27 179.26 179.27 179.36 179.34 179.18 179.02 179.1 178.91 178.61 178.61 178.35 178.02
179.97 180.35 180.54 180.41 180.71 180.91 181.2 181.4 181.87 182.11 182.26 182.42 182.65 182.81 183.05 183.17 183.71 183.99 184.08 184.14 184.21 184.34 184.34 184.47 184.86 184.96 184.94 185.08 185.27 185.23 185.04 184.83 184.69 184.57 184.45 184.33 184.18 183.99 183.51 183.27 183.08 182.9 182.71 182.5 182.29 182.01 181.44 181.17 180.92 180.72 180.42 180.12 179.76 179.32 179.15 179.11 178.99 179.17 179.04 179.07 179.06 179.25 179.31 179.18 179.27 179.11 179.13 178.79 178.42 178.2 178.16 178.06
179.88 180.08 180.38 180.36 180.55 180.68 180.87 181.06 181.48 181.84 182.14 182.22 182.49 182.69 182.95 183.03 183.6 183.87 184.05 184.16 184.27 184.36 184.39 184.41 184.85 184.94 184.94 185.16 185.27 185.08 185.01 184.79 184.67 184.58 184.46 184.33 184.18 183.97 183.49 183.27 183.06 182.87 182.69 182.5 182.28 182.02 181.44 181.15 180.9 180.67 180.39 180.07 179.7 179.26 179.09 178.98 179.13 179.17 179.01 179.24 179.19 179.2 179.11 178.91 178.97 179.13 179.08 178.84 178.48 178.26 177.97 178.09
179.68 179.92 180.22 180.42 180.47 180.56 180.69 180.8 181.27 181.47 181.66 182.11 182.37 182.6 182.72 183 183.55 183.78 183.91 184.08 184.21 184.34 184.37 184.46 184.84 184.91 184.95 185.17 185.11 185.06 184.99 184.81 184.67 184.55 184.46 184.31 184.19 183.98 183.49 183.28 183.07 182.88 182.7 182.51 182.29 182.01 181.42 181.11 180.88 180.7 180.41 180.05 179.68 179.17 179.03 178.97 179.14 178.99 178.94 179.04 178.99 178.9 179.07 178.68 178.77 178.87 178.97 178.77 178.59 177.97 177.94 177.95
179.48 179.8 180.1 180.12 180.26 180.34 180.46 180.71 181.14 181.29 181.76 181.79 182.24 182.34 182.52 183.04 183.47 183.65 183.85 183.99 184.12 184.22 184.3 184.81 184.92 185.03 185.03 185.17 185.09 185.03 184.97 184.76 184.68 184.56 184.47 184.35 184.2 183.98 183.53 183.29 183.07 182.89 182.7 182.52 182.3 182.02 181.42 181.14 180.91 180.7 180.24 179.94 179.55 178.98 178.87 178.98 179.02 178.77 178.9 178.99 178.47 179.07 178.84 178.53 178.66 178.83 178.82 178.63 178.31 177.91 177.63 177.96
179.26 179.61 179.7 179.86 180.04 180.15 180.27 180.45 181.02 181.17 181.46 181.87 182.14 182.41 182.67 182.89 183.31 183.35 183.62 183.86 184.03 184.18 184.19 184.65 184.79 184.88 185 185.05 185.06 185.03 184.97 184.77 184.68 184.62 184.52 184.38 184.26 184.05 183.6 183.36 183.17 182.99 182.77 182.59 182.37 182.09 181.49 181.2 180.97 180.7 180.25 179.94 179.59 179.1 178.78 178.94 178.72 178.79 178.82 178.48 178.51 178.1 178.22 178.3 178.4 178.49 178.52 178.34 177.87 177.43 177.3 177.41
178.98 179.39 179.37 179.46 179.65 179.73 179.85 180.19 180.91 181.19 181.34 181.68 181.84 182.12 182.25 182.47 183.02 183.05 183.22 183.6 183.87 184.01 184.07 184.64 184.77 184.89 184.89 185.05 185.06 185.03 184.98 184.83 184.74 184.63 184.54 184.42 184.27 184.09 183.64 183.39 183.18 183 182.81 182.6 182.38 182.1 181.48 181.19 180.91 180.23 180.11 179.82 179.42 179.14 178.95 178.7 178.71 178.38 178.3 178.66 178.28 178.17 178.24 178.37 178.36 178.39 178.39 178.06 177.63 177.08 177.06 177.03
178.76 179.17 179.4 179.27 179.48 179.67 179.91 180.23 180.72 181.03 181.23 181.35 181.43 181.87 182.17 182.11 182.66 182.91 183.1 183.32 183.77 183.88 184.32 184.67 184.72 184.82 184.87 185.02 185.03 185.03 184.98 184.83 184.75 184.63 184.54 184.42 184.3 184.09 183.67 183.43 183.22 183.03 182.82 182.63 182.42 182.14 181.51 181.21 180.7 180.25 179.94 179.69 179.29 178.97 178.95 178.74 178.65 178.42 178.1 177.72 177.83 177.65 177.87 178.04 178.18 178.2 178.14 177.89 177.5 176.88 176.78 176.92
178.71 179.15 179.02 179.11 179.43 179.81 179.75 180.06 180.64 180.74 180.87 181.09 181.56 181.78 181.97 182.08 182.63 182.91 183.08 183.34 183.54 183.98 184.25 184.58 184.71 184.97 184.99 185.02 185.03 185.01 184.98 184.83 184.75 184.66 184.55 184.43 184.31 184.13 183.92 183.47 183.23 183.04 182.86 182.64 182.43 182.15 181.54 181.24 180.34 179.41 179.91 179.56 179.13 179.21 178.96 178.78 178.45 178.14 177.65 177.35 177.46 177.9 177.92 178.04 178.14 178.01 177.86 177.53 177.29 176.71 176.76 176.7
178.67 178.74 178.79 178.96 179.19 179.29 179.52 179.9 180.25 180.54 180.84 181.14 181.31 181.66 181.88 182.09 182.64 182.88 183.02 183.28 183.74 184.13 184.29 184.53 184.66 184.83 184.99 184.99 185.03 185.01 184.95 184.84 184.75 184.67 184.55 184.46 184.34 184.17 183.96 183.51 183.26 183.05 182.87 182.65 182.43 182.16 181.55 181.25 180.64 179.84 180.18 179.82 179.68 179.63 178.93 178.59 178.44 178.11 177.7 177.61 177.56 177.68 177.82 178.04 177.74 177.91 177.65 177.29 177.12 176.66 176.56 176.54
178.69 178.62 178.78 178.85 179.04 179.2 179.56 179.58 180.11 180.42 180.75 180.86 181.05 181.31 181.68 182.15 182.76 182.97 183.27 183.7 183.86 184.15 184.33 184.5 184.73 184.85 184.88 184.99 185 185 184.95 184.84 184.75 184.67 184.58 184.47 184.35 184.2 183.96 183.51 183.27 183.09 182.87 182.69 182.43 182.17 181.54 181.24 180.8 180.31 180.23 179.97 179.88 179.55 179.09 178.3 178.11 178.05 177.75 177.6 177.61 177.89 177.88 177.93 177.82 177.77 177.26 176.87 176.26 176.16 176.33 176.38
178.57 178.49 178.58 178.78 178.98 179.07 179.27 179.49 180.01 180.36 180.51 180.73 181.01 181.33 181.73 182.1 182.81 183.13 183.5 183.69 183.8 184.05 184.15 184.35 184.62 184.74 184.91 184.99 185 185 184.97 184.84 184.75 184.69 184.59 184.47 184.38 184.21 184 183.55 183.31 183.1 182.91 182.7 182.48 182.19 181.55 181.25 180.96 180.4 180.24 179.89 179.37 179.22 178.55 177.93 178.04 178.23 177.9 177.32 177.66 177.73 177.86 177.54 177.35 177.43 177.03 176.64 176.18 175.98 175.89 175.87
178.18 178.44 178.49 178.55 178.77 178.99 179.15 179.37 179.62 180.14 180.42 180.64 180.94 181.2 181.52 182.02 182.54 182.98 183.28 183.52 183.78 184 184.2 184.35 184.59 184.73 184.87 185 184.99 185 184.98 184.84 184.79 184.72 184.64 184.5 184.39 184.24 184.03 183.56 183.32 183.13 182.9 182.69 182.47 182.2 181.59 181.29 180.89 180.55 180.14 179.98 179.83 179.56 178.46 177.97 178.02 178 178.15 177.76 177.59 177.55 177.34 177.05 176.76 176.99 176.59 176.24 175.82 175.39 175.27 175
178.13 178.35 178.22 178.61 178.92 179.08 179.02 179.2 179.43 180.02 180.3 180.59 180.81 181.03 181.29 181.71 182.44 182.9 183.22 183.5 183.77 184.01 184.17 184.37 184.72 184.82 184.96 185.04 185.08 185.09 185.04 184.93 184.85 184.76 184.68 184.6 184.48 184.31 184.1 183.62 183.41 183.2 182.99 182.79 182.54 182.26 181.66 181.38 181.07 180.66 180.35 180.23 179.86 179.08 178.11 177.7 177.46 178.06 178.26 177.64 177.66 177.29 177.05 176.77 176.74 176.75 176.47 176.23 175.41 175.28 175.05 174.84
177.7 177.99 178.04 178.42 178.7 178.9 179.06 179.35 179.49 180 180.39 180.49 180.72 180.97 181.22 181.77 182.37 182.85 183.26 183.49 183.75 183.97 184.2 184.4 184.75 184.89 184.96 185.03 185.08 185.09 185.07 184.94 184.88 184.79 184.71 184.6 184.49 184.34 184.14 183.66 183.42 183.19 183.01 182.78 182.58 182.3 181.69 181.38 181.11 180.63 180.47 180.02 179.32 178.84 178.2 178.13 177.85 178.16 178.13 177.89 177.8 177.32 176.76 176.29 176.61 176.32 176.12 175.66 175.32 174.89 174.78 174.5
177.39 177.6 177.84 178.3 178.57 178.84 178.81 179.04 179.58 180.12 180.47 180.43 180.65 180.9 181.28 181.62 182.32 182.88 183.24 183.53 183.76 183.97 184.19 184.28 184.63 184.75 184.86 185.01 185.07 185.08 185.06 184.92 184.87 184.79 184.71 184.6 184.49 184.35 184.11 183.66 183.43 183.2 183.02 182.8 182.59 182.31 181.67 181.37 181.12 180.86 180.26 179.7 179.51 178.89 178.55 178.07 178.38 178.25 178.16 177.91 177.72 177.2 176.53 176.26 176.32 176.11 175.64 175.37 175.15 174.73 174.72 174.37
177.54 177.98 178.1 178.3 178.5 178.7 178.68 178.9 179.21 180.01 180.55 180.66 180.87 181.02 181.23 181.61 182.28 182.93 183.22 183.45 183.6 183.8 183.96 184.17 184.51 184.67 184.8 184.97 185.01 185.05 185.03 184.92 184.84 184.79 184.68 184.6 184.49 184.32 184.11 183.67 183.43 183.2 183.04 182.81 182.58 182.3 181.68 181.4 181.15 180.8 180.38 179.82 179.49 179.01 178.6 178.52 178.4 178.24 178.1 177.9 177.67 177.01 176.19 176.01 175.77 175.42 175.54 175.49 175.01 174.66 174.62 174.17
177.59 177.84 178.04 178.24 178.4 178.67 178.76 179.16 179.44 180.05 180.37 180.62 181.02 181.31 181.59 181.9 182.49 182.88 183.13 183.34 183.54 183.75 183.95 184.19 184.57 184.73 184.83 184.94 184.99 185.02 185.02 184.92 184.84 184.76 184.68 184.6 184.49 184.32 184.12 183.64 183.44 183.21 183 182.8 182.59 182.3 181.69 181.38 181.16 180.91 180.43 180.27 179.87 179.47 178.65 178.65 178.45 178.33 178.09 177.88 177.56 176.7 176.14 175.9 175.55 175.5 175.25 175.43 174.77 174.64 174.49 174.14
177.57 177.74 178.01 178.28 178.55 178.71 178.94 179.02 179.26 179.76 180.04 180.5 180.9 180.93 181.36 181.85 182.6 182.9 183.23 183.42 183.62 183.85 184.02 184.23 184.6 184.74 184.86 184.93 184.95 184.99 184.98 184.88 184.84 184.76 184.68 184.57 184.47 184.3 184.09 183.65 183.41 183.19 183.01 182.78 182.6 182.31 181.7 181.39 181.12 180.92 180.47 179.95 179.55 179.4 178.37 178.52 178.07 178.23 178.07 177.79 177.31 176.07 175.69 175.65 175.4 175.28 175.12 174.99 174.96 174.35 174.24 173.93
177.46 177.71 177.94 178.07 178.3 178.61 178.66 178.64 178.97 179.54 180 180.5 180.6 180.67 181.01 181.45 182.37 182.75 183.08 183.32 183.57 183.72 183.93 184.09 184.46 184.62 184.74 184.86 184.92 184.96 184.94 184.84 184.8 184.73 184.65 184.54 184.44 184.3 184.07 183.62 183.39 183.2 182.99 182.81 182.57 182.31 181.68 181.39 181.12 180.88 180.26 179.92 179.22 178.94 178.38 178.27 178.26 178.18 177.94 177.59 177.11 175.77 175.58 175.54 175.3 175.31 174.93 174.86 174.82 174.29 173.85 173.91
177.39 177.75 177.99 178.11 178.27 178.47 178.48 178.57 178.9 179.68 180.13 180.31 180.37 180.55 180.87 181.36 182.32 182.64 183.03 183.28 183.47 183.69 183.87 184.09 184.44 184.59 184.72 184.83 184.93 184.95 184.94 184.81 184.73 184.66 184.59 184.48 184.38 184.24 184.04 183.6 183.37 183.19 182.98 182.78 182.57 182.27 181.74 181.45 181.18 180.98 180.59 179.88 179.62 178.93 178.62 178.26 178.1 178.09 177.75 177.48 176.67 175.64 175.32 175.35 175.01 174.95 174.28 174.38 174.27 174.01 173.65 173.49
177.23 177.62 177.74 177.94 178.17 178.3 178.27 178.41 178.82 179.57 179.81 179.98 180.23 180.44 180.91 181.25 182.26 182.63 182.97 183.15 183.41 183.61 183.83 184.04 184.47 184.61 184.76 184.82 184.89 184.94 184.9 184.74 184.7 184.62 184.55 184.45 184.35 184.21 184.01 183.57 183.34 183.15 182.94 182.76 182.55 182.28 181.7 181.44 181.18 180.94 180.71 180.08 179.59 179.09 178.59 178.35 178.15 178.03 177.76 177.35 176.73 175.45 175.13 175.31 174.97 174.88 174.02 174.2 174.06 173.69 173.36 172.8
177.28 177.52 177.75 177.96 178.08 178.19 178.4 178.47 178.78 179.29 179.62 179.83 180.11 180.3 180.55 181.13 182.13 182.48 182.77 183.01 183.21 183.44 183.66 183.91 184.34 184.51 184.64 184.78 184.85 184.85 184.86 184.7 184.63 184.59 184.49 184.42 184.31 184.15 183.95 183.5 183.3 183.09 182.92 182.74 182.53 182.28 181.68 181.42 181.16 180.96 180.71 179.82 179.34 179.06 178.68 178.5 178.31 177.97 177.56 177.25 176.56 175.14 175.19 175.12 174.99 174.76 174.34 174.12 173.75 173.24 172.91 172.64
