DE_solarradiation/solarradiation_2018_03.asc
NCOLS 654
NROWS 866
XLLCORNER 3280500
YLLCORNER 5237500
CELLSIZE 1000
NODATA_VALUE -999
[rows 525 to 559 of 866, columns 390 to 467 of 654]
70.3 70.4 70.55 70.55 70.59 70.85 70.83 70.97 71.34 71.47 72.03 72.1 72.2 72.58 72.66 72.8 73.01 73.17 73.5 73.61 73.68 73.81 73.97 74.19 74.28 74.53 74.73 74.88 75.03 75.21 75.22 75.29 75.42 75.65 75.83 75.82 75.93 75.92 75.94 75.99 76.04 76.09 76.13 76.12 76.16 76.16 76.13 76.13 76.03 76.05 76.06 76.05 75.99 -999 -999 -999 75.79 75.54 75.59 75.54 75.43 75.39 75.29 75.23 75.19 75.17 75.05 75.03 74.93 74.85 74.81 -999 -999 -999 -999 -999 -999 -999
70.4 70.32 70.61 70.56 70.76 70.71 70.98 71.15 71.31 71.39 71.7 72.09 72.42 72.54 72.64 72.8 72.89 73.03 73.27 73.55 73.6 73.85 73.9 73.99 74.3 74.58 74.86 74.93 75.09 75.22 75.29 75.39 75.52 75.74 75.81 75.84 75.86 75.96 75.99 76.02 76.07 76.15 76.2 76.2 76.18 76.13 76.16 76.11 76.09 76.13 76.1 76.04 76.06 -999 -999 -999 -999 75.75 75.61 75.54 75.36 75.49 75.45 75.22 75.26 75.12 75.04 75 74.99 74.96 -999 -999 -999 -999 -999 -999 -999 -999
70.27 70.3 70.5 70.69 70.58 70.74 70.92 71.18 71.29 71.37 71.77 71.95 72.14 72.22 72.43 72.65 72.83 73.03 73.36 73.55 73.74 73.86 73.95 74.04 74.31 74.72 74.9 75 75.14 75.27 75.41 75.53 75.57 75.82 75.9 75.97 76 76.03 76.05 76.14 76.22 76.24 76.24 76.23 76.27 76.27 76.27 76.26 76.21 76.17 76.16 76.13 76.14 -999 -999 -999 -999 75.86 75.92 75.59 75.56 75.5 75.54 75.4 75.28 75.28 75.26 75.21 75.15 -999 -999 -999 -999 -999 -999 -999 -999 -999
70.3 70.52 70.44 70.5 70.77 70.79 70.93 71.23 71.23 71.4 71.78 71.79 72.17 72.36 72.54 72.62 72.85 73.1 73.51 73.68 73.75 73.89 73.92 74.07 74.33 74.75 74.89 75.03 75.15 75.33 75.39 75.5 75.56 75.72 75.9 75.95 76.05 76.14 76.1 76.25 76.25 76.3 76.35 76.36 76.35 76.35 76.36 76.33 76.18 76.24 76.18 76.17 -999 -999 -999 -999 -999 -999 -999 -999 -999 75.53 75.62 75.49 75.34 75.31 75.26 75.34 75.2 -999 -999 -999 -999 -999 -999 -999 -999 -999
70.27 70.29 70.47 70.62 70.71 70.84 71.09 71.24 71.22 71.45 71.61 71.98 72.23 72.38 72.49 72.62 72.89 72.99 73.52 73.71 73.75 73.89 74.01 74.12 74.37 74.64 74.88 75.1 75.21 75.27 75.34 75.42 75.55 75.78 75.89 76.02 76.07 76.12 76.12 76.18 76.27 76.36 76.4 76.38 76.38 76.38 76.38 76.35 76.21 76.2 76.18 -999 -999 -999 -999 -999 -999 -999 -999 -999 -999 75.53 75.6 75.5 75.36 75.37 75.37 75.29 75.17 -999 -999 -999 -999 -999 -999 -999 -999 -999
70.3 70.29 70.52 70.81 70.95 70.88 70.9 71.06 71.13 71.3 71.85 72 72.1 72.33 72.46 72.63 72.8 73.1 73.49 73.67 73.79 73.84 73.96 74.32 74.3 74.68 74.87 75.06 75.2 75.26 75.33 75.46 75.54 75.82 75.92 76.07 76.11 76.12 76.14 76.26 76.25 76.32 76.36 76.36 76.35 76.36 76.39 76.31 76.23 76.23 76.2 -999 -999 -999 -999 -999 -999 -999 -999 -999 75.91 75.64 75.6 75.53 75.43 75.43 75.41 75.32 75.2 -999 -999 -999 -999 -999 -999 -999 -999 -999
70.22 70.52 70.55 70.66 71.05 71.23 70.99 71.28 71.38 71.56 71.85 72.06 72.19 72.22 72.49 72.77 72.82 72.93 73.37 73.66 73.78 73.86 73.96 74.3 74.36 74.69 74.9 75.04 75.2 75.3 75.36 75.42 75.57 75.82 75.99 76.01 76 76.07 76.14 76.19 76.3 76.35 76.3 76.33 76.35 76.31 76.31 76.3 76.22 76.2 76.2 76.22 -999 76.25 -999 -999 -999 -999 -999 -999 -999 75.94 75.99 75.59 75.46 75.44 75.41 -999 75.23 -999 -999 -999 -999 -999 -999 -999 -999 -999
70.32 70.42 70.82 71.02 71.01 71.31 71.17 71.42 71.53 71.49 71.8 72.12 72.25 72.39 72.62 72.76 72.95 73.11 73.54 73.67 73.75 73.87 74.03 74.27 74.4 74.66 74.88 75.09 75.15 75.27 75.34 75.45 75.57 75.82 75.94 75.97 76.04 76.11 76.1 76.18 76.25 76.34 76.37 76.35 76.35 76.35 76.3 76.31 76.22 76.21 76.19 76.2 76.24 76.23 76.16 -999 -999 -999 -999 -999 -999 -999 -999 75.88 75.82 75.73 75.41 -999 -999 -999 -999 -999 -999 -999 -999 -999 -999 -999
70.42 70.47 70.78 71.12 71.05 71.26 71.45 71.44 71.55 71.6 71.92 72.13 72.27 72.48 72.53 72.78 72.93 73.12 73.54 73.65 73.78 74 74.08 74.25 74.4 74.65 74.89 75.06 75.1 75.21 75.3 75.39 75.57 75.75 75.93 75.97 76.04 76.06 76.12 76.17 76.21 76.34 76.38 76.4 76.38 76.35 76.35 76.35 76.27 76.25 76.18 76.18 76.16 76.12 76.1 -999 -999 -999 -999 -999 -999 -999 -999 75.9 75.8 75.71 75.63 75.57 -999 -999 -999 -999 -999 -999 -999 -999 -999 -999
70.61 70.59 70.69 71.02 71.19 71.43 71.45 71.45 71.59 71.72 72.06 72.21 72.46 72.49 72.52 72.62 72.92 73.16 73.55 73.76 73.82 73.95 74.01 74.25 74.38 74.66 74.84 75.04 75.08 75.13 75.23 75.37 75.49 75.74 75.85 75.91 76.01 76.05 76.08 76.13 76.18 76.3 76.34 76.43 76.38 76.4 76.37 76.36 76.26 76.25 76.27 76.16 76.12 76.09 76.1 76.11 -999 -999 -999 -999 -999 -999 -999 75.91 75.89 75.79 75.69 -999 -999 -999 -999 -999 -999 -999 -999 -999 -999 -999
70.85 70.88 70.86 71.02 71.21 71.38 71.5 71.54 71.63 71.83 72.21 72.3 72.43 72.5 72.63 72.87 72.97 73.14 73.51 73.8 73.89 73.94 74.02 74.22 74.34 74.65 74.81 74.94 74.99 75.11 75.15 75.26 75.36 75.59 75.7 75.82 75.88 75.92 76 76.07 76.15 76.22 76.26 76.36 76.34 76.35 76.39 76.37 76.27 76.34 76.27 76.16 76.12 76.1 76.08 76.09 76.04 -999 -999 -999 -999 -999 -999 76.14 76.05 75.94 75.93 75.76 -999 -999 -999 -999 -999 -999 -999 -999 -999 -999
70.97 71.01 71.04 71.09 71.19 71.26 71.57 71.6 71.74 71.96 72.17 72.35 72.5 72.47 72.79 72.92 72.95 73.25 73.49 73.71 73.78 73.97 74.06 74.23 74.38 74.65 74.76 74.93 74.98 75.09 75.17 75.19 75.35 75.61 75.66 75.74 75.83 75.94 75.99 76.05 76.15 76.21 76.27 76.28 76.35 76.35 76.38 76.37 76.29 76.24 76.2 76.15 76.14 76.14 76.1 76.05 75.96 76.03 -999 -999 -999 -999 -999 76.15 76.12 76.03 75.9 75.78 -999 -999 -999 -999 -999 -999 -999 -999 -999 -999
70.99 71.09 71.15 71.21 71.25 71.35 71.55 71.67 71.9 71.98 72.22 72.22 72.56 72.51 72.75 72.98 73.08 73.23 73.47 73.66 73.78 73.85 73.95 74.29 74.37 74.63 74.71 74.82 74.93 75 75.1 75.24 75.3 75.58 75.66 75.73 75.81 75.86 75.97 76.01 76.04 76.14 76.24 76.33 76.39 76.38 76.42 76.34 76.19 76.18 76.2 76.17 76.06 76.04 76 76.02 75.98 76.07 -999 -999 -999 -999 -999 -999 76.04 75.93 75.79 -999 -999 -999 -999 -999 -999 -999 -999 -999 -999 -999
71.04 71.19 71.32 71.34 71.37 71.41 71.48 71.84 71.87 71.98 72.19 72.25 72.51 72.6 72.77 72.95 73.07 73.18 73.51 73.63 73.79 73.91 74 74.12 74.34 74.58 74.78 74.85 74.91 74.97 75.07 75.2 75.28 75.54 75.64 75.74 75.79 75.9 75.98 76.01 76.07 76.11 76.24 76.32 76.49 76.48 76.43 76.32 76.17 76.11 76.1 76.03 76 75.99 75.95 75.96 75.98 76.04 -999 -999 -999 -999 -999 -999 -999 75.87 75.81 75.81 -999 -999 -999 -999 -999 -999 -999 -999 -999 -999
71.24 71.15 71.4 71.45 71.49 71.54 71.54 71.76 71.89 71.95 72.26 72.59 72.59 72.58 72.86 72.92 73.13 73.29 73.53 73.62 73.79 73.91 74.02 74.11 74.18 74.63 74.76 74.85 74.92 74.99 75.07 75.17 75.25 75.57 75.63 75.69 75.88 75.94 76.05 76.09 76.15 76.13 76.17 76.36 76.42 76.41 76.27 76.24 76.12 76.05 76.03 75.99 75.97 75.94 75.9 75.91 75.94 75.92 75.94 -999 -999 -999 -999 -999 -999 -999 -999 -999 -999 -999 -999 -999 -999 -999 -999 -999 -999 -999
71.43 71.41 71.45 71.6 71.63 71.65 71.68 71.69 72 72.23 72.48 72.67 72.68 72.84 72.97 73.05 73.15 73.3 73.59 73.66 73.84 73.94 74.03 74.14 74.27 74.49 74.75 74.81 74.87 74.96 75.05 75.12 75.26 75.5 75.63 75.73 75.87 76 76 76.05 76.04 76.12 76.11 76.22 76.3 76.28 76.2 76.16 76.05 76.03 75.99 75.94 75.92 75.93 75.94 75.97 75.89 75.9 75.92 -999 -999 -999 -999 -999 -999 -999 -999 -999 -999 -999 -999 -999 -999 -999 -999 -999 -999 -999
71.49 71.49 71.6 71.59 71.81 71.84 71.86 71.85 71.92 72.11 72.63 72.76 72.78 72.94 73.11 73.09 73.2 73.31 73.62 73.73 73.82 73.93 74.04 74.11 74.22 74.49 74.54 74.84 74.96 75.04 75.06 75.11 75.27 75.38 75.71 75.87 75.93 76.03 75.98 75.95 75.99 76.06 76.11 76.12 76.12 76.14 76.19 76.13 76.01 75.95 75.87 75.92 75.86 75.86 75.87 75.91 75.85 75.86 -999 -999 -999 -999 -999 -999 -999 -999 -999 -999 -999 -999 -999 -999 -999 -999 -999 -999 -999 -999
71.82 71.8 71.78 71.97 72.06 72.18 72.24 72.26 72.21 72.38 72.66 72.88 72.92 73.12 73.27 73.32 73.41 73.47 73.72 73.86 74 74.01 74.13 74.25 74.33 74.48 74.62 74.63 74.89 74.94 75.04 75.1 75.23 75.58 75.79 75.96 75.9 75.88 75.84 75.84 75.92 76.02 76.06 76.02 76 76.04 76.07 76.04 75.9 75.86 75.87 75.8 75.85 75.82 75.85 75.84 75.81 75.78 -999 -999 -999 -999 -999 -999 -999 -999 -999 -999 -999 -999 -999 -999 -999 -999 -999 -999 -999 -999
71.9 71.93 72.06 72.19 72.14 72.32 72.41 72.47 72.42 72.48 72.71 73.04 73 73.2 73.36 73.39 73.46 73.52 73.83 73.98 74.02 74.13 74.25 74.23 74.36 74.45 74.63 74.69 74.69 74.94 75.03 75.12 75.31 75.66 75.73 75.81 75.89 75.85 75.76 75.89 75.85 75.92 75.93 75.95 75.96 75.95 75.99 75.93 75.88 75.85 75.8 75.8 75.75 75.79 75.78 75.74 75.67 75.74 -999 -999 -999 -999 -999 -999 -999 -999 -999 -999 -999 -999 -999 -999 -999 -999 -999 -999 -999 -999
72.09 72.09 72.03 72.2 72.43 72.51 72.46 72.62 72.64 72.57 72.75 72.91 73.24 73.25 73.44 73.49 73.47 73.66 73.95 73.95 74.02 74.19 74.27 74.26 74.3 74.51 74.56 74.64 74.72 74.83 75.14 75.12 75.27 75.65 75.75 75.76 75.78 75.78 75.8 75.75 75.79 75.83 75.86 75.9 75.89 75.91 75.93 75.86 75.86 75.79 75.79 75.78 75.76 75.73 75.7 75.66 75.61 75.67 75.67 -999 -999 -999 -999 -999 -999 -999 -999 -999 -999 -999 -999 -999 -999 -999 -999 -999 -999 -999
72.19 72.23 72.19 72.28 72.44 72.57 72.66 72.72 72.8 72.87 72.92 72.95 73.1 73.31 73.5 73.52 73.61 73.73 73.93 74.05 74.14 74.23 74.4 74.3 74.31 74.45 74.56 74.63 74.72 74.77 74.92 75.17 75.36 75.64 75.6 75.71 75.65 75.65 75.68 75.7 75.73 75.84 75.82 75.89 75.88 75.89 75.89 75.83 75.8 75.85 75.78 75.75 75.77 75.76 75.74 75.73 75.58 75.52 75.61 -999 -999 -999 -999 -999 -999 -999 -999 -999 -999 -999 -999 -999 -999 -999 -999 -999 -999 -999
72.25 72.29 72.3 72.37 72.42 72.58 72.69 72.81 72.87 72.79 73.11 73.12 73.14 73.24 73.4 73.62 73.64 73.77 74 74.03 74.12 74.24 74.36 74.31 74.36 74.51 74.57 74.62 74.72 74.78 74.92 75.05 75.42 75.47 75.48 75.52 75.6 75.61 75.67 75.69 75.81 75.8 75.82 75.86 75.85 75.85 75.85 75.89 75.9 75.87 75.77 75.84 75.76 75.75 75.75 75.69 75.62 75.44 75.61 75.52 -999 -999 -999 -999 -999 -999 -999 -999 -999 -999 -999 -999 -999 -999 -999 -999 -999 -999
72.33 72.39 72.46 72.52 72.54 72.59 72.68 72.74 72.82 72.9 73.25 73.28 73.29 73.3 73.39 73.53 73.64 73.87 73.93 74.14 74.14 74.3 74.35 74.33 74.33 74.52 74.55 74.65 74.77 74.85 75.03 75.13 75.09 75.37 75.41 75.46 75.54 75.6 75.64 75.68 75.74 75.81 75.82 75.85 75.84 75.86 75.85 75.86 75.84 75.8 75.79 75.86 75.78 75.76 75.74 75.72 75.67 75.74 75.63 75.61 75.59 75.54 -999 -999 -999 -999 -999 -999 -999 -999 -999 -999 -999 -999 -999 -999 -999 -999
72.39 72.46 72.54 72.62 72.7 72.82 72.94 73.08 73.16 73.03 73.34 73.42 73.46 73.44 73.51 73.57 73.73 73.93 74.16 74.1 74.22 74.36 74.36 74.37 74.41 74.48 74.57 74.71 74.79 74.82 74.95 75.01 75.06 75.19 75.37 75.44 75.51 75.53 75.59 75.62 75.67 75.78 75.82 75.79 75.81 75.85 75.84 75.86 75.78 75.82 75.87 75.82 75.78 75.72 75.71 75.67 75.6 75.66 75.6 75.57 75.54 75.54 75.56 -999 -999 -999 -999 -999 -999 -999 -999 -999 -999 -999 -999 -999 -999 -999
72.55 72.6 72.66 72.83 72.9 72.93 73.03 73.27 73.34 73.25 73.34 73.59 73.62 73.63 73.64 73.72 73.81 74.05 74.18 74.31 74.3 74.41 74.41 74.39 74.44 74.47 74.7 74.84 74.91 74.93 74.92 75.02 75.05 75.15 75.23 75.46 75.49 75.52 75.56 75.62 75.65 75.69 75.77 75.77 75.83 75.82 75.82 75.9 75.83 75.81 75.85 75.77 75.76 75.7 75.67 75.62 75.57 75.59 75.59 75.57 75.5 75.57 75.6 75.78 -999 -999 -999 -999 -999 -999 -999 -999 -999 -999 -999 -999 -999 -999
72.96 72.96 73.04 73.12 73.21 73.32 73.41 73.49 73.69 73.7 73.69 73.7 73.8 73.94 73.91 73.97 74.05 74.26 74.39 74.39 74.44 74.51 74.53 74.56 74.53 74.61 74.65 74.85 75 75.02 75.07 75.1 75.11 75.21 75.19 75.32 75.46 75.45 75.51 75.49 75.55 75.64 75.63 75.68 75.72 75.76 75.79 75.79 75.78 75.77 75.8 75.75 75.75 75.69 75.69 75.62 75.53 75.55 75.54 75.46 75.54 75.6 75.65 -999 -999 -999 -999 -999 -999 -999 -999 -999 -999 -999 -999 -999 -999 -999
73.2 73.16 73.21 73.3 73.35 73.42 73.5 73.63 73.86 73.94 73.98 73.94 73.89 74.02 74.01 74.08 74.15 74.39 74.47 74.46 74.52 74.51 74.6 74.57 74.63 74.59 74.69 74.83 74.89 75 75.15 75.13 75.19 75.24 75.32 75.38 75.31 75.42 75.44 75.54 75.55 75.61 75.7 75.66 75.71 75.7 75.73 75.77 75.8 75.75 75.77 75.77 75.74 75.72 75.62 75.57 75.54 75.48 75.48 75.49 75.58 75.71 75.69 75.85 75.97 75.95 75.9 -999 -999 -999 -999 -999 -999 -999 -999 -999 -999 -999
73.29 73.32 73.4 73.44 73.48 73.57 73.69 73.74 73.98 74.01 74.16 74.14 74.02 74.16 74.11 74.18 74.2 74.3 74.56 74.67 74.56 74.62 74.6 74.59 74.68 74.75 74.86 74.92 74.88 74.8 74.93 74.96 75.11 75.43 75.51 75.27 75.29 75.24 75.43 75.52 75.52 75.6 75.65 75.7 75.74 75.69 75.65 75.67 75.71 75.78 75.73 75.74 75.68 75.64 75.62 75.59 75.56 75.54 75.56 75.72 75.67 75.68 75.73 75.89 75.96 75.98 75.93 -999 -999 -999 -999 -999 -999 -999 -999 -999 -999 -999
73.46 73.56 73.56 73.62 73.67 73.7 73.74 73.84 74.04 73.95 74.05 74.13 74.12 74.34 74.26 74.25 74.31 74.35 74.55 74.67 74.64 74.64 74.54 74.68 74.77 74.87 74.82 74.77 74.87 74.94 74.93 74.94 75.07 75.43 75.58 75.29 75.21 75.25 75.24 75.42 75.48 75.59 75.66 75.75 75.74 75.63 75.67 75.71 75.77 75.7 75.69 75.75 75.65 75.65 75.61 75.59 75.53 75.63 75.69 75.63 75.66 75.68 75.76 75.91 76.01 75.98 76.02 75.97 76 -999 -999 -999 -999 -999 -999 -999 -999 -999
73.56 73.64 73.69 73.71 73.83 73.82 73.91 73.96 74.03 74.16 74.16 74.19 74.42 74.45 74.48 74.41 74.36 74.43 74.5 74.51 74.55 74.56 74.74 74.67 74.69 74.75 74.92 75.04 75 74.97 75.11 75.19 75.05 75.22 75.38 75.39 75.24 75.27 75.23 75.2 75.41 75.58 75.67 75.63 75.58 75.6 75.58 75.69 75.73 75.68 75.68 75.66 75.64 75.6 75.62 75.6 75.57 75.58 75.6 75.62 75.65 75.69 75.74 75.92 76.04 75.95 75.95 75.97 76 75.99 -999 -999 -999 -999 -999 -999 -999 -999
73.73 73.74 73.82 73.89 74 73.95 74.02 74.08 74.18 74.25 74.46 74.31 74.46 74.59 74.63 74.56 74.53 74.5 74.55 74.56 74.57 74.73 74.81 74.91 74.9 74.99 75.05 75.08 75.01 75.11 75.35 75.35 75.18 75.17 75.27 75.51 75.34 75.25 75.24 75.15 75.23 75.57 75.57 75.58 75.54 75.66 75.69 75.65 75.66 75.75 75.71 75.65 75.65 75.65 75.62 75.63 75.61 75.68 75.7 75.68 75.74 75.78 75.86 75.97 76.04 76.01 76.05 75.97 76.03 76.06 76.06 -999 76.05 -999 -999 -999 -999 -999
73.9 73.9 74.06 74.15 74.13 74.12 74.16 74.22 74.28 74.38 74.41 74.46 74.48 74.51 74.59 74.75 74.69 74.61 74.64 74.62 74.68 74.82 74.78 74.74 74.96 75.07 75.04 75.09 75.02 75.09 75.16 75.26 75.23 75.29 75.2 75.32 75.37 75.15 75.11 75.11 75.14 75.27 75.45 75.52 75.63 75.7 75.68 75.73 75.76 75.76 75.72 75.7 75.72 75.71 75.81 75.77 75.73 75.81 75.76 75.77 75.84 75.89 75.85 75.99 76.1 76.04 76.03 75.98 76.07 76.13 76.09 76.09 76.05 75.98 -999 -999 -999 -999
74.18 74.21 74.33 74.36 74.34 74.37 74.43 74.49 74.55 74.63 74.69 74.71 74.74 74.75 74.78 74.86 74.91 74.89 74.78 74.76 74.76 74.84 74.83 74.95 75.04 75.18 75.13 75.06 75.03 74.92 75.03 75.07 75.17 75.08 75.09 75.14 75.27 75.18 75.01 75.04 75.08 75.25 75.4 75.44 75.64 75.7 75.73 75.82 75.84 75.81 75.77 75.76 75.75 75.76 75.88 75.94 75.95 76.04 75.92 75.91 75.93 75.97 76 76.05 76.1 76.12 76.09 76.1 76.18 76.24 76.26 76.17 76.11 76.05 76.07 76.1 -999 75.94
74.3 74.41 74.37 74.46 74.5 74.57 74.6 74.59 74.65 74.7 74.79 74.89 74.86 74.89 74.88 74.99 75.09 74.97 74.91 74.86 74.86 74.88 75.02 75.01 75.13 75.27 75.23 75.11 74.89 75.05 75.01 75.02 75.04 75.05 75.09 74.99 75.06 75.1 75.08 75.15 75.12 75.32 75.43 75.63 75.94 75.74 75.7 75.84 75.8 75.75 75.78 75.84 75.88 75.83 75.92 76.01 76.05 76.04 75.96 75.97 76 75.99 76.05 76.19 76.14 76.13 76.12 76.15 76.25 76.28 76.24 76.17 76.14 76.08 76.05 76.04 75.98 75.97
74.63 74.58 74.59 74.64 74.67 74.79 74.74 74.81 74.78 74.82 74.92 74.97 75.02 75.07 75 74.98 75.05 75.17 75.01 74.96 74.93 74.93 75.01 75.02 75.26 75.34 75.32 75.14 74.92 74.86 74.96 75.08 75.03 74.96 74.94 74.99 75 75.07 75.2 75.31 75.26 75.4 75.33 75.7 75.71 75.75 75.87 75.81 75.95 75.81 75.79 75.85 75.97 76.02 75.98 76.08 76.04 76.04 76.09 76.08 76.07 76.05 76.09 76.23 76.2 76.18 76.15 76.23 76.26 76.32 76.28 76.24 76.2 76.15 76.04 76 75.98 75.97
