DE_solarradiation/solarradiation_2018_08.asc
NCOLS 654
NROWS 866
XLLCORNER 3280500
YLLCORNER 5237500
CELLSIZE 1000
NODATA_VALUE -999
[rows 224 to 255 of 866, columns 288 to 359 of 654]
147.41 147.6 148.06 147.96 148.16 148.28 148.43 148.55 148.7 148.89 149.35 149.57 149.72 149.85 149.97 150.08 150.22 150.42 150.74 150.89 151 151.13 151.25 151.36 151.53 151.86 152.02 152.14 152.23 152.32 152.45 152.54 152.65 152.91 153 153.09 153.17 153.27 153.3 153.31 153.34 153.43 153.45 153.47 153.48 153.47 153.5 153.47 153.43 153.35 153.33 153.31 153.31 153.29 153.29 153.26 153.29 153.29 153.27 153.35 153.4 153.45 153.51 153.58 153.69 153.77 153.87 153.93 154.01 154.09 154.17 154.13
147.81 147.99 148.09 148.27 148.43 148.54 148.7 148.82 148.93 149.12 149.46 149.64 149.77 149.89 150.01 150.1 150.26 150.42 150.74 150.89 151.01 151.14 151.27 151.36 151.53 151.87 152.03 152.15 152.27 152.36 152.46 152.55 152.68 152.97 153.07 153.13 153.23 153.3 153.33 153.38 153.41 153.47 153.54 153.55 153.55 153.56 153.55 153.57 153.5 153.42 153.4 153.37 153.39 153.36 153.37 153.34 153.35 153.36 153.36 153.41 153.45 153.49 153.51 153.63 153.76 153.85 153.94 154.03 154.08 154.17 154.25 154.21
147.94 148.13 148.22 148.37 148.53 148.65 148.76 148.92 149.04 149.2 149.54 149.69 149.82 149.9 150.02 150.15 150.27 150.44 150.74 150.9 151.02 151.12 151.24 151.36 151.52 151.88 152.04 152.16 152.25 152.37 152.47 152.57 152.7 152.97 153.09 153.2 153.29 153.29 153.35 153.42 153.48 153.55 153.6 153.61 153.61 153.62 153.6 153.6 153.58 153.54 153.43 153.44 153.43 153.4 153.4 153.4 153.42 153.44 153.44 153.46 153.52 153.57 153.63 153.71 153.83 153.92 154.03 154.08 154.16 154.21 154.29 154.29
148.08 148.24 148.3 148.49 148.61 148.72 148.84 148.97 149.09 149.24 149.55 149.71 149.82 149.95 150.03 150.13 150.26 150.41 150.74 150.88 151.01 151.13 151.23 151.35 151.52 151.87 152.02 152.14 152.28 152.37 152.45 152.58 152.73 153 153.1 153.23 153.29 153.34 153.38 153.46 153.5 153.56 153.6 153.61 153.65 153.63 153.64 153.66 153.64 153.58 153.48 153.49 153.46 153.47 153.45 153.45 153.46 153.48 153.5 153.55 153.59 153.64 153.7 153.74 153.87 153.96 154.07 154.13 154.2 154.29 154.25 154.33
148.15 148.33 148.37 148.57 148.68 148.8 148.92 149.01 149.13 149.28 149.6 149.75 149.84 149.96 150.04 150.14 150.26 150.39 150.71 150.88 150.99 151.11 151.21 151.34 151.5 151.85 152.01 152.12 152.25 152.34 152.47 152.56 152.71 153 153.1 153.22 153.3 153.37 153.4 153.47 153.51 153.6 153.64 153.65 153.66 153.66 153.68 153.69 153.68 153.62 153.51 153.53 153.52 153.52 153.49 153.51 153.52 153.54 153.57 153.59 153.65 153.72 153.78 153.83 153.95 154.04 154.1 154.2 154.27 154.33 154.29 154.38
148.27 148.14 148.46 148.63 148.76 148.88 148.97 149.09 149.18 149.33 149.61 149.77 149.86 149.98 150.07 150.16 150.24 150.4 150.69 150.85 150.96 151.09 151.19 151.32 151.49 151.64 151.98 152.1 152.22 152.35 152.45 152.59 152.72 153.01 153.12 153.23 153.32 153.37 153.44 153.48 153.55 153.62 153.65 153.69 153.69 153.7 153.71 153.72 153.71 153.67 153.64 153.58 153.56 153.56 153.57 153.58 153.56 153.6 153.63 153.67 153.67 153.73 153.78 153.89 154.01 154.1 154.19 154.24 154.32 154.4 154.34 154.43
148.33 148.2 148.51 148.66 148.83 148.93 149.01 149.13 149.22 149.37 149.65 149.78 149.89 149.99 150.07 150.17 150.25 150.37 150.68 150.83 150.94 151.08 151.16 151.3 151.44 151.62 151.93 152.11 152.21 152.33 152.47 152.61 152.73 152.98 153.13 153.24 153.32 153.4 153.45 153.53 153.57 153.66 153.7 153.71 153.74 153.75 153.75 153.76 153.76 153.71 153.72 153.62 153.62 153.6 153.61 153.63 153.65 153.64 153.7 153.69 153.74 153.8 153.86 153.94 154.1 154.18 154.26 154.31 154.39 154.48 154.41 154.51
148.44 148.32 148.46 148.74 148.9 149 149.09 149.18 149.3 149.42 149.7 149.82 149.91 150 150.09 150.18 150.26 150.39 150.69 150.84 150.93 151.07 151.16 151.3 151.42 151.58 151.92 152.11 152.25 152.34 152.46 152.58 152.71 153 153.14 153.25 153.33 153.41 153.48 153.54 153.61 153.67 153.73 153.76 153.79 153.78 153.79 153.8 153.81 153.77 153.67 153.68 153.72 153.69 153.68 153.7 153.72 153.75 153.75 153.8 153.85 153.87 153.93 154.04 154.2 154.26 154.34 154.51 154.54 154.62 154.62 154.7
148.51 148.53 148.69 148.94 149.07 149.16 149.26 149.35 149.44 149.55 149.77 149.87 149.98 150.05 150.13 150.19 150.28 150.41 150.64 150.78 150.91 151.01 151.1 151.23 151.37 151.56 151.94 152.1 152.21 152.36 152.48 152.6 152.73 153.04 153.18 153.3 153.38 153.45 153.52 153.59 153.65 153.78 153.82 153.86 153.89 153.89 153.81 153.83 153.84 153.84 153.82 153.85 153.85 153.89 153.89 153.91 153.92 153.96 153.96 154 154.04 154.1 154.18 154.25 154.4 154.46 154.5 154.57 154.62 154.7 154.69 154.79
148.61 148.73 148.77 149.02 149.14 149.24 149.33 149.39 149.47 149.6 149.82 149.9 149.99 150.06 150.15 150.2 150.29 150.42 150.65 150.77 150.88 150.97 151.07 151.21 151.34 151.5 151.9 152.06 152.19 152.32 152.47 152.61 152.76 153.03 153.17 153.32 153.38 153.44 153.51 153.58 153.68 153.78 153.76 153.8 153.81 153.85 153.85 153.87 153.88 153.88 153.91 153.92 153.93 153.94 153.97 153.99 153.98 154.04 154.04 154.07 154.15 154.21 154.26 154.29 154.44 154.51 154.58 154.63 154.7 154.76 154.85 154.83
148.69 148.81 148.93 149.1 149.19 149.28 149.38 149.47 149.52 149.64 149.83 149.91 150 150.07 150.16 150.22 150.3 150.4 150.65 150.76 150.85 150.94 151.05 151.14 151.31 151.46 151.84 152.03 152.16 152.29 152.43 152.56 152.73 153.03 153.18 153.3 153.4 153.44 153.44 153.5 153.57 153.71 153.78 153.81 153.82 153.86 153.86 153.92 153.9 153.93 153.94 153.96 153.97 153.98 154 154 154.06 154.08 154.11 154.16 154.16 154.24 154.29 154.34 154.48 154.57 154.63 154.71 154.76 154.81 154.86 154.95
148.74 148.87 148.99 149.22 149.24 149.33 149.42 149.48 149.57 149.66 149.84 149.93 150.01 150.08 150.15 150.21 150.31 150.41 150.61 150.71 150.81 150.91 151.01 151.13 151.24 151.44 151.82 152.02 152.14 152.27 152.41 152.53 152.71 153.01 153.1 153.2 153.29 153.37 153.41 153.52 153.59 153.72 153.79 153.83 153.83 153.87 153.88 153.92 153.93 153.95 153.95 153.97 153.98 154.03 154.04 154.05 154.08 154.1 154.1 154.16 154.23 154.31 154.37 154.43 154.54 154.6 154.66 154.75 154.81 154.87 154.91 155
148.82 148.9 149.03 149.27 149.35 149.37 149.43 149.52 149.58 149.67 149.85 149.94 150.03 150.09 150.16 150.22 150.28 150.39 150.57 150.7 150.79 150.89 151 151.1 151.21 151.42 151.8 151.97 152.13 152.26 152.34 152.46 152.6 152.91 153.08 153.17 153.27 153.35 153.44 153.5 153.56 153.7 153.77 153.81 153.84 153.88 153.9 153.93 153.92 153.96 153.99 154.01 154.02 154.03 154.06 154.08 154.11 154.12 154.17 154.18 154.26 154.35 154.41 154.48 154.62 154.66 154.71 154.8 154.85 154.91 154.97 155.02
148.87 148.96 149.08 149.29 149.4 149.37 149.47 149.53 149.62 149.68 149.89 149.95 150.04 150.11 150.16 150.22 150.27 150.36 150.55 150.66 150.76 150.88 150.97 151.07 151.2 151.37 151.74 151.9 152.02 152.16 152.28 152.4 152.58 152.89 153.06 153.15 153.26 153.32 153.41 153.47 153.58 153.71 153.78 153.82 153.85 153.9 153.91 153.95 153.97 153.97 154 154.02 154.07 154.07 154.06 154.08 154.17 154.23 154.22 154.26 154.31 154.37 154.46 154.52 154.67 154.72 154.8 154.86 154.91 154.96 155.02 155.07
148.93 149.02 149.13 149.37 149.45 149.48 149.5 149.58 149.63 149.72 149.9 149.99 150.05 150.11 150.15 150.21 150.28 150.37 150.55 150.64 150.74 150.83 150.9 151.01 151.13 151.31 151.68 151.84 151.99 152.13 152.27 152.39 152.56 152.86 153 153.13 153.23 153.3 153.4 153.47 153.56 153.69 153.76 153.83 153.87 153.88 153.91 153.96 153.99 154 154.05 154.07 154.11 154.11 154.16 154.18 154.22 154.23 154.29 154.37 154.41 154.48 154.54 154.6 154.75 154.81 154.86 154.91 154.96 155.01 155.06 155.12
149 149.08 149.2 149.4 149.53 149.57 149.63 149.64 149.7 149.76 149.94 150.03 150.09 150.16 150.17 150.24 150.29 150.37 150.56 150.65 150.7 150.79 150.88 150.98 151.1 151.28 151.66 151.82 151.94 152.08 152.21 152.33 152.5 152.81 152.98 153.07 153.17 153.24 153.31 153.41 153.5 153.7 153.76 153.81 153.88 153.92 153.96 153.99 154.02 154.07 154.11 154.13 154.18 154.18 154.21 154.29 154.39 154.45 154.5 154.54 154.61 154.65 154.71 154.77 154.89 154.94 154.98 155.05 155.09 155.15 155.2 155.26
149.17 149.28 149.37 149.59 149.68 149.73 149.81 149.87 149.84 149.9 150.02 150.11 150.16 150.18 150.26 150.29 150.34 150.43 150.58 150.67 150.72 150.8 150.86 150.96 151.07 151.24 151.58 151.73 151.88 152 152.12 152.24 152.41 152.73 152.89 153.02 153.12 153.19 153.28 153.37 153.47 153.67 153.74 153.81 153.85 153.89 153.94 153.96 154.03 154.07 154.11 154.17 154.21 154.22 154.26 154.34 154.48 154.54 154.59 154.64 154.68 154.73 154.77 154.85 154.93 154.98 155.02 155.07 155.13 155.19 155.24 155.26
149.25 149.35 149.43 149.64 149.73 149.8 149.88 149.95 149.96 149.97 150.14 150.19 150.24 150.24 150.27 150.33 150.34 150.44 150.58 150.63 150.72 150.78 150.84 150.93 151.04 151.19 151.53 151.68 151.81 151.93 152.06 152.14 152.34 152.7 152.83 152.96 153.07 153.16 153.25 153.31 153.39 153.63 153.72 153.79 153.83 153.91 153.94 153.98 154.01 154.08 154.13 154.18 154.23 154.27 154.29 154.35 154.5 154.57 154.63 154.67 154.72 154.75 154.81 154.88 154.98 155.05 155.07 155.12 155.17 155.22 155.27 155.3
149.32 149.39 149.51 149.68 149.79 149.86 149.94 149.99 150.04 150.07 150.15 150.2 150.26 150.29 150.32 150.34 150.38 150.44 150.56 150.65 150.7 150.76 150.85 150.91 151.03 151.18 151.5 151.65 151.75 151.88 151.99 152.11 152.27 152.64 152.81 152.91 153 153.1 153.19 153.27 153.34 153.55 153.68 153.77 153.8 153.88 153.91 153.96 154.04 154.1 154.15 154.19 154.22 154.28 154.29 154.36 154.53 154.58 154.66 154.71 154.74 154.8 154.87 154.94 155.02 155.07 155.1 155.16 155.21 155.26 155.27 155.33
149.38 149.46 149.56 149.75 149.84 149.92 149.98 150.03 150.08 150.11 150.18 150.21 150.28 150.31 150.33 150.39 150.4 150.45 150.58 150.66 150.71 150.77 150.83 150.89 151.03 151.14 151.45 151.6 151.72 151.85 151.92 152.04 152.22 152.58 152.75 152.89 152.98 153.04 153.12 153.19 153.28 153.51 153.64 153.74 153.78 153.84 153.9 153.97 154 154.11 154.16 154.18 154.22 154.27 154.32 154.43 154.54 154.63 154.66 154.72 154.75 154.82 154.9 154.98 155.06 155.11 155.17 155.22 155.26 155.31 155.31 155.38
149.42 149.54 149.62 149.83 149.9 149.97 150.03 150.07 150.12 150.15 150.2 150.23 150.32 150.34 150.36 150.38 150.41 150.46 150.58 150.63 150.69 150.75 150.8 150.9 150.99 151.12 151.41 151.58 151.65 151.77 151.89 152.01 152.13 152.5 152.67 152.82 152.92 153.01 153.05 153.14 153.27 153.45 153.58 153.68 153.76 153.83 153.86 153.95 154 154.09 154.17 154.19 154.21 154.26 154.36 154.42 154.56 154.67 154.73 154.78 154.83 154.89 154.94 154.98 155.11 155.15 155.21 155.26 155.31 155.31 155.32 155.43
149.49 149.57 149.66 149.86 149.96 150.02 150.07 150.12 150.16 150.18 150.27 150.29 150.36 150.37 150.39 150.41 150.44 150.47 150.62 150.64 150.7 150.75 150.81 150.87 150.96 151.08 151.37 151.48 151.61 151.75 151.83 151.95 152.1 152.43 152.62 152.76 152.84 152.94 152.99 153.11 153.24 153.44 153.56 153.65 153.73 153.8 153.84 153.92 153.98 154.09 154.16 154.21 154.24 154.32 154.36 154.46 154.61 154.66 154.73 154.78 154.85 154.9 154.97 155.06 155.15 155.2 155.26 155.31 155.36 155.35 155.41 155.47
149.57 149.65 149.76 149.95 150.04 150.13 150.15 150.19 150.24 150.26 150.36 150.39 150.42 150.45 150.46 150.45 150.47 150.53 150.62 150.68 150.73 150.75 150.81 150.88 150.97 151.05 151.34 151.46 151.58 151.68 151.75 151.89 152.05 152.38 152.53 152.66 152.75 152.83 152.94 153.06 153.2 153.41 153.53 153.6 153.72 153.79 153.83 153.93 153.98 154.1 154.18 154.21 154.27 154.33 154.42 154.5 154.64 154.72 154.77 154.82 154.92 154.97 155.04 155.09 155.22 155.28 155.33 155.38 155.44 155.43 155.48 155.53
149.67 149.75 149.84 150.06 150.15 150.21 150.25 150.29 150.34 150.5 150.58 150.6 150.64 150.62 150.62 150.64 150.66 150.69 150.72 150.74 150.76 150.82 150.84 150.9 151 151.08 151.3 151.42 151.52 151.61 151.69 151.82 151.96 152.25 152.4 152.52 152.62 152.72 152.82 152.94 153.08 153.34 153.46 153.55 153.63 153.73 153.81 153.88 153.98 154.18 154.25 154.31 154.38 154.44 154.51 154.6 154.78 154.87 154.91 154.99 155.06 155.11 155.18 155.26 155.38 155.48 155.53 155.55 155.54 155.6 155.65 155.69
149.88 149.99 150.07 150.32 150.41 150.46 150.51 150.52 150.55 150.57 150.64 150.66 150.71 150.74 150.71 150.73 150.71 150.73 150.77 150.78 150.8 150.83 150.89 150.91 151 151.09 151.29 151.41 151.5 151.58 151.68 151.77 151.9 152.2 152.32 152.48 152.58 152.68 152.78 152.89 153.02 153.31 153.42 153.52 153.6 153.7 153.76 153.84 153.94 154.17 154.29 154.35 154.41 154.45 154.55 154.64 154.82 154.91 155 155.05 155.13 155.21 155.26 155.35 155.46 155.55 155.61 155.66 155.64 155.66 155.71 155.75
149.99 150.1 150.18 150.43 150.52 150.57 150.62 150.63 150.65 150.64 150.71 150.74 150.78 150.78 150.8 150.79 150.81 150.79 150.81 150.82 150.86 150.88 150.89 150.96 151.02 151.11 151.3 151.38 151.49 151.56 151.66 151.75 151.88 152.19 152.33 152.42 152.53 152.62 152.73 152.87 152.97 153.26 153.39 153.5 153.57 153.67 153.74 153.84 153.95 154.19 154.29 154.36 154.4 154.47 154.59 154.68 154.86 154.95 155.03 155.07 155.16 155.23 155.33 155.38 155.54 155.6 155.65 155.63 155.68 155.74 155.78 155.83
150.09 150.17 150.3 150.51 150.59 150.65 150.69 150.7 150.71 150.72 150.76 150.81 150.8 150.84 150.82 150.84 150.83 150.86 150.86 150.89 150.9 150.93 150.94 150.97 151.03 151.14 151.31 151.39 151.46 151.55 151.63 151.73 151.87 152.12 152.25 152.39 152.49 152.61 152.71 152.81 152.94 153.23 153.37 153.47 153.54 153.65 153.71 153.82 153.92 154.19 154.29 154.34 154.41 154.48 154.59 154.71 154.91 154.99 155.08 155.13 155.19 155.27 155.36 155.45 155.58 155.67 155.72 155.7 155.75 155.8 155.85 155.9
150.17 150.24 150.38 150.59 150.67 150.72 150.77 150.8 150.79 150.81 150.84 150.86 150.88 150.9 150.89 150.88 150.91 150.91 150.9 150.92 150.95 150.94 150.96 151.03 151.05 151.14 151.32 151.37 151.46 151.53 151.62 151.7 151.84 152.1 152.22 152.33 152.43 152.55 152.68 152.78 152.92 153.21 153.34 153.45 153.52 153.62 153.73 153.83 153.93 154.16 154.29 154.37 154.47 154.53 154.64 154.77 154.9 155.02 155.11 155.19 155.23 155.34 155.4 155.49 155.64 155.71 155.72 155.77 155.79 155.84 155.88 155.94
150.25 150.33 150.47 150.67 150.75 150.79 150.84 150.87 150.86 150.88 150.92 150.95 150.96 150.95 150.97 150.97 150.96 150.96 150.97 150.98 151 150.98 151.01 151.04 151.11 151.15 151.33 151.38 151.47 151.53 151.63 151.68 151.82 152.06 152.18 152.31 152.38 152.48 152.6 152.73 152.89 153.15 153.32 153.42 153.53 153.6 153.7 153.79 153.93 154.15 154.31 154.38 154.49 154.57 154.68 154.78 154.95 155.05 155.13 155.22 155.3 155.35 155.48 155.57 155.73 155.78 155.76 155.81 155.85 155.9 155.94 155.97
150.37 150.45 150.57 150.78 150.85 150.9 150.91 150.95 150.93 150.97 150.99 151.02 151.03 151.03 151.05 151.04 151.03 151.03 151.03 151.02 151.03 151.03 151.06 151.08 151.1 151.19 151.33 151.39 151.48 151.55 151.6 151.7 151.79 152.07 152.2 152.29 152.38 152.5 152.59 152.71 152.86 153.15 153.29 153.4 153.5 153.6 153.7 153.79 153.94 154.2 154.31 154.42 154.52 154.59 154.7 154.82 154.99 155.11 155.19 155.28 155.37 155.43 155.56 155.62 155.79 155.78 155.84 155.91 155.94 155.98 156.04 156.11
150.48 150.57 150.68 150.88 150.96 151.01 151.05 151.06 151.07 151.09 151.13 151.16 151.14 151.17 151.17 151.16 151.15 151.14 151.13 151.11 151.14 151.14 151.16 151.16 151.17 151.24 151.38 151.46 151.53 151.58 151.64 151.71 151.83 152.07 152.17 152.3 152.36 152.46 152.58 152.68 152.82 153.11 153.29 153.4 153.5 153.61 153.71 153.81 153.95 154.21 154.35 154.46 154.55 154.67 154.73 154.84 155.08 155.17 155.26 155.35 155.44 155.53 155.66 155.9 156.01 156.02 156.05 156.09 156.15 156.2 156.28 156.35
150.79 150.86 150.97 151.18 151.25 151.27 151.31 151.35 151.35 151.36 151.36 151.42 151.44 151.43 151.42 151.41 151.41 151.4 151.35 151.34 151.38 151.37 151.36 151.38 151.41 151.46 151.51 151.57 151.62 151.69 151.74 151.81 151.9 151.99 152.21 152.3 152.4 152.5 152.58 152.68 152.87 153.16 153.29 153.43 153.54 153.64 153.75 153.88 154.02 154.34 154.48 154.58 154.69 154.8 154.86 154.97 155.12 155.38 155.51 155.61 155.7 155.78 155.91 156 156.03 156.11 156.12 156.18 156.25 156.32 156.38 156.44
