DE_solarradiation/solarradiation_2018_03.asc
NCOLS 654
NROWS 866
XLLCORNER 3280500
YLLCORNER 5237500
CELLSIZE 1000
NODATA_VALUE -999
[rows 770 to 804 of 866, columns 234 to 311 of 654]
83.51 83.32 83.3 83.29 82.92 82.76 82.66 82.49 82.83 82.76 82.6 82.37 82.05 81.93 81.83 81.75 81.68 81.58 81.46 81.3 81.24 81.23 81.22 81.19 81.17 80.73 80.75 80.8 80.83 80.86 80.89 80.96 81.03 81.04 81.18 81.23 81.28 81.31 81.4 81.4 81.48 81.56 81.63 81.67 81.67 81.7 81.82 81.91 81.99 82.14 82.21 82.28 82.38 82.48 82.59 82.66 82.85 82.98 83.08 83.17 83.26 83.4 83.52 83.66 83.81 83.88 83.94 84.03 84.11 84.22 84.4 84.5 84.51 84.59 84.64 84.72 84.79 84.84
83.48 83.26 83.35 83.19 82.86 82.67 82.5 82.96 82.83 82.74 82.56 82.35 82.1 81.95 81.84 81.74 81.69 81.61 81.46 81.31 81.25 81.24 81.24 81.21 81.18 80.74 80.78 80.81 80.86 80.87 80.93 81 81.04 81.11 81.26 81.3 81.35 81.44 81.46 81.47 81.57 81.6 81.68 81.73 81.73 81.78 81.98 82.04 82.12 82.27 82.37 82.39 82.44 82.59 82.72 82.77 82.96 83.08 83.19 83.26 83.4 83.49 83.65 83.78 83.92 83.99 84.04 84.12 84.2 84.31 84.41 84.55 84.6 84.65 84.73 84.79 84.86 84.92
83.44 83.19 83.27 83.1 82.8 82.6 82.46 82.87 82.83 82.73 82.52 82.36 82.08 81.97 81.84 81.75 81.68 81.59 81.46 81.34 81.28 81.27 81.27 81.25 81.2 80.79 80.84 80.81 80.87 80.92 81 81.06 81.08 81.14 81.3 81.34 81.43 81.49 81.51 81.57 81.59 81.69 81.74 81.83 81.87 81.88 82.05 82.14 82.22 82.32 82.48 82.56 82.56 82.74 82.83 82.91 83.07 83.24 83.34 83.4 83.47 83.62 83.78 83.86 84.08 84.13 84.16 84.24 84.33 84.39 84.47 84.67 84.66 84.74 84.8 84.88 84.97 85.08
83.32 83.28 83.03 82.97 82.65 82.51 82.89 82.82 82.8 82.67 82.48 82.35 82.09 81.99 81.88 81.79 81.69 81.55 81.48 81.33 81.31 81.32 81.31 81.29 81.26 80.85 80.84 80.93 80.99 80.98 81.04 81.08 81.13 81.22 81.34 81.42 81.5 81.56 81.57 81.63 81.7 81.8 81.86 81.95 81.89 82.07 82.15 82.26 82.33 82.47 82.58 82.66 82.7 82.83 82.94 82.99 83.19 83.38 83.47 83.56 83.64 83.68 83.85 83.99 84.17 84.26 84.28 84.37 84.43 84.51 84.6 84.69 84.79 84.84 84.9 85.02 85.11 85.16
83.27 83.14 83.1 82.96 82.68 82.54 82.88 82.85 82.71 82.58 82.45 82.32 82.1 81.98 81.89 81.84 81.67 81.61 81.51 81.39 81.37 81.35 81.35 81.36 81.34 80.96 80.95 81.02 81.05 81.06 81.11 81.16 81.2 81.27 81.41 81.5 81.57 81.63 81.68 81.72 81.8 81.9 81.94 82 82.05 82.17 82.3 82.38 82.53 82.67 82.72 82.82 82.9 83.04 83.11 83.18 83.4 83.55 83.67 83.71 83.83 83.88 83.95 84.16 84.31 84.37 84.44 84.5 84.58 84.66 84.72 84.82 84.92 84.96 85.03 85.19 85.24 85.23
83.16 83.03 82.92 82.9 82.64 82.49 82.83 82.79 82.69 82.59 82.46 82.4 82.11 81.99 81.95 81.86 81.7 81.63 81.57 81.45 81.45 81.42 81.44 81.42 81.4 81.07 81.05 81.09 81.14 81.15 81.22 81.26 81.33 81.4 81.65 81.75 81.83 81.88 81.91 81.98 82.04 82.16 82.28 82.32 82.4 82.43 82.58 82.73 82.88 83.04 83.14 83.17 83.3 83.39 83.51 83.55 83.78 83.97 84.06 84.1 84.2 84.28 84.35 84.48 84.6 84.66 84.71 84.8 84.89 84.94 85 85.07 85.13 85.18 85.24 85.41 85.44 85.48
83 83 82.82 82.77 82.61 82.97 82.91 82.79 82.72 82.61 82.46 82.39 82.26 82.14 82.06 81.98 81.84 81.78 81.74 81.61 81.63 81.57 81.59 81.57 81.56 81.24 81.26 81.3 81.34 81.41 81.44 81.51 81.55 81.63 81.78 81.85 81.91 81.99 82.02 82.09 82.21 82.3 82.47 82.52 82.58 82.67 82.7 82.79 82.98 83.19 83.34 83.4 83.47 83.58 83.67 83.78 83.97 84.13 84.23 84.28 84.39 84.47 84.54 84.61 84.78 84.81 84.87 84.96 85.01 85.1 85.15 85.2 85.26 85.31 85.37 85.5 85.53 85.57
82.99 83 82.93 82.74 82.5 82.91 82.83 82.71 82.63 82.56 82.48 82.39 82.2 82.09 82.03 81.97 81.9 81.87 81.81 81.68 81.67 81.66 81.67 81.64 81.62 81.33 81.35 81.42 81.46 81.5 81.57 81.61 81.68 81.76 81.89 82 82.01 82.09 82.12 82.23 82.3 82.43 82.49 82.63 82.69 82.75 82.79 82.98 83.09 83.37 83.43 83.51 83.65 83.74 83.84 83.95 84.08 84.24 84.36 84.43 84.54 84.59 84.71 84.73 84.88 84.93 85.02 85.08 85.17 85.23 85.28 85.32 85.38 85.44 85.46 85.54 85.66 85.72
83.04 82.97 82.91 82.82 82.59 82.91 82.82 82.77 82.63 82.56 82.48 82.38 82.25 82.15 82.08 82.05 81.99 81.93 81.9 81.81 81.7 81.75 81.72 81.72 81.72 81.43 81.44 81.54 81.56 81.64 81.67 81.75 81.78 81.85 81.96 82.06 82.09 82.14 82.22 82.31 82.4 82.57 82.65 82.76 82.84 82.85 82.94 83.03 83.21 83.49 83.58 83.66 83.8 83.9 83.97 84.02 84.24 84.35 84.52 84.58 84.65 84.75 84.83 84.85 84.99 85.11 85.14 85.2 85.25 85.31 85.36 85.42 85.48 85.57 85.58 85.72 85.76 85.78
83.03 82.97 82.9 82.79 83.05 83.02 82.9 82.82 82.7 82.61 82.54 82.44 82.31 82.24 82.18 82.11 82.04 82.02 81.97 81.88 81.79 81.82 81.82 81.79 81.79 81.52 81.56 81.65 81.71 81.77 81.81 81.83 81.88 81.95 82.06 82.14 82.22 82.26 82.34 82.41 82.5 82.68 82.74 82.88 82.97 82.96 83.05 83.29 83.3 83.61 83.71 83.75 83.93 84.02 84.08 84.22 84.4 84.46 84.64 84.72 84.78 84.85 84.95 84.97 85.12 85.22 85.23 85.32 85.38 85.44 85.49 85.51 85.58 85.69 85.69 85.84 85.86 85.87
83.03 82.95 82.87 82.78 83.05 83.01 82.94 82.84 82.7 82.66 82.66 82.53 82.35 82.29 82.22 82.16 82.18 82.1 82.06 81.95 81.9 81.87 81.86 81.88 81.9 81.62 81.65 81.72 81.8 81.91 81.93 81.94 81.99 82.05 82.15 82.23 82.33 82.43 82.42 82.49 82.65 82.81 82.88 82.98 82.99 83.1 83.23 83.42 83.39 83.64 83.82 83.9 84.04 84.13 84.18 84.34 84.5 84.59 84.76 84.82 84.88 84.98 85.06 85.09 85.25 85.34 85.35 85.41 85.46 85.52 85.57 85.6 85.68 85.75 85.78 85.92 85.97 85.96
83.06 82.95 82.9 83.29 83.06 82.96 82.91 82.83 82.78 82.75 82.7 82.62 82.44 82.37 82.31 82.31 82.3 82.2 82.13 82.07 82.03 81.96 81.98 81.98 82 81.75 81.79 81.88 81.93 82 82.07 82.08 82.11 82.18 82.29 82.36 82.43 82.51 82.55 82.62 82.73 82.92 82.96 83 83.11 83.31 83.45 83.56 83.56 83.83 83.92 84.05 84.14 84.28 84.35 84.47 84.62 84.7 84.89 84.93 85.02 85.09 85.19 85.21 85.37 85.44 85.47 85.52 85.58 85.63 85.69 85.7 85.81 85.88 85.94 86.02 86.09 86.1
83.1 83.03 82.92 83.3 83.14 83.11 83.06 82.91 82.9 82.91 82.8 82.72 82.57 82.5 82.47 82.41 82.39 82.33 82.28 82.18 82.19 82.12 82.13 82.11 82.15 81.91 81.94 82.07 82.11 82.17 82.2 82.23 82.29 82.35 82.41 82.5 82.58 82.62 82.69 82.76 82.82 82.97 83.05 83.13 83.27 83.49 83.57 83.66 83.74 83.99 84.09 84.22 84.29 84.42 84.5 84.64 84.79 84.86 84.97 85.06 85.14 85.25 85.27 85.5 85.58 85.62 85.67 85.7 85.77 85.83 85.86 85.92 85.99 86.07 86.1 86.22 86.22 86.24
83.19 83.03 82.99 83.4 83.37 83.37 83.29 83.24 83.19 83.18 83.02 82.95 82.79 82.78 82.75 82.65 82.68 82.66 82.58 82.51 82.51 82.52 82.48 82.45 82.47 82.21 82.32 82.41 82.46 82.48 82.55 82.57 82.6 82.67 82.72 82.76 82.83 82.95 82.98 83.05 83.1 83.2 83.31 83.42 83.58 83.71 83.85 83.87 84.06 84.21 84.34 84.47 84.55 84.7 84.79 84.88 85.02 85.15 85.24 85.3 85.36 85.41 85.49 85.61 85.69 85.72 85.74 85.79 85.85 85.9 85.98 86.02 86.04 86.11 86.14 86.21 86.28 86.32
83.13 83.22 83.57 83.48 83.49 83.45 83.42 83.37 83.32 83.25 83.13 83.09 82.96 82.94 82.83 82.83 82.78 82.78 82.75 82.71 82.69 82.64 82.63 82.61 82.63 82.37 82.43 82.54 82.62 82.68 82.71 82.72 82.77 82.77 82.83 82.91 82.97 83.03 83.14 83.17 83.21 83.3 83.47 83.6 83.83 83.84 83.96 83.99 84.14 84.37 84.48 84.64 84.68 84.8 84.93 85 85.13 85.3 85.38 85.43 85.48 85.54 85.61 85.72 85.79 85.83 85.82 85.87 85.94 85.98 86.07 86.11 86.14 86.2 86.23 86.26 86.37 86.41
83.18 83.24 83.67 83.53 83.58 83.54 83.54 83.49 83.45 83.33 83.24 83.24 83.11 83.02 82.99 82.97 82.9 82.93 82.88 82.82 82.81 82.76 82.8 82.79 82.79 82.54 82.57 82.63 82.78 82.81 82.85 82.86 82.92 82.88 82.94 82.97 83.06 83.13 83.21 83.25 83.34 83.45 83.57 83.65 83.88 83.95 84.04 84.08 84.24 84.45 84.61 84.71 84.8 84.89 85.01 85.1 85.24 85.35 85.41 85.42 85.53 85.61 85.71 85.71 85.83 85.83 85.87 85.93 85.99 86.07 86.14 86.17 86.2 86.26 86.3 86.36 86.44 86.47
83.31 83.74 83.61 83.64 83.59 83.63 83.59 83.56 83.52 83.47 83.38 83.31 83.21 83.11 83.11 83.06 83.02 83.02 82.99 82.95 82.93 82.89 82.91 82.92 82.63 82.7 82.67 82.72 82.82 82.91 83.02 83.02 83.04 82.99 83.02 83.1 83.15 83.24 83.31 83.35 83.41 83.55 83.72 83.75 83.83 83.98 84.03 84.18 84.34 84.57 84.66 84.79 84.9 84.98 85.08 85.14 85.25 85.4 85.48 85.49 85.63 85.72 85.76 85.78 85.88 85.97 85.95 86.01 86.03 86.11 86.18 86.24 86.29 86.32 86.38 86.41 86.5 86.53
83.36 83.76 83.7 83.74 83.67 83.7 83.65 83.65 83.6 83.56 83.48 83.4 83.25 83.22 83.21 83.15 83.18 83.1 83.11 83.05 83.02 83.01 83.05 83.06 82.76 82.79 82.8 82.83 82.93 83.02 83.11 83.15 83.17 83.1 83.13 83.18 83.26 83.34 83.4 83.46 83.54 83.64 83.81 83.86 83.93 84.06 84.14 84.29 84.4 84.62 84.71 84.89 84.97 85.07 85.15 85.19 85.34 85.46 85.57 85.56 85.72 85.74 85.81 85.85 85.96 86.03 86.01 86.05 86.11 86.18 86.26 86.28 86.32 86.37 86.43 86.46 86.53 86.6
83.46 83.85 83.76 83.78 83.81 83.74 83.75 83.7 83.63 83.64 83.58 83.51 83.36 83.35 83.3 83.28 83.29 83.25 83.23 83.17 83.15 83.17 83.21 83.14 82.86 82.92 82.93 82.99 83.02 83.11 83.2 83.29 83.29 83.22 83.24 83.32 83.38 83.44 83.47 83.56 83.65 83.73 83.86 83.99 84.04 84.16 84.23 84.39 84.45 84.65 84.86 84.98 85.08 85.14 85.22 85.27 85.41 85.51 85.57 85.63 85.74 85.82 85.88 85.95 85.99 86.07 86.02 86.07 86.15 86.25 86.33 86.35 86.4 86.45 86.49 86.52 86.58 86.66
83.95 83.93 83.87 83.93 83.91 83.82 83.86 83.83 83.79 83.76 83.72 83.63 83.49 83.43 83.43 83.43 83.36 83.37 83.37 83.32 83.3 83.3 83.31 83.3 83.04 83.05 83.13 83.12 83.16 83.22 83.33 83.41 83.43 83.37 83.38 83.44 83.49 83.56 83.6 83.65 83.75 83.84 83.98 84.1 84.15 84.24 84.32 84.43 84.56 84.78 84.91 85.03 85.15 85.21 85.27 85.33 85.47 85.58 85.59 85.69 85.82 85.88 85.93 85.98 86.02 86.1 86.05 86.14 86.2 86.31 86.38 86.41 86.47 86.52 86.55 86.6 86.64 86.71
84.1 84.05 84 84.05 84.05 83.99 84.01 83.98 83.95 83.92 83.87 83.83 83.72 83.64 83.61 83.57 83.54 83.53 83.52 83.5 83.48 83.41 83.64 83.66 83.43 83.38 83.39 83.43 83.47 83.54 83.6 83.62 83.66 83.62 83.61 83.69 83.74 83.79 83.85 83.94 84 84.09 84.2 84.28 84.32 84.42 84.51 84.61 84.75 84.92 85.08 85.17 85.28 85.34 85.39 85.48 85.54 85.61 85.68 85.8 85.87 85.93 85.98 86.03 86.13 86.19 86.14 86.2 86.29 86.39 86.46 86.49 86.53 86.6 86.64 86.69 86.76 86.83
84.39 84.35 84.32 84.39 84.38 84.33 84.31 84.35 84.3 84.27 84.23 84.2 84.07 84 83.92 83.93 83.92 83.9 83.9 83.81 83.79 83.78 83.76 83.79 83.53 83.58 83.58 83.57 83.63 83.67 83.72 83.74 83.78 83.74 83.8 83.81 83.86 83.91 83.97 84.03 84.12 84.22 84.3 84.39 84.47 84.53 84.58 84.7 84.86 85.01 85.11 85.19 85.28 85.36 85.41 85.51 85.59 85.67 85.76 85.79 85.93 85.95 86.03 86.07 86.12 86.2 86.15 86.21 86.31 86.41 86.49 86.52 86.58 86.64 86.68 86.74 86.78 86.86
84.53 84.5 84.47 84.46 84.53 84.52 84.47 84.48 84.44 84.41 84.42 84.32 84.23 84.11 84.12 84.12 84.05 84.03 83.99 83.92 83.91 83.88 83.9 83.9 83.66 83.67 83.68 83.68 83.73 83.75 83.78 83.84 83.85 83.85 83.89 83.93 83.95 84 84.06 84.15 84.2 84.26 84.35 84.47 84.55 84.6 84.66 84.89 84.97 85.11 85.13 85.19 85.3 85.34 85.44 85.51 85.67 85.71 85.81 85.84 85.95 85.99 86.07 86.09 86.15 86.19 86.18 86.24 86.3 86.43 86.51 86.58 86.61 86.65 86.77 86.77 86.84 86.91
84.59 84.6 84.57 84.56 84.63 84.63 84.6 84.53 84.53 84.51 84.48 84.41 84.28 84.21 84.17 84.21 84.22 84.17 84.15 84.04 84.01 83.99 84 83.97 83.75 83.77 83.77 83.78 83.81 83.83 83.86 83.93 83.95 83.92 83.97 83.91 84.01 84.06 84.12 84.18 84.23 84.31 84.41 84.48 84.58 84.64 84.82 85.01 85.03 85.07 85.12 85.22 85.31 85.37 85.48 85.59 85.73 85.71 85.82 85.87 85.94 86.03 86.08 86.11 86.17 86.23 86.18 86.25 86.31 86.41 86.52 86.6 86.65 86.68 86.85 86.79 86.87 86.92
84.68 84.65 84.65 84.68 84.71 84.69 84.64 84.68 84.67 84.62 84.56 84.48 84.38 84.3 84.27 84.26 84.27 84.26 84.3 84.23 84.23 84.13 84.06 84.07 83.82 83.85 83.86 83.86 83.9 83.91 83.97 83.99 84.01 84.02 84.01 83.95 84.09 84.11 84.17 84.23 84.3 84.37 84.43 84.54 84.63 84.68 84.9 85 85 85.1 85.15 85.24 85.31 85.42 85.54 85.67 85.74 85.72 85.82 85.88 85.95 86.03 86.07 86.12 86.18 86.13 86.19 86.27 86.4 86.42 86.54 86.59 86.66 86.72 86.88 86.85 86.89 86.94
84.72 84.72 84.71 84.78 84.8 84.8 84.74 84.79 84.77 84.7 84.73 84.57 84.43 84.4 84.34 84.31 84.32 84.32 84.28 84.27 84.26 84.19 84.14 84.14 83.94 83.94 83.93 83.94 84 84.02 84.05 84.07 84.01 84.05 84.08 84.08 84.09 84.18 84.23 84.29 84.37 84.48 84.52 84.58 84.7 84.78 84.95 84.96 84.97 85.08 85.18 85.24 85.33 85.44 85.56 85.69 85.72 85.75 85.83 85.9 85.96 86 86.06 86.11 86.09 86.13 86.17 86.25 86.37 86.45 86.53 86.6 86.72 86.75 86.9 86.87 86.92 87
84.56 84.78 84.82 84.89 84.92 84.91 84.9 84.8 84.84 84.8 84.79 84.8 84.58 84.5 84.44 84.42 84.4 84.39 84.36 84.27 84.29 84.31 84.24 84.22 84.04 84.05 84.05 84.06 84.07 84.11 84.14 84.15 84.08 84.11 84.14 84.17 84.2 84.23 84.28 84.34 84.45 84.5 84.56 84.63 84.74 84.83 84.97 84.96 84.99 85.12 85.22 85.34 85.35 85.47 85.59 85.58 85.74 85.76 85.86 85.87 85.94 86.02 86.08 86.09 86.12 86.17 86.15 86.24 86.35 86.44 86.48 86.54 86.64 86.8 86.85 86.96 86.97 87
84.67 84.82 84.93 84.96 85 84.98 84.97 84.95 84.89 84.92 84.92 84.92 84.79 84.64 84.56 84.51 84.49 84.48 84.47 84.39 84.35 84.41 84.45 84.34 84.14 84.16 84.16 84.14 84.16 84.21 84.22 84.17 84.13 84.15 84.1 84.15 84.28 84.31 84.39 84.42 84.51 84.54 84.62 84.69 84.8 84.88 84.96 84.97 85.02 85.15 85.22 85.41 85.37 85.37 85.43 85.5 85.62 85.71 85.8 85.84 85.89 85.98 86 85.94 85.95 85.99 86.06 86.22 86.24 86.32 86.41 86.48 86.6 86.74 86.88 86.88 86.95 87.03
84.9 84.86 85.07 85.17 85.15 85.12 85.15 85.2 85.12 85.13 85.09 85.13 85.02 84.97 84.78 84.74 84.72 84.7 84.81 84.63 84.58 84.58 84.65 84.64 84.36 84.37 84.36 84.35 84.39 84.41 84.4 84.25 84.26 84.27 84.27 84.34 84.38 84.47 84.51 84.52 84.59 84.65 84.72 84.79 84.91 84.95 85.01 85.05 85.11 85.14 85.29 85.39 85.41 85.38 85.4 85.48 85.68 85.69 85.78 85.86 85.89 85.89 85.91 85.89 85.99 85.97 86.05 86.2 86.21 86.31 86.38 86.56 86.57 86.68 86.81 86.89 86.97 87.03
84.94 84.9 84.96 85.16 85.24 85.21 85.26 85.31 85.23 85.28 85.2 85.17 85.06 85.06 84.94 84.85 84.82 84.8 84.83 84.81 84.71 84.7 84.76 84.73 84.5 84.47 84.49 84.44 84.45 84.46 84.42 84.29 84.32 84.31 84.34 84.4 84.43 84.51 84.54 84.56 84.66 84.65 84.77 84.79 84.89 84.98 85.03 85.08 85.12 85.17 85.29 85.4 85.38 85.36 85.38 85.47 85.66 85.71 85.78 85.78 85.85 85.85 85.8 85.85 86 86.02 86.11 86.16 86.2 86.28 86.4 86.53 86.62 86.67 86.74 86.89 87.05 87.12
85.02 84.97 84.96 85.06 85.24 85.32 85.29 85.33 85.38 85.3 85.28 85.23 85.1 85.07 85.18 85.1 84.95 84.87 84.84 84.9 84.84 84.85 84.82 84.81 84.56 84.57 84.58 84.52 84.56 84.51 84.41 84.33 84.36 84.35 84.35 84.39 84.47 84.51 84.58 84.62 84.64 84.72 84.78 84.81 84.87 85 85.05 85.07 85.13 85.2 85.31 85.35 85.32 85.37 85.38 85.46 85.61 85.71 85.73 85.64 85.65 85.73 85.77 85.96 86.01 86 86.04 86.12 86.2 86.28 86.35 86.49 86.58 86.69 86.76 86.92 87.06 87.15
85.05 85 84.96 85.06 85.16 85.38 85.32 85.38 85.37 85.34 85.22 85.32 85.23 85.11 85.17 85.18 85.07 84.9 84.86 84.91 84.95 84.93 84.89 84.91 84.65 84.6 84.64 84.58 84.57 84.54 84.48 84.38 84.4 84.39 84.37 84.44 84.5 84.54 84.61 84.62 84.67 84.74 84.81 84.83 84.9 85.01 85.04 85.1 85.13 85.22 85.31 85.31 85.3 85.36 85.39 85.43 85.53 85.55 85.57 85.57 85.66 85.7 85.74 85.88 85.93 86.02 86.04 86.08 86.16 86.24 86.33 86.48 86.57 86.69 86.69 86.98 87.02 87.14
85.09 85.12 85 84.98 85.11 85.23 85.36 85.44 85.42 85.38 85.28 85.21 85.3 85.25 85.17 85.24 85.21 85.03 84.92 84.88 84.89 84.95 85.02 84.99 84.7 84.65 84.72 84.67 84.61 84.6 84.46 84.45 84.43 84.44 84.41 84.45 84.52 84.61 84.64 84.63 84.68 84.75 84.79 84.78 84.92 85.02 85.05 85.13 85.2 85.22 85.23 85.24 85.29 85.36 85.39 85.41 85.45 85.46 85.53 85.58 85.62 85.66 85.83 85.87 85.94 85.92 85.97 86.04 86.18 86.25 86.31 86.43 86.55 86.67 86.71 86.98 87.06 87.1
85.18 85.18 85.01 85.04 85.08 85.15 85.34 85.44 85.44 85.38 85.41 85.4 85.13 85.37 85.3 85.27 85.23 85.17 84.98 84.91 84.94 85.02 85.04 85.02 84.78 84.76 84.75 84.75 84.64 84.59 84.5 84.49 84.49 84.52 84.46 84.5 84.47 84.51 84.59 84.7 84.66 84.69 84.78 84.78 84.85 85.05 85.08 85.11 85.18 85.17 85.22 85.25 85.27 85.36 85.34 85.37 85.47 85.46 85.53 85.54 85.61 85.65 85.72 85.8 85.77 85.88 85.96 86.03 86.15 86.22 86.29 86.38 86.54 86.64 86.76 86.73 86.89 87.03
85.24 85.18 85.01 84.99 85.06 85.07 85.22 85.21 85.48 85.51 85.49 85.46 85.29 85.21 85.46 85.43 85.33 85.27 85.2 85.02 85.05 85.07 85.12 85.04 84.99 84.83 84.87 84.83 84.71 84.66 84.6 84.57 84.59 84.59 84.53 84.59 84.7 84.72 84.76 84.8 84.84 84.89 84.86 85 84.91 85.06 85.08 85.15 85.19 85.24 85.25 85.25 85.24 85.29 85.36 85.39 85.48 85.52 85.56 85.54 85.58 85.62 85.64 85.72 85.74 85.81 85.92 86 86.09 86.18 86.29 86.36 86.53 86.63 86.78 86.9 86.88 86.97
