DE_solarradiation/solarradiation_2018_05.asc
NCOLS 654
NROWS 866
XLLCORNER 3280500
YLLCORNER 5237500
CELLSIZE 1000
NODATA_VALUE -999
[rows 576 to 607 of 866, columns 432 to 503 of 654]
183.43 183.38 183.33 183.26 183.23 183.07 182.86 182.81 182.74 182.73 182.71 182.7 182.7 182.72 182.75 182.77 182.78 182.74 182.75 182.87 182.67 182.67 182.74 182.75 182.73 182.73 182.72 182.69 182.66 182.66 182.63 182.65 182.64 182.55 182.53 182.52 182.47 -999 -999 -999 -999 -999 -999 -999 -999 -999 -999 -999 -999 -999 -999 -999 -999 -999 -999 -999 -999 -999 -999 -999 -999 -999 -999 -999 -999 -999 -999 -999 -999 -999 -999 -999
183.45 183.41 183.37 183.36 183.24 183.13 182.9 182.81 182.81 182.74 182.7 182.7 182.72 182.73 182.79 182.78 182.82 182.78 182.85 182.67 182.71 182.75 182.8 182.8 182.83 182.81 182.8 182.75 182.77 182.71 182.68 182.72 182.7 182.59 182.57 182.52 182.5 -999 -999 -999 -999 -999 -999 -999 -999 -999 -999 -999 -999 -999 -999 -999 -999 -999 -999 -999 -999 -999 -999 -999 -999 -999 -999 -999 -999 -999 -999 -999 -999 -999 -999 -999
183.44 183.41 183.47 183.31 183.21 183.12 182.96 182.88 182.86 182.78 182.8 182.8 182.75 182.76 182.75 182.81 182.85 182.88 182.72 182.74 182.76 182.84 182.86 182.86 182.89 182.88 182.88 182.85 182.87 182.81 182.78 182.74 182.69 182.65 182.61 182.62 182.58 -999 -999 -999 -999 -999 -999 -999 -999 -999 -999 -999 -999 -999 -999 -999 -999 -999 -999 -999 -999 -999 -999 -999 -999 -999 -999 -999 -999 -999 -999 -999 -999 -999 -999 -999
183.44 183.38 183.39 183.38 183.29 183.14 182.93 182.9 182.92 182.89 182.85 182.8 182.81 182.76 182.83 182.86 182.9 182.76 182.8 182.84 182.91 182.95 182.89 182.96 183 183.01 183 182.97 182.92 182.88 182.83 182.83 182.8 182.78 182.72 182.7 182.66 -999 -999 -999 -999 -999 -999 -999 -999 -999 -999 -999 -999 -999 -999 -999 -999 -999 -999 -999 -999 -999 -999 -999 -999 -999 -999 -999 -999 -999 -999 -999 -999 -999 -999 -999
183.37 183.27 183.3 183.34 183.21 183.17 182.99 182.95 182.9 182.88 182.85 182.86 182.87 182.88 182.96 182.98 182.9 182.94 183.01 183.05 183.11 183.15 183.17 183.21 183.25 183.3 183.28 183.23 183.27 183.17 183.15 183.09 183.08 183.05 182.98 182.99 182.81 -999 -999 -999 -999 -999 -999 -999 -999 -999 -999 -999 -999 -999 -999 -999 -999 -999 -999 -999 -999 -999 -999 -999 -999 -999 -999 -999 -999 -999 -999 -999 -999 -999 -999 -999
183.35 183.27 183.21 183.25 183.16 183.12 183 182.95 182.93 182.93 182.87 182.84 182.9 182.95 183.04 182.82 182.93 182.97 183.05 183.1 183.13 183.26 183.28 183.33 183.35 183.39 183.4 183.35 183.35 183.32 183.3 183.22 183.18 183.17 183.09 183.09 182.89 -999 -999 -999 -999 -999 -999 -999 -999 -999 -999 -999 -999 -999 -999 -999 -999 -999 -999 -999 -999 -999 -999 -999 -999 -999 -999 -999 -999 -999 -999 -999 -999 -999 -999 -999
183.22 183.17 183.16 183.15 183.09 182.97 182.91 182.82 182.75 182.88 182.89 182.81 182.82 182.93 182.87 182.85 182.92 183 183.1 183.12 183.16 183.31 183.33 183.4 183.43 183.48 183.49 183.47 183.45 183.39 183.44 183.35 183.29 183.31 183.14 -999 -999 -999 -999 -999 -999 -999 -999 -999 -999 -999 -999 -999 -999 -999 -999 -999 -999 -999 -999 -999 -999 -999 -999 -999 -999 -999 -999 -999 -999 -999 -999 -999 -999 -999 -999 -999
183.18 183.1 183.05 183.03 182.98 182.91 182.81 182.76 182.69 182.71 182.79 182.8 182.85 182.7 182.82 182.87 182.92 183.02 183.04 183.11 183.23 183.36 183.4 183.46 183.53 183.57 183.58 183.56 183.54 183.45 183.48 183.45 183.48 183.36 -999 -999 -999 -999 -999 -999 -999 -999 -999 -999 -999 -999 -999 -999 -999 -999 -999 -999 -999 -999 -999 -999 -999 -999 -999 -999 -999 -999 -999 -999 -999 -999 -999 -999 -999 -999 -999 -999
183.08 183.07 182.99 182.96 182.9 182.81 182.77 182.68 182.65 182.64 182.67 182.78 182.79 182.89 182.85 182.95 182.92 183.04 183.09 183.2 183.34 183.44 183.49 183.52 183.59 183.65 183.68 183.68 183.62 183.56 183.59 183.59 183.57 -999 -999 -999 -999 -999 -999 -999 -999 -999 -999 -999 -999 -999 -999 -999 -999 -999 -999 -999 -999 -999 -999 -999 -999 -999 -999 -999 -999 -999 -999 -999 -999 -999 -999 -999 -999 -999 -999 -999
182.99 182.97 182.93 182.86 182.8 182.76 182.7 182.66 182.63 182.63 182.64 182.75 182.73 182.85 182.87 182.93 182.97 183.06 183.16 183.23 183.34 183.52 183.57 183.62 183.65 183.69 183.71 183.78 183.8 183.68 183.62 183.61 183.6 -999 -999 -999 -999 -999 -999 -999 -999 -999 -999 -999 -999 -999 -999 -999 -999 -999 -999 -999 -999 -999 -999 -999 -999 -999 -999 -999 -999 -999 -999 -999 -999 -999 -999 -999 -999 -999 -999 -999
182.86 182.8 182.82 182.78 182.71 182.66 182.59 182.61 182.56 182.57 182.59 182.66 182.7 182.87 183.03 182.94 183 183.14 183.22 183.34 183.42 183.57 183.65 183.7 183.73 183.76 183.81 183.8 183.74 183.72 183.68 183.65 183.68 -999 -999 -999 -999 -999 -999 -999 -999 -999 -999 -999 -999 -999 -999 -999 -999 -999 -999 -999 -999 -999 -999 -999 -999 -999 -999 -999 -999 -999 -999 -999 -999 -999 -999 -999 -999 -999 -999 -999
182.72 182.65 182.73 182.65 182.6 182.56 182.53 182.55 182.57 182.59 182.59 182.66 182.69 182.84 183.18 183.05 183.15 183.26 183.35 183.45 183.58 183.84 183.94 183.95 184 184.05 184.07 184.1 184.12 184 183.88 183.83 183.8 183.66 183.52 -999 -999 -999 -999 -999 -999 -999 -999 -999 -999 -999 -999 -999 -999 -999 -999 -999 -999 -999 -999 -999 -999 -999 -999 -999 -999 -999 -999 -999 -999 -999 -999 -999 -999 -999 -999 -999
182.61 182.58 182.52 182.52 182.47 182.46 182.45 182.49 182.54 182.53 182.53 182.59 182.67 182.78 183.14 183.04 183.18 183.28 183.36 183.53 183.64 183.94 184.01 184.09 184.1 184.1 184.14 184.13 184.1 183.97 183.91 183.82 183.84 183.7 183.6 -999 -999 -999 -999 -999 -999 -999 -999 -999 -999 -999 -999 -999 -999 -999 -999 -999 -999 -999 -999 -999 -999 -999 -999 -999 -999 -999 -999 -999 -999 -999 -999 -999 -999 -999 -999 -999
182.55 182.47 182.44 182.4 182.38 182.36 182.41 182.39 182.41 182.48 182.56 182.59 182.66 182.78 182.92 183.03 183.17 183.34 183.43 183.55 183.65 183.98 184.1 184.16 184.17 184.25 184.26 184.22 184.2 183.99 183.95 183.87 183.81 183.68 183.57 183.44 -999 -999 -999 -999 -999 -999 -999 -999 -999 -999 -999 -999 -999 -999 -999 -999 -999 -999 -999 -999 -999 -999 -999 -999 -999 -999 -999 -999 -999 -999 -999 -999 -999 -999 -999 -999
182.44 182.4 182.36 182.33 182.3 182.31 182.32 182.37 182.37 182.44 182.47 182.52 182.64 182.57 182.91 183.06 183.17 183.37 183.52 183.59 183.73 183.99 184.1 184.17 184.21 184.25 184.29 184.3 184.27 184.05 183.98 183.85 183.74 183.7 183.59 183.43 183.13 182.98 -999 -999 -999 -999 -999 -999 -999 -999 -999 -999 -999 -999 -999 -999 -999 -999 -999 -999 -999 -999 -999 -999 -999 -999 -999 -999 -999 -999 -999 -999 -999 -999 -999 -999
182.37 182.32 182.26 182.22 182.24 182.25 182.29 182.34 182.34 182.36 182.43 182.52 182.59 182.55 182.89 183.04 183.16 183.28 183.46 183.71 183.76 184.02 184.17 184.26 184.28 184.26 184.32 184.36 184.27 184.15 183.95 183.86 183.79 183.77 183.61 183.45 183.15 183 182.86 -999 -999 -999 -999 -999 -999 -999 -999 -999 -999 -999 -999 -999 -999 -999 -999 -999 -999 -999 -999 -999 -999 -999 -999 -999 -999 -999 -999 -999 -999 -999 -999 -999
182.25 182.21 182.18 182.15 182.16 182.16 182.2 182.26 182.29 182.33 182.39 182.48 182.4 182.51 182.88 183.03 183.14 183.27 183.52 183.65 183.81 184.07 184.23 184.28 184.3 184.3 184.31 184.34 184.3 184.13 184.01 183.88 183.84 183.73 183.65 183.5 183.19 183.01 182.82 182.76 182.64 182.4 -999 -999 -999 -999 -999 -999 -999 -999 -999 -999 -999 -999 -999 -999 -999 -999 -999 -999 -999 -999 -999 -999 -999 -999 -999 -999 -999 -999 -999 -999
182.17 182.14 182.12 182.08 182.07 182.07 182.11 182.18 182.2 182.29 182.34 182.42 182.35 182.5 182.84 183.02 183.14 183.26 183.39 183.62 183.76 184.16 184.21 184.32 184.33 184.28 184.3 184.32 184.25 184.12 184.1 184 183.83 183.75 183.6 183.49 183.17 182.92 182.76 182.73 182.55 182.41 -999 -999 -999 -999 -999 -999 -999 -999 -999 -999 -999 -999 -999 -999 -999 -999 -999 -999 -999 -999 -999 -999 -999 -999 -999 -999 -999 -999 -999 -999
182.07 182.04 182 182.01 181.97 182 182.05 182.09 182.16 182.21 182.3 182.24 182.34 182.47 182.83 182.98 183.13 183.25 183.44 183.59 183.86 184.12 184.28 184.31 184.33 184.29 184.34 184.34 184.28 184.13 184.16 184.05 183.89 183.67 183.59 183.47 183.08 182.91 182.75 182.77 182.52 182.37 -999 -999 -999 -999 -999 -999 -999 -999 -999 -999 -999 -999 -999 -999 -999 -999 -999 -999 -999 -999 -999 -999 -999 -999 -999 -999 -999 -999 -999 -999
181.93 181.92 181.85 181.83 181.79 181.82 181.95 182.01 182.07 182.14 182.24 182.17 182.3 182.47 182.88 183 183.15 183.33 183.48 183.62 183.86 184.2 184.33 184.37 184.34 184.34 184.34 184.38 184.34 184.26 184.25 184.17 183.99 183.82 183.69 183.56 183.09 182.92 182.72 182.61 182.51 182.35 -999 -999 -999 -999 -999 -999 -999 -999 -999 -999 -999 -999 -999 -999 -999 -999 -999 -999 -999 -999 -999 -999 -999 -999 -999 -999 -999 -999 -999 -999
181.83 181.79 181.76 181.76 181.73 181.75 181.87 181.93 182 182.14 182.03 182.16 182.26 182.46 182.85 182.98 183.13 183.29 183.47 183.64 183.85 184.2 184.28 184.31 184.3 184.34 184.35 184.37 184.32 184.25 184.21 184.15 183.95 183.8 183.67 183.51 183.05 182.88 182.71 182.57 182.42 182.29 -999 -999 -999 -999 -999 -999 -999 -999 -999 -999 -999 -999 -999 -999 -999 -999 -999 -999 -999 -999 -999 -999 -999 -999 -999 -999 -999 -999 -999 -999
181.76 181.73 181.68 181.69 181.67 181.71 181.83 181.89 181.96 182.04 181.97 182.09 182.19 182.33 182.77 182.94 183.06 183.28 183.46 183.56 183.73 184.11 184.23 184.31 184.26 184.32 184.3 184.36 184.32 184.22 184.14 184.07 183.91 183.74 183.59 183.51 183 182.79 182.63 182.51 182.38 182.25 -999 -999 -999 -999 -999 -999 -999 -999 -999 -999 -999 -999 -999 -999 -999 -999 -999 -999 -999 -999 -999 -999 -999 -999 -999 -999 -999 -999 -999 -999
181.66 181.66 181.61 181.63 181.66 181.66 181.76 181.81 181.88 181.77 181.93 181.99 182.1 182.27 182.7 182.87 183.03 183.22 183.4 183.47 183.63 184.02 184.17 184.17 184.25 184.27 184.28 184.29 184.26 184.15 184.1 184.02 183.9 183.83 183.58 183.43 182.92 182.75 182.58 182.45 182.33 182.22 182.06 -999 -999 -999 -999 -999 -999 -999 -999 -999 -999 -999 -999 -999 -999 -999 -999 -999 -999 -999 -999 -999 -999 -999 -999 -999 -999 -999 -999 -999
181.62 181.6 181.57 181.58 181.56 181.59 181.72 181.78 181.83 181.71 181.81 181.89 182.05 182.2 182.65 182.83 182.99 183.18 183.32 183.43 183.57 183.94 184.08 184.08 184.18 184.24 184.25 184.22 184.19 184.08 184.03 183.96 183.91 183.7 183.51 183.34 182.89 182.75 182.58 182.46 182.29 182.16 182.01 181.85 181.51 -999 -999 -999 -999 -999 -999 -999 -999 -999 -999 -999 -999 -999 -999 -999 -999 -999 -999 -999 -999 -999 -999 -999 -999 -999 -999 -999
181.56 181.51 181.49 181.52 181.51 181.55 181.66 181.71 181.58 181.68 181.76 181.85 181.97 182.19 182.59 182.76 182.96 183.08 183.22 183.35 183.51 183.82 183.95 184.07 184.15 184.17 184.18 184.14 184.13 184.03 183.97 183.85 183.76 183.66 183.46 183.27 182.85 182.67 182.51 182.4 182.23 182.1 181.98 181.79 181.44 -999 -999 -999 -999 -999 -999 -999 -999 -999 -999 -999 -999 -999 -999 -999 -999 -999 -999 -999 -999 -999 -999 -999 -999 -999 -999 -999
181.49 181.5 181.49 181.47 181.47 181.5 181.65 181.7 181.56 181.62 181.71 181.79 181.91 182.08 182.51 182.66 182.83 183 183.15 183.24 183.39 183.7 183.8 183.98 183.99 184.03 184.04 184.03 184.04 183.93 183.88 183.74 183.64 183.53 183.38 183.22 182.79 182.61 182.43 182.31 182.18 182.05 181.97 181.73 181.38 -999 -999 -999 -999 -999 -999 -999 -999 -999 -999 -999 -999 -999 -999 -999 -999 -999 -999 -999 -999 -999 -999 -999 -999 -999 -999 -999
181.45 181.46 181.44 181.43 181.48 181.48 181.6 181.47 181.5 181.57 181.65 181.74 181.85 181.99 182.32 182.51 182.68 182.84 182.95 183.03 183.17 183.48 183.59 183.78 183.77 183.8 183.85 183.84 183.83 183.68 183.63 183.52 183.39 183.26 183.15 183.02 182.68 182.56 182.35 182.23 182.08 181.95 181.85 181.63 181.27 181.1 -999 -999 -999 -999 -999 -999 -999 -999 -999 -999 -999 -999 -999 -999 -999 -999 -999 -999 -999 -999 -999 -999 -999 -999 -999 -999
181.44 181.44 181.42 181.42 181.43 181.47 181.54 181.37 181.46 181.57 181.62 181.69 181.8 181.93 182.26 182.41 182.53 182.64 182.79 182.96 183.13 183.35 183.44 183.58 183.66 183.73 183.8 183.73 183.66 183.56 183.46 183.35 183.21 183.14 183.07 182.93 182.59 182.45 182.29 182.15 182.01 181.88 181.74 181.56 181.19 181.03 -999 -999 -999 -999 -999 -999 -999 -999 -999 -999 -999 -999 -999 -999 -999 -999 -999 -999 -999 -999 -999 -999 -999 -999 -999 -999
181.46 181.47 181.44 181.39 181.47 181.44 181.32 181.41 181.47 181.57 181.62 181.68 181.78 181.87 182.19 182.36 182.53 182.68 182.79 182.84 183.01 183.28 183.44 183.49 183.56 183.58 183.6 183.48 183.45 183.41 183.33 183.18 183.14 183.02 182.95 182.84 182.53 182.4 182.22 182.12 181.98 181.83 181.67 181.52 181.15 180.94 -999 -999 -999 -999 -999 -999 -999 -999 -999 -999 -999 -999 -999 -999 -999 -999 -999 -999 -999 -999 -999 -999 -999 -999 -999 -999
181.4 181.45 181.4 181.42 181.41 181.49 181.32 181.41 181.45 181.48 181.52 181.58 181.68 181.82 182.15 182.25 182.45 182.65 182.7 182.76 182.96 183.28 183.38 183.39 183.43 183.44 183.44 183.5 183.42 183.23 183.18 183.13 183.11 182.96 182.88 182.69 182.41 182.29 182.19 182.07 181.87 181.73 181.6 181.42 181.05 180.87 -999 -999 -999 -999 -999 -999 -999 -999 -999 -999 -999 -999 -999 -999 -999 -999 -999 -999 -999 -999 -999 -999 -999 -999 -999 -999
181.28 181.31 181.31 181.38 181.32 181.22 181.29 181.38 181.38 181.39 181.44 181.49 181.6 181.73 182.02 182.23 182.42 182.58 182.59 182.73 182.84 183.17 183.25 183.26 183.25 183.24 183.37 183.37 183.3 183.17 183.1 183.05 183.02 182.91 182.76 182.61 182.29 182.14 182.06 181.95 181.78 181.64 181.52 181.4 181.01 180.8 180.78 -999 -999 -999 -999 -999 -999 -999 -999 -999 -999 -999 -999 -999 -999 -999 -999 -999 -999 -999 -999 -999 -999 -999 -999 -999
181.27 181.24 181.17 181.18 181.12 181.22 181.23 181.26 181.29 181.36 181.39 181.45 181.53 181.64 181.96 182.18 182.32 182.43 182.44 182.61 182.76 183.01 183.09 183.1 183.13 183.11 183.18 183.21 183.22 183.03 182.94 182.91 182.85 182.8 182.73 182.55 182.18 182.03 181.95 181.92 181.71 181.64 181.52 181.36 180.96 180.78 180.74 -999 -999 -999 -999 -999 -999 -999 -999 -999 -999 -999 -999 -999 -999 -999 -999 -999 -999 -999 -999 -999 -999 -999 -999 -999
