DE_solarradiation/solarradiation_2018_06.asc
NCOLS 654
NROWS 866
XLLCORNER 3280500
YLLCORNER 5237500
CELLSIZE 1000
NODATA_VALUE -999
[rows 608 to 639 of 866, columns 72 to 143 of 654]
166.22 166.31 166.14 166.06 165.94 166.39 166.97 167.22 167.17 167.67 167.79 167.55 168.2 168.55 168.86 168.95 169.13 168.88 168.95 169.09 169.32 169.77 170 170.35 170.46 170.61 170.59 170.62 171.19 171.85 172.13 172.33 172.49 172.17 172.83 173.43 173.65 173.69 173.88 174.09 174.27 174.32 174.7 174.77 174.84 175.01 176 176.32 175.95 176.1 175.8 176.2 176.6 176.72 176.48 176.35 176.29 176.68 176.74 176.72 176.48 176.58 176.69 176.96 176.75 176.78 176.66 176.62 176.57 176.64 176.88 177.05
166.79 166.43 166.34 166.57 166.63 166.9 167.67 167.98 168.2 168.26 168.22 168.64 168.55 168.9 169.46 169.62 169.72 169.55 169.58 169.93 169.94 170.18 170.34 170.69 170.8 170.99 170.98 171.29 171.66 172.26 172.41 172.48 172.56 173.07 173.51 173.77 173.93 173.9 173.81 174.14 173.6 173.99 174.73 174.96 174.39 174.59 175.17 175.57 176.28 176.02 175.87 176.14 176.5 176.51 176.56 176.17 176.18 176.28 176.74 176.61 176.46 176.45 176.44 176.69 176.83 176.71 176.67 176.69 176.75 176.82 176.81 176.56
167.33 167.39 167.03 167.42 167.48 167.49 168.24 168.57 168.64 168.87 168.89 169.17 169.26 169.65 169.84 170.08 170.1 170.15 170.27 170.42 170.45 170.83 170.59 170.84 171.03 170.99 171.22 172.07 172.56 172.43 172.58 172.89 172.91 172.97 173.22 173.85 173.95 173.88 173.88 173.92 174.04 173.98 174.15 175.07 174.9 174.8 175.14 175.61 175.57 175.57 175.28 176.1 176.28 176.3 176.27 176.21 176.19 176.39 176.6 176.51 176.72 176.45 176.37 176.5 176.72 176.71 176.37 176.36 176.23 175.97 176.1 176.35
167.77 167.85 168.05 168.09 168.17 168.16 168.8 169.02 169.31 169.34 169.47 169.7 169.84 170.07 170.21 170.47 170.64 170.62 170.47 170.69 170.91 171.17 170.98 171.47 171.48 171.86 171.73 172.54 172.84 173.19 173.26 173.34 173.17 173.41 173.45 173.94 174.47 174.31 174.33 174.13 173.96 173.79 174.64 175.14 175.05 175 175.22 175.66 175.51 175.21 175.2 175.73 175.8 175.81 175.57 175.43 176.12 176.43 176.53 176.36 176.5 175.91 175.98 176.15 176.14 176.17 176.2 176.26 176.17 175.87 176.08 176.32
168.57 168.56 168.7 168.45 168.57 168.72 169.33 169.57 169.82 169.9 169.83 169.97 170.39 170.75 170.52 170.99 170.94 170.98 170.9 170.96 171.11 171.55 171.96 172.16 172.34 172.48 172.66 172.81 172.89 173.12 173.63 173.68 173.51 173.9 173.98 174.11 174.55 174.39 174.35 174.59 174.5 174.52 174.76 174.63 175.09 175.23 175.19 175.37 175.88 175.73 175.47 175.85 175.64 175.86 175.84 175.64 175.72 175.71 175.79 175.96 176.01 175.82 176.07 176.06 176.09 175.93 176.07 175.98 176.04 175.85 176.02 175.93
168.95 169.05 169.28 168.74 169.03 169.39 169.92 170.04 170.14 170.11 170.4 170.72 170.77 171.31 171.24 171.58 171.66 171.57 171.54 171.41 171.85 172.24 172.42 172.58 172.76 172.76 172.78 172.86 173.39 173.39 173.82 173.87 174 173.84 174.21 174.04 174.7 174.35 174.59 174.94 174.75 174.95 174.83 174.81 175.06 175.16 175.19 175.34 175.56 175.78 175.96 175.76 175.91 175.81 175.82 175.66 175.75 175.62 175.38 175.68 175.81 175.84 175.87 175.83 175.89 175.59 175.87 175.71 175.77 175.65 175.67 175.88
169.26 169.54 169.9 169.87 169.96 170.18 170.71 170.67 170.93 171.02 171.23 171.44 171.66 172.02 172.1 172 171.98 171.99 172.03 172.06 172 172.85 173.06 172.89 173.04 172.88 172.9 173.19 173.54 173.86 174.04 173.88 173.89 174.2 174.29 175 174.82 174.22 174.58 174.96 175.28 175.02 175.15 175.16 175.06 175.15 175.18 175.48 175.52 175.41 175.85 175.86 175.83 175.81 175.64 175.59 175.46 175.41 175.29 175.5 175.52 175.33 175.58 175.5 175.64 175.48 175.63 175.29 175.31 175.45 175.47 175.67
170.67 170.91 171.14 171.4 171.55 171.63 171.94 172.11 172.45 172.53 172.61 172.76 172.9 173.16 173.34 173.32 173.37 173.21 173.47 173.32 173.26 173.82 173.99 173.93 173.99 173.75 173.99 174.12 174.29 174.58 174.68 174.45 174.51 174.75 175.12 175.1 174.47 174.32 174.94 175.39 175.2 174.97 174.94 175.02 175.23 175.3 175.14 175.3 175.31 175.54 175.8 175.88 175.67 175.8 175.7 175.5 175.44 175.43 175.21 175.19 175.29 175.32 175.42 175.52 175.37 175.32 175.32 175.46 175.37 175.32 175.31 175.15
171.58 171.43 171.85 171.99 172.16 172.24 172.63 172.92 173.01 173.21 173.37 173.36 173.39 173.73 173.94 173.9 173.77 173.86 173.67 173.99 173.9 173.95 174.42 174.27 174.24 174.2 174.25 174.55 174.7 174.76 174.68 174.71 174.99 174.98 175.29 175.39 175.08 174.92 175.29 175.31 175.3 175.44 175.42 175.27 175.38 175.49 175.57 175.32 175.25 175.48 175.45 175.9 175.88 175.71 175.73 175.67 175.36 175.46 175.31 175.26 175.17 175.26 175.26 175.25 175.24 175.12 175.01 175.04 175.06 175.08 175.18 175.05
172.09 172.36 172.45 172.46 172.65 172.65 173.18 173.18 173.49 173.65 173.78 173.94 173.94 174.13 174.38 174.14 174.27 174.19 174.21 174.36 174.4 174.45 174.62 174.41 174.49 174.44 174.83 174.6 174.7 174.93 175.01 174.94 175.16 175.33 175.19 175.57 175.37 175.31 175.2 175.27 175.45 175.49 175.37 175.43 175.54 175.65 175.73 175.66 175.23 175.57 175.84 175.47 175.68 175.7 175.45 175.29 175.32 175.3 175.41 175.07 174.98 175.14 175.13 175.05 175 174.99 174.92 175.02 174.93 174.92 174.94 174.92
172.39 172.62 172.99 172.72 172.64 172.71 173.48 173.72 173.83 173.9 174.15 174.23 174.35 174.61 174.64 174.64 174.71 174.34 174.25 174.71 174.78 174.92 174.7 174.56 174.54 174.75 174.97 175.09 175.11 174.95 175.12 175.04 175.11 175.43 175.57 175.67 175.54 175.39 175.13 175.23 175.23 175.38 175.51 175.53 175.66 175.72 175.67 175.73 175.72 175.62 175.6 175.5 175.63 175.64 175.56 175.32 175.27 175.22 175.26 175.1 174.79 174.9 174.86 174.83 174.88 174.88 174.81 174.78 174.77 174.79 174.81 174.68
172.87 173.1 173.42 173.34 173.13 173.61 173.84 174.05 174.27 174.12 174.38 174.43 174.68 174.83 174.97 175.01 174.91 174.49 174.78 174.68 174.8 175.16 175.06 174.93 174.82 174.69 174.92 175.29 175.34 175.3 175.25 175.47 175.68 175.53 175.75 175.63 175.28 175.28 175.33 175.53 175.46 175.53 175.35 175.45 175.53 175.62 175.69 175.64 175.71 175.66 175.44 175.49 175.43 175.42 175.47 175.42 175.33 175.07 174.92 174.91 174.75 174.6 174.66 174.65 174.64 174.67 174.63 174.58 174.57 174.59 174.61 174.3
173.51 173.74 173.71 173.89 173.82 173.93 174.31 174.45 174.53 174.49 174.73 174.75 174.78 175.06 175.17 175.35 175.14 175 175.06 175.14 175.13 175.34 175.35 175.16 175.08 175.3 175.51 175.57 175.9 175.46 175.4 175.6 175.64 175.86 175.82 175.48 175.43 175.54 175.62 175.61 175.58 175.65 175.59 175.58 175.58 175.63 175.6 175.5 175.53 175.49 175.47 175.45 175.36 175.19 175.21 175.02 174.93 174.78 174.74 174.44 174.25 174.46 174.44 174.43 174.42 174.41 174.33 174.28 174.31 174.17 173.96 174.46
174.03 174.02 174.09 174.17 174.14 174.21 174.84 174.79 174.56 174.97 175.03 175.14 175.17 175.52 175.43 175.43 175.16 175.35 175.34 175.66 175.35 175.28 175.32 175.47 175.5 175.56 175.65 175.68 175.8 175.69 175.91 175.85 175.77 175.59 175.7 175.97 175.71 175.8 175.76 175.77 175.7 175.66 175.67 175.56 175.53 175.54 175.56 175.52 175.48 175.44 175.36 175.09 175.03 175.06 174.93 174.92 174.83 174.28 174.05 174.26 174.14 173.84 174.01 173.88 174.01 173.89 173.77 173.69 173.79 173.51 173.86 173.76
174.16 174.23 174.33 174.57 174.5 174.64 175.1 174.93 174.87 175.19 175.39 175.52 175.58 175.75 175.84 176.01 175.69 175.86 176.03 175.8 176.03 175.92 175.75 175.96 176.05 176.06 176.07 176.04 175.87 175.96 176.14 175.81 175.72 175.7 175.92 176.03 176.06 176.02 176 175.97 175.85 175.85 175.79 175.59 175.47 175.32 175.35 175.31 175.25 175.14 174.87 174.77 174.65 174.6 174.42 174.39 174.34 174.23 173.89 173.8 173.77 173.63 173.7 173.65 173.6 173.59 173.57 173.64 173.46 173.29 173.26 173.72
174.75 175.04 174.99 175.08 175.42 175.67 175.54 175.51 175.62 175.84 176.02 176 176.24 175.97 176.09 176.22 176.08 175.98 176.24 176.22 175.96 175.88 176.02 176.11 176.36 176.36 176.31 176.28 176.17 176.21 175.9 175.95 176.03 176.23 176.3 176 175.94 176 175.83 175.81 175.82 175.72 175.7 175.64 175.42 175.29 175.2 175.11 174.95 174.93 174.84 174.6 174.47 174.36 174.25 174.22 174.13 173.91 173.9 173.73 173.58 173.38 173.52 173.5 173.12 173.27 173.16 173.28 173.33 173.12 173.14 173.15
175.15 175.18 175.52 175.69 175.85 175.77 175.65 175.98 175.96 175.97 176.32 176.4 176.37 176.57 176.47 176.38 176.24 176.34 176.39 176.39 176.11 176.32 176.26 176.12 176.1 176.34 176.4 176.45 176.56 176.1 176.05 176.25 176.26 176.29 176.3 176.12 175.97 175.89 175.86 175.76 175.75 175.67 175.65 175.54 175.35 175.25 175.16 175.05 174.91 174.8 174.68 174.46 174.34 174.22 174.13 174.04 173.95 173.84 173.72 173.52 173.4 173.41 173.36 173.31 173.05 173.09 173.14 173.22 173.12 173.25 172.93 172.87
175.67 175.54 175.65 175.83 175.84 175.84 175.87 176.16 176.05 176.09 176.43 176.5 176.45 176.53 176.49 176.51 176.45 176.54 176.48 176.58 176.33 176.35 176.1 176.01 176.28 176.52 176.46 176.4 176.4 176.41 176.33 176.34 176.25 176.25 176.24 176.08 175.95 175.91 175.86 175.79 175.74 175.66 175.58 175.46 175.26 175.14 175 174.9 174.78 174.64 174.5 174.24 174.05 173.93 173.84 173.72 173.67 173.59 173.39 173.09 173.24 173 173.13 173.04 172.81 172.78 172.8 172.59 172.6 172.58 172.88 172.67
175.69 175.75 176.03 176.09 175.77 175.89 176.06 176.37 176.31 176.18 176.48 176.36 176.4 176.64 176.59 176.71 176.63 176.53 176.45 176.61 176.38 176.44 176.14 176.12 176.57 176.64 176.57 176.56 176.58 176.32 176.54 176.32 176.45 176.4 176.32 176.18 176.07 175.99 175.91 175.81 175.71 175.62 175.5 175.36 175.11 174.98 174.83 174.72 174.58 174.23 174.12 173.81 173.58 173.65 173.55 173.43 173.38 173.19 173.15 172.87 172.98 172.78 172.69 172.63 172.5 172.26 172.38 172.39 172.37 172.67 172.38 172.8
175.94 175.79 175.77 176.25 176.05 176.1 176.34 176.5 176.54 176.5 176.41 176.59 176.82 176.86 176.81 176.51 176.41 176.57 176.78 176.5 176.51 176.18 176.2 176.13 176.22 176.44 176.56 176.64 176.62 176.54 176.52 176.39 176.34 176.33 176.28 176.21 176.07 175.98 175.83 175.73 175.61 175.5 175.35 175.07 174.86 174.7 174.47 174.23 173.96 173.8 173.8 173.49 173.3 173.33 173.24 173.09 172.7 172.73 172.75 172.48 172.46 172.49 172.5 172.15 172.28 171.93 171.93 172.05 172.24 172.25 172.3 171.93
175.79 175.94 175.93 176.18 176.42 176.37 176.46 176.53 176.72 176.64 176.44 176.49 176.55 176.88 176.94 176.56 176.45 176.66 176.84 176.65 176.2 176.02 176.32 176.39 176.57 176.5 176.59 176.62 176.59 176.55 176.48 176.41 176.36 176.32 176.23 176.17 176 175.88 175.73 175.6 175.09 174.98 174.89 174.7 174.39 173.97 173.96 173.84 173.65 173.53 173.45 173.29 172.92 172.95 172.64 172.45 172.62 172.42 172.15 172.06 171.74 171.91 171.93 171.76 171.52 171.56 171.83 171.69 171.73 171.63 171.59 171.59
176.07 176.05 176.02 176.29 176.59 176.58 176.69 176.8 176.58 176.54 176.62 176.58 176.63 176.6 176.96 176.88 176.58 176.96 176.49 176.52 176.22 176.28 176.42 176.52 176.67 176.74 176.68 176.61 176.61 176.56 176.53 176.47 176.37 176.3 176.2 176.08 175.6 175.25 175.15 174.96 174.89 174.65 174.38 174.33 173.61 173.44 173.59 173.07 173.2 173.08 173.12 172.59 172.48 172.11 172.28 171.83 172.02 171.83 171.78 171.2 171.03 171.27 171.18 171.05 171.09 171.17 171.22 171.07 170.78 171.04 170.89 170.81
176.44 176.33 176.3 176.61 176.73 176.74 176.74 176.92 176.8 176.69 176.78 176.85 176.81 176.73 177.09 176.92 176.9 176.98 176.74 176.37 176.43 176.61 176.55 176.58 176.68 176.61 176.68 176.59 176.61 176.52 176.43 176.33 176.3 176.22 176.1 175.93 175.47 175.13 174.93 174.87 174.77 174.31 174.41 174.23 173.61 173.5 173.24 173.3 172.89 172.7 172.66 172.21 172.06 172.02 171.54 171.61 171.45 171.47 171.13 170.85 170.75 170.66 170.6 170.43 170.62 170.55 170.81 170.7 170.45 170.7 170.44 170.54
176.41 176.5 176.55 176.66 176.77 176.83 176.94 177.07 176.9 176.96 177 176.92 176.91 176.88 177.08 177.09 176.95 176.84 176.51 176.65 176.75 176.68 176.71 176.75 176.68 176.66 176.62 176.61 176.58 176.48 176.41 176.36 176.05 175.95 175.59 175.62 174.99 175.12 174.96 174.53 174.37 174.35 174.43 173.84 173.73 173.14 173.13 173.12 172.93 172.56 172.49 171.96 171.86 171.67 171.33 171.21 171.23 170.89 170.8 170.77 170.39 170.58 170.37 170.38 170.21 170.06 170.31 170.24 170.31 170.27 170.27 170.3
176.48 176.65 176.54 176.64 176.65 176.93 176.79 176.74 176.84 176.99 176.96 177.11 176.9 176.89 177.07 176.85 176.65 176.88 176.73 176.81 176.87 176.76 176.79 176.7 176.69 176.7 176.58 176.61 176.55 176.44 176.37 176.19 175.82 175.81 175.43 175.34 174.93 174.97 174.56 174.71 174.62 174.2 174.23 173.71 173.68 173.4 172.76 172.61 172.79 172.19 172.09 171.79 171.82 171.64 171.55 171.28 170.82 170.67 170.43 170.21 170.16 170.13 169.96 169.78 169.68 169.94 170.23 170.19 170.03 170.06 170.46 170.04
176.65 176.6 176.63 176.5 176.71 176.81 176.86 176.81 176.87 176.97 177.09 177.05 177.1 177.04 177.11 177.07 177.05 177.03 177 176.79 176.79 176.78 176.81 176.7 176.69 176.68 176.6 176.57 176.53 176.43 176.14 176.04 175.67 175.64 175.39 175.48 175.01 174.68 174.69 174.56 174.46 174.41 174.33 173.67 173.5 172.86 172.95 172.57 172.5 172.05 172.13 171.68 171.56 171.23 170.99 170.76 170.71 170.58 170.49 170.02 169.82 169.68 169.62 169.43 169.25 169.55 169.91 169.83 170.08 170.22 169.8 170.34
176.75 176.74 176.58 176.42 176.59 176.71 177.02 176.86 176.84 177.05 176.96 176.93 177.02 177.04 177.03 176.92 176.82 176.82 176.98 176.94 176.84 176.72 176.77 176.69 176.65 176.63 176.6 176.53 176.42 176.16 176.06 175.95 175.81 175.44 175.46 175.54 175.12 174.77 174.86 174.48 174.31 174.3 173.77 173.78 173.02 172.84 172.54 172.39 172.38 172.24 171.8 171.66 171.04 171 170.62 170.46 170.26 170.32 170.23 169.65 169.66 169.7 169.31 169.64 169.46 169.67 170 169.58 169.49 170.14 170.35 170.11
176.71 176.69 176.42 176.63 176.9 177.01 177.1 176.93 176.9 176.83 177.04 177.06 177.1 177.06 176.89 176.85 176.92 176.88 176.91 176.92 176.89 176.79 176.77 176.74 176.68 176.62 176.6 176.57 176.43 176.08 175.83 176.09 175.87 175.55 175.67 175.24 175.14 174.72 174.59 174.37 174.48 174.1 173.96 173.95 173.09 172.94 172.37 172.35 172.05 171.88 171.74 171.29 171.03 170.96 170.72 170.46 170.18 170.09 169.75 169.42 169.32 169.4 169.44 169.37 169.15 169.29 169.01 169.07 169.46 169.82 169.91 170.14
176.49 176.61 176.79 176.64 176.89 176.95 177.2 177.03 176.9 177 176.89 177 176.97 176.8 176.7 176.88 176.88 176.84 176.81 176.84 176.76 176.88 176.83 176.68 176.68 176.61 176.57 176.53 176.43 176.07 175.78 176.06 175.5 175.46 175.47 175.19 174.95 174.57 174.48 174.42 174.22 174.28 173.98 173.61 172.97 172.48 172.5 172.46 172.24 172.16 171.55 171.09 170.62 170.76 170.39 169.97 169.63 169.47 169.52 169.3 169.21 169.03 168.69 168.95 168.95 168.9 168.49 168.95 169.19 169.28 169.37 169.61
176.86 176.81 176.96 177.01 176.95 177.1 177.16 177.12 177.21 177.02 176.96 176.81 176.83 176.99 176.83 176.68 176.77 176.8 176.68 176.75 176.8 176.8 176.79 176.75 176.7 176.59 176.58 176.43 176.17 176.21 176.07 175.66 175.52 175.42 175.35 175.44 174.98 174.54 174.44 174.24 174.41 173.83 173.43 173.21 172.74 172.26 172.04 171.8 171.78 171.82 171.6 170.54 170.22 170.03 170.05 169.88 169.43 169.23 169.25 168.91 168.66 168.56 168.3 168.66 168.25 168.24 168.52 168.9 168.81 169.08 169.42 169.55
176.84 176.98 176.98 177.03 177.35 177.13 177.08 177.25 177.25 177.17 177.14 177.14 177.1 177.1 176.77 176.84 176.69 176.69 176.66 176.78 176.81 176.81 176.71 176.7 176.69 176.67 176.55 176.36 176.25 176.24 175.87 175.76 175.65 175.35 175.29 175.48 175.12 174.55 174.39 174.37 174.21 173.83 173.45 173.27 172.88 172.59 171.96 171.95 171.47 171.76 171.33 170.56 170.23 169.82 169.66 169.61 169.22 169.2 168.89 168.62 168.59 168.63 168.22 168.18 168.02 168.19 168.84 168.82 168.72 169.36 169.44 169.41
176.97 177.07 177.13 177.42 177.23 177.22 177.32 177.27 177.02 177.09 177.13 177.13 177.09 177.11 177.06 176.95 176.87 176.9 176.91 176.88 176.8 176.57 176.63 176.66 176.72 176.57 176.44 176.31 176.33 176 175.76 175.71 175.64 175.71 175.37 175.16 175.1 174.9 174.41 174.35 174.22 173.71 173.43 173.55 172.51 172.37 171.97 171.78 171.77 171.13 171.34 170.35 170.35 169.72 169.55 169.32 169.22 169.13 169.14 168.43 168.51 168.22 168.1 167.87 167.9 168.17 168.7 168.57 168.94 168.92 169.29 169.11
