DE_solarradiation/solarradiation_2018_05.asc
NCOLS 654
NROWS 866
XLLCORNER 3280500
YLLCORNER 5237500
CELLSIZE 1000
NODATA_VALUE -999
[rows 640 to 671 of 866, columns 72 to 143 of 654]
180.54 180.62 180.62 180.68 180.8 180.76 180.83 180.85 180.85 180.83 180.77 180.71 180.64 180.54 180.44 180.39 180.27 180.19 180.09 179.99 179.94 179.8 179.7 179.69 179.48 179.35 179.33 179.2 179.16 179.05 178.92 178.76 178.71 178.56 178.42 178.16 177.91 177.66 177.43 177.22 176.98 176.73 176.41 176 175.22 174.87 174.56 174.19 173.71 173.45 172.83 171.89 171.49 171.17 170.77 170.48 170.22 169.84 169.59 168.93 168.62 168.41 168.19 168.15 167.97 167.69 167.66 167.35 167.39 167.33 167.31 167.37
180.54 180.66 180.7 180.82 180.79 180.88 180.95 180.93 180.87 180.86 180.79 180.8 180.71 180.62 180.47 180.41 180.3 180.2 180.1 180.01 180 179.8 179.73 179.65 179.45 179.41 179.41 179.29 179.22 179.07 178.95 178.79 178.66 178.46 178.4 178.21 177.84 177.6 177.31 177.15 176.84 176.61 176.36 176.01 175.19 174.75 174.43 174 173.67 173.16 172.74 171.87 171.39 171.01 170.67 170.37 169.98 169.72 169.42 168.76 168.41 168.28 168.09 167.83 167.71 167.52 167.46 167.24 167.33 167.19 167.25 167.21
180.57 180.63 180.79 180.78 180.87 180.9 180.96 180.98 180.97 180.89 180.88 180.82 180.78 180.78 180.56 180.42 180.36 180.31 180.17 180.05 179.92 179.89 179.68 179.57 179.47 179.38 179.39 179.33 179.19 179.07 178.86 178.81 178.62 178.51 178.35 178.09 177.78 177.58 177.32 177.12 176.87 176.6 176.27 175.86 175.13 174.73 174.36 173.93 173.51 173.06 172.71 171.72 171.21 170.83 170.56 170.17 169.98 169.58 169.35 168.61 168.28 168.15 167.97 167.76 167.59 167.38 167.24 167.27 167.09 167.15 167.1 167.1
180.59 180.73 180.77 180.9 180.97 181.02 181 181.04 180.97 181.02 181.01 180.95 180.86 180.76 180.57 180.49 180.4 180.25 180.22 180.11 179.98 179.9 179.68 179.57 179.49 179.45 179.36 179.25 179.21 179.05 178.83 178.71 178.61 178.56 178.41 178.16 177.78 177.57 177.31 177.11 176.83 176.54 176.22 175.86 174.99 174.5 174.12 173.86 173.48 173.12 172.63 171.55 171.12 170.79 170.37 170.15 169.77 169.55 169.2 168.55 168.3 168.06 167.92 167.7 167.54 167.4 167.04 167.18 167.02 167.05 167.02 166.9
180.67 180.8 180.82 180.97 181.01 181.06 181.13 181.05 181.15 181.09 181.12 180.98 181.01 180.89 180.67 180.53 180.42 180.32 180.23 180.11 179.97 179.82 179.7 179.74 179.61 179.53 179.32 179.22 179.14 178.96 178.83 178.7 178.57 178.51 178.38 178.21 177.82 177.55 177.23 177.03 176.82 176.5 176.13 175.81 174.87 174.53 174.17 173.73 173.48 173.12 172.58 171.63 171.05 170.67 170.41 170.06 169.75 169.47 168.98 168.54 168.13 168.04 167.9 167.56 167.59 167.33 167.08 167.05 167 166.87 167.05 166.93
180.71 180.83 180.9 180.97 181.13 181.23 181.11 181.31 181.22 181.25 181.17 181.2 180.99 180.88 180.84 180.72 180.49 180.41 180.37 180.28 180.17 179.96 179.91 179.82 179.75 179.6 179.51 179.34 179.21 179.05 178.95 178.85 178.66 178.51 178.36 178.21 177.95 177.52 177.23 176.98 176.7 176.43 176.13 175.72 174.92 174.43 173.99 173.74 173.42 173 172.51 171.98 171.09 170.61 170.32 169.9 169.59 169.27 169.05 168.31 168.18 167.89 167.8 167.54 167.34 167.14 167.24 166.86 166.86 166.89 166.79 166.92
180.78 180.83 180.93 181.02 181.16 181.26 181.21 181.35 181.35 181.4 181.22 181.27 181.14 181.03 180.78 180.76 180.61 180.46 180.39 180.24 180.09 180.03 179.98 179.83 179.75 179.68 179.59 179.41 179.24 179.13 179.03 178.89 178.68 178.53 178.42 178.14 177.92 177.42 177.17 176.98 176.68 176.47 176.14 175.71 174.89 174.34 174.02 173.57 173.23 172.92 172.36 171.96 171.04 170.53 170.16 169.8 169.51 169.24 168.87 168.4 168.05 168 167.75 167.64 167.4 167.2 166.95 166.82 167 167.02 166.83 166.97
180.84 180.88 180.97 181.06 181.16 181.19 181.32 181.34 181.43 181.39 181.4 181.27 181.19 181.07 180.95 180.82 180.69 180.58 180.47 180.35 180.14 180.07 180 179.94 179.81 179.71 179.56 179.42 179.29 179.16 179.06 178.92 178.78 178.59 178.4 178.1 177.87 177.5 177.19 176.94 176.64 176.39 176.13 175.71 174.88 174.37 174.02 173.64 173.21 172.82 172.38 171.89 170.89 170.51 170.26 169.79 169.46 169.15 168.82 168.27 168.08 167.9 167.68 167.42 167.34 167.11 167.05 166.89 166.89 166.78 166.91 166.89
180.87 181 180.99 181.08 181.15 181.32 181.32 181.4 181.46 181.6 181.42 181.31 181.15 181.08 180.95 180.82 180.72 180.59 180.45 180.3 180.18 180.11 179.96 179.93 179.8 179.71 179.57 179.38 179.3 179.1 179.01 178.88 178.71 178.55 178.39 178.18 177.94 177.5 177.12 176.94 176.67 176.35 175.95 175.63 174.79 174.37 174.01 173.59 173.24 172.86 172.41 171.98 170.87 170.48 170.12 169.89 169.39 169.18 168.91 168.42 168.01 167.75 167.67 167.55 167.27 167.18 166.95 166.8 166.76 166.93 166.86 166.87
180.9 181.01 181.05 181.09 181.15 181.3 181.35 181.43 181.49 181.47 181.42 181.27 181.22 181.09 180.93 180.85 180.71 180.6 180.43 180.3 180.25 180.16 180.04 179.95 179.79 179.68 179.53 179.48 179.26 179.15 179.02 178.88 178.68 178.55 178.38 178.13 177.84 177.45 177.14 176.87 176.5 176.27 175.95 175.52 174.64 174.36 173.95 173.58 173.12 172.74 172.43 171.88 170.86 170.39 170.04 169.72 169.49 169.12 168.79 168.16 168.05 167.85 167.6 167.48 167.24 167.15 167.02 166.9 166.83 166.78 166.92 167.03
-999 181.02 181.08 181.1 181.22 181.27 181.31 181.38 181.41 181.35 181.33 181.25 181.19 181.06 180.93 180.88 180.79 180.68 180.49 180.31 180.29 180.21 180.06 179.95 179.86 179.65 179.6 179.48 179.33 179.1 179.03 178.84 178.78 178.63 178.53 178.11 177.85 177.32 177.1 176.81 176.52 176.22 175.94 175.54 174.59 174.24 173.83 173.47 173.15 172.75 172.3 171.91 170.78 170.49 170.05 169.75 169.41 169.2 168.78 168.21 167.93 167.78 167.57 167.41 167.23 167.12 167.03 167.11 167.08 166.93 166.99 167.13
-999 -999 -999 -999 181.25 181.35 181.3 181.35 181.31 181.28 181.29 181.23 181.24 181.03 180.93 180.9 180.81 180.6 180.5 180.31 180.32 180.27 180.1 179.96 179.8 179.68 179.6 179.39 179.47 179.29 179.1 178.91 178.81 178.6 178.46 178.28 177.82 177.27 177.01 176.69 176.42 176.18 175.87 175.39 174.62 174.16 173.82 173.37 173.02 172.68 172.35 171.78 170.8 170.42 170.14 169.87 169.51 169.33 169.03 168.61 168.28 168.05 167.86 167.66 167.53 167.52 167.38 167.4 167.35 167.48 167.43 167.42
-999 -999 -999 -999 181.22 181.38 181.42 181.35 181.42 181.31 181.29 181.3 181.18 181.08 181.12 180.99 180.8 180.77 180.56 180.45 180.49 180.38 180.18 180.03 179.96 179.9 179.79 179.63 179.52 179.18 179.03 178.86 178.76 178.58 178.38 178.16 177.92 177.27 176.91 176.57 176.28 176.05 175.76 175.35 174.56 174.08 173.68 173.31 172.97 172.6 172.17 171.75 170.95 170.54 170.21 169.94 169.53 169.42 169 168.59 168.29 168.08 167.98 167.72 167.66 167.57 167.61 167.5 167.51 167.53 167.49 167.61
-999 -999 -999 -999 181.36 181.46 181.49 181.48 181.42 181.44 181.38 181.33 181.2 181.07 181.1 180.9 180.79 180.68 180.56 180.52 180.45 180.41 180.2 180.09 179.92 179.88 179.75 179.62 179.4 179.21 179.03 178.8 -999 178.5 178.36 178.14 177.83 177.34 176.87 176.54 176.17 175.91 175.65 175.24 174.36 173.97 173.63 173.22 172.89 172.55 172.21 171.78 170.98 170.52 170.21 169.9 169.55 169.32 169.09 168.56 168.31 168.24 167.98 167.87 167.76 167.65 167.51 167.64 167.62 167.62 167.67 167.71
-999 -999 -999 -999 181.41 181.53 181.47 181.35 181.32 181.36 181.26 181.28 181.2 181.06 181.03 180.95 180.78 180.64 180.67 180.51 180.46 180.34 180.18 180.06 179.94 179.81 179.7 179.54 179.36 -999 -999 -999 -999 178.4 178.19 178.03 177.75 177.29 176.93 176.48 176.18 175.85 175.48 175.06 174.37 173.91 173.58 173.21 172.79 172.46 172.12 171.76 170.94 170.51 170.13 169.82 169.57 169.39 169.06 168.58 168.58 168.2 168.09 167.97 167.77 167.72 167.6 167.73 167.67 167.71 167.73 167.72
-999 -999 -999 -999 181.39 181.52 181.43 181.32 181.25 181.2 181.26 181.26 181.09 181.09 181.02 180.9 180.67 180.65 180.53 180.51 180.45 180.28 180.11 179.96 179.89 179.76 179.65 179.48 179.33 -999 -999 -999 -999 -999 -999 -999 -999 177.14 176.82 176.55 176.02 175.74 175.45 175.02 174.25 173.85 173.37 173.03 172.74 172.38 171.96 171.59 170.74 170.38 170.18 169.86 169.49 169.24 169.09 168.56 168.42 168.19 168.11 167.98 167.82 167.77 167.81 167.74 167.76 167.78 167.82 167.88
-999 -999 -999 -999 181.37 181.46 181.46 181.26 -999 181.1 181.09 181.13 181.01 181.01 180.89 180.78 180.62 180.55 180.52 180.52 180.36 180.2 180.02 179.93 179.83 179.68 179.54 179.4 179.22 -999 -999 -999 -999 -999 -999 -999 -999 -999 176.71 176.36 175.97 175.67 175.37 174.99 174.13 173.68 173.3 172.94 172.55 172.24 171.94 171.53 170.74 170.34 170.13 169.77 169.53 169.27 169.03 168.55 168.4 168.18 168.07 168 167.96 167.84 167.82 167.88 167.84 167.95 167.88 167.98
-999 -999 -999 -999 -999 181.28 181.26 181.17 181.11 -999 -999 180.96 180.98 180.93 180.73 180.65 180.58 180.6 180.5 180.42 180.29 180.12 179.96 179.86 179.76 179.61 -999 -999 -999 -999 -999 -999 -999 -999 -999 -999 -999 176.87 176.45 176.23 175.99 175.41 175.09 174.84 174.06 173.56 173.16 172.78 172.56 172.27 171.96 171.41 170.76 170.43 170.04 169.78 169.52 169.3 168.98 168.64 168.42 168.26 168.1 168.13 168.02 167.83 167.87 167.93 167.93 167.93 167.95 168.02
-999 -999 -999 -999 -999 181.24 181.22 181.09 -999 -999 -999 -999 180.87 180.86 180.72 180.59 180.58 180.5 180.42 180.34 180.27 180.06 179.87 179.79 179.65 -999 -999 -999 -999 -999 -999 -999 -999 -999 -999 -999 -999 -999 176.4 175.98 175.74 175.54 175.03 174.67 173.85 173.4 172.96 172.75 172.48 172.19 171.79 171.37 170.63 170.4 170.13 169.78 169.59 169.36 169.07 168.68 168.48 168.4 168.35 168.18 168.06 168.02 168.03 168.13 168.18 168.14 168.23 168.34
-999 -999 -999 -999 -999 181.23 181.15 -999 -999 -999 -999 -999 -999 -999 -999 -999 180.53 -999 -999 -999 -999 179.95 179.79 179.68 -999 -999 -999 -999 -999 -999 -999 -999 -999 -999 -999 -999 -999 -999 176.02 175.73 175.43 175.06 174.83 174.2 173.57 173.2 172.83 172.63 172.22 172.04 171.64 171.38 170.68 170.48 170.17 169.96 169.85 169.38 169.24 169 168.79 168.66 168.57 168.51 168.41 168.33 168.45 168.64 168.66 168.73 168.75 168.82
-999 -999 -999 -999 -999 -999 -999 -999 -999 -999 -999 -999 -999 -999 -999 -999 -999 -999 -999 -999 -999 -999 -999 -999 -999 -999 -999 -999 -999 -999 -999 -999 -999 -999 -999 -999 -999 -999 -999 175.53 175.17 174.86 174.55 174.22 173.37 173.05 172.77 172.46 172.17 171.8 171.53 171.18 170.74 170.39 170.15 169.87 169.84 169.47 169.28 169.03 168.9 168.78 168.79 168.62 168.53 168.58 168.61 168.73 168.84 168.85 169.01 168.95
-999 -999 -999 -999 -999 -999 -999 -999 -999 -999 -999 -999 -999 -999 -999 -999 -999 -999 -999 -999 -999 -999 -999 -999 -999 -999 -999 -999 -999 -999 -999 -999 -999 -999 -999 -999 -999 -999 -999 -999 174.99 174.68 174.35 174.02 173.43 172.92 172.58 172.22 172.05 171.73 171.37 171.17 170.55 170.38 170.09 169.88 169.77 169.57 169.26 169.05 168.94 168.87 168.81 168.73 168.66 168.67 168.62 168.93 168.92 168.96 169.03 169.05
-999 -999 -999 -999 -999 -999 -999 -999 -999 -999 -999 -999 -999 -999 -999 -999 -999 -999 -999 -999 -999 -999 -999 -999 -999 -999 -999 -999 -999 -999 -999 -999 -999 -999 -999 -999 -999 -999 -999 -999 174.79 174.62 174.28 173.95 173.33 172.98 172.4 172.14 171.94 171.69 171.31 171.09 170.52 170.27 170.03 169.93 169.68 169.54 169.32 169.05 169.02 168.94 168.86 168.76 168.74 168.77 168.89 169.06 169.17 169.11 169.16 169.24
-999 -999 -999 -999 -999 -999 -999 -999 -999 -999 -999 -999 -999 -999 -999 -999 -999 -999 -999 -999 -999 -999 -999 -999 -999 -999 -999 -999 -999 -999 -999 -999 -999 -999 -999 -999 -999 -999 -999 -999 -999 174.37 174.12 173.78 173.21 172.9 172.4 172.09 171.73 171.47 171.21 170.93 170.45 170.18 169.99 169.88 169.82 169.6 169.45 169.23 169.08 168.92 168.99 168.83 168.8 169.01 168.99 169.18 169.21 169.36 169.32 169.43
-999 -999 -999 -999 -999 -999 -999 -999 -999 -999 -999 -999 -999 -999 -999 -999 -999 -999 -999 -999 -999 -999 -999 -999 -999 -999 -999 -999 -999 -999 -999 -999 -999 -999 -999 -999 -999 -999 -999 -999 -999 -999 173.95 173.61 173.07 172.76 172.37 171.93 171.72 171.44 171.13 170.93 170.45 170.19 170.05 169.94 169.65 169.52 169.43 169.3 169.19 169.11 168.99 168.93 168.91 169.07 169.12 169.36 169.52 169.61 169.72 169.73
-999 -999 -999 -999 -999 -999 -999 -999 -999 -999 -999 -999 -999 -999 -999 -999 -999 -999 -999 -999 -999 -999 -999 -999 -999 -999 -999 -999 -999 -999 -999 -999 -999 -999 -999 -999 -999 -999 -999 -999 -999 -999 -999 -999 -999 -999 -999 172.04 171.59 171.37 171.07 170.88 170.41 170.21 170.08 169.87 169.79 169.75 169.7 169.48 169.3 169.38 169.19 169.15 169.28 169.14 169.31 169.66 169.8 169.7 169.83 169.8
-999 -999 -999 -999 -999 -999 -999 -999 -999 -999 -999 -999 -999 -999 -999 -999 -999 -999 -999 -999 -999 -999 -999 -999 -999 -999 -999 -999 -999 -999 -999 -999 -999 -999 -999 -999 -999 -999 -999 -999 -999 -999 -999 -999 -999 -999 -999 -999 171.68 171.34 171.15 170.89 170.5 170.51 170.27 170.23 170.04 169.9 169.96 169.95 169.92 169.77 169.63 169.59 169.76 169.93 170.03 170.3 170.4 170.43 170.46 170.51
-999 -999 -999 -999 -999 -999 -999 -999 -999 -999 -999 -999 -999 -999 -999 -999 -999 -999 -999 -999 -999 -999 -999 -999 -999 -999 -999 -999 -999 -999 -999 -999 -999 -999 -999 -999 -999 -999 -999 -999 -999 -999 -999 -999 -999 -999 -999 -999 171.63 171.46 171.02 170.95 170.71 170.5 170.41 170.36 170.09 170.14 170.06 -999 -999 169.96 170.17 169.93 169.96 170.03 170.12 170.51 170.59 170.65 170.69 170.64
-999 -999 -999 -999 -999 -999 -999 -999 -999 -999 -999 -999 -999 -999 -999 -999 -999 -999 -999 -999 -999 -999 -999 -999 -999 -999 -999 -999 -999 -999 -999 -999 -999 -999 -999 -999 -999 -999 -999 -999 -999 -999 -999 -999 -999 -999 -999 -999 -999 -999 171.2 170.97 -999 -999 -999 170.43 170.17 170.24 -999 -999 -999 -999 170.29 170.28 170.28 170.18 170.24 170.54 170.66 170.82 170.86 170.8
-999 -999 -999 -999 -999 -999 -999 -999 -999 -999 -999 -999 -999 -999 -999 -999 -999 -999 -999 -999 -999 -999 -999 -999 -999 -999 -999 -999 -999 -999 -999 -999 -999 -999 -999 -999 -999 -999 -999 -999 -999 -999 -999 -999 -999 -999 -999 -999 -999 -999 -999 -999 -999 -999 -999 -999 -999 -999 -999 -999 -999 -999 -999 170.4 170.36 170.29 -999 -999 -999 -999 -999 -999
-999 -999 -999 -999 -999 -999 -999 -999 -999 -999 -999 -999 -999 -999 -999 -999 -999 -999 -999 -999 -999 -999 -999 -999 -999 -999 -999 -999 -999 -999 -999 -999 -999 -999 -999 -999 -999 -999 -999 -999 -999 -999 -999 -999 -999 -999 -999 -999 -999 -999 -999 -999 -999 -999 -999 -999 -999 -999 -999 -999 -999 -999 -999 -999 -999 -999 -999 -999 -999 -999 -999 -999
-999 -999 -999 -999 -999 -999 -999 -999 -999 -999 -999 -999 -999 -999 -999 -999 -999 -999 -999 -999 -999 -999 -999 -999 -999 -999 -999 -999 -999 -999 -999 -999 -999 -999 -999 -999 -999 -999 -999 -999 -999 -999 -999 -999 -999 -999 -999 -999 -999 -999 -999 -999 -999 -999 -999 -999 -999 -999 -999 -999 -999 -999 -999 -999 -999 -999 -999 -999 -999 -999 -999 -999
