DE_solarradiation/solarradiation_2018_06.asc
NCOLS 654
NROWS 866
XLLCORNER 3280500
YLLCORNER 5237500
CELLSIZE 1000
NODATA_VALUE -999
[rows 448 to 479 of 866, columns 144 to 215 of 654]
157.7 157.51 157.4 157.32 157.41 156.86 156.24 156.13 155.85 156.04 155.67 155.21 155.04 154.43 154.19 154.38 154.2 153.57 153.39 153.42 153.19 153.11 152.98 152.95 152.85 152.93 152.86 153.28 153.66 153.71 153.89 154.08 154.2 154.12 154.43 154.31 155.05 155.33 155.37 155.81 156.04 156.32 156.43 157.42 157.74 158.23 158.56 158.79 159.26 159.5 159.58 160.34 160.59 160.74 160.92 161.09 161.21 161.18 161.04 160.95 161.05 161.02 161.12 160.81 160.77 160.59 160.12 160.11 160.19 160.13 160.04 160.04
157.96 157.77 157.8 157.95 157.6 156.46 156.4 156.27 156.23 156.05 155.66 155.79 155.55 154.72 154.41 154.08 154.08 153.54 153.32 153.42 153.39 153.3 153.17 153.29 153.19 153.08 153.05 153.4 153.8 153.93 154.01 154.24 154.3 154.59 154.91 155.02 155.8 155.97 156.24 156.01 156.49 156.98 156.91 157.96 158.14 158.86 159.11 159.5 159.65 159.75 160.29 160.91 161.16 161.35 161.44 161.45 161.53 161.52 161.34 161.37 161.39 161.48 161.34 161.22 161.01 160.84 160.4 160.34 160.33 160.4 160.35 160.36
158.25 158.26 158.26 158.11 157.87 157.18 157.05 156.7 156.41 156.08 155.8 155.88 155.5 155.3 154.66 154.67 154.12 153.76 153.54 153.58 153.46 153.41 153.14 153.6 153.31 153.39 153.43 153.55 153.99 154.21 154.22 154.39 154.43 154.62 154.98 155.56 156.19 156.08 156.39 156.93 156.72 157.47 157.43 157.75 158.7 158.94 159.68 159.58 159.76 160.2 160.54 161.18 161.44 161.7 161.67 161.89 161.78 161.86 161.85 161.66 161.74 161.73 161.49 161.45 161.32 161.15 160.74 160.63 160.54 160.56 160.57 160.54
158.23 158.34 158.49 158.27 157.89 157.34 156.81 156.97 156.8 156.23 156.3 156.09 156.01 155.51 155.17 154.71 153.98 154.02 153.84 153.77 153.73 153.57 153.66 153.71 153.65 153.69 153.65 153.63 154.29 154.38 154.26 154.54 154.43 154.84 155.22 155.59 156.47 156.51 156.93 157.42 157.29 157.89 158.11 158.57 159.03 159.46 160.12 159.85 159.86 160.52 161.02 161.69 161.91 162 162.16 162.46 162.41 162.58 162.24 162.21 162.23 162.08 161.93 161.95 161.6 161.54 161.17 161.07 160.93 160.72 160.72 160.76
158.31 158.58 158.69 158.4 157.91 156.77 156.87 156.89 157.08 156.59 156.45 156.1 156.08 155.44 155.24 154.92 154.18 153.95 153.88 154.06 154.03 153.6 153.67 153.87 153.69 153.7 153.76 153.93 154.37 154.35 154.63 154.78 154.71 155.04 155.35 156.04 156.8 157.05 156.99 157.63 157.94 158.42 158.79 159.54 159.61 160.3 160.57 160.78 160.7 161.1 161.69 162.17 162.27 162.54 162.72 162.86 163.03 163.06 162.95 162.9 162.58 162.5 162.24 162.19 162.06 162 161.63 161.32 161.33 161.24 160.83 160.88
158.59 158.37 158.7 158.6 158.25 157.49 157.22 157.24 157.22 156.94 156.66 156.57 156.46 155.28 155.24 155.07 154.46 154.24 154.18 154.07 153.95 153.98 153.86 154.02 153.81 153.59 153.83 154.15 154.44 154.53 154.75 154.85 155.25 155.25 155.71 155.98 156.63 157.36 157.25 157.71 158.27 158.8 158.98 159.79 160.27 160.74 160.57 161.13 161.32 161.54 162.15 162.85 162.96 163.13 163.37 163.36 163.59 163.69 163.54 163.43 163.19 163.12 162.83 162.62 162.51 162.49 161.97 161.72 161.47 161.51 161.54 161.22
158.79 158.68 158.87 158.73 158.45 157.91 157.6 157.4 157.45 157.22 157.09 156.74 156.26 155.91 155.56 154.88 154.55 154.31 154.28 154.5 154.32 154.05 153.93 154.23 153.98 154.05 154.49 154.03 154.73 154.91 155.13 155.43 155.71 155.87 155.91 156.38 157.25 157.58 157.7 158.22 158.52 159.26 159.26 160.22 160.66 160.78 161.31 161.5 161.82 162.15 162.77 163.43 163.62 164.28 164.47 164.43 164.65 164.56 164.18 164.17 164.02 163.92 163.76 163.71 163.47 163.28 162.83 162.53 162.3 162.06 162.02 161.96
158.98 159.05 158.86 158.94 158.93 158.14 158.17 157.98 157.74 157.13 157.08 157.21 156.88 156.16 155.79 155.45 155.28 154.89 154.83 154.71 154.46 154.19 154.35 154.52 154.32 154.62 154.95 154.78 155.42 155.92 155.84 156 156.79 156.57 156.86 157.35 158.03 158.64 159.16 159.24 159.47 159.99 160.13 161.01 161.7 161.97 162.47 162.54 163.01 163.56 163.88 164.36 164.71 164.73 164.97 165.1 165.01 164.78 164.55 164.55 164.4 164.08 164.21 164.11 163.78 163.58 163.17 162.93 162.68 162.46 162.32 162.19
159.31 159.38 159.24 159.18 159.08 158.49 158.26 158.07 157.65 157.59 157.4 157.38 156.75 156.41 156.18 155.87 155.71 155.28 155 154.75 154.57 154.51 154.61 154.69 154.65 155.02 155.35 155.66 155.88 156.11 156.64 156.76 156.85 157.33 157.33 157.83 158.83 159.27 159.79 159.64 160.5 160.39 160.56 161.15 161.77 162.55 162.87 163.04 163.67 164.1 164.46 164.98 165.04 165.28 165.32 165.54 165.4 165.34 165.04 164.96 164.68 164.61 164.45 164.31 164.05 163.89 163.45 163.24 163.21 162.99 162.66 162.54
159.43 159.51 159.19 159.05 159.07 158.98 158.25 158.09 157.85 157.91 157.49 157.52 156.93 156.21 156.35 156.19 155.73 155.54 155.11 154.96 154.71 154.65 154.94 154.67 154.87 155.39 155.5 155.8 156.14 156.77 157.18 157.49 157.58 157.68 157.51 158.49 159.57 159.33 160.18 160.26 160.96 161.15 160.81 161.95 162.67 162.83 163.15 163.47 163.87 164.35 164.82 165.39 165.45 165.57 165.73 165.9 165.83 165.47 165.46 165.04 165.06 165.05 164.97 164.7 164.37 164.13 163.7 163.5 163.32 163.39 162.96 163.05
159.34 159.35 159.1 159.29 159.17 159.16 158.67 158.41 158.17 157.94 157.89 157.33 157.29 156.87 156.72 156.04 155.47 155.27 155.18 155.15 154.96 154.87 155.02 154.9 155.38 155.69 155.76 156.14 156.76 157.02 157.01 157.6 157.61 158.21 158.36 158.85 159.71 160.07 160.83 160.98 161.36 161.14 161.49 162.63 162.74 163.3 164.06 164.01 164.45 164.65 165.25 165.75 165.94 166.02 166.18 166.11 165.98 166 165.62 165.29 165.39 165.3 165.21 164.99 164.88 164.51 163.91 163.64 163.66 163.57 163.47 163.36
159.55 159.45 159.42 159.29 159.26 158.96 158.78 158.55 158.02 157.82 158.1 157.62 157.62 157.08 156.72 156.41 156.35 155.74 155.28 155.15 155.26 155.2 155.1 155.52 155.68 155.84 155.98 155.96 156.69 156.93 157.28 157.97 158.42 158.57 159.12 159.58 160.33 160.4 161.04 161.31 161.83 161.87 162.49 163.22 162.95 163.55 164.13 164.74 164.85 165.1 165.54 166.07 166.33 166.43 166.59 166.32 166.38 166.43 166.1 165.81 165.73 165.59 165.51 164.97 165.21 164.87 164.3 164 163.79 163.6 163.68 163.59
159.58 159.66 159.52 159.35 159.25 159.32 158.95 158.54 158.38 158.37 158.21 157.83 157.76 157.15 156.94 156.74 156.53 155.78 156.16 155.87 155.59 155.44 155.33 155.42 155.83 155.47 155.8 156.18 157.06 157.47 158.02 158.07 158.64 159.05 159.08 159.49 160.86 161.21 161.65 161.93 162.26 162.45 162.89 163.33 163.73 164.13 164.56 164.74 165.35 165.76 165.96 166.3 166.6 166.84 166.92 166.81 166.78 166.76 166.68 166.35 166.28 165.88 165.89 165.46 165.57 165.32 164.58 164.36 164.14 163.85 163.91 163.94
159.75 159.54 159.51 159.64 159.4 159.06 158.98 158.94 158.49 158.58 158.42 158.23 157.9 157.37 156.96 156.73 156.82 156.58 156.19 156.16 156.31 155.8 155.43 155.59 155.9 155.84 155.9 156.61 157.42 157.87 158.09 157.83 158.7 158.93 159.53 160.02 161.12 161.7 162.05 162.1 162.65 163.16 163.47 163.56 164.12 164.27 164.4 165.23 165.6 166.04 166.35 166.85 166.97 167.23 167.31 167.37 167.28 167.23 167.04 166.79 166.75 166.31 166.17 165.85 165.98 165.67 165.02 164.78 164.65 164.4 164.27 164.35
159.71 159.79 159.7 159.56 159.36 159.05 159.05 159.04 158.66 158.4 158.34 157.78 157.63 157.69 157.43 156.9 156.63 156.68 156.77 156.66 156.26 155.98 155.75 156.02 156.04 156.04 156.56 156.75 157.63 158.36 158.73 158.32 158.77 159.62 159.91 160.66 161.73 162.28 162.26 162.61 162.93 163.24 164.05 164.48 165.21 165.1 165.63 165.7 166.32 166.71 167.09 167.5 167.73 167.72 167.93 167.94 168.02 167.85 167.71 167.52 167.04 166.97 166.85 166.58 166.43 166.03 165.73 165.39 165.17 165.09 165.06 164.99
159.75 159.79 159.66 159.74 159.69 159.42 159.18 159.17 158.79 158.78 158.17 158.07 157.95 157.79 157.72 157.52 157.19 156.97 157.24 156.62 156.58 156.32 156.31 156.31 156.39 156.46 156.86 157.42 158.4 158.58 158.7 158.93 159.3 159.76 160.56 161.02 162.23 162.43 162.87 162.99 163.04 163.74 164.29 165.01 165.64 165.9 166.18 166.17 166.47 167.05 167.34 167.79 167.87 167.8 168.1 168.12 168.35 168.35 168.25 167.99 167.59 167.41 167.27 167.18 166.71 166.57 166 165.67 165.42 165.36 165.18 165.23
159.78 159.79 159.84 159.71 159.69 159.75 159.34 159.2 159.12 158.77 158.43 158.6 158.41 157.81 157.9 157.81 157.67 157.44 157.15 156.83 156.76 156.6 156.58 156.64 156.48 156.59 157.07 157.3 158.46 159.02 159.35 159.51 159.82 160.15 160.56 161.46 162.49 162.95 162.91 163.14 163.48 164.11 164.51 165.39 165.86 166.53 166.73 166.73 167.02 167.31 167.83 167.98 167.99 167.83 168.2 168.39 168.54 168.45 168.45 168.18 167.71 167.71 167.57 167.49 167.23 166.85 166.28 165.93 165.68 165.69 165.62 165.59
159.78 159.8 159.48 159.6 159.43 159.68 159.58 159.37 159.14 159.03 158.83 158.6 158.59 157.82 157.56 157.78 157.8 157.47 157.48 157.09 157.42 157.34 157.26 156.87 157.1 157.28 157.3 157.82 158.54 158.91 159.29 159.63 160.08 160.31 160.9 161.43 162.68 163.25 163.62 163.77 163.78 163.91 164.72 165.68 166.51 166.67 167.01 167.33 167.19 167.7 167.96 167.89 167.9 168.14 168.57 168.7 168.86 168.73 168.83 168.42 168.06 168.06 167.75 167.72 167.34 167.09 166.5 166.17 166.09 166.14 165.92 165.8
159.71 159.68 159.55 159.6 159.76 159.79 159.51 159.36 159.19 159.05 159.02 158.59 158.63 158.19 158.02 157.73 157.89 157.72 157.81 157.82 157.45 157.53 157.3 157.09 157.21 157.77 157.76 158.14 158.8 159.28 159.66 160.18 160.64 160.79 161.06 161.81 162.84 163.04 163.82 163.94 164.02 164.69 164.96 165.66 166.79 166.97 167.36 167.72 167.94 168.12 168.17 168.24 168.29 168.75 169.01 169.13 169.17 169.11 169.05 168.73 168.59 168.19 168.09 167.93 167.61 167.47 166.78 166.45 166.17 166.41 166.32 165.69
159.72 159.54 160 159.46 159.85 159.94 159.59 159.12 159.19 159.02 158.95 159.05 158.85 158.49 158.27 158.06 157.76 157.65 157.55 157.89 157.78 157.26 157.51 157.56 157.98 158.06 158.03 158.55 159.39 159.98 160.07 160.23 160.83 161.36 161.54 161.71 162.75 163.27 164.09 164.13 164.59 165.11 165.49 166.03 167.03 167.44 167.39 167.78 168.2 168.12 168.67 168.71 169.01 169.2 169.37 169.38 169.21 169.17 169.02 168.66 168.82 168.61 168.45 168.13 168 167.82 167.17 166.74 166.44 166.41 166.5 166.19
159.72 159.99 160.08 160.02 159.96 159.65 159.41 159 159.09 158.8 158.7 159.05 158.59 158.39 158.39 158.26 158.07 158.13 157.88 157.74 157.55 157.51 157.73 157.93 158.42 158.28 158.32 159 159.8 160.27 160.18 160.75 160.95 161.47 161.73 161.94 163.05 163.8 164.13 164.55 165.1 165.38 165.91 166.35 167.15 167.56 167.74 167.84 167.84 168.4 168.39 169.32 169.44 169.54 169.54 169.47 169.23 169.3 169.54 169.28 168.96 168.54 168.71 168.55 168.24 168.16 167.6 167.19 167.07 166.83 166.85 166.46
159.48 159.82 160.2 159.95 159.97 159.5 159.22 158.93 158.97 159.01 158.92 158.98 158.8 158.39 158.61 158.49 158.32 158.11 158.12 157.73 157.76 158.05 158.08 157.95 158.33 158.93 158.97 159.21 160.15 160.45 160.64 160.91 161.52 161.53 161.99 162.6 163.7 164.06 164.47 164.81 165.34 165.69 166.21 166.43 166.98 167.43 167.94 167.75 167.97 168.08 168.97 169.35 169.38 169.66 169.7 169.74 169.48 169.5 169.74 169.72 169.3 168.89 169.11 169 168.82 168.65 168.22 168 167.77 167.57 167.44 166.98
159.74 160.23 159.88 159.64 159.95 159.82 159.41 159.63 159.4 159.09 159.13 158.78 158.77 158.67 158.84 158.61 158.61 158.39 158.12 158.26 158.3 158.64 158.81 158.57 159.06 159.04 159.52 160.1 160.47 160.93 161.08 161.5 161.92 161.95 162.47 162.79 163.88 164.6 164.79 165.1 165.74 166.2 166.41 166.94 167.69 167.81 168.21 168.13 168.75 168.87 168.98 169.58 169.56 169.88 169.95 169.98 169.68 169.89 169.99 169.96 169.49 169.14 169.22 169.1 168.88 168.92 168.5 168.31 168.14 167.96 167.75 167.51
160.18 159.97 159.55 159.23 159.61 159.18 159.17 159.22 159.06 159.21 159.01 159.02 158.97 158.66 158.9 158.69 158.67 158.38 158.68 158.65 158.87 158.76 159.01 159.28 159.01 159.31 159.9 160.16 160.67 161.44 161.44 162.04 162.09 162.11 162.51 163.15 164.39 164.41 164.97 165.18 165.56 166.24 166.88 167.29 168.04 168.05 168.19 168.67 168.89 169.33 169.41 169.93 169.91 170.17 170.26 170.04 170.05 170.09 169.93 170.22 169.44 169.3 169.13 169.24 169.27 169.07 168.76 168.57 168.4 168.23 168.06 167.9
159.39 159.69 159.23 159.17 159.07 159.33 159.41 159.16 159.01 159.23 159.25 159.14 158.99 158.86 158.85 158.84 158.57 158.85 159.08 159.2 158.78 158.9 159.14 159.56 159.83 159.85 159.64 160.04 160.96 161.69 162.14 162.41 162.06 162.51 162.97 163.58 164.59 164.54 165.25 165.56 165.88 166.45 167.09 167.4 167.84 168.15 168.55 169.19 169.37 169.51 169.66 170.1 170.45 170.52 170.42 170.4 170.18 170.31 170.29 170.33 169.83 169.4 169.41 169.53 169.43 169.34 168.99 168.79 168.59 168.45 168.32 168.16
158.81 159.01 159.57 159.4 159.27 159.39 159.52 159.29 159.53 159.36 159.16 159.29 158.88 158.77 158.56 158.65 158.6 159.01 159.18 159.37 159.18 159.63 159.61 159.78 159.68 159.85 160.19 160.8 161.11 161.94 162.39 162.22 162.46 162.92 163.37 163.77 164.6 164.82 165.33 165.54 165.93 166.61 166.96 167.44 168.16 168.69 168.98 169.24 169.57 169.76 170.14 170.33 170.34 170.77 170.62 170.69 170.36 170.59 170.78 170.5 170.3 169.78 169.63 169.82 169.7 169.54 169.09 168.97 168.82 168.64 168.48 168.34
159.08 159.28 159.41 159.39 159.41 159.5 159.35 159.49 159.28 159.19 158.91 159.18 159.23 158.71 158.74 158.73 159.06 159.25 159.18 159.66 159.65 159.92 159.97 159.84 159.9 160.24 160.4 161.2 161.69 161.95 161.91 162.52 162.56 163.04 163.46 163.74 164.56 165.16 165.57 165.87 166.2 166.41 166.65 167.73 168.67 169.12 169.48 169.64 169.88 169.85 169.99 170.25 170.71 170.98 170.98 170.87 170.8 170.84 171.01 170.64 170.35 169.99 169.89 170.04 169.92 169.68 169.29 169.14 169 168.64 168.49 168.62
159.42 159.55 159.61 159.62 159.6 159.42 159.54 159.37 159.13 159.15 158.96 158.82 159.05 159.12 159 158.88 158.81 159.16 159.69 159.95 160.06 160.09 159.96 159.72 160.4 160.64 161.09 161.56 161.58 161.74 162.28 162.37 162.8 163.28 163.51 163.77 164.89 165.31 165.73 166.14 166.33 166.87 167.44 167.93 168.8 169.15 169.59 169.8 170.04 170.3 170.07 170.8 171 171.2 171.05 171.09 171.02 170.89 171.11 170.85 170.49 169.98 170.25 170.2 170.14 169.89 169.53 169.36 169.23 169.05 168.9 168.82
159.76 159.56 159.29 159.15 159.14 159.26 159.21 159.16 159.43 158.84 159.02 158.93 159.16 158.87 158.9 159.22 159.19 159.63 159.96 160.14 160.1 160.25 160.01 160.4 160.89 161.27 161.55 161.58 161.71 162.43 162.67 163.21 163.63 163.58 163.75 164.3 165.32 165.68 166.13 166.49 167.03 167.38 167.77 168.29 169.11 169.46 169.81 169.87 170.06 170.57 170.71 170.96 171.34 171.27 171.45 171.45 171.05 171.34 171.29 171.02 170.74 170.27 170.4 170.47 170.35 170.22 170 169.6 169.48 169.33 169.21 169.11
159.08 159.18 159.18 158.83 159 159.09 158.85 159.27 159.32 159.12 159.31 158.99 159.04 159.3 159.29 159.53 159.61 160.05 160.31 160.34 160.22 160.55 160.96 161.13 161.48 161.79 161.51 161.94 162 162.74 163.15 163.8 163.53 164.15 164.28 164.69 165.93 166.69 166.93 167.29 167.58 168.01 168.54 168.85 169.61 169.93 170.3 170.27 170.68 170.92 171.11 171.39 171.55 171.41 171.48 171.77 171.64 171.61 171.63 171.08 170.97 170.82 170.73 170.78 170.67 170.56 170.35 170.05 169.92 169.76 169.65 169.52
159.19 158.87 158.82 158.72 158.59 158.79 158.75 158.98 159.21 159.48 159.14 159.03 159.44 159.71 159.8 159.85 159.98 160.22 160.4 160.85 160.76 161.5 161.79 161.93 162.13 162.34 162.31 162.42 162.92 163.37 164.08 164.22 164.54 164.65 165.04 165.47 166.5 167.06 167.44 167.62 168.06 168.56 168.81 169.21 169.94 170.23 170.46 170.68 170.71 170.85 171.01 171.4 171.54 171.73 171.93 171.95 172 171.95 171.67 171.29 171.02 171.04 171.09 171.08 170.97 170.73 170.54 170.28 170.05 169.96 169.86 169.77
159.21 159.21 158.82 158.84 158.64 158.59 158.87 158.91 158.88 159.26 159.38 159.39 159.27 159.38 159.58 160.27 160.6 160.83 160.96 161.13 161.15 161.76 162.03 162.26 162.61 162.62 162.83 163 163.39 164.25 164.31 164.82 164.96 165.21 165.53 165.98 166.75 167.2 167.55 168.07 168.39 168.51 169.12 169.47 170.25 170.28 170.79 171.02 171.03 171.17 171.41 171.6 171.91 171.97 172.09 172.16 172.17 172.15 172.03 171.74 171.45 171.26 171.26 171.27 171.13 170.78 170.56 170.24 170.03 170.03 169.97 170.11
