DE_solarradiation/solarradiation_2018_03.asc
NCOLS 654
NROWS 866
XLLCORNER 3280500
YLLCORNER 5237500
CELLSIZE 1000
NODATA_VALUE -999
[rows 630 to 664 of 866, columns 234 to 311 of 654]
73.87 73.97 74.19 74.35 74.41 74.55 74.66 74.79 74.93 75.12 75.22 75.27 75.41 75.5 75.53 75.72 75.86 75.99 76.16 76.17 76.29 76.28 76.37 76.48 76.64 76.69 76.7 76.87 77 77.08 77.15 77.2 77.28 77.41 77.5 77.73 77.79 77.9 77.98 78.18 78.29 78.3 78.42 78.49 78.55 78.62 78.7 78.81 78.9 78.98 79.06 79.09 78.94 79.46 79.57 79.63 79.59 79.66 79.72 79.77 79.82 79.85 79.91 79.98 80.03 80.03 80.08 80.11 80.09 80.17 80.11 80.21 80.24 80.22 80.27 80.37 80.41 80.44
73.87 74.15 74.37 74.45 74.59 74.67 74.8 74.91 75.05 75.24 75.3 75.44 75.51 75.58 75.73 75.88 75.94 76.13 76.21 76.29 76.36 76.4 76.53 76.57 76.68 76.72 76.9 77.01 77.09 77.12 77.22 77.2 77.42 77.67 77.71 77.72 77.75 77.95 78.11 78.25 78.23 78.47 78.5 78.59 78.65 78.7 78.81 79 79.05 79.11 79.11 79.22 79.19 79.17 79.61 79.69 79.71 79.78 79.84 79.9 79.88 79.95 80.03 80.07 80.14 80.16 80.15 80.2 80.2 80.18 80.21 80.31 80.3 80.31 80.34 80.42 80.51 80.54
74.18 74.31 74.52 74.66 74.72 74.84 74.93 75.07 75.17 75.42 75.46 75.54 75.59 75.78 75.86 75.97 75.99 76.19 76.35 76.39 76.46 76.47 76.64 76.69 76.82 76.86 77.04 77.12 77.2 77.24 77.27 77.37 77.62 77.77 77.94 77.93 78.04 77.97 78.23 78.36 78.34 78.57 78.64 78.69 78.76 78.83 78.94 79.12 79.23 79.29 79.31 79.36 79.42 79.42 79.39 79.82 79.86 79.92 79.98 80.01 80.02 80.08 80.18 80.22 80.27 80.28 80.33 80.32 80.35 80.37 80.39 80.38 80.38 80.4 80.45 80.56 80.61 80.63
74.41 74.54 74.7 74.84 74.87 75.02 75.1 75.26 75.38 75.55 75.58 75.62 75.83 76.01 76.03 76.1 76.22 76.39 76.44 76.53 76.56 76.64 76.8 76.86 76.99 77.13 77.2 77.23 77.27 77.27 77.46 77.69 77.81 77.89 78 78.16 78.19 78.3 78.3 78.48 78.65 78.58 78.79 78.86 78.91 78.87 78.96 79.28 79.32 79.36 79.45 79.53 79.57 79.61 79.66 79.6 79.97 80.08 80.09 80.17 80.2 80.39 80.47 80.35 80.51 80.53 80.57 80.56 80.58 80.58 80.58 80.59 80.59 80.64 80.67 80.68 80.72 80.82
74.93 75.02 75.18 75.3 75.26 75.42 75.52 75.7 75.81 75.98 75.92 76.13 76.29 76.33 76.33 76.53 76.62 76.73 76.85 76.79 77 77.07 77.17 77.22 77.3 77.51 77.58 77.5 77.58 77.75 77.89 78.07 78.27 78.3 78.49 78.46 78.66 78.74 78.74 78.92 79.04 79.06 79 79.14 79.32 79.45 79.52 79.63 79.71 79.66 79.81 79.85 79.9 79.95 80 80.03 80.36 80.39 80.47 80.5 80.53 80.56 80.55 80.59 80.62 80.65 80.67 80.65 80.68 80.67 80.72 80.69 80.67 80.67 80.76 80.82 80.87 80.96
75.19 75.24 75.41 75.46 75.53 75.61 75.8 75.87 75.96 76.13 76.24 76.18 76.46 76.45 76.61 76.68 76.75 76.86 76.89 77.1 77.2 77.22 77.33 77.37 77.52 77.62 77.6 77.72 77.93 78.01 78.07 78.23 78.41 78.5 78.7 78.7 78.82 78.92 78.9 79.11 79.23 79.33 79.31 79.32 79.48 79.58 79.68 79.76 79.83 79.88 79.9 79.97 80.04 80.11 80.14 80.17 80.21 80.51 80.58 80.63 80.63 80.67 80.65 80.66 80.72 80.73 80.71 80.7 80.76 80.74 80.72 80.75 80.73 80.78 80.82 80.81 80.94 80.95
75.39 75.46 75.58 75.58 75.78 75.82 75.97 76.02 76.13 76.3 76.36 76.41 76.6 76.56 76.75 76.84 76.76 77.04 77.18 77.23 77.31 77.35 77.31 77.43 77.57 77.74 77.83 78.04 78.07 78.19 78.29 78.36 78.49 78.56 78.71 78.84 78.92 79 79.01 79.3 79.37 79.43 79.46 79.35 79.57 79.68 79.77 79.88 79.91 80 80.03 80.08 80.1 80.17 80.24 80.29 80.29 80.33 80.64 80.69 80.7 80.73 80.71 80.74 80.75 80.73 80.74 80.74 80.78 80.78 80.76 80.75 80.75 80.83 80.92 80.88 80.95 81
75.53 75.63 75.67 75.76 75.94 76.04 76.11 76.12 76.31 76.45 76.44 76.55 76.66 76.7 76.87 76.92 76.99 77.17 77.28 77.36 77.36 77.34 77.46 77.67 77.8 77.9 78.01 78.15 78.25 78.27 78.38 78.51 78.65 78.83 78.88 78.94 79.06 79.13 79.22 79.37 79.46 79.55 79.59 79.63 79.49 79.7 79.83 79.98 80.03 80.07 80.08 80.15 80.22 80.26 80.3 80.33 80.39 80.4 80.42 80.71 80.74 80.76 80.76 80.76 80.77 80.76 80.8 80.79 80.8 80.81 80.78 80.78 80.8 80.88 81 80.95 81.05 81.01
75.69 75.82 75.9 75.96 76.1 76.15 76.23 76.31 76.4 76.59 76.63 76.57 76.68 76.81 76.8 76.98 77.11 77.31 77.41 77.43 77.4 77.49 77.67 77.78 77.98 78.08 78.16 78.24 78.33 78.29 78.42 78.61 78.83 78.95 79.05 79.07 79.18 79.21 79.32 79.51 79.6 79.65 79.67 79.7 79.73 79.88 79.97 80.07 80.11 80.15 80.21 80.21 80.26 80.32 80.36 80.39 80.41 80.41 80.45 80.46 80.76 80.79 80.81 80.8 80.77 80.8 80.84 80.83 80.83 80.81 80.82 80.82 80.86 80.87 80.89 81.02 81 80.98
75.9 75.99 76.06 76.08 76.23 76.26 76.35 76.3 76.49 76.66 76.73 76.77 76.92 76.85 76.94 77 77.13 77.22 77.43 77.41 77.57 77.69 77.82 77.93 78.08 78.17 78.21 78.29 78.41 78.53 78.58 78.69 78.87 78.91 79.14 79.13 79.14 79.33 79.4 79.59 79.66 79.74 79.76 79.78 79.82 79.95 79.93 80.11 80.15 80.18 80.27 80.3 80.31 80.37 80.4 80.4 80.43 80.45 80.49 80.51 80.8 80.81 80.82 80.82 80.83 80.83 80.85 80.85 80.83 80.82 80.83 80.81 80.82 80.87 80.97 81.02 80.98 80.99
76.06 76.16 76.21 76.26 76.42 76.45 76.48 76.55 76.61 76.72 76.76 76.82 77.03 77.18 77.26 77.33 77.36 77.44 77.46 77.52 77.74 77.88 77.9 77.94 78.11 78.28 78.33 78.48 78.53 78.63 78.51 78.63 78.79 79.1 79.18 79.23 79.32 79.45 79.54 79.68 79.8 79.75 79.85 79.92 79.82 79.85 80.09 80.15 80.09 80.21 80.3 80.36 80.4 80.42 80.43 80.44 80.45 80.49 80.52 80.52 80.54 80.82 80.84 80.82 80.82 80.85 80.85 80.82 80.8 80.82 80.8 80.84 80.85 80.89 80.91 80.9 80.96 81.02
76.28 76.36 76.46 76.44 76.48 76.6 76.66 76.66 76.7 76.84 77.06 77.12 77.3 77.35 77.38 77.5 77.57 77.7 77.72 77.83 77.89 78.01 78.06 77.99 78.12 78.26 78.38 78.61 78.79 78.9 78.87 79.03 79.21 79.33 79.27 79.61 79.65 79.64 79.83 79.9 79.98 80 80.11 80.12 80.17 80.19 80.08 80.32 80.37 80.44 80.41 80.47 80.5 80.51 80.5 80.48 80.48 80.51 80.55 80.55 80.52 80.57 80.86 80.87 80.86 80.87 80.86 80.84 80.82 80.8 80.87 80.89 80.85 80.86 80.93 80.96 81 81.15
76.87 76.91 76.92 76.97 76.97 77.01 77.01 77.22 77.31 77.34 77.48 77.56 77.62 77.71 77.79 77.88 77.88 78.01 78.08 78.01 78.25 78.33 78.24 78.52 78.67 78.75 78.66 78.92 79.02 79.11 79.25 79.24 79.51 79.59 79.63 79.5 79.67 79.87 79.92 80 80.09 80.13 80.18 80.23 80.28 80.31 80.22 80.31 80.4 80.46 80.49 80.53 80.57 80.6 80.56 80.52 80.51 80.51 80.54 80.54 80.55 80.55 80.56 80.86 80.82 80.83 80.85 80.85 80.86 80.85 80.88 80.88 80.84 80.86 80.91 81.05 81.05 81.13
77.1 77.12 77.04 77.17 77.2 77.27 77.37 77.41 77.5 77.57 77.66 77.72 77.76 77.84 77.93 77.97 78.05 78.15 78.09 78.36 78.29 78.31 78.51 78.62 78.77 78.88 78.97 78.91 79.18 79.22 79.3 79.44 79.55 79.67 79.76 79.59 79.7 79.66 79.73 80.02 80.01 80.18 80.25 80.28 80.35 80.32 80.2 80.45 80.51 80.5 80.56 80.55 80.57 80.58 80.54 80.49 80.46 80.49 80.51 80.56 80.5 80.5 80.51 80.52 80.81 80.85 80.83 80.84 80.83 80.86 80.82 80.82 80.87 80.91 81.01 80.97 81.01 81.12
77.25 77.19 77.28 77.26 77.43 77.45 77.48 77.54 77.61 77.66 77.72 77.82 77.85 77.94 77.98 78.03 78.17 78.26 78.2 78.4 78.51 78.64 78.59 78.68 78.82 78.96 79.08 79.15 79.21 79.24 79.35 79.45 79.67 79.74 79.8 79.85 79.88 79.94 80 79.86 79.98 80.04 80.18 80.28 80.33 80.37 80.19 80.35 80.5 80.55 80.56 80.55 80.57 80.57 80.55 80.48 80.45 80.42 80.48 80.5 80.5 80.48 80.49 80.47 80.79 80.82 80.85 80.85 80.82 80.81 80.82 80.83 80.95 80.93 80.95 80.97 80.97 81.03
77.36 77.35 77.46 77.51 77.53 77.46 77.51 77.61 77.67 77.78 77.84 77.95 77.94 78.04 78.08 78.16 78.24 78.38 78.39 78.49 78.63 78.69 78.77 78.86 78.78 79.08 79.12 79.19 79.29 79.3 79.45 79.53 79.68 79.77 79.84 79.9 79.95 80.01 80.06 80.04 80.04 80.22 80.28 80.28 80.38 80.43 80.2 80.32 80.49 80.56 80.51 80.56 80.57 80.55 80.55 80.33 80.47 80.44 80.46 80.44 80.45 80.47 80.46 80.47 80.51 80.85 80.84 80.83 80.82 80.82 80.81 80.95 80.94 80.92 80.92 80.94 80.94 81.02
77.5 77.56 77.58 77.61 77.58 77.66 77.7 77.7 77.77 77.82 77.95 78.04 78.03 78.1 78.16 78.22 78.18 78.35 78.46 78.59 78.63 78.77 78.82 78.89 79.02 79.11 79.22 79.28 79.37 79.43 79.49 79.52 79.68 79.8 79.88 79.9 79.98 80.04 80.07 80.15 80.21 79.97 80.13 80.34 80.39 80.43 80.26 80.27 80.48 80.52 80.46 80.53 80.51 80.52 80.49 80.33 80.43 80.41 80.42 80.44 80.41 80.44 80.42 80.46 80.5 80.51 80.81 80.83 80.82 80.84 80.86 80.88 80.89 80.93 80.92 80.9 80.91 80.97
77.66 77.68 77.7 77.71 77.76 77.83 77.88 77.89 77.85 77.92 77.96 78.04 78.08 78.15 78.17 78.26 78.4 78.49 78.6 78.61 78.81 78.85 78.91 79 79.06 79.22 79.28 79.38 79.39 79.46 79.59 79.64 79.8 79.83 79.92 79.99 80.02 80.08 80.11 80.2 80.26 80.06 80.32 80.36 80.4 80.44 80.49 80.33 80.46 80.5 80.49 80.44 80.31 80.39 80.36 80.4 80.35 80.38 80.4 80.41 80.42 80.41 80.43 80.47 80.5 80.51 80.49 80.81 80.83 80.85 80.89 80.93 80.87 80.84 80.86 80.87 80.89 80.99
77.84 77.86 77.87 77.95 77.97 78 78.03 78.04 78.12 78.09 78.11 78.21 78.25 78.32 78.36 78.42 78.5 78.65 78.73 78.7 78.87 78.92 78.99 79.06 79.16 79.24 79.4 79.45 79.51 79.6 79.65 79.7 79.87 79.94 79.99 79.97 80.06 80.1 80.18 80.2 80.31 80.16 80.36 80.41 80.44 80.45 80.48 80.37 80.24 80.41 80.41 80.36 80.43 80.48 80.45 80.42 80.39 80.4 80.38 80.4 80.42 80.41 80.43 80.47 80.5 80.51 80.5 80.51 80.83 80.83 80.93 80.89 80.87 80.86 80.87 80.88 80.89 80.94
78.26 78.24 78.26 78.28 78.3 78.35 78.41 78.36 78.39 78.44 78.48 78.49 78.51 78.55 78.61 78.69 78.78 78.88 78.98 78.96 79.08 79.11 79.17 79.22 79.34 79.49 79.59 79.65 79.71 79.77 79.85 79.96 80.01 80.05 80.12 80.14 80.2 80.25 80.28 80.32 80.21 80.17 80.25 80.45 80.49 80.5 80.52 80.46 80.45 80.32 80.4 80.35 80.41 80.42 80.37 80.37 80.38 80.36 80.37 80.41 80.45 80.47 80.44 80.5 80.51 80.46 80.5 80.5 80.81 80.84 80.85 80.91 80.91 80.87 80.87 80.88 80.89 80.95
78.44 78.47 78.44 78.45 78.49 78.52 78.55 78.55 78.53 78.59 78.6 78.61 78.65 78.7 78.76 78.74 78.85 78.92 79.03 79.07 79.08 79.13 79.23 79.32 79.4 79.54 79.66 79.71 79.78 79.87 79.93 80.03 80.08 80.12 80.16 80.18 80.21 80.26 80.31 80.37 80.33 80.4 80.27 80.48 80.41 80.5 80.48 80.44 80.43 80.46 80.45 80.41 80.26 80.24 80.35 80.29 80.29 80.26 80.38 80.46 80.46 80.49 80.45 80.46 80.46 80.48 80.48 80.51 80.54 80.9 80.85 80.86 80.95 80.9 80.86 80.86 80.86 80.91
78.52 78.57 78.57 78.6 78.6 78.67 78.68 78.8 78.79 78.84 78.72 78.86 78.85 78.8 78.86 78.89 78.9 78.99 79.06 79.13 79.19 79.19 79.28 79.35 79.43 79.58 79.68 79.7 79.8 79.89 79.95 80.01 80.07 80.15 80.21 80.22 80.24 80.29 80.33 80.37 80.42 80.42 80.19 80.3 80.5 80.5 80.44 80.42 80.43 80.43 80.46 80.45 80.42 80.35 80.33 80.28 80.31 80.28 80.41 80.43 80.47 80.49 80.47 80.49 80.46 80.47 80.47 80.52 80.6 80.55 80.84 80.84 80.85 80.85 80.91 80.89 80.88 80.91
78.64 78.68 78.66 78.74 78.73 78.77 78.88 78.89 78.8 78.92 78.92 78.84 78.99 79 78.97 78.98 78.98 79.02 79.11 79.15 79.25 79.26 79.31 79.38 79.46 79.62 79.71 79.79 79.85 79.91 80.05 80.13 80.26 80.2 80.22 80.23 80.28 80.34 80.38 80.39 80.42 80.45 80.46 80.21 80.49 80.4 80.48 80.44 80.42 80.46 80.45 80.4 80.35 80.32 80.35 80.36 80.36 80.39 80.41 80.42 80.47 80.46 80.46 80.45 80.42 80.44 80.46 80.51 80.5 80.56 80.55 80.85 80.86 80.84 80.85 80.87 80.88 80.88
78.71 78.73 78.75 78.72 78.77 78.8 78.89 78.86 78.8 78.92 78.86 78.98 79 78.96 78.98 79.02 79.08 79.1 79.15 79.19 79.32 79.3 79.37 79.46 79.53 79.66 79.76 79.82 79.91 79.98 80.29 80.28 80.34 80.35 80.33 80.29 80.31 80.37 80.41 80.43 80.45 80.47 80.47 80.25 80.34 80.45 80.43 80.43 80.44 80.39 80.41 80.41 80.4 80.39 80.39 80.39 80.39 80.41 80.37 80.39 80.34 80.42 80.44 80.45 80.46 80.49 80.47 80.5 80.52 80.56 80.61 80.95 80.88 80.86 80.86 80.87 80.87 80.86
78.82 78.79 78.87 78.82 78.9 78.89 78.89 78.86 78.9 78.86 78.88 78.91 79.03 79.03 79.02 79.07 79.07 79.1 79.19 79.39 79.32 79.4 79.41 79.52 79.52 79.71 79.74 79.96 80.13 80.27 80.3 80.35 80.35 80.44 80.31 80.31 80.32 80.38 80.42 80.42 80.47 80.41 80.21 80.46 80.5 80.47 80.43 80.37 80.41 80.42 80.41 80.41 80.39 80.42 80.44 80.42 80.4 80.41 80.42 80.43 80.47 80.51 80.4 80.51 80.49 80.51 80.54 80.55 80.6 80.64 80.68 80.6 80.98 80.94 80.9 80.88 80.9 80.88
78.96 78.92 78.95 78.97 78.92 78.93 78.97 78.92 79.03 79.13 79.11 79.15 79.09 79.08 79.1 79.09 79.11 79.14 79.26 79.38 79.43 79.44 79.53 79.54 79.56 79.77 79.8 79.88 80 80.05 80.31 80.39 80.37 80.4 80.56 80.38 80.38 80.41 80.46 80.47 80.42 80.47 80.32 80.23 80.45 80.46 80.44 80.42 80.43 80.39 80.43 80.44 80.42 80.43 80.46 80.45 80.47 80.49 80.51 80.52 80.53 80.54 80.52 80.57 80.58 80.58 80.62 80.65 80.76 80.77 80.71 80.67 80.64 80.98 81.02 80.85 80.8 80.81
79.08 79.07 79.11 79.13 79.07 79.12 79.04 79.08 79.1 79.04 79.07 79.13 79.18 79.22 79.18 79.16 79.19 79.28 79.27 79.38 79.62 79.57 79.68 79.77 79.71 79.89 79.98 80.14 80.27 80.32 80.39 80.46 80.44 80.58 80.55 80.48 80.47 80.51 80.38 80.39 80.28 80.34 80.31 80.53 80.48 80.34 80.52 80.51 80.49 80.48 80.45 80.49 80.52 80.52 80.53 80.55 80.57 80.61 80.64 80.64 80.65 80.67 80.7 80.78 80.78 80.79 80.89 80.94 80.95 80.9 80.87 80.84 80.86 80.94 80.93 81.02 80.95 80.89
79.35 79.32 79.24 79.28 79.33 79.3 79.26 79.26 79.24 79.2 79.2 79.24 79.26 79.33 79.3 79.28 79.3 79.38 79.44 79.47 79.51 79.65 79.82 79.91 79.79 79.84 79.95 80.12 80.13 80.25 80.42 80.49 80.48 80.53 80.68 80.48 80.48 80.5 80.5 80.45 80.53 80.55 80.41 80.55 80.55 80.5 80.39 80.51 80.5 80.44 80.56 80.54 80.56 80.59 80.63 80.62 80.64 80.65 80.71 80.72 80.73 80.78 80.81 80.83 80.88 80.87 80.97 81.01 81.01 81.02 80.95 80.86 80.89 81.02 80.99 81.01 81.07 80.95
79.47 79.44 79.34 79.36 79.34 79.46 79.44 79.35 79.37 79.29 79.23 79.19 79.3 79.31 79.27 79.3 79.43 79.4 79.47 79.55 79.57 79.69 79.72 79.96 80 80.02 80.03 80.03 80.29 80.4 80.47 80.52 80.58 80.64 80.64 80.48 80.48 80.5 80.47 80.58 80.58 80.54 80.55 80.59 80.57 80.56 80.59 80.36 80.55 80.54 80.57 80.6 80.59 80.6 80.7 80.74 80.72 80.73 80.75 80.77 80.81 80.83 80.88 80.88 80.93 80.93 80.96 80.97 81.07 81.09 81.03 80.99 80.92 81.03 81.03 81.02 81.03 81.01
79.56 79.54 79.49 79.47 79.45 79.62 79.46 79.47 79.4 79.34 79.3 79.27 79.29 79.26 79.37 79.47 79.49 79.54 79.64 79.55 79.64 79.81 79.77 80.02 80.11 80.12 80.08 80.07 80.35 80.41 80.48 80.53 80.62 80.6 80.71 80.73 80.55 80.54 80.48 80.43 80.58 80.62 80.59 80.57 80.61 80.59 80.62 80.58 80.41 80.57 80.6 80.62 80.62 80.65 80.68 80.82 80.83 80.81 80.85 80.85 80.88 80.9 80.96 80.99 81 81.02 81.05 81.06 81.13 81.15 81.09 81.06 80.96 81.1 81.1 81.07 81.13 81.02
79.67 79.65 79.56 79.59 79.53 79.61 79.65 79.56 79.49 79.45 79.39 79.37 79.31 79.36 79.33 79.43 79.54 79.63 79.67 79.67 79.81 79.87 79.96 79.78 80.06 80.21 80.23 80.15 80.29 80.41 80.46 80.54 80.6 80.53 80.69 80.68 80.62 80.59 80.6 80.52 80.6 80.63 80.62 80.6 80.61 80.57 80.64 80.61 80.62 80.64 80.66 80.62 80.7 80.8 80.82 80.83 80.94 80.9 80.94 80.96 80.94 81.01 81.03 81.07 81.09 81.11 81.15 81.18 81.2 81.21 81.15 81.12 81.26 81.24 81.23 81.17 81.12 81.09
79.81 79.78 79.72 79.75 79.74 79.77 79.71 79.74 79.65 79.61 79.44 79.45 79.38 79.39 79.43 79.53 79.62 79.65 79.79 79.82 79.84 80 79.93 79.96 80.06 80.24 80.31 80.37 80.39 80.32 80.53 80.6 80.6 80.56 80.62 80.75 80.67 80.68 80.69 80.56 80.62 80.67 80.66 80.69 80.66 80.68 80.64 80.64 80.64 80.67 80.65 80.73 80.74 80.83 80.9 80.9 80.89 81 81.04 81.02 81.05 81.08 81.14 81.17 81.19 81.23 81.26 81.27 81.3 81.27 81.24 81.19 81.37 81.31 81.28 81.21 81.25 81.18
79.89 79.89 79.74 79.84 79.8 79.76 79.68 79.76 79.72 79.66 79.69 79.63 79.56 79.5 79.48 79.66 79.77 79.89 79.82 79.86 80.02 80.04 80.08 80 79.96 80.16 80.35 80.41 80.45 80.48 80.42 80.62 80.72 80.63 80.6 80.7 80.7 80.7 80.7 80.66 80.63 80.72 80.69 80.76 80.83 80.74 80.75 80.73 80.7 80.71 80.72 80.88 80.88 80.95 80.96 80.98 81.03 81.06 81.14 81.17 81.25 81.22 81.29 81.3 81.32 81.35 81.37 81.41 81.45 81.41 81.35 81.27 81.45 81.43 81.4 81.36 81.34 81.27
80.05 79.97 79.86 79.81 79.86 79.8 79.83 79.87 79.8 79.71 79.66 79.73 79.64 79.61 79.81 79.72 79.86 80 79.99 79.98 80.04 80.09 80.14 80.13 80.17 80.24 80.38 80.44 80.54 80.58 80.62 80.64 80.81 80.73 80.71 80.75 80.77 80.8 80.8 80.75 80.79 80.82 80.87 80.99 80.92 80.88 80.85 80.83 80.83 80.79 80.87 80.99 81.1 81.09 81.09 81.17 81.38 81.45 81.48 81.49 81.54 81.59 81.67 81.67 81.74 81.72 81.85 81.8 81.83 81.76 81.62 81.66 81.8 81.75 81.7 81.67 81.62 81.41
80.39 80.27 80.11 80.14 80.07 79.99 79.97 79.91 80.01 79.94 79.8 79.81 79.91 79.83 79.99 80.03 80.01 79.95 80.16 80.06 80.09 80.12 80.14 80.28 80.27 80.41 80.49 80.58 80.61 80.71 80.78 80.83 80.97 80.88 80.89 80.93 80.94 80.99 81 80.99 81.08 81.1 81.17 81.26 81.2 81.24 81.21 81.18 81.15 81.18 81.15 81.28 81.24 81.42 81.45 81.51 81.6 81.62 81.62 81.75 81.81 81.79 81.82 81.84 81.87 81.93 81.89 81.89 81.84 81.86 81.82 81.91 81.88 81.86 81.8 81.74 81.69 81.48
