DE_solarradiation/solarradiation_2018_08.asc
NCOLS 654
NROWS 866
XLLCORNER 3280500
YLLCORNER 5237500
CELLSIZE 1000
NODATA_VALUE -999
[rows 640 to 671 of 866, columns 432 to 503 of 654]
159.47 159.52 159.56 159.6 159.61 159.65 159.74 159.92 159.92 160.04 160.15 160.29 160.34 160.45 160.65 160.74 160.78 160.81 160.8 160.84 160.83 160.84 160.93 160.96 160.93 160.91 160.88 160.89 160.83 160.8 160.79 160.79 160.79 160.76 160.75 160.74 160.69 160.61 160.61 160.56 160.61 160.61 160.63 160.67 160.77 160.82 160.87 160.91 160.95 160.99 161.03 161.11 161.3 161.38 161.45 161.42 161.42 161.54 161.67 161.78 161.82 161.89 161.82 161.84 161.85 161.93 161.87 161.78 161.72 161.62 161.71 161.49
159.5 159.45 159.5 159.55 159.58 159.66 159.74 159.88 159.93 160.04 160.08 160.23 160.34 160.45 160.67 160.74 160.77 160.79 160.81 160.81 160.84 160.86 160.93 160.94 160.93 160.89 160.88 160.9 160.85 160.77 160.77 160.72 160.74 160.72 160.72 160.71 160.71 160.66 160.64 160.62 160.58 160.58 160.68 160.67 160.79 160.84 160.87 160.93 160.97 161.05 161.08 161.12 161.37 161.38 161.45 161.52 161.53 161.59 161.72 161.81 161.87 161.86 161.94 161.93 161.86 161.78 161.92 161.77 161.74 161.73 161.79 161.77
159.4 159.43 159.5 159.56 159.59 159.7 159.72 159.88 159.93 160.04 160.08 160.22 160.37 160.44 160.66 160.7 160.73 160.76 160.77 160.79 160.8 160.82 160.9 160.93 160.94 160.93 160.88 160.9 160.82 160.81 160.74 160.66 160.68 160.7 160.69 160.67 160.66 160.63 160.63 160.66 160.65 160.67 160.63 160.67 160.84 160.87 160.92 160.98 161.01 161.07 161.12 161.21 161.4 161.48 161.43 161.58 161.59 161.67 161.77 161.89 161.9 161.91 161.9 161.86 161.84 161.75 161.79 161.75 161.7 161.66 161.66 161.73
159.34 159.43 159.47 159.56 159.59 159.69 159.73 159.9 159.99 160.08 160.16 160.22 160.37 160.44 160.68 160.74 160.75 160.79 160.78 160.79 160.81 160.8 160.84 160.83 160.86 160.89 160.89 160.88 160.88 160.82 160.71 160.66 160.6 160.61 160.61 160.61 160.63 160.62 160.62 160.63 160.67 160.67 160.68 160.65 160.82 160.89 160.95 161 161.06 161.08 161.17 161.23 161.44 161.53 161.59 161.62 161.68 161.75 161.81 161.92 161.95 161.84 161.87 161.88 161.84 161.67 161.63 161.76 161.7 161.73 161.71 161.7
159.33 159.47 159.52 159.52 159.61 159.69 159.77 159.93 160.01 160.07 160.17 160.29 160.36 160.47 160.68 160.73 160.77 160.79 160.73 160.93 160.81 160.76 160.91 160.83 160.88 160.87 160.89 160.88 160.82 160.78 160.74 160.63 160.62 160.56 160.6 160.64 160.68 160.56 160.55 160.59 160.61 160.64 160.69 160.72 160.84 160.88 160.91 160.89 161.05 161.13 161.18 161.27 161.45 161.55 161.61 161.66 161.73 161.78 161.85 161.95 162.01 162.01 161.99 161.98 161.89 161.81 161.76 161.67 161.72 161.68 161.71 161.58
159.33 159.41 159.52 159.54 159.6 159.69 159.77 159.97 160.05 160.1 160.24 160.25 160.33 160.46 160.69 160.75 160.73 160.69 160.71 160.73 160.87 160.89 160.97 160.86 160.88 160.89 160.88 160.85 160.85 160.8 160.72 160.67 160.67 160.63 160.65 160.64 160.61 160.51 160.53 160.54 160.58 160.63 160.68 160.73 160.85 160.87 160.88 160.89 161.06 161.11 161.17 161.27 161.49 161.56 161.65 161.71 161.76 161.74 161.72 161.87 162.02 161.94 161.72 161.91 161.92 161.84 161.83 161.66 161.7 161.65 161.53 161.46
159.36 159.47 159.54 159.59 159.64 159.72 159.83 160 160.14 160.22 160.24 160.26 160.36 160.44 160.69 160.71 160.75 160.69 160.94 160.72 160.9 160.89 160.97 160.96 160.95 160.91 160.89 160.87 160.84 160.77 160.73 160.66 160.64 160.66 160.66 160.66 160.58 160.57 160.6 160.53 160.55 160.59 160.67 160.77 160.87 160.87 160.88 160.93 161.07 161.12 161.22 161.24 161.52 161.61 161.63 161.72 161.76 161.77 161.76 161.95 162.01 161.92 161.79 161.84 161.89 161.88 161.78 161.67 161.6 161.62 161.44 161.25
159.51 159.55 159.73 159.71 159.78 159.84 159.92 160.16 160.19 160.25 160.29 160.39 160.42 160.53 160.75 160.73 160.8 160.87 160.98 160.85 160.75 160.85 160.85 160.95 160.84 160.89 160.9 160.87 160.85 160.78 160.68 160.66 160.61 160.6 160.58 160.58 160.6 160.61 160.62 160.58 160.65 160.59 160.69 160.75 160.87 160.89 160.89 160.94 161.09 161.16 161.22 161.32 161.54 161.62 161.69 161.78 161.84 161.87 161.85 161.93 162.03 161.99 161.91 161.8 161.94 161.88 161.76 161.49 161.43 161.38 161.26 161.06
159.57 159.58 159.63 159.74 159.81 159.86 160.02 160.18 160.23 160.31 160.37 160.44 160.51 160.56 160.79 160.8 160.83 160.85 161.01 160.89 160.83 160.89 160.68 160.88 160.89 160.87 160.86 160.84 160.78 160.71 160.73 160.72 160.68 160.66 160.64 160.58 160.58 160.6 160.68 160.62 160.69 160.71 160.7 160.68 160.8 160.93 160.96 161 161.11 161.2 161.22 161.3 161.6 161.64 161.71 161.8 161.85 161.91 161.91 161.88 161.89 161.88 162.02 161.93 161.93 161.88 161.75 161.51 161.35 161.17 161.18 161.01
159.59 159.74 159.71 159.77 159.82 160 160.08 160.23 160.27 160.37 160.38 160.5 160.55 160.62 160.83 160.88 160.84 160.82 161.05 160.92 160.95 160.82 160.83 160.93 160.87 160.84 160.85 160.78 160.77 160.68 160.71 160.62 160.6 160.58 160.65 160.64 160.51 160.51 160.54 160.55 160.6 160.63 160.61 160.7 160.84 160.87 161 160.96 161.11 161.21 161.3 161.37 161.58 161.67 161.7 161.75 161.81 161.9 161.92 161.92 161.92 162 162.01 161.88 161.82 161.86 161.75 161.47 161.26 161.03 161.01 160.91
159.59 159.69 159.87 159.84 159.97 160.06 160.09 160.26 160.34 160.41 160.47 160.52 160.61 160.68 160.88 160.88 160.87 161.07 161.03 160.86 160.99 160.89 160.92 160.94 160.95 160.86 160.81 160.77 160.71 160.64 160.65 160.57 160.61 160.56 160.59 160.58 160.53 160.53 160.53 160.54 160.65 160.66 160.62 160.59 160.74 160.83 160.9 161.02 161.1 161.23 161.31 161.35 161.51 161.68 161.71 161.73 161.8 161.86 161.91 161.89 161.96 161.97 161.99 161.91 161.68 161.74 161.61 161.39 161.12 160.97 160.74 160.68
159.68 159.71 159.82 159.92 160.03 160.11 160.16 160.35 160.41 160.46 160.53 160.61 160.67 160.74 160.93 160.94 161.02 161.12 160.99 161 160.94 160.94 160.9 160.93 160.9 160.85 160.81 160.78 160.75 160.67 160.65 160.58 160.47 160.54 160.51 160.58 160.49 160.5 160.5 160.65 160.63 160.59 160.69 160.65 160.78 160.79 160.89 160.97 161 161.2 161.3 161.35 161.46 161.7 161.77 161.79 161.77 161.85 161.84 161.91 161.99 161.95 161.96 161.86 161.74 161.53 161.46 161.3 161.13 160.94 160.65 160.56
159.7 159.78 159.93 160.06 160.09 160.15 160.21 160.38 160.49 160.52 160.62 160.68 160.71 160.8 161.01 161.03 161.05 161.15 161.09 161.1 161.03 160.96 160.92 160.94 160.93 160.83 160.82 160.76 160.73 160.65 160.6 160.53 160.5 160.49 160.47 160.52 160.57 160.52 160.56 160.63 160.58 160.6 160.69 160.76 160.83 160.88 160.88 160.93 161.07 161.22 161.28 161.33 161.46 161.65 161.7 161.72 161.7 161.81 161.81 161.91 161.92 161.87 161.93 161.76 161.7 161.54 161.39 161.25 161.1 161.01 160.74 160.52
159.79 159.86 159.99 160.06 160.09 160.19 160.27 160.43 160.53 160.62 160.68 160.75 160.76 160.9 161.12 161.14 161.22 161.25 161.18 161.17 161.07 160.96 160.98 160.97 160.98 160.93 160.9 160.83 160.74 160.63 160.61 160.56 160.49 160.48 160.48 160.56 160.6 160.55 160.64 160.69 160.7 160.59 160.69 160.67 160.85 160.91 160.94 161.02 161.04 161.2 161.36 161.27 161.56 161.7 161.8 161.7 161.6 161.83 161.8 161.9 161.89 161.94 161.85 161.73 161.68 161.47 161.37 161.07 160.94 160.73 160.76 160.46
159.88 159.94 160.14 160.13 160.24 160.27 160.34 160.54 160.63 160.67 160.8 160.83 160.88 161.01 161.2 161.26 161.32 161.28 161.21 161.17 161.16 161.12 161.01 161.04 161.09 161.06 161 160.97 160.82 160.77 160.69 160.68 160.61 160.61 160.55 160.5 160.6 160.65 160.71 160.74 160.79 160.78 160.69 160.64 160.85 160.88 160.99 161.1 161.22 161.34 161.38 161.43 161.59 161.71 161.84 161.75 161.73 161.81 161.83 161.89 161.8 161.89 161.73 161.75 161.48 161.37 161.23 160.89 160.81 160.74 160.56 160.27
160.13 160.27 160.39 160.31 160.38 160.46 160.55 160.77 160.85 160.95 161.02 161.07 161.15 161.26 161.42 161.51 161.48 161.41 161.43 161.39 161.38 161.34 161.2 161.23 161.22 161.25 161.16 161.06 160.97 160.94 160.89 160.83 160.86 160.76 160.75 160.63 160.79 160.73 160.84 160.88 160.88 160.94 160.78 160.93 161.03 161.05 161.02 161.14 161.21 161.31 161.43 161.56 161.66 161.69 161.86 161.89 161.89 161.73 161.85 161.75 161.77 161.8 161.72 161.65 161.51 161.32 161.09 160.87 160.76 160.62 160.56 160.33
160.2 160.36 160.41 160.49 160.54 160.62 160.66 160.87 161 161.02 161.12 161.22 161.31 161.3 161.54 161.6 161.62 161.57 161.58 161.55 161.54 161.49 161.36 161.4 161.41 161.34 161.3 161.19 161.15 161.04 161.03 160.98 160.91 160.87 160.83 160.78 160.8 160.79 160.91 160.84 160.89 160.98 161.03 161.07 161.12 161.15 161.22 161.23 161.31 161.38 161.45 161.62 161.74 161.74 161.89 161.86 161.91 161.73 161.83 161.79 161.8 161.78 161.62 161.6 161.49 161.35 161.23 160.82 160.62 160.57 160.48 160.37
160.27 160.45 160.48 160.51 160.51 160.62 160.79 160.95 161.08 161.13 161.2 161.33 161.41 161.44 161.65 161.72 161.69 161.63 161.65 161.74 161.62 161.56 161.55 161.46 161.52 161.43 161.39 161.33 161.31 161.12 161.05 160.99 160.98 161.08 160.99 160.95 160.9 160.87 160.9 160.93 160.92 160.99 160.98 161.08 161.17 161.22 161.29 161.31 161.37 161.41 161.52 161.72 161.76 161.78 162 161.99 161.82 161.85 161.86 161.84 161.85 161.69 161.63 161.47 161.27 161.22 161.2 160.8 160.64 160.53 160.42 160.35
160.4 160.54 160.53 160.53 160.63 160.71 160.76 160.93 161.13 161.24 161.33 161.4 161.49 161.56 161.75 161.82 161.84 161.75 161.81 161.82 161.74 161.72 161.65 161.64 161.58 161.55 161.51 161.47 161.34 161.28 161.22 161.19 161.2 161.13 161.11 161.03 161.05 161.07 161.04 161.01 161.04 161.02 161.07 161.12 161.24 161.3 161.33 161.38 161.35 161.45 161.67 161.76 161.98 162 162.1 162.05 161.92 161.89 161.91 161.89 161.77 161.8 161.62 161.41 161.11 161.17 161.18 160.61 160.49 160.55 160.41 160.32
160.46 160.56 160.65 160.59 160.62 160.77 160.84 161.03 161.16 161.24 161.39 161.47 161.57 161.65 161.88 161.91 161.95 161.91 161.96 161.99 161.97 161.89 161.81 161.77 161.71 161.73 161.55 161.54 161.49 161.47 161.39 161.31 161.28 161.26 161.22 161.11 161.17 161.25 161.19 161.15 161.17 161.19 161.23 161.25 161.33 161.39 161.46 161.5 161.48 161.54 161.67 161.8 162.11 162.11 162.18 162.13 162.07 161.93 161.98 161.94 161.72 161.73 161.69 161.43 161.3 161.18 161.14 160.64 160.45 160.53 160.37 160.28
160.54 160.49 160.74 160.67 160.76 160.78 160.94 161.12 161.23 161.33 161.36 161.48 161.6 161.76 161.97 162.05 162.09 162.09 162.1 162.13 162.08 162.04 161.94 161.94 161.83 161.88 161.74 161.69 161.69 161.6 161.52 161.44 161.39 161.34 161.34 161.29 161.32 161.41 161.29 161.33 161.35 161.36 161.38 161.39 161.53 161.55 161.61 161.61 161.65 161.72 161.82 162.01 162.18 162.27 162.31 162.24 162.2 162 162.04 162.06 161.82 161.67 161.75 161.6 161.27 161.19 161.09 160.68 160.65 160.51 160.33 160.4
160.55 160.63 160.8 160.84 160.87 160.99 161.12 161.3 161.33 161.44 161.53 161.62 161.73 161.84 161.94 162.17 162.21 162.3 162.31 162.31 162.3 162.3 162.16 162.09 162.02 162.08 162.03 161.99 161.88 161.66 161.6 161.63 161.65 161.5 161.53 161.5 161.63 161.57 161.47 161.54 161.55 161.59 161.58 161.65 161.75 161.77 161.83 161.81 161.82 161.87 161.96 162.14 162.31 162.46 162.47 162.38 162.17 162.21 162.29 162.05 161.74 161.51 161.62 161.55 161.27 161.12 160.98 160.55 160.63 160.52 160.48 160.46
160.77 160.86 160.93 161.13 161.08 161.18 161.28 161.52 161.62 161.69 161.79 161.87 162.01 162.15 162.3 162.44 162.51 162.64 162.63 162.58 162.56 162.61 162.59 162.52 162.44 162.5 162.55 162.38 162.23 162.12 162.09 162.09 162.01 162.07 161.91 161.94 161.99 161.91 161.86 161.85 161.89 161.93 161.98 162 162.07 162.12 162.14 162.13 162.14 162.18 162.19 162.41 162.54 162.6 162.69 162.47 162.29 162.3 162.39 162.22 162.03 161.67 161.56 161.65 161.53 161.1 160.97 160.68 160.74 160.51 160.58 160.45
160.89 160.99 161.02 161.25 161.17 161.24 161.38 161.59 161.74 161.81 161.88 162.02 162.12 162.31 162.5 162.62 162.69 162.65 162.69 162.71 162.73 162.61 162.57 162.62 162.53 162.69 162.55 162.5 162.35 162.25 162.24 162.18 162.06 162.2 162.24 162.27 162.27 162.23 162.27 162.15 162.23 162.17 162.22 162.21 162.29 162.32 162.39 162.34 162.38 162.42 162.5 162.65 162.74 162.83 162.86 162.7 162.67 162.65 162.6 162.4 162.17 161.93 161.61 161.64 161.65 161.28 160.98 160.87 160.8 160.55 160.66 160.54
160.94 161.06 161.19 161.27 161.3 161.37 161.49 161.73 161.87 161.91 162.01 162.11 162.25 162.42 162.62 162.75 162.84 162.83 162.79 162.8 162.77 162.81 162.77 162.75 162.78 162.88 162.75 162.69 162.61 162.51 162.5 162.36 162.46 162.43 162.51 162.5 162.49 162.57 162.54 162.51 162.55 162.36 162.4 162.44 162.51 162.54 162.52 162.55 162.61 162.63 162.77 162.76 162.96 163.01 163.02 162.94 162.85 162.84 162.79 162.5 162.34 162.12 161.94 161.56 161.69 161.49 160.98 160.77 160.82 160.61 160.7 160.66
160.99 161.11 161.23 161.28 161.46 161.56 161.55 161.81 162.02 162 162.08 162.24 162.31 162.53 162.82 162.93 162.99 162.94 162.95 163.07 163.12 163.14 163.11 163.12 163.11 163.09 163.05 162.91 162.91 162.8 162.73 162.66 162.74 162.73 162.78 162.79 162.73 162.84 162.83 162.74 162.77 162.67 162.7 162.66 162.7 162.74 162.75 162.69 162.82 162.89 162.97 163.03 163.12 163.2 163.2 163.11 163.03 163 162.89 162.61 162.34 162.31 162.14 161.8 161.77 161.53 161.22 160.85 160.76 160.81 160.79 160.76
161.15 161.19 161.31 161.39 161.42 161.55 161.65 161.89 162.08 162.13 162.27 162.42 162.53 162.64 162.95 163.06 163.14 163.2 163.25 163.29 163.32 163.34 163.33 163.33 163.3 163.15 163.06 163.13 163.19 163.09 163.04 162.99 163 163.02 163.03 163.01 163 163.01 162.94 162.97 162.95 163.02 163.01 163.02 162.89 162.97 163.04 163.17 163.16 163.22 163.14 163.28 163.33 163.41 163.4 163.28 163.21 163.19 163.08 162.73 162.42 162.52 162.34 162.07 161.91 161.77 161.46 160.98 160.68 160.66 160.75 160.8
161.26 161.35 161.34 161.42 161.49 161.61 161.75 161.98 162.13 162.3 162.43 162.54 162.65 162.77 163.07 163.19 163.26 163.35 163.41 163.45 163.47 163.5 163.52 163.53 163.52 163.51 163.5 163.47 163.43 163.37 163.33 163.26 163.31 163.3 163.31 163.2 163.33 163.28 163.17 163.14 163.24 163.31 163.25 163.28 163.18 163.27 163.36 163.41 163.49 163.49 163.45 163.58 163.63 163.62 163.49 163.54 163.38 163.39 163.25 162.92 162.69 162.68 162.67 162.51 162.1 161.98 161.8 161.26 161.11 160.86 160.55 160.56
161.21 161.34 161.42 161.52 161.55 161.61 161.82 162.14 162.32 162.42 162.55 162.6 162.74 162.89 163.2 163.37 163.45 163.54 163.59 163.63 163.69 163.71 163.74 163.76 163.76 163.76 163.7 163.72 163.72 163.62 163.61 163.58 163.58 163.57 163.59 163.48 163.59 163.65 163.58 163.63 163.64 163.65 163.72 163.73 163.72 163.72 163.78 163.65 163.74 163.88 163.83 163.75 163.83 163.89 163.89 163.74 163.69 163.62 163.55 163.27 163.07 162.89 162.92 162.78 162.4 162.34 162.14 161.48 161.34 161.28 161.02 160.66
161.32 161.41 161.53 161.65 161.64 161.73 161.89 162.16 162.44 162.54 162.63 162.73 162.87 163.04 163.35 163.51 163.66 163.75 163.81 163.9 163.94 163.96 164.02 164.04 164.04 164.03 164.03 164.03 163.99 163.92 163.93 163.92 163.92 163.92 163.92 163.95 164.35 164.04 164.38 164.07 164.41 164.37 164.41 164.44 164.52 164.5 164.52 164.47 164.56 164.58 164.41 164.49 164.48 164.5 164.45 164.31 164.25 164.2 164.11 163.73 163.6 163.5 163.5 163.35 163.09 163 162.69 162.11 161.9 161.75 161.58 161.25
161.47 161.62 161.7 161.74 161.89 161.99 162.06 162.48 162.6 162.82 163 163.02 163.15 163.33 163.79 163.96 164.12 164.21 164.3 164.38 164.43 164.49 164.61 164.67 164.66 164.66 164.65 164.68 164.64 164.65 164.64 164.64 164.64 164.64 164.67 164.66 164.69 164.69 164.73 164.76 164.79 164.8 164.8 164.84 164.76 164.86 164.88 164.8 164.89 164.83 164.82 164.86 164.82 164.79 164.73 164.6 164.55 164.45 164.35 164.04 163.96 163.84 163.69 163.57 163.42 163.3 163.03 162.51 162.34 161.99 161.85 161.48
161.56 161.65 161.73 161.84 161.96 162.05 162.21 162.6 162.83 162.99 163.14 163.19 163.32 163.54 163.99 164.21 164.31 164.43 164.54 164.6 164.67 164.73 164.89 164.92 164.94 164.97 164.96 164.96 164.96 164.98 164.99 164.99 164.98 164.98 164.98 164.98 165.01 165.01 165.04 165.05 165.08 165.1 165.1 165.13 165.13 165.16 165.17 165.16 165.16 165.07 165.11 165.1 165.08 164.99 165.01 164.95 164.77 164.76 164.5 164.3 164.2 164.08 163.81 163.69 163.67 163.48 163.23 162.83 162.38 162.11 162.02 161.74
