DE_solarradiation/solarradiation_2018_03.asc
NCOLS 654
NROWS 866
XLLCORNER 3280500
YLLCORNER 5237500
CELLSIZE 1000
NODATA_VALUE -999
[rows 420 to 454 of 866, columns 234 to 311 of 654]
72.76 72.88 72.95 72.8 72.86 72.96 72.99 73.21 73.31 73.31 73.26 73.33 73.32 73.19 73.08 72.94 72.91 72.86 72.83 72.77 72.71 72.44 72.32 72.3 72.28 72.24 72.16 72.09 72 71.76 71.68 71.82 71.86 72 71.94 72.08 72.07 71.99 72.1 72.22 72.32 72.32 72.48 72.36 72.29 72.53 72.89 72.73 72.69 73.06 73.05 73.16 73.03 73.14 73.28 73.41 73.54 73.63 73.73 74.11 73.56 73.69 73.62 73.69 73.94 73.91 74.06 74.27 74.64 74.75 74.9 75.02 75.15 75.27 75.54 75.63 75.69 75.8
72.79 72.9 73.01 72.84 72.93 72.92 73.18 73.38 73.47 73.35 73.31 73.31 73.3 73.31 73.18 73.02 72.96 72.94 72.95 72.89 72.76 72.5 72.39 72.39 72.32 72.24 72.21 72.17 72.12 71.88 71.85 71.76 71.72 71.81 71.96 71.99 72.05 72.02 72.09 72.22 72.22 72.13 72.36 72.17 72.34 72.5 72.74 72.65 72.72 72.85 72.98 73 73.01 73.04 73.16 73.33 73.54 73.7 73.83 74.08 73.41 73.4 73.43 73.61 73.71 73.76 73.91 74.13 74.52 74.6 74.75 74.85 74.95 75.13 75.43 75.47 75.57 75.64
72.86 72.94 73.05 72.88 72.9 72.99 73.3 73.4 73.55 73.43 73.37 73.35 73.33 73.3 73.2 73.12 73.06 73.02 73.02 72.96 72.81 72.61 72.53 72.48 72.38 72.33 72.32 72.28 72.23 71.93 71.95 71.92 71.74 71.71 71.74 71.76 71.83 71.82 71.9 72.01 72.01 72 72.12 72.05 72.39 72.61 72.47 72.58 72.65 72.75 72.82 72.96 72.99 72.91 73 73.09 73.19 73.48 73.71 73.93 73.15 73.25 73.33 73.34 73.57 73.61 73.7 74.01 74.36 74.34 74.58 74.67 74.63 74.95 75.14 75.14 75.33 75.35
72.9 72.97 73.01 73.13 72.9 72.95 73.37 73.38 73.53 73.56 73.49 73.42 73.39 73.37 73.24 73.19 73.23 73.19 73.11 73.08 72.92 72.76 72.75 72.63 72.52 72.49 72.48 72.45 72.37 72.04 72.01 72.03 71.96 71.66 71.86 71.77 71.68 71.75 71.86 71.79 71.85 71.97 71.89 71.91 72.24 72.4 72.34 72.37 72.4 72.44 72.55 72.65 72.85 72.74 72.83 72.81 72.97 73.43 73.6 73.61 72.97 72.98 73.09 73.09 73.21 73.37 73.43 73.8 74.08 74 74.14 74.38 74.55 74.8 74.99 75.18 75.26 75.28
73 73.01 73.03 73.1 72.92 73.25 73.33 73.36 73.54 73.74 73.56 73.48 73.43 73.4 73.32 73.28 73.29 73.26 73.14 73.12 72.97 72.91 72.87 72.74 72.6 72.57 72.56 72.5 72.41 72.14 71.97 72.02 71.89 71.69 71.7 71.66 71.8 71.87 72.01 71.82 71.85 71.95 71.83 71.91 72.27 72.21 72.43 72.34 72.27 72.3 72.43 72.56 72.7 72.71 72.62 72.77 72.94 73.05 73.25 72.58 72.99 72.87 72.95 73.01 73.02 73.2 73.23 73.59 73.84 73.85 74.21 74.22 74.47 74.68 74.96 75.11 75.16 75.22
72.93 73.11 73.08 73.08 73.27 73.24 73.3 73.39 73.56 73.67 73.58 73.53 73.48 73.47 73.38 73.31 73.3 73.27 73.17 73.18 73.15 72.96 72.97 72.84 72.68 72.58 72.54 72.56 72.51 72.16 72.01 71.86 71.72 71.86 71.92 71.89 71.68 71.75 71.74 71.74 71.74 71.78 71.75 71.93 72.19 72.4 72.24 72.26 72.2 72.22 72.27 72.45 72.61 72.7 72.56 72.62 72.82 72.94 73.08 72.54 72.66 72.59 72.7 72.97 72.9 73.01 73.04 73.38 73.72 73.67 74.05 74.22 74.37 74.47 74.82 74.96 75.08 75.13
72.96 73.04 73.15 73.1 73.33 73.17 73.26 73.37 73.48 73.52 73.7 73.52 73.49 73.51 73.37 73.38 73.3 73.27 73.2 73.24 73.15 72.92 72.99 72.9 72.81 72.74 72.6 72.63 72.58 72.18 71.97 71.83 71.72 71.92 71.85 71.79 71.68 71.76 71.79 71.68 71.74 71.69 71.74 71.93 72.35 72.53 72.36 72.18 72.13 72.11 72.22 72.28 72.46 72.46 72.4 72.59 72.65 72.92 73.04 73.26 72.56 72.5 72.61 72.67 72.71 72.75 73.09 73.36 73.35 73.57 73.76 74.05 74.1 74.39 74.63 74.77 74.93 75.02
72.93 73.04 73.08 73.09 73.31 73.41 73.28 73.35 73.4 73.51 73.51 73.54 73.49 73.51 73.37 73.36 73.37 73.26 73.25 73.28 73.21 72.93 72.93 72.85 72.87 72.9 72.71 72.65 72.6 72.15 72 71.85 71.81 71.71 71.78 71.76 71.65 71.67 71.64 71.65 71.7 71.65 71.88 72.03 72.33 72.44 72.44 72.19 72.12 72.12 72.15 72.31 72.46 72.5 72.45 72.54 72.6 72.69 72.86 73 73.12 72.34 72.38 72.57 72.47 72.77 72.92 73.2 73.32 73.43 73.55 73.64 74.02 74.07 74.43 74.66 74.83 74.91
72.89 73.02 73.2 73.28 73.33 73.42 73.28 73.34 73.4 73.45 73.54 73.5 73.55 73.5 73.42 73.39 73.37 73.29 73.23 73.24 73.25 72.93 72.89 72.94 72.88 72.83 72.72 72.64 72.58 72.09 71.99 71.91 71.88 71.73 71.7 71.67 71.57 71.55 71.54 71.57 71.62 71.7 71.74 71.91 72.25 72.34 72.38 72.15 72.11 72.18 72.17 72.25 72.37 72.41 72.45 72.41 72.48 72.56 72.65 72.77 72.86 72.97 73.05 72.37 72.32 72.66 72.7 73.02 73.33 73.42 73.47 73.72 73.66 74.03 74.31 74.47 74.65 74.74
72.86 73.07 73.15 73.28 73.34 73.36 73.21 73.3 73.39 73.48 73.64 73.6 73.57 73.57 73.48 73.42 73.38 73.28 73.29 73.28 73.31 73.03 72.91 72.87 72.92 72.77 72.73 72.56 72.39 72.08 71.93 71.91 71.84 71.78 71.73 71.68 71.55 71.53 71.53 71.45 71.48 71.79 71.78 71.96 72.18 72.38 72 72.01 72.03 72.04 72.14 72.13 72.23 72.24 72.35 72.29 72.39 72.42 72.51 72.62 72.7 72.78 72.86 73.01 72.12 72.25 72.38 72.79 73.02 73.29 73.34 73.52 73.68 73.68 73.98 74.26 74.43 74.53
72.87 73 73.34 73.31 73.31 73.37 73.44 73.34 73.41 73.49 73.55 73.6 73.68 73.58 73.44 73.41 73.37 73.39 73.38 73.29 73.21 73.09 72.89 72.93 72.8 72.67 72.6 72.54 72.56 72.23 71.97 71.97 71.91 71.83 71.84 71.84 71.7 71.65 71.64 71.63 71.57 71.62 71.64 71.7 71.75 71.94 71.8 71.79 71.88 71.77 71.87 71.91 71.95 72.02 72.03 72.06 72.18 72.27 72.25 72.34 72.44 72.48 72.55 72.63 72.7 72.83 72.03 72.23 72.49 72.68 72.99 72.96 73.18 73.39 73.7 73.9 74.05 74.14
72.78 72.81 73.15 73.19 73.19 73.28 73.38 73.25 73.32 73.41 73.46 73.5 73.52 73.53 73.46 73.46 73.38 73.34 73.41 73.29 73.2 73.03 72.95 72.94 72.79 72.87 72.75 72.69 72.56 72.23 72.27 72.19 72.11 72.04 72.06 71.88 71.6 71.54 71.52 71.48 71.52 71.47 71.45 71.61 71.52 71.59 71.63 71.66 71.75 71.7 71.73 71.87 71.88 71.9 71.88 71.91 72.03 72.14 72.19 72.21 72.32 72.42 72.44 72.51 72.6 72.82 72.91 72.04 72.21 72.4 72.59 72.93 73.01 73.14 73.39 73.56 73.8 73.96
72.75 72.92 73.04 73.15 73.18 73.27 73.38 73.46 73.29 73.36 73.45 73.46 73.53 73.55 73.51 73.43 73.43 73.37 73.41 73.34 73.28 72.97 72.98 72.84 72.91 73.11 73 72.95 72.75 72.31 72.31 72.11 72.04 72.01 72 71.85 71.64 71.58 71.53 71.48 71.51 71.47 71.49 71.43 71.46 71.46 71.5 71.58 71.69 71.78 71.62 71.73 71.84 71.82 71.83 71.86 71.97 72.04 72.1 72.16 72.23 72.26 72.37 72.56 72.7 72.7 72.69 72.84 73.11 72.49 72.62 72.71 72.76 72.9 73.3 73.47 73.61 73.73
72.73 72.91 73.06 73.11 73.15 73.23 73.36 73.42 73.25 73.34 73.37 73.43 73.5 73.54 73.5 73.46 73.36 73.5 73.51 73.7 73.65 73.22 73.05 73.04 72.95 72.95 72.96 72.96 72.66 72.39 72.26 72.05 72.15 72.12 71.95 71.73 71.66 71.62 71.51 71.53 71.66 71.54 71.42 71.49 71.34 71.36 71.48 71.4 71.5 71.66 71.68 71.65 71.7 71.66 71.8 71.75 71.89 71.96 72.06 72.11 72.15 72.23 72.36 72.47 72.5 72.63 72.59 72.7 72.98 73.15 73.28 72.53 72.66 72.8 73.09 73.34 73.41 73.57
72.9 72.9 73.16 73.09 73.17 73.24 73.35 73.44 73.5 73.31 73.36 73.43 73.45 73.52 73.67 73.61 73.6 73.64 73.73 73.68 73.57 73.33 73.32 72.97 72.91 73.04 73.07 72.94 72.66 72.39 72.1 72.19 72.19 71.92 71.81 71.81 71.67 71.51 71.58 71.6 71.59 71.47 71.52 71.43 71.47 71.38 71.3 71.37 71.36 71.44 71.49 71.74 71.82 71.8 71.66 71.69 71.84 71.9 71.99 72.19 72.21 72.2 72.21 72.34 72.4 72.51 72.55 72.57 72.71 72.94 73.01 73.17 72.4 72.67 73.04 73.19 73.29 73.3
72.91 72.84 72.98 73.15 73.17 73.25 73.37 73.47 73.57 73.55 73.6 73.65 73.68 73.69 73.64 73.6 73.6 73.62 73.64 73.71 73.63 73.39 73.28 73.16 72.95 72.97 73.06 72.78 72.62 72.22 72.2 72.29 72.09 71.85 71.96 71.83 71.57 71.55 71.51 71.58 71.57 71.5 71.48 71.5 71.37 71.27 71.18 71.32 71.45 71.42 71.38 71.44 71.52 71.59 71.58 71.68 71.74 71.79 71.93 72.13 72.27 72.26 72.18 72.28 72.36 72.37 72.49 72.5 72.58 72.71 72.93 73 73.17 73.39 72.68 72.96 73.1 73.24
72.85 72.89 72.9 73.03 73.14 73.22 73.4 73.5 73.47 73.56 73.63 73.69 73.72 73.73 73.63 73.6 73.61 73.72 73.76 73.68 73.66 73.45 73.25 73.04 73.06 73.04 72.85 72.89 72.8 72.42 72.36 72.1 71.9 71.97 72.04 71.7 71.7 71.49 71.45 71.36 71.45 71.33 71.32 71.34 71.3 71.2 71.19 71.41 71.43 71.41 71.27 71.35 71.4 71.43 71.55 71.75 71.7 71.77 71.87 71.98 72.04 72.06 72.16 72.16 72.21 72.22 72.35 72.37 72.46 72.58 72.66 72.76 72.86 73.13 73.4 72.64 72.92 73.04
72.69 72.76 72.86 72.96 73.06 73.16 73.33 73.44 73.43 73.52 73.6 73.67 73.7 73.71 73.62 73.62 73.66 73.76 73.8 73.72 73.72 73.42 73.23 73.05 73.05 72.98 72.99 72.99 72.85 72.38 72.28 71.99 71.91 72.04 72 71.69 71.79 71.51 71.35 71.38 71.34 71.27 71.3 71.27 71.16 71.09 71.14 71.28 71.24 71.21 71.26 71.41 71.34 71.32 71.49 71.53 71.77 71.73 71.76 71.94 71.96 72.04 72.01 72.03 72.06 72.17 72.26 72.45 72.4 72.42 72.58 72.74 72.71 72.9 73.18 73.45 73.58 72.76
72.67 72.85 72.88 72.92 73.01 73.11 73.27 73.27 73.36 73.46 73.54 73.6 73.64 73.6 73.6 73.62 73.68 73.68 73.71 73.76 73.72 73.44 73.23 73.23 73.17 73.1 73.06 72.9 72.74 72.4 72.16 71.96 71.96 71.95 71.84 71.8 71.62 71.31 71.24 71.2 71.31 71.2 71.07 71.07 71.02 70.98 71.01 71.07 71.01 71.04 71.14 71.26 71.22 71.14 71.14 71.29 71.34 71.45 71.46 71.54 71.85 71.82 72.02 72.04 72.07 71.91 71.95 72.2 72.24 72.28 72.37 72.35 72.58 72.53 72.72 72.87 73 73.31
72.62 72.66 72.76 72.79 72.85 72.97 73.19 73.19 73.28 73.37 73.43 73.5 73.55 73.58 73.62 73.77 73.76 73.68 73.75 73.78 73.77 73.4 73.31 73.08 72.99 72.94 72.88 72.75 72.62 72.24 72.08 72.07 71.99 71.85 71.75 71.66 71.6 71.31 71.22 71.22 71.21 71.14 71.04 71.05 71.02 71.01 71.04 71.06 71.07 70.94 71.05 71.04 71.11 71.21 71.2 71.3 71.46 71.33 71.41 71.4 71.5 71.71 71.8 71.92 71.94 71.77 71.93 72.24 72.3 72.21 72.18 72.28 72.58 72.61 72.68 72.84 72.91 73.11
72.69 72.69 72.71 72.78 72.82 72.94 73.06 73.18 73.27 73.33 73.42 73.47 73.54 73.64 73.71 73.75 73.76 73.72 73.72 73.78 73.78 73.5 73.25 73.13 73.11 73.07 73 73.06 72.74 72.47 72.19 72.16 72.07 72.04 71.82 71.7 71.7 71.34 71.27 71.33 71.25 71.15 71.05 71.05 70.99 70.93 70.9 70.93 70.99 71.05 70.95 70.94 70.92 70.96 71.13 71.24 71.35 71.49 71.52 71.42 71.4 71.47 71.57 71.74 71.83 71.92 71.99 72.09 72.14 72.24 72.1 72.34 72.46 72.54 72.42 72.68 72.74 72.89
72.62 72.68 72.73 72.74 72.88 72.99 73.09 73.15 73.26 73.35 73.4 73.49 73.61 73.84 73.79 73.77 73.76 73.73 73.72 73.74 73.68 73.38 73.23 73.09 73.03 73.2 73.27 73.13 72.99 72.44 72.25 72.25 72.19 72.07 71.87 71.78 71.62 71.38 71.26 71.27 71.26 71.14 71.07 71.1 70.95 70.96 70.89 70.86 70.98 71.06 70.92 70.88 71.03 71.03 70.99 71.11 71.41 71.37 71.43 71.51 71.49 71.5 71.49 71.54 71.64 71.74 71.81 71.86 72.1 72.09 72.01 72.33 72.3 72.35 72.51 72.52 72.7 72.66
72.5 72.68 72.72 72.76 72.85 72.86 73.1 73.19 73.28 73.32 73.38 73.47 73.65 73.76 73.77 73.82 73.78 73.76 73.74 73.73 73.67 73.41 73.29 73.19 73.02 73.17 73.12 72.97 72.89 72.32 72.24 72.21 72.23 72.01 71.92 71.78 71.66 71.32 71.24 71.26 71.26 71.25 71.14 71.03 70.89 70.82 70.85 70.83 70.89 70.86 70.86 70.8 70.95 71 70.97 71.07 71.14 71.27 71.38 71.36 71.48 71.5 71.55 71.52 71.51 71.59 71.62 71.81 71.92 72.03 71.93 72.21 72.26 72.33 72.36 72.49 72.5 72.56
72.46 72.56 72.6 72.67 72.79 72.83 73.05 73.18 73.27 73.31 73.37 73.46 73.54 73.64 73.74 73.78 73.86 73.84 73.77 73.78 73.81 73.49 73.22 73.29 73.09 73 72.92 72.86 72.78 72.34 72.4 72.29 72.17 72.03 71.92 71.77 71.72 71.41 71.35 71.22 71.15 71.15 71.07 71 70.86 70.78 70.72 70.79 70.78 70.78 70.78 70.79 70.96 71.06 70.93 70.91 71.11 71.17 71.32 71.28 71.36 71.44 71.51 71.52 71.53 71.53 71.53 71.72 71.79 71.92 71.99 72.08 72.12 72.17 72.07 72.39 72.49 72.5
72.3 72.39 72.51 72.65 72.62 72.74 72.97 73.09 73.18 73.28 73.41 73.45 73.54 73.68 73.82 73.88 73.87 73.84 73.82 73.79 73.7 73.43 73.36 73.43 73.19 73.06 72.89 72.78 72.64 72.3 72.14 72.1 72.03 71.99 71.91 71.71 71.71 71.46 71.31 71.17 71.15 71.1 71 70.89 70.83 70.76 70.71 70.68 70.73 70.69 70.69 70.73 70.82 70.95 70.89 70.86 71.04 71.04 71.2 71.15 71.23 71.36 71.46 71.48 71.54 71.55 71.51 71.58 71.58 71.69 71.83 71.85 72 71.88 71.97 72.34 72.36 72.49
72.25 72.27 72.34 72.57 72.58 72.69 72.91 73.06 73.14 73.25 73.4 73.47 73.46 73.59 73.7 73.78 73.86 73.81 73.79 73.69 73.62 73.37 73.48 73.41 73.24 73.24 73.03 72.84 72.67 72.23 72.12 71.96 71.94 71.87 71.76 71.8 71.59 71.39 71.17 71.06 71.04 71.1 70.96 70.9 70.71 70.67 70.65 70.63 70.67 70.59 70.66 70.61 70.68 70.72 70.7 70.77 70.74 70.92 70.89 71.13 71.15 71.27 71.32 71.31 71.35 71.42 71.48 71.52 71.51 71.49 71.52 71.58 71.63 71.79 71.97 72.18 72.24 72.33
72.17 72.18 72.22 72.31 72.42 72.57 72.77 72.88 73 73.09 73.23 73.28 73.32 73.38 73.49 73.7 73.7 73.68 73.74 73.63 73.6 73.34 73.32 73.3 73.3 73.14 72.96 72.91 72.73 72.18 72.03 71.89 71.83 71.75 71.8 71.63 71.63 71.33 71.09 70.96 70.97 71.07 70.91 70.79 70.63 70.58 70.49 70.47 70.58 70.51 70.47 70.54 70.62 70.64 70.69 70.73 70.68 70.73 70.88 71.06 71.13 71.08 71.19 71.11 71.34 71.34 71.39 71.43 71.5 71.54 71.46 71.47 71.54 71.65 71.78 72.06 72.16 72.21
72.09 72.07 72.14 72.2 72.35 72.57 72.75 72.85 72.96 73.02 73.16 73.17 73.28 73.37 73.48 73.61 73.54 73.65 73.73 73.59 73.53 73.33 73.21 73.21 73.24 73.14 72.94 73 72.73 72.25 72.09 71.92 71.78 71.76 71.68 71.6 71.64 71.29 71.11 70.93 70.89 71 70.96 70.87 70.69 70.59 70.52 70.54 70.45 70.52 70.54 70.47 70.5 70.67 70.68 70.62 70.66 70.72 70.81 71.09 70.91 70.97 70.95 71.1 71.19 71.23 71.34 71.37 71.38 71.41 71.4 71.42 71.51 71.58 71.8 71.98 72.05 72.17
71.92 72.02 72.05 72.15 72.29 72.5 72.77 72.8 72.93 72.99 73.1 73.13 73.24 73.31 73.32 73.39 73.51 73.64 73.61 73.58 73.51 73.41 73.22 73.2 73.2 73.09 73.03 73.03 72.69 72.3 72.04 72.04 71.78 71.7 71.65 71.68 71.52 71.3 71.16 70.93 70.94 70.95 70.85 70.76 70.59 70.54 70.55 70.53 70.48 70.56 70.47 70.46 70.56 70.53 70.59 70.61 70.59 70.69 70.78 70.87 70.84 70.87 70.95 70.93 71.03 71.16 71.23 71.39 71.46 71.41 71.39 71.4 71.45 71.57 71.63 71.89 71.93 72.04
71.89 71.96 72.01 72.1 72.25 72.45 72.67 72.83 72.91 72.98 73.07 73.09 73.16 73.29 73.39 73.37 73.41 73.57 73.59 73.56 73.56 73.48 73.18 73.21 73.3 73.13 72.93 72.95 72.79 72.25 72.1 72.04 71.79 71.66 71.61 71.62 71.65 71.33 71.08 70.94 70.87 70.92 70.84 70.68 70.62 70.55 70.6 70.54 70.53 70.51 70.46 70.5 70.59 70.61 70.52 70.62 70.63 70.75 70.84 70.8 70.86 70.89 70.91 70.94 70.96 71.06 71.1 71.28 71.4 71.57 71.52 71.45 71.54 71.57 71.64 71.74 71.9 71.97
71.74 71.9 71.96 72.3 72.42 72.56 72.6 72.75 72.89 72.98 73.02 73.06 73.14 73.3 73.42 73.47 73.43 73.37 73.4 73.43 73.6 73.51 73.26 73.15 73.21 73.08 73 73 72.81 72.22 72.11 72.02 71.83 71.66 71.63 71.61 71.41 71.24 71.1 70.87 70.9 70.9 70.77 70.73 70.6 70.53 70.51 70.48 70.56 70.54 70.45 70.45 70.51 70.57 70.63 70.6 70.65 70.7 70.75 70.78 70.87 70.9 70.85 70.83 70.89 70.96 71.02 71.15 71.21 71.28 71.26 71.33 71.39 71.63 71.65 71.81 71.92 71.92
71.8 71.85 72.16 72.27 72.39 72.52 72.86 72.95 72.79 72.84 72.91 73.01 73.12 73.35 73.3 73.41 73.5 73.51 73.34 73.41 73.51 73.48 73.21 73.08 73.07 73.08 73.02 72.95 72.72 72.42 72.11 72.05 72.04 71.77 71.63 71.48 71.32 71.04 70.96 70.82 70.88 70.86 70.69 70.69 70.55 70.5 70.46 70.5 70.49 70.55 70.5 70.58 70.6 70.62 70.55 70.6 70.61 70.57 70.63 70.69 70.84 70.82 70.79 70.86 70.87 70.97 71.01 71.08 71.15 71.21 71.26 71.38 71.42 71.55 71.64 71.79 71.81 71.82
71.67 72.05 72.13 72.24 72.34 72.49 72.72 72.87 72.95 72.79 72.87 72.93 73.07 73.11 73.2 73.28 73.37 73.4 73.27 73.37 73.47 73.49 73.15 73.18 73.05 72.96 72.94 72.95 72.84 72.27 72.16 72.06 71.94 71.78 71.76 71.63 71.37 71 70.84 70.8 70.78 70.85 70.68 70.69 70.43 70.43 70.46 70.37 70.4 70.51 70.51 70.46 70.47 70.4 70.4 70.55 70.55 70.63 70.71 70.63 70.75 70.76 70.76 70.86 71.04 71.04 71.02 71.19 71.26 71.3 71.37 71.43 71.59 71.47 71.48 71.71 71.81 71.77
71.85 71.94 72.02 72.19 72.3 72.41 72.7 72.79 72.85 73.22 73.05 72.88 73.02 73.21 73.22 73.13 73.29 73.36 73.17 73.38 73.39 73.33 72.9 72.84 72.95 72.78 72.68 72.69 72.52 72.28 72.21 72.02 71.8 71.69 71.56 71.5 71.27 70.95 70.82 70.73 70.69 70.69 70.69 70.53 70.42 70.44 70.34 70.29 70.33 70.37 70.42 70.5 70.46 70.43 70.38 70.37 70.39 70.59 70.59 70.59 70.58 70.64 70.79 70.91 70.95 70.92 70.99 71.17 71.26 71.35 71.35 71.42 71.53 71.54 71.55 71.62 71.65 71.7
71.58 71.73 71.81 71.94 72.1 72.19 72.36 72.47 72.55 72.69 72.8 72.86 73.05 72.85 72.96 72.84 72.95 73.09 72.92 73.09 73 73 72.85 72.82 72.86 72.73 72.6 72.6 72.36 72.06 72.06 72.03 71.98 71.72 71.58 71.44 71.36 71.02 70.97 70.72 70.66 70.59 70.59 70.58 70.38 70.26 70.4 70.33 70.38 70.42 70.4 70.44 70.35 70.47 70.41 70.44 70.42 70.46 70.57 70.55 70.66 70.65 70.71 70.8 70.96 70.94 71.01 71.16 71.25 71.35 71.48 71.49 71.61 71.6 71.5 71.67 71.64 71.83
